gtrieScanner Results
------------------------------------------
General Information

Start of Computation: 01h59m56s 02/08/2020
End of Computation: 01h59m59s 02/08/2020

Subgraph Size: 4
Graph File: "input/#AMLOHundeAMexico.edges"
Directed: YES
Nr Nodes: 3302
Nr Edges: 13949

Method: GTRIE with file containing complete g-trie
Different Types of Subgraphs Found [Original Network]: 173
Subgraph Occurrences Found [Original Network]: 252499945
Time for computing census on original network: 3.315210s
Average time for census on random network: 0.000000s

Number of random networks: 0
Random seed: 1596351596
Exchanges per edge: 3
Number of tries per exchange: 10
------------------------------------------
Motif Analysis Results

Graph   Org_Freq |  Z-score |    Rnd_Avg +/-    Rnd_Dev

0000
1000
1000
1000   213815171 |     0.00 |       0.00 +/-       0.00

0000
1001
1000
0000    16549237 |     0.00 |       0.00 +/-       0.00

0000
1010
1000
1000     6790209 |     0.00 |       0.00 +/-       0.00

0111
0000
0000
0000     5854887 |     0.00 |       0.00 +/-       0.00

0000
1000
1000
0100     2980074 |     0.00 |       0.00 +/-       0.00

0010
1001
0000
0000     1333966 |     0.00 |       0.00 +/-       0.00

0001
1000
1000
0000     1210936 |     0.00 |       0.00 +/-       0.00

0111
0010
0000
0000      694450 |     0.00 |       0.00 +/-       0.00

0011
1000
0000
0000      613012 |     0.00 |       0.00 +/-       0.00

0110
0000
0000
0110      560538 |     0.00 |       0.00 +/-       0.00

0010
1010
0000
1000      404567 |     0.00 |       0.00 +/-       0.00

0100
0000
1100
1100      255235 |     0.00 |       0.00 +/-       0.00

0011
1010
0000
0000      216300 |     0.00 |       0.00 +/-       0.00

0100
1000
1000
1000      143482 |     0.00 |       0.00 +/-       0.00

0100
0001
1000
0000      123085 |     0.00 |       0.00 +/-       0.00

0111
0011
0000
0000       92831 |     0.00 |       0.00 +/-       0.00

0111
0000
0100
0100       92293 |     0.00 |       0.00 +/-       0.00

0110
1010
0000
0010       79372 |     0.00 |       0.00 +/-       0.00

0110
1000
0000
0010       69580 |     0.00 |       0.00 +/-       0.00

0101
1000
1000
0000       59564 |     0.00 |       0.00 +/-       0.00

0100
1000
1001
0000       59524 |     0.00 |       0.00 +/-       0.00

0100
1001
1000
0000       47047 |     0.00 |       0.00 +/-       0.00

0110
0010
0000
1000       46082 |     0.00 |       0.00 +/-       0.00

0101
0000
1100
0100       39073 |     0.00 |       0.00 +/-       0.00

0111
1000
0000
0000       38149 |     0.00 |       0.00 +/-       0.00

0001
1010
1000
0000       33607 |     0.00 |       0.00 +/-       0.00

0100
1000
1100
1000       32025 |     0.00 |       0.00 +/-       0.00

0100
1000
1000
0100       25239 |     0.00 |       0.00 +/-       0.00

0111
1010
0000
0000       25010 |     0.00 |       0.00 +/-       0.00

0110
0001
0001
0000       21371 |     0.00 |       0.00 +/-       0.00

0110
1010
0000
1000       19316 |     0.00 |       0.00 +/-       0.00

0110
0001
0000
0010       16073 |     0.00 |       0.00 +/-       0.00

0111
0011
0001
0000       15600 |     0.00 |       0.00 +/-       0.00

0110
1001
0000
0000       15245 |     0.00 |       0.00 +/-       0.00

0100
1000
1101
0000       13880 |     0.00 |       0.00 +/-       0.00

0111
0001
0100
0000       11515 |     0.00 |       0.00 +/-       0.00

0101
1000
1100
0000        8803 |     0.00 |       0.00 +/-       0.00

0101
0001
1100
0000        7593 |     0.00 |       0.00 +/-       0.00

0110
1010
0000
1010        7003 |     0.00 |       0.00 +/-       0.00

0111
1011
0000
0000        6771 |     0.00 |       0.00 +/-       0.00

0100
1000
1000
0010        6584 |     0.00 |       0.00 +/-       0.00

0011
1010
0000
1000        6459 |     0.00 |       0.00 +/-       0.00

0100
1001
1001
0000        5164 |     0.00 |       0.00 +/-       0.00

0110
1000
0001
0000        4681 |     0.00 |       0.00 +/-       0.00

0110
1010
0000
1110        3789 |     0.00 |       0.00 +/-       0.00

0110
1000
1000
1000        3291 |     0.00 |       0.00 +/-       0.00

0100
1000
1100
1100        3120 |     0.00 |       0.00 +/-       0.00

0101
1000
1101
0000        2962 |     0.00 |       0.00 +/-       0.00

0001
1010
1000
1000        2725 |     0.00 |       0.00 +/-       0.00

0100
0010
1000
1000        2586 |     0.00 |       0.00 +/-       0.00

0100
1010
1000
1000        2513 |     0.00 |       0.00 +/-       0.00

0111
1010
0000
0010        2316 |     0.00 |       0.00 +/-       0.00

0111
0010
0000
1000        1656 |     0.00 |       0.00 +/-       0.00

0101
0010
1000
0000        1381 |     0.00 |       0.00 +/-       0.00

0110
1010
0001
0000        1336 |     0.00 |       0.00 +/-       0.00

0110
1000
1000
0100        1262 |     0.00 |       0.00 +/-       0.00

0111
1000
0100
0000        1183 |     0.00 |       0.00 +/-       0.00

0111
1000
1000
0000        1084 |     0.00 |       0.00 +/-       0.00

0101
1001
1100
0000         936 |     0.00 |       0.00 +/-       0.00

0100
1000
1101
1000         874 |     0.00 |       0.00 +/-       0.00

0111
1011
0001
0000         827 |     0.00 |       0.00 +/-       0.00

0110
1000
0100
0010         811 |     0.00 |       0.00 +/-       0.00

0110
1010
1000
1000         795 |     0.00 |       0.00 +/-       0.00

0110
1000
0101
0000         759 |     0.00 |       0.00 +/-       0.00

0100
1000
1100
0010         750 |     0.00 |       0.00 +/-       0.00

0110
1001
1000
0000         741 |     0.00 |       0.00 +/-       0.00

0110
1000
0100
1000         687 |     0.00 |       0.00 +/-       0.00

0110
1001
0001
0000         681 |     0.00 |       0.00 +/-       0.00

0100
1000
1001
0100         674 |     0.00 |       0.00 +/-       0.00

0111
1010
0001
0000         639 |     0.00 |       0.00 +/-       0.00

0101
1000
1100
1000         629 |     0.00 |       0.00 +/-       0.00

0101
1010
1000
0000         595 |     0.00 |       0.00 +/-       0.00

0111
1010
1000
0000         511 |     0.00 |       0.00 +/-       0.00

0110
1000
1100
0100         469 |     0.00 |       0.00 +/-       0.00

0100
1000
1100
1010         447 |     0.00 |       0.00 +/-       0.00

0110
1011
1000
0000         440 |     0.00 |       0.00 +/-       0.00

0001
1000
1100
0100         396 |     0.00 |       0.00 +/-       0.00

0111
1001
0100
0000         384 |     0.00 |       0.00 +/-       0.00

0111
1011
1000
0000         311 |     0.00 |       0.00 +/-       0.00

0111
1000
0101
0000         310 |     0.00 |       0.00 +/-       0.00

0111
1001
1000
0000         298 |     0.00 |       0.00 +/-       0.00

0011
1001
0100
0000         286 |     0.00 |       0.00 +/-       0.00

0100
1010
1000
1010         268 |     0.00 |       0.00 +/-       0.00

0110
1001
1100
0000         259 |     0.00 |       0.00 +/-       0.00

0100
1000
1001
0010         256 |     0.00 |       0.00 +/-       0.00

0100
1000
1101
1100         224 |     0.00 |       0.00 +/-       0.00

0111
1010
0000
0110         204 |     0.00 |       0.00 +/-       0.00

0101
1000
1100
0100         192 |     0.00 |       0.00 +/-       0.00

0111
1011
1001
0000         163 |     0.00 |       0.00 +/-       0.00

0110
1000
1100
1100         154 |     0.00 |       0.00 +/-       0.00

0111
1001
1100
0000         154 |     0.00 |       0.00 +/-       0.00

0111
1010
0000
1010         139 |     0.00 |       0.00 +/-       0.00

0110
1010
1000
0100         116 |     0.00 |       0.00 +/-       0.00

0101
1010
1001
0000         105 |     0.00 |       0.00 +/-       0.00

0110
1000
0100
1010         103 |     0.00 |       0.00 +/-       0.00

0110
1010
0001
0010         103 |     0.00 |       0.00 +/-       0.00

0101
1000
1101
1000          94 |     0.00 |       0.00 +/-       0.00

0110
1000
0100
1110          82 |     0.00 |       0.00 +/-       0.00

0110
1011
1001
0000          81 |     0.00 |       0.00 +/-       0.00

0101
0010
1000
1000          71 |     0.00 |       0.00 +/-       0.00

0011
1010
0000
0110          66 |     0.00 |       0.00 +/-       0.00

0110
1001
1001
0000          56 |     0.00 |       0.00 +/-       0.00

0111
0001
0100
0010          54 |     0.00 |       0.00 +/-       0.00

0111
1011
1101
0000          53 |     0.00 |       0.00 +/-       0.00

0110
1000
1000
0110          52 |     0.00 |       0.00 +/-       0.00

0110
1010
1000
1110          52 |     0.00 |       0.00 +/-       0.00

0010
1001
0100
1000          51 |     0.00 |       0.00 +/-       0.00

0110
1010
1000
1100          51 |     0.00 |       0.00 +/-       0.00

0110
1010
1000
0110          43 |     0.00 |       0.00 +/-       0.00

0100
1001
1000
0010          42 |     0.00 |       0.00 +/-       0.00

0110
1001
1000
1000          42 |     0.00 |       0.00 +/-       0.00

0100
1000
1101
0010          33 |     0.00 |       0.00 +/-       0.00

0111
1010
0001
0010          31 |     0.00 |       0.00 +/-       0.00

0111
1000
1000
1000          29 |     0.00 |       0.00 +/-       0.00

0100
1010
1001
1000          28 |     0.00 |       0.00 +/-       0.00

0110
1010
1100
1110          25 |     0.00 |       0.00 +/-       0.00

0100
0001
1000
0010          23 |     0.00 |       0.00 +/-       0.00

0110
1010
0001
1000          23 |     0.00 |       0.00 +/-       0.00

0111
1000
0100
0100          23 |     0.00 |       0.00 +/-       0.00

0110
1010
0001
1010          20 |     0.00 |       0.00 +/-       0.00

0110
1010
1100
1000          19 |     0.00 |       0.00 +/-       0.00

0111
1000
0100
0010          19 |     0.00 |       0.00 +/-       0.00

0110
1000
0101
0010          18 |     0.00 |       0.00 +/-       0.00

0111
1010
1100
0000          16 |     0.00 |       0.00 +/-       0.00

0111
1000
0100
1000          15 |     0.00 |       0.00 +/-       0.00

0101
1000
1100
0010          14 |     0.00 |       0.00 +/-       0.00

0110
1011
1000
1000          14 |     0.00 |       0.00 +/-       0.00

0111
1000
1100
0100          14 |     0.00 |       0.00 +/-       0.00

0111
1010
1000
1000          13 |     0.00 |       0.00 +/-       0.00

0110
1011
1000
0010          12 |     0.00 |       0.00 +/-       0.00

0110
1000
0001
0110          11 |     0.00 |       0.00 +/-       0.00

0110
1000
0101
1000          11 |     0.00 |       0.00 +/-       0.00

0011
1000
0100
0100           9 |     0.00 |       0.00 +/-       0.00

0111
1011
0001
0010           9 |     0.00 |       0.00 +/-       0.00

0111
1011
1000
0010           9 |     0.00 |       0.00 +/-       0.00

0110
1001
0001
0010           8 |     0.00 |       0.00 +/-       0.00

0110
1001
1000
0010           8 |     0.00 |       0.00 +/-       0.00

0111
1000
0101
0100           8 |     0.00 |       0.00 +/-       0.00

0101
1010
1000
0010           7 |     0.00 |       0.00 +/-       0.00

0110
1001
1000
0100           7 |     0.00 |       0.00 +/-       0.00

0110
1001
1100
1000           7 |     0.00 |       0.00 +/-       0.00

0111
1010
0001
0100           7 |     0.00 |       0.00 +/-       0.00

0111
1010
0001
1000           6 |     0.00 |       0.00 +/-       0.00

0111
1000
0101
0010           5 |     0.00 |       0.00 +/-       0.00

0101
0001
1100
0010           4 |     0.00 |       0.00 +/-       0.00

0101
1010
1001
1000           4 |     0.00 |       0.00 +/-       0.00

0110
1001
1100
0100           4 |     0.00 |       0.00 +/-       0.00

0111
1001
1100
0100           4 |     0.00 |       0.00 +/-       0.00

0110
1001
0100
1000           3 |     0.00 |       0.00 +/-       0.00

0111
1000
0101
0110           3 |     0.00 |       0.00 +/-       0.00

0111
1000
1100
1100           3 |     0.00 |       0.00 +/-       0.00

0111
1001
1100
1000           3 |     0.00 |       0.00 +/-       0.00

0111
1010
0001
0110           3 |     0.00 |       0.00 +/-       0.00

0110
1001
1100
0010           2 |     0.00 |       0.00 +/-       0.00

0110
1011
1000
1010           2 |     0.00 |       0.00 +/-       0.00

0111
1000
0101
1000           2 |     0.00 |       0.00 +/-       0.00

0111
1001
1100
0010           2 |     0.00 |       0.00 +/-       0.00

0111
1010
1000
0100           2 |     0.00 |       0.00 +/-       0.00

0111
1011
1001
1000           2 |     0.00 |       0.00 +/-       0.00

0101
1010
1000
1010           1 |     0.00 |       0.00 +/-       0.00

0101
1010
1001
0010           1 |     0.00 |       0.00 +/-       0.00

0110
1000
0101
1100           1 |     0.00 |       0.00 +/-       0.00

0110
1001
0101
1010           1 |     0.00 |       0.00 +/-       0.00

0110
1001
1001
0100           1 |     0.00 |       0.00 +/-       0.00

0110
1001
1100
1100           1 |     0.00 |       0.00 +/-       0.00

0110
1010
1100
1100           1 |     0.00 |       0.00 +/-       0.00

0110
1011
1000
0110           1 |     0.00 |       0.00 +/-       0.00

0110
1011
1001
0100           1 |     0.00 |       0.00 +/-       0.00

0111
1001
1100
0110           1 |     0.00 |       0.00 +/-       0.00

0111
1001
1101
0100           1 |     0.00 |       0.00 +/-       0.00

0111
1010
1000
0110           1 |     0.00 |       0.00 +/-       0.00

0111
1011
1000
1000           1 |     0.00 |       0.00 +/-       0.00

0111
1011
1101
1000           1 |     0.00 |       0.00 +/-       0.00

0110
1001
0101
1000           0 |     0.00 |       0.00 +/-       0.00

0110
1001
1001
0110           0 |     0.00 |       0.00 +/-       0.00

0110
1001
1100
0110           0 |     0.00 |       0.00 +/-       0.00

0110
1001
1100
1010           0 |     0.00 |       0.00 +/-       0.00

0110
1001
1101
0100           0 |     0.00 |       0.00 +/-       0.00

0110
1001
1101
1100           0 |     0.00 |       0.00 +/-       0.00

0110
1010
0001
1100           0 |     0.00 |       0.00 +/-       0.00

0110
1011
1000
0100           0 |     0.00 |       0.00 +/-       0.00

0110
1011
1001
0110           0 |     0.00 |       0.00 +/-       0.00

0110
1011
1001
1000           0 |     0.00 |       0.00 +/-       0.00

0111
1001
1100
1010           0 |     0.00 |       0.00 +/-       0.00

0111
1010
1100
0100           0 |     0.00 |       0.00 +/-       0.00

0111
1010
1100
0110           0 |     0.00 |       0.00 +/-       0.00

0111
1010
1100
1000           0 |     0.00 |       0.00 +/-       0.00

0111
1010
1100
1100           0 |     0.00 |       0.00 +/-       0.00

0111
1010
1100
1110           0 |     0.00 |       0.00 +/-       0.00

0111
1011
1000
0100           0 |     0.00 |       0.00 +/-       0.00

0111
1011
1001
0100           0 |     0.00 |       0.00 +/-       0.00

0111
1011
1001
0110           0 |     0.00 |       0.00 +/-       0.00

0111
1011
1100
0000           0 |     0.00 |       0.00 +/-       0.00

0111
1011
1100
0010           0 |     0.00 |       0.00 +/-       0.00

0111
1011
1100
1000           0 |     0.00 |       0.00 +/-       0.00

0111
1011
1100
1010           0 |     0.00 |       0.00 +/-       0.00

0111
1011
1100
1100           0 |     0.00 |       0.00 +/-       0.00

0111
1011
1101
1100           0 |     0.00 |       0.00 +/-       0.00

0111
1011
1101
1110           0 |     0.00 |       0.00 +/-       0.00

