gtrieScanner Results
------------------------------------------
General Information

Start of Computation: 02h15m17s 02/08/2020
End of Computation: 02h15m40s 02/08/2020

Subgraph Size: 4
Graph File: "input/#DiaInternacionalDelHombre.edges"
Directed: YES
Nr Nodes: 13617
Nr Edges: 17474

Method: GTRIE with file containing complete g-trie
Different Types of Subgraphs Found [Original Network]: 100
Subgraph Occurrences Found [Original Network]: 1223121299
Time for computing census on original network: 23.762221s
Average time for census on random network: 0.000000s

Number of random networks: 0
Random seed: 1596352517
Exchanges per edge: 3
Number of tries per exchange: 10
------------------------------------------
Motif Analysis Results

Graph   Org_Freq |  Z-score |    Rnd_Avg +/-    Rnd_Dev

0000
1000
1000
1000  1217938244 |     0.00 |       0.00 +/-       0.00

0000
1001
1000
0000     1735653 |     0.00 |       0.00 +/-       0.00

0001
1000
1000
0000     1303308 |     0.00 |       0.00 +/-       0.00

0100
1000
1000
1000     1091748 |     0.00 |       0.00 +/-       0.00

0111
0000
0000
0000      345295 |     0.00 |       0.00 +/-       0.00

0000
1000
1000
0100      187823 |     0.00 |       0.00 +/-       0.00

0100
1000
1100
1100      124417 |     0.00 |       0.00 +/-       0.00

0100
1000
1100
1000       69902 |     0.00 |       0.00 +/-       0.00

0000
1010
1000
1000       53548 |     0.00 |       0.00 +/-       0.00

0010
1010
0000
1000       41748 |     0.00 |       0.00 +/-       0.00

0011
1000
0000
0000       31901 |     0.00 |       0.00 +/-       0.00

0110
1010
0000
1000       21737 |     0.00 |       0.00 +/-       0.00

0110
0000
0000
0110       21177 |     0.00 |       0.00 +/-       0.00

0100
0000
1100
1100       17626 |     0.00 |       0.00 +/-       0.00

0111
0011
0000
0000       16624 |     0.00 |       0.00 +/-       0.00

0101
1000
1000
0000       12801 |     0.00 |       0.00 +/-       0.00

0011
1010
0000
0000       12787 |     0.00 |       0.00 +/-       0.00

0111
1010
0000
0000       12688 |     0.00 |       0.00 +/-       0.00

0111
1011
0000
0000       12073 |     0.00 |       0.00 +/-       0.00

0111
1000
0000
0000        8855 |     0.00 |       0.00 +/-       0.00

0100
1000
1000
0100        8334 |     0.00 |       0.00 +/-       0.00

0010
1001
0000
0000        8001 |     0.00 |       0.00 +/-       0.00

0111
0010
0000
0000        6762 |     0.00 |       0.00 +/-       0.00

0110
1010
1100
1000        6117 |     0.00 |       0.00 +/-       0.00

0110
1010
1000
1000        4604 |     0.00 |       0.00 +/-       0.00

0110
1000
0000
0010        3727 |     0.00 |       0.00 +/-       0.00

0100
1001
1000
0000        3518 |     0.00 |       0.00 +/-       0.00

0100
1000
1001
0000        2776 |     0.00 |       0.00 +/-       0.00

0101
1000
1100
0000        2454 |     0.00 |       0.00 +/-       0.00

0110
1010
0000
1110        2033 |     0.00 |       0.00 +/-       0.00

0110
1000
1000
0100        1518 |     0.00 |       0.00 +/-       0.00

0110
1000
1000
1000        1435 |     0.00 |       0.00 +/-       0.00

0100
1000
1000
0010        1272 |     0.00 |       0.00 +/-       0.00

0111
1011
1101
0000        1238 |     0.00 |       0.00 +/-       0.00

0101
1000
1100
1000        1110 |     0.00 |       0.00 +/-       0.00

0111
1010
1100
0000         773 |     0.00 |       0.00 +/-       0.00

0100
1000
1101
0000         669 |     0.00 |       0.00 +/-       0.00

0100
0001
1000
0000         620 |     0.00 |       0.00 +/-       0.00

0011
1010
0000
1000         552 |     0.00 |       0.00 +/-       0.00

0101
1001
1100
0000         541 |     0.00 |       0.00 +/-       0.00

0110
1010
0000
0010         499 |     0.00 |       0.00 +/-       0.00

0110
1010
1100
1100         472 |     0.00 |       0.00 +/-       0.00

0111
1001
1000
0000         452 |     0.00 |       0.00 +/-       0.00

0001
1010
1000
0000         159 |     0.00 |       0.00 +/-       0.00

0101
1000
1101
0000         159 |     0.00 |       0.00 +/-       0.00

0110
0010
0000
1000         159 |     0.00 |       0.00 +/-       0.00

0110
1010
1100
1110         149 |     0.00 |       0.00 +/-       0.00

0110
1000
0001
0000         113 |     0.00 |       0.00 +/-       0.00

0111
1011
1000
0000         105 |     0.00 |       0.00 +/-       0.00

0001
1010
1000
1000         101 |     0.00 |       0.00 +/-       0.00

0111
1011
1101
1110          97 |     0.00 |       0.00 +/-       0.00

0111
0010
0000
1000          87 |     0.00 |       0.00 +/-       0.00

0111
1000
1000
0000          78 |     0.00 |       0.00 +/-       0.00

0100
1000
1001
0010          60 |     0.00 |       0.00 +/-       0.00

0111
1010
1100
1000          54 |     0.00 |       0.00 +/-       0.00

0110
1001
0000
0000          53 |     0.00 |       0.00 +/-       0.00

0100
1000
1100
0010          46 |     0.00 |       0.00 +/-       0.00

0110
1010
0000
1010          46 |     0.00 |       0.00 +/-       0.00

0111
1011
1101
1000          30 |     0.00 |       0.00 +/-       0.00

0101
1000
1101
1000          28 |     0.00 |       0.00 +/-       0.00

0110
1010
0001
0000          28 |     0.00 |       0.00 +/-       0.00

0111
0000
0100
0100          23 |     0.00 |       0.00 +/-       0.00

0111
1011
1100
0000          21 |     0.00 |       0.00 +/-       0.00

0100
1000
1101
1100          19 |     0.00 |       0.00 +/-       0.00

0110
1011
1000
0000          16 |     0.00 |       0.00 +/-       0.00

0111
0001
0100
0000          16 |     0.00 |       0.00 +/-       0.00

0111
1010
1000
0000          16 |     0.00 |       0.00 +/-       0.00

0110
0001
0000
0010          15 |     0.00 |       0.00 +/-       0.00

0111
1001
0100
0000          14 |     0.00 |       0.00 +/-       0.00

0100
1001
1001
0000          12 |     0.00 |       0.00 +/-       0.00

0110
1010
1000
0100          12 |     0.00 |       0.00 +/-       0.00

0101
0000
1100
0100          11 |     0.00 |       0.00 +/-       0.00

0111
1011
0001
0000          10 |     0.00 |       0.00 +/-       0.00

0100
1000
1101
1000           9 |     0.00 |       0.00 +/-       0.00

0110
1001
1000
0000           9 |     0.00 |       0.00 +/-       0.00

0100
1000
1101
0010           8 |     0.00 |       0.00 +/-       0.00

0110
1000
1000
0110           8 |     0.00 |       0.00 +/-       0.00

0110
1010
0001
0010           8 |     0.00 |       0.00 +/-       0.00

0111
1000
0100
0000           8 |     0.00 |       0.00 +/-       0.00

0111
1000
0101
0000           8 |     0.00 |       0.00 +/-       0.00

0111
0011
0001
0000           7 |     0.00 |       0.00 +/-       0.00

0111
1010
0000
1010           7 |     0.00 |       0.00 +/-       0.00

0111
1000
0100
1000           6 |     0.00 |       0.00 +/-       0.00

0111
1011
1000
1000           6 |     0.00 |       0.00 +/-       0.00

0110
0001
0001
0000           5 |     0.00 |       0.00 +/-       0.00

0110
1010
1000
1100           4 |     0.00 |       0.00 +/-       0.00

0110
1011
1000
0100           4 |     0.00 |       0.00 +/-       0.00

0111
1001
1100
0000           4 |     0.00 |       0.00 +/-       0.00

0111
1010
0000
0110           4 |     0.00 |       0.00 +/-       0.00

0100
1000
1001
0100           3 |     0.00 |       0.00 +/-       0.00

0100
1000
1100
1010           3 |     0.00 |       0.00 +/-       0.00

0101
0001
1100
0000           3 |     0.00 |       0.00 +/-       0.00

0110
1001
1000
0100           3 |     0.00 |       0.00 +/-       0.00

0111
1010
0000
0010           3 |     0.00 |       0.00 +/-       0.00

0111
1010
1100
1100           3 |     0.00 |       0.00 +/-       0.00

0111
1000
1000
1000           2 |     0.00 |       0.00 +/-       0.00

0111
1010
1000
0100           2 |     0.00 |       0.00 +/-       0.00

0110
1001
0001
0000           1 |     0.00 |       0.00 +/-       0.00

0111
1000
0101
0110           1 |     0.00 |       0.00 +/-       0.00

0111
1011
0001
0010           1 |     0.00 |       0.00 +/-       0.00

0001
1000
1100
0100           0 |     0.00 |       0.00 +/-       0.00

0010
1001
0100
1000           0 |     0.00 |       0.00 +/-       0.00

0011
1000
0100
0100           0 |     0.00 |       0.00 +/-       0.00

0011
1001
0100
0000           0 |     0.00 |       0.00 +/-       0.00

0011
1010
0000
0110           0 |     0.00 |       0.00 +/-       0.00

0100
0001
1000
0010           0 |     0.00 |       0.00 +/-       0.00

0100
0010
1000
1000           0 |     0.00 |       0.00 +/-       0.00

0100
1001
1000
0010           0 |     0.00 |       0.00 +/-       0.00

0100
1010
1000
1000           0 |     0.00 |       0.00 +/-       0.00

0100
1010
1000
1010           0 |     0.00 |       0.00 +/-       0.00

0100
1010
1001
1000           0 |     0.00 |       0.00 +/-       0.00

0101
0001
1100
0010           0 |     0.00 |       0.00 +/-       0.00

0101
0010
1000
0000           0 |     0.00 |       0.00 +/-       0.00

0101
0010
1000
1000           0 |     0.00 |       0.00 +/-       0.00

0101
1000
1100
0010           0 |     0.00 |       0.00 +/-       0.00

0101
1000
1100
0100           0 |     0.00 |       0.00 +/-       0.00

0101
1010
1000
0000           0 |     0.00 |       0.00 +/-       0.00

0101
1010
1000
0010           0 |     0.00 |       0.00 +/-       0.00

0101
1010
1000
1010           0 |     0.00 |       0.00 +/-       0.00

0101
1010
1001
0000           0 |     0.00 |       0.00 +/-       0.00

0101
1010
1001
0010           0 |     0.00 |       0.00 +/-       0.00

0101
1010
1001
1000           0 |     0.00 |       0.00 +/-       0.00

0110
1000
0001
0110           0 |     0.00 |       0.00 +/-       0.00

0110
1000
0100
0010           0 |     0.00 |       0.00 +/-       0.00

0110
1000
0100
1000           0 |     0.00 |       0.00 +/-       0.00

0110
1000
0100
1010           0 |     0.00 |       0.00 +/-       0.00

0110
1000
0100
1110           0 |     0.00 |       0.00 +/-       0.00

0110
1000
0101
0000           0 |     0.00 |       0.00 +/-       0.00

0110
1000
0101
0010           0 |     0.00 |       0.00 +/-       0.00

0110
1000
0101
1000           0 |     0.00 |       0.00 +/-       0.00

0110
1000
0101
1100           0 |     0.00 |       0.00 +/-       0.00

0110
1000
1100
0100           0 |     0.00 |       0.00 +/-       0.00

0110
1000
1100
1100           0 |     0.00 |       0.00 +/-       0.00

0110
1001
0001
0010           0 |     0.00 |       0.00 +/-       0.00

0110
1001
0100
1000           0 |     0.00 |       0.00 +/-       0.00

0110
1001
0101
1000           0 |     0.00 |       0.00 +/-       0.00

0110
1001
0101
1010           0 |     0.00 |       0.00 +/-       0.00

0110
1001
1000
0010           0 |     0.00 |       0.00 +/-       0.00

0110
1001
1000
1000           0 |     0.00 |       0.00 +/-       0.00

0110
1001
1001
0000           0 |     0.00 |       0.00 +/-       0.00

0110
1001
1001
0100           0 |     0.00 |       0.00 +/-       0.00

0110
1001
1001
0110           0 |     0.00 |       0.00 +/-       0.00

0110
1001
1100
0000           0 |     0.00 |       0.00 +/-       0.00

0110
1001
1100
0010           0 |     0.00 |       0.00 +/-       0.00

0110
1001
1100
0100           0 |     0.00 |       0.00 +/-       0.00

0110
1001
1100
0110           0 |     0.00 |       0.00 +/-       0.00

0110
1001
1100
1000           0 |     0.00 |       0.00 +/-       0.00

0110
1001
1100
1010           0 |     0.00 |       0.00 +/-       0.00

0110
1001
1100
1100           0 |     0.00 |       0.00 +/-       0.00

0110
1001
1101
0100           0 |     0.00 |       0.00 +/-       0.00

0110
1001
1101
1100           0 |     0.00 |       0.00 +/-       0.00

0110
1010
0001
1000           0 |     0.00 |       0.00 +/-       0.00

0110
1010
0001
1010           0 |     0.00 |       0.00 +/-       0.00

0110
1010
0001
1100           0 |     0.00 |       0.00 +/-       0.00

0110
1010
1000
0110           0 |     0.00 |       0.00 +/-       0.00

0110
1010
1000
1110           0 |     0.00 |       0.00 +/-       0.00

0110
1011
1000
0010           0 |     0.00 |       0.00 +/-       0.00

0110
1011
1000
0110           0 |     0.00 |       0.00 +/-       0.00

0110
1011
1000
1000           0 |     0.00 |       0.00 +/-       0.00

0110
1011
1000
1010           0 |     0.00 |       0.00 +/-       0.00

0110
1011
1001
0000           0 |     0.00 |       0.00 +/-       0.00

0110
1011
1001
0100           0 |     0.00 |       0.00 +/-       0.00

0110
1011
1001
0110           0 |     0.00 |       0.00 +/-       0.00

0110
1011
1001
1000           0 |     0.00 |       0.00 +/-       0.00

0111
0001
0100
0010           0 |     0.00 |       0.00 +/-       0.00

0111
1000
0100
0010           0 |     0.00 |       0.00 +/-       0.00

0111
1000
0100
0100           0 |     0.00 |       0.00 +/-       0.00

0111
1000
0101
0010           0 |     0.00 |       0.00 +/-       0.00

0111
1000
0101
0100           0 |     0.00 |       0.00 +/-       0.00

0111
1000
0101
1000           0 |     0.00 |       0.00 +/-       0.00

0111
1000
1100
0100           0 |     0.00 |       0.00 +/-       0.00

0111
1000
1100
1100           0 |     0.00 |       0.00 +/-       0.00

0111
1001
1100
0010           0 |     0.00 |       0.00 +/-       0.00

0111
1001
1100
0100           0 |     0.00 |       0.00 +/-       0.00

0111
1001
1100
0110           0 |     0.00 |       0.00 +/-       0.00

0111
1001
1100
1000           0 |     0.00 |       0.00 +/-       0.00

0111
1001
1100
1010           0 |     0.00 |       0.00 +/-       0.00

0111
1001
1101
0100           0 |     0.00 |       0.00 +/-       0.00

0111
1010
0001
0000           0 |     0.00 |       0.00 +/-       0.00

0111
1010
0001
0010           0 |     0.00 |       0.00 +/-       0.00

0111
1010
0001
0100           0 |     0.00 |       0.00 +/-       0.00

0111
1010
0001
0110           0 |     0.00 |       0.00 +/-       0.00

0111
1010
0001
1000           0 |     0.00 |       0.00 +/-       0.00

0111
1010
1000
0110           0 |     0.00 |       0.00 +/-       0.00

0111
1010
1000
1000           0 |     0.00 |       0.00 +/-       0.00

0111
1010
1100
0100           0 |     0.00 |       0.00 +/-       0.00

0111
1010
1100
0110           0 |     0.00 |       0.00 +/-       0.00

0111
1010
1100
1110           0 |     0.00 |       0.00 +/-       0.00

0111
1011
1000
0010           0 |     0.00 |       0.00 +/-       0.00

0111
1011
1000
0100           0 |     0.00 |       0.00 +/-       0.00

0111
1011
1001
0000           0 |     0.00 |       0.00 +/-       0.00

0111
1011
1001
0100           0 |     0.00 |       0.00 +/-       0.00

0111
1011
1001
0110           0 |     0.00 |       0.00 +/-       0.00

0111
1011
1001
1000           0 |     0.00 |       0.00 +/-       0.00

0111
1011
1100
0010           0 |     0.00 |       0.00 +/-       0.00

0111
1011
1100
1000           0 |     0.00 |       0.00 +/-       0.00

0111
1011
1100
1010           0 |     0.00 |       0.00 +/-       0.00

0111
1011
1100
1100           0 |     0.00 |       0.00 +/-       0.00

0111
1011
1101
1100           0 |     0.00 |       0.00 +/-       0.00

