gtrieScanner Results
------------------------------------------
General Information

Start of Computation: 02h16m00s 02/08/2020
End of Computation: 02h16m20s 02/08/2020

Subgraph Size: 4
Graph File: "input/#FelizSabado.edges"
Directed: YES
Nr Nodes: 15343
Nr Edges: 30418

Method: GTRIE with file containing complete g-trie
Different Types of Subgraphs Found [Original Network]: 182
Subgraph Occurrences Found [Original Network]: 1002715477
Time for computing census on original network: 20.094422s
Average time for census on random network: 0.000000s

Number of random networks: 0
Random seed: 1596352560
Exchanges per edge: 3
Number of tries per exchange: 10
------------------------------------------
Motif Analysis Results

Graph   Org_Freq |  Z-score |    Rnd_Avg +/-    Rnd_Dev

0000
1000
1000
1000   985199930 |     0.00 |       0.00 +/-       0.00

0000
1001
1000
0000     5606787 |     0.00 |       0.00 +/-       0.00

0001
1000
1000
0000     2285953 |     0.00 |       0.00 +/-       0.00

0111
0000
0000
0000     2226320 |     0.00 |       0.00 +/-       0.00

0000
1010
1000
1000     1142258 |     0.00 |       0.00 +/-       0.00

0011
1000
0000
0000      924794 |     0.00 |       0.00 +/-       0.00

0000
1000
1000
0100      518355 |     0.00 |       0.00 +/-       0.00

0110
0000
0000
0110      491880 |     0.00 |       0.00 +/-       0.00

0100
0000
1100
1100      467999 |     0.00 |       0.00 +/-       0.00

0011
1010
0000
0000      408847 |     0.00 |       0.00 +/-       0.00

0010
1010
0000
1000      393043 |     0.00 |       0.00 +/-       0.00

0010
1001
0000
0000      340290 |     0.00 |       0.00 +/-       0.00

0111
0010
0000
0000      321542 |     0.00 |       0.00 +/-       0.00

0100
1000
1000
1000      287092 |     0.00 |       0.00 +/-       0.00

0101
1000
1000
0000      238350 |     0.00 |       0.00 +/-       0.00

0111
1000
0000
0000      218430 |     0.00 |       0.00 +/-       0.00

0111
0011
0000
0000      213213 |     0.00 |       0.00 +/-       0.00

0111
1010
0000
0000      128728 |     0.00 |       0.00 +/-       0.00

0100
1000
1100
1100      115075 |     0.00 |       0.00 +/-       0.00

0101
1000
1100
0000      107713 |     0.00 |       0.00 +/-       0.00

0100
1000
1100
1000       94709 |     0.00 |       0.00 +/-       0.00

0110
1010
0000
1000       79162 |     0.00 |       0.00 +/-       0.00

0110
1010
0000
0010       68174 |     0.00 |       0.00 +/-       0.00

0111
1011
0000
0000       67044 |     0.00 |       0.00 +/-       0.00

0110
1010
0000
1110       61451 |     0.00 |       0.00 +/-       0.00

0110
1000
0000
0010       58200 |     0.00 |       0.00 +/-       0.00

0100
1001
1000
0000       46087 |     0.00 |       0.00 +/-       0.00

0100
1000
1001
0000       44962 |     0.00 |       0.00 +/-       0.00

0011
1010
0000
1000       39315 |     0.00 |       0.00 +/-       0.00

0100
0001
1000
0000       35131 |     0.00 |       0.00 +/-       0.00

0001
1010
1000
0000       33557 |     0.00 |       0.00 +/-       0.00

0101
1001
1100
0000       31822 |     0.00 |       0.00 +/-       0.00

0110
1010
0000
1010       31402 |     0.00 |       0.00 +/-       0.00

0101
1000
1101
0000       31044 |     0.00 |       0.00 +/-       0.00

0100
1000
1101
0000       26858 |     0.00 |       0.00 +/-       0.00

0111
1000
1000
0000       26197 |     0.00 |       0.00 +/-       0.00

0110
1001
0000
0000       22503 |     0.00 |       0.00 +/-       0.00

0100
1000
1000
0100       19480 |     0.00 |       0.00 +/-       0.00

0110
1000
1000
1000       16754 |     0.00 |       0.00 +/-       0.00

0110
1010
1100
1110       12274 |     0.00 |       0.00 +/-       0.00

0111
0011
0001
0000       12063 |     0.00 |       0.00 +/-       0.00

0111
1010
1100
0000       11416 |     0.00 |       0.00 +/-       0.00

0111
0000
0100
0100       11384 |     0.00 |       0.00 +/-       0.00

0110
0010
0000
1000       11012 |     0.00 |       0.00 +/-       0.00

0111
1001
1000
0000       10917 |     0.00 |       0.00 +/-       0.00

0111
1011
1101
0000        9540 |     0.00 |       0.00 +/-       0.00

0101
1000
1100
1000        9432 |     0.00 |       0.00 +/-       0.00

0110
1010
1100
1000        8683 |     0.00 |       0.00 +/-       0.00

0101
0000
1100
0100        8401 |     0.00 |       0.00 +/-       0.00

0110
1000
1100
1100        8280 |     0.00 |       0.00 +/-       0.00

0111
1010
1000
0000        7988 |     0.00 |       0.00 +/-       0.00

0111
0001
0100
0000        6941 |     0.00 |       0.00 +/-       0.00

0100
1000
1000
0010        6234 |     0.00 |       0.00 +/-       0.00

0110
1010
1100
1100        6138 |     0.00 |       0.00 +/-       0.00

0110
1010
1000
1000        6067 |     0.00 |       0.00 +/-       0.00

0110
1010
0001
0000        5690 |     0.00 |       0.00 +/-       0.00

0111
1011
1100
0000        5327 |     0.00 |       0.00 +/-       0.00

0001
1010
1000
1000        4838 |     0.00 |       0.00 +/-       0.00

0111
1011
1000
0000        4691 |     0.00 |       0.00 +/-       0.00

0110
1010
1000
1110        4689 |     0.00 |       0.00 +/-       0.00

0110
1000
0001
0000        4215 |     0.00 |       0.00 +/-       0.00

0110
1001
1000
0000        3904 |     0.00 |       0.00 +/-       0.00

0110
1000
1100
0100        3406 |     0.00 |       0.00 +/-       0.00

0101
0001
1100
0000        3258 |     0.00 |       0.00 +/-       0.00

0111
1001
1100
0000        3059 |     0.00 |       0.00 +/-       0.00

0110
1001
1100
0000        3050 |     0.00 |       0.00 +/-       0.00

0100
1001
1001
0000        3011 |     0.00 |       0.00 +/-       0.00

0111
1011
1001
0000        2962 |     0.00 |       0.00 +/-       0.00

0110
1000
1000
0100        2859 |     0.00 |       0.00 +/-       0.00

0110
1011
1000
0000        2552 |     0.00 |       0.00 +/-       0.00

0111
1010
0000
1010        2269 |     0.00 |       0.00 +/-       0.00

0110
1010
1000
1100        2247 |     0.00 |       0.00 +/-       0.00

0110
0001
0000
0010        2144 |     0.00 |       0.00 +/-       0.00

0111
0010
0000
1000        2056 |     0.00 |       0.00 +/-       0.00

0111
1010
0000
0010        1436 |     0.00 |       0.00 +/-       0.00

0100
1000
1100
0010        1392 |     0.00 |       0.00 +/-       0.00

0101
1000
1101
1000        1345 |     0.00 |       0.00 +/-       0.00

0110
1010
1000
0100        1317 |     0.00 |       0.00 +/-       0.00

0111
1010
1100
1000        1274 |     0.00 |       0.00 +/-       0.00

0111
1000
1000
1000        1253 |     0.00 |       0.00 +/-       0.00

0111
1000
0100
0000        1249 |     0.00 |       0.00 +/-       0.00

0100
1000
1101
1000        1235 |     0.00 |       0.00 +/-       0.00

0100
1010
1000
1000        1212 |     0.00 |       0.00 +/-       0.00

0111
1011
0001
0000        1210 |     0.00 |       0.00 +/-       0.00

0111
1011
1101
1110        1148 |     0.00 |       0.00 +/-       0.00

0101
1000
1100
0100        1132 |     0.00 |       0.00 +/-       0.00

0110
0001
0001
0000        1003 |     0.00 |       0.00 +/-       0.00

0100
1000
1101
1100         954 |     0.00 |       0.00 +/-       0.00

0100
1000
1100
1010         937 |     0.00 |       0.00 +/-       0.00

0110
1010
0001
0010         885 |     0.00 |       0.00 +/-       0.00

0111
1010
1000
1000         864 |     0.00 |       0.00 +/-       0.00

0110
1000
0101
0000         830 |     0.00 |       0.00 +/-       0.00

0111
1001
0100
0000         701 |     0.00 |       0.00 +/-       0.00

0101
1010
1000
0000         694 |     0.00 |       0.00 +/-       0.00

0111
1010
0001
0000         678 |     0.00 |       0.00 +/-       0.00

0111
1010
1100
1100         611 |     0.00 |       0.00 +/-       0.00

0111
1011
1101
1100         557 |     0.00 |       0.00 +/-       0.00

0100
1000
1001
0010         552 |     0.00 |       0.00 +/-       0.00

0110
1000
0100
0010         500 |     0.00 |       0.00 +/-       0.00

0100
1010
1000
1010         407 |     0.00 |       0.00 +/-       0.00

0110
1000
0100
1110         388 |     0.00 |       0.00 +/-       0.00

0110
1000
0100
1000         378 |     0.00 |       0.00 +/-       0.00

0111
1000
0101
0000         372 |     0.00 |       0.00 +/-       0.00

0110
1010
1000
0110         368 |     0.00 |       0.00 +/-       0.00

0111
1011
1101
1000         363 |     0.00 |       0.00 +/-       0.00

0111
1010
1100
1110         360 |     0.00 |       0.00 +/-       0.00

0111
1010
0000
0110         263 |     0.00 |       0.00 +/-       0.00

0100
1000
1101
0010         226 |     0.00 |       0.00 +/-       0.00

0100
1000
1001
0100         204 |     0.00 |       0.00 +/-       0.00

0111
1000
1100
1100         190 |     0.00 |       0.00 +/-       0.00

0110
1001
1100
1100         183 |     0.00 |       0.00 +/-       0.00

0111
1011
1100
1000         168 |     0.00 |       0.00 +/-       0.00

0111
1011
1100
1100         168 |     0.00 |       0.00 +/-       0.00

0110
1001
0001
0000         165 |     0.00 |       0.00 +/-       0.00

0110
1001
1000
0100         164 |     0.00 |       0.00 +/-       0.00

0110
1011
1001
0000         160 |     0.00 |       0.00 +/-       0.00

0110
1011
1000
0100         156 |     0.00 |       0.00 +/-       0.00

0110
1001
1100
0100         131 |     0.00 |       0.00 +/-       0.00

0111
1011
0001
0010         131 |     0.00 |       0.00 +/-       0.00

0100
0010
1000
1000         124 |     0.00 |       0.00 +/-       0.00

0111
1011
1100
1010         121 |     0.00 |       0.00 +/-       0.00

0101
0010
1000
0000         119 |     0.00 |       0.00 +/-       0.00

0111
1010
0001
0010         116 |     0.00 |       0.00 +/-       0.00

0110
1010
0001
1010         112 |     0.00 |       0.00 +/-       0.00

0111
1001
1101
0100         104 |     0.00 |       0.00 +/-       0.00

0111
1011
1001
1000          97 |     0.00 |       0.00 +/-       0.00

0111
1010
1100
0100          96 |     0.00 |       0.00 +/-       0.00

0110
1000
0100
1010          89 |     0.00 |       0.00 +/-       0.00

0110
1001
1000
1000          89 |     0.00 |       0.00 +/-       0.00

0111
1011
1000
1000          78 |     0.00 |       0.00 +/-       0.00

0111
1001
1100
1000          69 |     0.00 |       0.00 +/-       0.00

0110
1000
0101
0010          59 |     0.00 |       0.00 +/-       0.00

0001
1000
1100
0100          50 |     0.00 |       0.00 +/-       0.00

0101
1010
1001
0000          50 |     0.00 |       0.00 +/-       0.00

0111
1011
1000
0010          46 |     0.00 |       0.00 +/-       0.00

0110
1011
1000
0110          45 |     0.00 |       0.00 +/-       0.00

0111
1001
1100
0100          43 |     0.00 |       0.00 +/-       0.00

0110
1001
1101
1100          38 |     0.00 |       0.00 +/-       0.00

0110
1011
1000
1010          36 |     0.00 |       0.00 +/-       0.00

0111
1011
1100
0010          36 |     0.00 |       0.00 +/-       0.00

0110
1001
1001
0000          31 |     0.00 |       0.00 +/-       0.00

0111
1011
1000
0100          31 |     0.00 |       0.00 +/-       0.00

0111
1010
1100
0110          29 |     0.00 |       0.00 +/-       0.00

0111
1000
0100
1000          28 |     0.00 |       0.00 +/-       0.00

0111
1000
0101
0110          28 |     0.00 |       0.00 +/-       0.00

0111
1011
1001
0100          28 |     0.00 |       0.00 +/-       0.00

0110
1001
1100
1000          25 |     0.00 |       0.00 +/-       0.00

0111
1000
1100
0100          24 |     0.00 |       0.00 +/-       0.00

0111
1010
0001
1000          24 |     0.00 |       0.00 +/-       0.00

0101
0010
1000
1000          23 |     0.00 |       0.00 +/-       0.00

0110
1000
1000
0110          21 |     0.00 |       0.00 +/-       0.00

0110
1001
1101
0100          19 |     0.00 |       0.00 +/-       0.00

0111
1010
1000
0100          18 |     0.00 |       0.00 +/-       0.00

0110
1011
1000
0010          17 |     0.00 |       0.00 +/-       0.00

0110
1011
1000
1000          16 |     0.00 |       0.00 +/-       0.00

0111
1000
0100
0100          16 |     0.00 |       0.00 +/-       0.00

0011
1001
0100
0000          10 |     0.00 |       0.00 +/-       0.00

0100
1010
1001
1000          10 |     0.00 |       0.00 +/-       0.00

0111
1010
0001
0110          10 |     0.00 |       0.00 +/-       0.00

0110
1000
0001
0110           9 |     0.00 |       0.00 +/-       0.00

0110
1010
0001
1000           9 |     0.00 |       0.00 +/-       0.00

0111
1000
0101
0010           9 |     0.00 |       0.00 +/-       0.00

0111
1011
1001
0110           9 |     0.00 |       0.00 +/-       0.00

0101
1010
1001
1000           8 |     0.00 |       0.00 +/-       0.00

0100
1001
1000
0010           6 |     0.00 |       0.00 +/-       0.00

0110
1001
1100
0110           5 |     0.00 |       0.00 +/-       0.00

0110
1011
1001
0100           5 |     0.00 |       0.00 +/-       0.00

0111
1001
1100
0110           5 |     0.00 |       0.00 +/-       0.00

0101
1010
1001
0010           4 |     0.00 |       0.00 +/-       0.00

0111
1000
0101
0100           4 |     0.00 |       0.00 +/-       0.00

0101
1010
1000
1010           2 |     0.00 |       0.00 +/-       0.00

0110
1001
1000
0010           2 |     0.00 |       0.00 +/-       0.00

0110
1011
1001
1000           2 |     0.00 |       0.00 +/-       0.00

0111
1000
0100
0010           2 |     0.00 |       0.00 +/-       0.00

0111
1000
0101
1000           2 |     0.00 |       0.00 +/-       0.00

0011
1010
0000
0110           1 |     0.00 |       0.00 +/-       0.00

0101
1000
1100
0010           1 |     0.00 |       0.00 +/-       0.00

0110
1001
1001
0100           1 |     0.00 |       0.00 +/-       0.00

0110
1001
1100
0010           1 |     0.00 |       0.00 +/-       0.00

0110
1001
1100
1010           1 |     0.00 |       0.00 +/-       0.00

0111
0001
0100
0010           1 |     0.00 |       0.00 +/-       0.00

0111
1001
1100
0010           1 |     0.00 |       0.00 +/-       0.00

0010
1001
0100
1000           0 |     0.00 |       0.00 +/-       0.00

0011
1000
0100
0100           0 |     0.00 |       0.00 +/-       0.00

0100
0001
1000
0010           0 |     0.00 |       0.00 +/-       0.00

0101
0001
1100
0010           0 |     0.00 |       0.00 +/-       0.00

0101
1010
1000
0010           0 |     0.00 |       0.00 +/-       0.00

0110
1000
0101
1000           0 |     0.00 |       0.00 +/-       0.00

0110
1000
0101
1100           0 |     0.00 |       0.00 +/-       0.00

0110
1001
0001
0010           0 |     0.00 |       0.00 +/-       0.00

0110
1001
0100
1000           0 |     0.00 |       0.00 +/-       0.00

0110
1001
0101
1000           0 |     0.00 |       0.00 +/-       0.00

0110
1001
0101
1010           0 |     0.00 |       0.00 +/-       0.00

0110
1001
1001
0110           0 |     0.00 |       0.00 +/-       0.00

0110
1010
0001
1100           0 |     0.00 |       0.00 +/-       0.00

0110
1011
1001
0110           0 |     0.00 |       0.00 +/-       0.00

0111
1001
1100
1010           0 |     0.00 |       0.00 +/-       0.00

0111
1010
0001
0100           0 |     0.00 |       0.00 +/-       0.00

0111
1010
1000
0110           0 |     0.00 |       0.00 +/-       0.00

