gtrieScanner Results
------------------------------------------
General Information

Start of Computation: 02h24m03s 02/08/2020
End of Computation: 02h24m13s 02/08/2020

Subgraph Size: 4
Graph File: "input/#RevolucionMexicana.edges"
Directed: YES
Nr Nodes: 11688
Nr Edges: 20839

Method: GTRIE with file containing complete g-trie
Different Types of Subgraphs Found [Original Network]: 135
Subgraph Occurrences Found [Original Network]: 701419533
Time for computing census on original network: 9.748895s
Average time for census on random network: 0.000000s

Number of random networks: 0
Random seed: 1596353043
Exchanges per edge: 3
Number of tries per exchange: 10
------------------------------------------
Motif Analysis Results

Graph   Org_Freq |  Z-score |    Rnd_Avg +/-    Rnd_Dev

0000
1000
1000
1000   684886717 |     0.00 |       0.00 +/-       0.00

0000
1001
1000
0000     9874273 |     0.00 |       0.00 +/-       0.00

0000
1010
1000
1000     2433424 |     0.00 |       0.00 +/-       0.00

0000
1000
1000
0100     2212644 |     0.00 |       0.00 +/-       0.00

0010
1010
0000
1000      410670 |     0.00 |       0.00 +/-       0.00

0110
0000
0000
0110      346934 |     0.00 |       0.00 +/-       0.00

0100
0000
1100
1100      337161 |     0.00 |       0.00 +/-       0.00

0001
1000
1000
0000      316788 |     0.00 |       0.00 +/-       0.00

0111
0000
0000
0000      164166 |     0.00 |       0.00 +/-       0.00

0100
1000
1000
1000      138460 |     0.00 |       0.00 +/-       0.00

0100
1000
1100
1000       40219 |     0.00 |       0.00 +/-       0.00

0110
1000
0000
0010       39564 |     0.00 |       0.00 +/-       0.00

0010
1001
0000
0000       33814 |     0.00 |       0.00 +/-       0.00

0100
1000
1000
0100       28137 |     0.00 |       0.00 +/-       0.00

0111
0010
0000
0000       24207 |     0.00 |       0.00 +/-       0.00

0011
1000
0000
0000       23875 |     0.00 |       0.00 +/-       0.00

0110
1010
0000
0010       18642 |     0.00 |       0.00 +/-       0.00

0100
1000
1001
0000       10679 |     0.00 |       0.00 +/-       0.00

0100
1000
1100
1100        9285 |     0.00 |       0.00 +/-       0.00

0111
0011
0000
0000        8620 |     0.00 |       0.00 +/-       0.00

0011
1010
0000
0000        6675 |     0.00 |       0.00 +/-       0.00

0100
1001
1000
0000        5703 |     0.00 |       0.00 +/-       0.00

0101
1000
1000
0000        5019 |     0.00 |       0.00 +/-       0.00

0100
0001
1000
0000        4980 |     0.00 |       0.00 +/-       0.00

0111
1000
0000
0000        4777 |     0.00 |       0.00 +/-       0.00

0110
1010
0000
1000        3399 |     0.00 |       0.00 +/-       0.00

0100
1000
1101
0000        2937 |     0.00 |       0.00 +/-       0.00

0001
1010
1000
0000        2139 |     0.00 |       0.00 +/-       0.00

0110
0010
0000
1000        1915 |     0.00 |       0.00 +/-       0.00

0111
1010
0000
0000        1788 |     0.00 |       0.00 +/-       0.00

0101
1000
1100
0000        1680 |     0.00 |       0.00 +/-       0.00

0111
1011
0000
0000        1642 |     0.00 |       0.00 +/-       0.00

0100
1000
1000
0010        1519 |     0.00 |       0.00 +/-       0.00

0110
1000
1000
1000        1518 |     0.00 |       0.00 +/-       0.00

0111
0011
0001
0000        1198 |     0.00 |       0.00 +/-       0.00

0111
0000
0100
0100        1167 |     0.00 |       0.00 +/-       0.00

0011
1010
0000
1000        1089 |     0.00 |       0.00 +/-       0.00

0110
1010
0000
1110         872 |     0.00 |       0.00 +/-       0.00

0110
1000
1000
0100         700 |     0.00 |       0.00 +/-       0.00

0101
1000
1101
0000         634 |     0.00 |       0.00 +/-       0.00

0001
1010
1000
1000         608 |     0.00 |       0.00 +/-       0.00

0101
0000
1100
0100         604 |     0.00 |       0.00 +/-       0.00

0110
1010
0000
1010         598 |     0.00 |       0.00 +/-       0.00

0110
1001
0000
0000         564 |     0.00 |       0.00 +/-       0.00

0101
1000
1100
1000         534 |     0.00 |       0.00 +/-       0.00

0110
1000
1100
0100         488 |     0.00 |       0.00 +/-       0.00

0100
1001
1001
0000         433 |     0.00 |       0.00 +/-       0.00

0110
1010
0001
0000         385 |     0.00 |       0.00 +/-       0.00

0110
1000
0001
0000         381 |     0.00 |       0.00 +/-       0.00

0100
1000
1100
0010         350 |     0.00 |       0.00 +/-       0.00

0110
0001
0000
0010         340 |     0.00 |       0.00 +/-       0.00

0111
0001
0100
0000         308 |     0.00 |       0.00 +/-       0.00

0110
1010
1100
1000         303 |     0.00 |       0.00 +/-       0.00

0110
1010
1000
1000         293 |     0.00 |       0.00 +/-       0.00

0110
0001
0001
0000         226 |     0.00 |       0.00 +/-       0.00

0100
1010
1000
1000         220 |     0.00 |       0.00 +/-       0.00

0111
1000
1000
0000         204 |     0.00 |       0.00 +/-       0.00

0110
1000
0100
1000         201 |     0.00 |       0.00 +/-       0.00

0110
1010
1000
0100         182 |     0.00 |       0.00 +/-       0.00

0110
1000
0100
0010         180 |     0.00 |       0.00 +/-       0.00

0100
1000
1101
1100         167 |     0.00 |       0.00 +/-       0.00

0101
0001
1100
0000         157 |     0.00 |       0.00 +/-       0.00

0110
1010
1000
1110         145 |     0.00 |       0.00 +/-       0.00

0111
1011
1101
0000         141 |     0.00 |       0.00 +/-       0.00

0110
1000
1100
1100         137 |     0.00 |       0.00 +/-       0.00

0111
1001
1000
0000         134 |     0.00 |       0.00 +/-       0.00

0110
1001
1000
0000         131 |     0.00 |       0.00 +/-       0.00

0111
0010
0000
1000         113 |     0.00 |       0.00 +/-       0.00

0110
1000
0100
1110         109 |     0.00 |       0.00 +/-       0.00

0100
1000
1001
0010         107 |     0.00 |       0.00 +/-       0.00

0110
1010
1100
1110          97 |     0.00 |       0.00 +/-       0.00

0100
1010
1000
1010          90 |     0.00 |       0.00 +/-       0.00

0110
1001
1100
0000          67 |     0.00 |       0.00 +/-       0.00

0110
1010
1000
0110          67 |     0.00 |       0.00 +/-       0.00

0110
1010
0001
0010          53 |     0.00 |       0.00 +/-       0.00

0101
1001
1100
0000          51 |     0.00 |       0.00 +/-       0.00

0111
1010
1100
0000          51 |     0.00 |       0.00 +/-       0.00

0101
1000
1100
0100          50 |     0.00 |       0.00 +/-       0.00

0111
1011
1000
0000          49 |     0.00 |       0.00 +/-       0.00

0100
1000
1101
1000          46 |     0.00 |       0.00 +/-       0.00

0110
1010
1000
1100          39 |     0.00 |       0.00 +/-       0.00

0110
1011
1000
0000          39 |     0.00 |       0.00 +/-       0.00

0111
1010
0000
0010          39 |     0.00 |       0.00 +/-       0.00

0111
1010
1000
0000          37 |     0.00 |       0.00 +/-       0.00

0110
1000
0100
1010          34 |     0.00 |       0.00 +/-       0.00

0111
1011
1001
0000          34 |     0.00 |       0.00 +/-       0.00

0111
1011
0001
0000          28 |     0.00 |       0.00 +/-       0.00

0100
1000
1001
0100          27 |     0.00 |       0.00 +/-       0.00

0100
1000
1101
0010          25 |     0.00 |       0.00 +/-       0.00

0100
1000
1100
1010          23 |     0.00 |       0.00 +/-       0.00

0101
1010
1000
0000          21 |     0.00 |       0.00 +/-       0.00

0110
1000
1000
0110          19 |     0.00 |       0.00 +/-       0.00

0111
1010
0001
0000          19 |     0.00 |       0.00 +/-       0.00

0101
1000
1101
1000          15 |     0.00 |       0.00 +/-       0.00

0110
1000
0101
0000          12 |     0.00 |       0.00 +/-       0.00

0111
1000
0100
0000          12 |     0.00 |       0.00 +/-       0.00

0111
1010
1100
1000          11 |     0.00 |       0.00 +/-       0.00

0110
1001
1100
0100          10 |     0.00 |       0.00 +/-       0.00

0111
1000
1000
1000           8 |     0.00 |       0.00 +/-       0.00

0110
1001
0001
0000           7 |     0.00 |       0.00 +/-       0.00

0111
1000
0101
0000           7 |     0.00 |       0.00 +/-       0.00

0110
1010
1100
1100           6 |     0.00 |       0.00 +/-       0.00

0111
1011
1101
1110           6 |     0.00 |       0.00 +/-       0.00

0110
1011
1000
0100           4 |     0.00 |       0.00 +/-       0.00

0110
1011
1001
0000           4 |     0.00 |       0.00 +/-       0.00

0111
1000
0100
1000           4 |     0.00 |       0.00 +/-       0.00

0111
1010
0000
1010           4 |     0.00 |       0.00 +/-       0.00

0111
1010
1000
1000           4 |     0.00 |       0.00 +/-       0.00

0111
1011
1001
1000           4 |     0.00 |       0.00 +/-       0.00

0111
1011
0001
0010           3 |     0.00 |       0.00 +/-       0.00

0111
1011
1100
0000           3 |     0.00 |       0.00 +/-       0.00

0110
1000
0101
0010           2 |     0.00 |       0.00 +/-       0.00

0110
1001
1000
1000           2 |     0.00 |       0.00 +/-       0.00

0110
1001
1001
0000           2 |     0.00 |       0.00 +/-       0.00

0111
1000
0101
0010           2 |     0.00 |       0.00 +/-       0.00

0111
1001
1101
0100           2 |     0.00 |       0.00 +/-       0.00

0111
1010
0000
0110           2 |     0.00 |       0.00 +/-       0.00

0111
1011
1000
0100           2 |     0.00 |       0.00 +/-       0.00

0100
1010
1001
1000           1 |     0.00 |       0.00 +/-       0.00

0101
1010
1001
0000           1 |     0.00 |       0.00 +/-       0.00

0110
1001
0001
0010           1 |     0.00 |       0.00 +/-       0.00

0110
1001
1000
0010           1 |     0.00 |       0.00 +/-       0.00

0110
1001
1000
0100           1 |     0.00 |       0.00 +/-       0.00

0110
1011
1000
1010           1 |     0.00 |       0.00 +/-       0.00

0110
1011
1001
0100           1 |     0.00 |       0.00 +/-       0.00

0110
1011
1001
1000           1 |     0.00 |       0.00 +/-       0.00

0111
1000
0101
0110           1 |     0.00 |       0.00 +/-       0.00

0111
1000
1100
1100           1 |     0.00 |       0.00 +/-       0.00

0111
1001
0100
0000           1 |     0.00 |       0.00 +/-       0.00

0111
1001
1100
0110           1 |     0.00 |       0.00 +/-       0.00

0111
1010
0001
0010           1 |     0.00 |       0.00 +/-       0.00

0111
1010
1000
0110           1 |     0.00 |       0.00 +/-       0.00

0111
1010
1100
0100           1 |     0.00 |       0.00 +/-       0.00

0111
1011
1000
1000           1 |     0.00 |       0.00 +/-       0.00

0111
1011
1001
0100           1 |     0.00 |       0.00 +/-       0.00

0001
1000
1100
0100           0 |     0.00 |       0.00 +/-       0.00

0010
1001
0100
1000           0 |     0.00 |       0.00 +/-       0.00

0011
1000
0100
0100           0 |     0.00 |       0.00 +/-       0.00

0011
1001
0100
0000           0 |     0.00 |       0.00 +/-       0.00

0011
1010
0000
0110           0 |     0.00 |       0.00 +/-       0.00

0100
0001
1000
0010           0 |     0.00 |       0.00 +/-       0.00

0100
0010
1000
1000           0 |     0.00 |       0.00 +/-       0.00

0100
1001
1000
0010           0 |     0.00 |       0.00 +/-       0.00

0101
0001
1100
0010           0 |     0.00 |       0.00 +/-       0.00

0101
0010
1000
0000           0 |     0.00 |       0.00 +/-       0.00

0101
0010
1000
1000           0 |     0.00 |       0.00 +/-       0.00

0101
1000
1100
0010           0 |     0.00 |       0.00 +/-       0.00

0101
1010
1000
0010           0 |     0.00 |       0.00 +/-       0.00

0101
1010
1000
1010           0 |     0.00 |       0.00 +/-       0.00

0101
1010
1001
0010           0 |     0.00 |       0.00 +/-       0.00

0101
1010
1001
1000           0 |     0.00 |       0.00 +/-       0.00

0110
1000
0001
0110           0 |     0.00 |       0.00 +/-       0.00

0110
1000
0101
1000           0 |     0.00 |       0.00 +/-       0.00

0110
1000
0101
1100           0 |     0.00 |       0.00 +/-       0.00

0110
1001
0100
1000           0 |     0.00 |       0.00 +/-       0.00

0110
1001
0101
1000           0 |     0.00 |       0.00 +/-       0.00

0110
1001
0101
1010           0 |     0.00 |       0.00 +/-       0.00

0110
1001
1001
0100           0 |     0.00 |       0.00 +/-       0.00

0110
1001
1001
0110           0 |     0.00 |       0.00 +/-       0.00

0110
1001
1100
0010           0 |     0.00 |       0.00 +/-       0.00

0110
1001
1100
0110           0 |     0.00 |       0.00 +/-       0.00

0110
1001
1100
1000           0 |     0.00 |       0.00 +/-       0.00

0110
1001
1100
1010           0 |     0.00 |       0.00 +/-       0.00

0110
1001
1100
1100           0 |     0.00 |       0.00 +/-       0.00

0110
1001
1101
0100           0 |     0.00 |       0.00 +/-       0.00

0110
1001
1101
1100           0 |     0.00 |       0.00 +/-       0.00

0110
1010
0001
1000           0 |     0.00 |       0.00 +/-       0.00

0110
1010
0001
1010           0 |     0.00 |       0.00 +/-       0.00

0110
1010
0001
1100           0 |     0.00 |       0.00 +/-       0.00

0110
1011
1000
0010           0 |     0.00 |       0.00 +/-       0.00

0110
1011
1000
0110           0 |     0.00 |       0.00 +/-       0.00

0110
1011
1000
1000           0 |     0.00 |       0.00 +/-       0.00

0110
1011
1001
0110           0 |     0.00 |       0.00 +/-       0.00

0111
0001
0100
0010           0 |     0.00 |       0.00 +/-       0.00

0111
1000
0100
0010           0 |     0.00 |       0.00 +/-       0.00

0111
1000
0100
0100           0 |     0.00 |       0.00 +/-       0.00

0111
1000
0101
0100           0 |     0.00 |       0.00 +/-       0.00

0111
1000
0101
1000           0 |     0.00 |       0.00 +/-       0.00

0111
1000
1100
0100           0 |     0.00 |       0.00 +/-       0.00

0111
1001
1100
0000           0 |     0.00 |       0.00 +/-       0.00

0111
1001
1100
0010           0 |     0.00 |       0.00 +/-       0.00

0111
1001
1100
0100           0 |     0.00 |       0.00 +/-       0.00

0111
1001
1100
1000           0 |     0.00 |       0.00 +/-       0.00

0111
1001
1100
1010           0 |     0.00 |       0.00 +/-       0.00

0111
1010
0001
0100           0 |     0.00 |       0.00 +/-       0.00

0111
1010
0001
0110           0 |     0.00 |       0.00 +/-       0.00

0111
1010
0001
1000           0 |     0.00 |       0.00 +/-       0.00

0111
1010
1000
0100           0 |     0.00 |       0.00 +/-       0.00

0111
1010
1100
0110           0 |     0.00 |       0.00 +/-       0.00

0111
1010
1100
1100           0 |     0.00 |       0.00 +/-       0.00

0111
1010
1100
1110           0 |     0.00 |       0.00 +/-       0.00

0111
1011
1000
0010           0 |     0.00 |       0.00 +/-       0.00

0111
1011
1001
0110           0 |     0.00 |       0.00 +/-       0.00

0111
1011
1100
0010           0 |     0.00 |       0.00 +/-       0.00

0111
1011
1100
1000           0 |     0.00 |       0.00 +/-       0.00

0111
1011
1100
1010           0 |     0.00 |       0.00 +/-       0.00

0111
1011
1100
1100           0 |     0.00 |       0.00 +/-       0.00

0111
1011
1101
1000           0 |     0.00 |       0.00 +/-       0.00

0111
1011
1101
1100           0 |     0.00 |       0.00 +/-       0.00

