gtrieScanner Results
------------------------------------------
General Information

Start of Computation: 02h24m13s 02/08/2020
End of Computation: 02h29m24s 02/08/2020

Subgraph Size: 4
Graph File: "input/#TheGreatestMatch.edges"
Directed: YES
Nr Nodes: 7570
Nr Edges: 16765

Method: GTRIE with file containing complete g-trie
Different Types of Subgraphs Found [Original Network]: 152
Subgraph Occurrences Found [Original Network]: -219471538
Time for computing census on original network: 311.093139s
Average time for census on random network: 0.000000s

Number of random networks: 0
Random seed: 1596353053
Exchanges per edge: 3
Number of tries per exchange: 10
------------------------------------------
Motif Analysis Results

Graph   Org_Freq |  Z-score |    Rnd_Avg +/-    Rnd_Dev

0100
1000
1000
1000    33873588 |     0.00 |       0.00 +/-       0.00

0000
1010
1000
1000    27353938 |     0.00 |       0.00 +/-       0.00

0000
1000
1000
0100    20023700 |     0.00 |       0.00 +/-       0.00

0001
1000
1000
0000    15176116 |     0.00 |       0.00 +/-       0.00

0000
1001
1000
0000    13705444 |     0.00 |       0.00 +/-       0.00

0010
1010
0000
1000     4334108 |     0.00 |       0.00 +/-       0.00

0100
1000
1100
1000     3860776 |     0.00 |       0.00 +/-       0.00

0100
0000
1100
1100     3523157 |     0.00 |       0.00 +/-       0.00

0100
1000
1000
0100     2581851 |     0.00 |       0.00 +/-       0.00

0100
1000
1100
1100      370474 |     0.00 |       0.00 +/-       0.00

0110
1010
0000
0010      236019 |     0.00 |       0.00 +/-       0.00

0110
0000
0000
0110      207590 |     0.00 |       0.00 +/-       0.00

0110
1000
0000
0010      205353 |     0.00 |       0.00 +/-       0.00

0110
1000
1000
1000      170917 |     0.00 |       0.00 +/-       0.00

0101
1000
1000
0000      161411 |     0.00 |       0.00 +/-       0.00

0110
1010
0000
1000       70310 |     0.00 |       0.00 +/-       0.00

0011
1000
0000
0000       60941 |     0.00 |       0.00 +/-       0.00

0110
1010
1000
1000       53160 |     0.00 |       0.00 +/-       0.00

0110
1010
0000
1010       33422 |     0.00 |       0.00 +/-       0.00

0111
0000
0000
0000       24757 |     0.00 |       0.00 +/-       0.00

0011
1010
0000
0000       24580 |     0.00 |       0.00 +/-       0.00

0110
1000
1000
0100       22362 |     0.00 |       0.00 +/-       0.00

0010
1001
0000
0000       19487 |     0.00 |       0.00 +/-       0.00

0100
1000
1001
0000       18772 |     0.00 |       0.00 +/-       0.00

0101
1000
1100
1000       17267 |     0.00 |       0.00 +/-       0.00

0111
0010
0000
0000       16501 |     0.00 |       0.00 +/-       0.00

0011
1010
0000
1000       13384 |     0.00 |       0.00 +/-       0.00

0110
0010
0000
1000       12556 |     0.00 |       0.00 +/-       0.00

0100
1001
1000
0000       11575 |     0.00 |       0.00 +/-       0.00

0101
1000
1100
0000       11452 |     0.00 |       0.00 +/-       0.00

0110
1010
1100
1000        8381 |     0.00 |       0.00 +/-       0.00

0100
1000
1000
0010        8257 |     0.00 |       0.00 +/-       0.00

0101
0000
1100
0100        7619 |     0.00 |       0.00 +/-       0.00

0110
1000
1100
1100        7528 |     0.00 |       0.00 +/-       0.00

0110
1000
1100
0100        7134 |     0.00 |       0.00 +/-       0.00

0001
1010
1000
1000        6976 |     0.00 |       0.00 +/-       0.00

0100
0001
1000
0000        6728 |     0.00 |       0.00 +/-       0.00

0111
0000
0100
0100        5725 |     0.00 |       0.00 +/-       0.00

0111
0011
0001
0000        5566 |     0.00 |       0.00 +/-       0.00

0111
0011
0000
0000        3914 |     0.00 |       0.00 +/-       0.00

0001
1010
1000
0000        3703 |     0.00 |       0.00 +/-       0.00

0110
1010
1000
0100        3557 |     0.00 |       0.00 +/-       0.00

0101
1001
1100
0000        2945 |     0.00 |       0.00 +/-       0.00

0110
1010
0000
1110        2898 |     0.00 |       0.00 +/-       0.00

0100
1000
1101
0000        2896 |     0.00 |       0.00 +/-       0.00

0110
1000
0100
1000        2233 |     0.00 |       0.00 +/-       0.00

0110
1010
1000
1100        1783 |     0.00 |       0.00 +/-       0.00

0101
1000
1101
0000        1710 |     0.00 |       0.00 +/-       0.00

0101
0001
1100
0000        1233 |     0.00 |       0.00 +/-       0.00

0100
1000
1100
0010        1039 |     0.00 |       0.00 +/-       0.00

0100
1010
1000
1000         952 |     0.00 |       0.00 +/-       0.00

0110
0001
0001
0000         913 |     0.00 |       0.00 +/-       0.00

0111
0001
0100
0000         861 |     0.00 |       0.00 +/-       0.00

0100
1000
1101
1000         792 |     0.00 |       0.00 +/-       0.00

0111
1010
0000
0000         667 |     0.00 |       0.00 +/-       0.00

0110
1000
0100
0010         646 |     0.00 |       0.00 +/-       0.00

0111
1000
0000
0000         637 |     0.00 |       0.00 +/-       0.00

0110
1010
1000
1110         603 |     0.00 |       0.00 +/-       0.00

0101
1000
1101
1000         590 |     0.00 |       0.00 +/-       0.00

0110
1010
1100
1100         548 |     0.00 |       0.00 +/-       0.00

0110
0001
0000
0010         533 |     0.00 |       0.00 +/-       0.00

0100
1001
1001
0000         528 |     0.00 |       0.00 +/-       0.00

0100
1000
1100
1010         518 |     0.00 |       0.00 +/-       0.00

0111
1000
1000
0000         427 |     0.00 |       0.00 +/-       0.00

0101
1000
1100
0100         360 |     0.00 |       0.00 +/-       0.00

0100
1000
1001
0010         326 |     0.00 |       0.00 +/-       0.00

0100
1000
1101
1100         321 |     0.00 |       0.00 +/-       0.00

0111
1001
1000
0000         319 |     0.00 |       0.00 +/-       0.00

0111
1011
0000
0000         288 |     0.00 |       0.00 +/-       0.00

0111
1000
1000
1000         249 |     0.00 |       0.00 +/-       0.00

0100
0010
1000
1000         241 |     0.00 |       0.00 +/-       0.00

0110
1000
0001
0000         235 |     0.00 |       0.00 +/-       0.00

0100
1000
1001
0100         204 |     0.00 |       0.00 +/-       0.00

0111
0010
0000
1000         185 |     0.00 |       0.00 +/-       0.00

0111
1010
1000
1000         183 |     0.00 |       0.00 +/-       0.00

0110
1010
1100
1110         182 |     0.00 |       0.00 +/-       0.00

0110
1001
0000
0000         174 |     0.00 |       0.00 +/-       0.00

0110
1010
0001
0010         158 |     0.00 |       0.00 +/-       0.00

0110
1000
0100
1110         157 |     0.00 |       0.00 +/-       0.00

0110
1010
1000
0110         152 |     0.00 |       0.00 +/-       0.00

0111
1010
0000
0010         144 |     0.00 |       0.00 +/-       0.00

0111
1010
0000
1010         143 |     0.00 |       0.00 +/-       0.00

0111
1011
0001
0000         131 |     0.00 |       0.00 +/-       0.00

0110
1010
0001
0000         115 |     0.00 |       0.00 +/-       0.00

0111
1010
1000
0000         114 |     0.00 |       0.00 +/-       0.00

0110
1000
0100
1010         109 |     0.00 |       0.00 +/-       0.00

0100
1010
1000
1010         101 |     0.00 |       0.00 +/-       0.00

0110
1000
1000
0110         100 |     0.00 |       0.00 +/-       0.00

0111
1011
1001
0000          97 |     0.00 |       0.00 +/-       0.00

0110
1001
1000
0000          85 |     0.00 |       0.00 +/-       0.00

0111
1011
1000
0000          82 |     0.00 |       0.00 +/-       0.00

0111
1010
0001
0000          47 |     0.00 |       0.00 +/-       0.00

0100
1000
1101
0010          36 |     0.00 |       0.00 +/-       0.00

0111
1000
1100
1100          35 |     0.00 |       0.00 +/-       0.00

0110
1001
1100
0100          31 |     0.00 |       0.00 +/-       0.00

0111
1010
1100
1000          30 |     0.00 |       0.00 +/-       0.00

0110
1001
1000
0100          26 |     0.00 |       0.00 +/-       0.00

0111
1010
1100
0000          24 |     0.00 |       0.00 +/-       0.00

0111
1001
1100
0000          23 |     0.00 |       0.00 +/-       0.00

0111
1010
0001
0010          23 |     0.00 |       0.00 +/-       0.00

0111
1011
1001
1000          23 |     0.00 |       0.00 +/-       0.00

0110
1001
0001
0000          22 |     0.00 |       0.00 +/-       0.00

0111
1011
1000
1000          20 |     0.00 |       0.00 +/-       0.00

0111
1011
0001
0010          17 |     0.00 |       0.00 +/-       0.00

0001
1000
1100
0100          15 |     0.00 |       0.00 +/-       0.00

0101
0010
1000
0000          15 |     0.00 |       0.00 +/-       0.00

0110
1011
1000
0000          15 |     0.00 |       0.00 +/-       0.00

0110
1011
1000
0100          15 |     0.00 |       0.00 +/-       0.00

0111
1000
0100
1000          15 |     0.00 |       0.00 +/-       0.00

0111
1011
1101
0000          15 |     0.00 |       0.00 +/-       0.00

0110
1001
1100
0000          14 |     0.00 |       0.00 +/-       0.00

0111
1000
0100
0000          14 |     0.00 |       0.00 +/-       0.00

0111
1010
0000
0110          12 |     0.00 |       0.00 +/-       0.00

0111
1011
1100
0000          12 |     0.00 |       0.00 +/-       0.00

0111
1011
1100
1000          12 |     0.00 |       0.00 +/-       0.00

0011
1010
0000
0110          11 |     0.00 |       0.00 +/-       0.00

0111
1001
1100
1000          11 |     0.00 |       0.00 +/-       0.00

0101
1010
1000
0000          10 |     0.00 |       0.00 +/-       0.00

0111
1000
0101
0000           9 |     0.00 |       0.00 +/-       0.00

0011
1001
0100
0000           8 |     0.00 |       0.00 +/-       0.00

0111
1001
0100
0000           8 |     0.00 |       0.00 +/-       0.00

0111
1010
1100
1110           6 |     0.00 |       0.00 +/-       0.00

0111
1011
1000
0100           6 |     0.00 |       0.00 +/-       0.00

0110
1000
0101
0000           5 |     0.00 |       0.00 +/-       0.00

0110
1001
1001
0000           5 |     0.00 |       0.00 +/-       0.00

0111
1010
1100
1100           5 |     0.00 |       0.00 +/-       0.00

0111
1011
1101
1000           5 |     0.00 |       0.00 +/-       0.00

0111
1011
1101
1110           5 |     0.00 |       0.00 +/-       0.00

0101
1010
1001
0000           4 |     0.00 |       0.00 +/-       0.00

0111
1000
1100
0100           4 |     0.00 |       0.00 +/-       0.00

0110
1011
1000
0110           3 |     0.00 |       0.00 +/-       0.00

0110
1011
1000
1010           3 |     0.00 |       0.00 +/-       0.00

0110
1011
1001
0000           3 |     0.00 |       0.00 +/-       0.00

0111
1000
0100
0100           3 |     0.00 |       0.00 +/-       0.00

0111
1011
1100
1010           3 |     0.00 |       0.00 +/-       0.00

0110
1001
0001
0010           2 |     0.00 |       0.00 +/-       0.00

0110
1001
1000
1000           2 |     0.00 |       0.00 +/-       0.00

0110
1001
1001
0100           2 |     0.00 |       0.00 +/-       0.00

0111
1001
1101
0100           2 |     0.00 |       0.00 +/-       0.00

0111
1010
0001
1000           2 |     0.00 |       0.00 +/-       0.00

0111
1011
1101
1100           2 |     0.00 |       0.00 +/-       0.00

0101
0010
1000
1000           1 |     0.00 |       0.00 +/-       0.00

0101
1000
1100
0010           1 |     0.00 |       0.00 +/-       0.00

0110
1000
0101
1000           1 |     0.00 |       0.00 +/-       0.00

0110
1001
1100
1010           1 |     0.00 |       0.00 +/-       0.00

0110
1001
1101
0100           1 |     0.00 |       0.00 +/-       0.00

0110
1010
0001
1010           1 |     0.00 |       0.00 +/-       0.00

0110
1011
1000
1000           1 |     0.00 |       0.00 +/-       0.00

0111
1001
1100
0100           1 |     0.00 |       0.00 +/-       0.00

0111
1001
1100
1010           1 |     0.00 |       0.00 +/-       0.00

0111
1010
1100
0100           1 |     0.00 |       0.00 +/-       0.00

0111
1011
1100
1100           1 |     0.00 |       0.00 +/-       0.00

0010
1001
0100
1000           0 |     0.00 |       0.00 +/-       0.00

0011
1000
0100
0100           0 |     0.00 |       0.00 +/-       0.00

0100
0001
1000
0010           0 |     0.00 |       0.00 +/-       0.00

0100
1001
1000
0010           0 |     0.00 |       0.00 +/-       0.00

0100
1010
1001
1000           0 |     0.00 |       0.00 +/-       0.00

0101
0001
1100
0010           0 |     0.00 |       0.00 +/-       0.00

0101
1010
1000
0010           0 |     0.00 |       0.00 +/-       0.00

0101
1010
1000
1010           0 |     0.00 |       0.00 +/-       0.00

0101
1010
1001
0010           0 |     0.00 |       0.00 +/-       0.00

0101
1010
1001
1000           0 |     0.00 |       0.00 +/-       0.00

0110
1000
0001
0110           0 |     0.00 |       0.00 +/-       0.00

0110
1000
0101
0010           0 |     0.00 |       0.00 +/-       0.00

0110
1000
0101
1100           0 |     0.00 |       0.00 +/-       0.00

0110
1001
0100
1000           0 |     0.00 |       0.00 +/-       0.00

0110
1001
0101
1000           0 |     0.00 |       0.00 +/-       0.00

0110
1001
0101
1010           0 |     0.00 |       0.00 +/-       0.00

0110
1001
1000
0010           0 |     0.00 |       0.00 +/-       0.00

0110
1001
1001
0110           0 |     0.00 |       0.00 +/-       0.00

0110
1001
1100
0010           0 |     0.00 |       0.00 +/-       0.00

0110
1001
1100
0110           0 |     0.00 |       0.00 +/-       0.00

0110
1001
1100
1000           0 |     0.00 |       0.00 +/-       0.00

0110
1001
1100
1100           0 |     0.00 |       0.00 +/-       0.00

0110
1001
1101
1100           0 |     0.00 |       0.00 +/-       0.00

0110
1010
0001
1000           0 |     0.00 |       0.00 +/-       0.00

0110
1010
0001
1100           0 |     0.00 |       0.00 +/-       0.00

0110
1011
1000
0010           0 |     0.00 |       0.00 +/-       0.00

0110
1011
1001
0100           0 |     0.00 |       0.00 +/-       0.00

0110
1011
1001
0110           0 |     0.00 |       0.00 +/-       0.00

0110
1011
1001
1000           0 |     0.00 |       0.00 +/-       0.00

0111
0001
0100
0010           0 |     0.00 |       0.00 +/-       0.00

0111
1000
0100
0010           0 |     0.00 |       0.00 +/-       0.00

0111
1000
0101
0010           0 |     0.00 |       0.00 +/-       0.00

0111
1000
0101
0100           0 |     0.00 |       0.00 +/-       0.00

0111
1000
0101
0110           0 |     0.00 |       0.00 +/-       0.00

0111
1000
0101
1000           0 |     0.00 |       0.00 +/-       0.00

0111
1001
1100
0010           0 |     0.00 |       0.00 +/-       0.00

0111
1001
1100
0110           0 |     0.00 |       0.00 +/-       0.00

0111
1010
0001
0100           0 |     0.00 |       0.00 +/-       0.00

0111
1010
0001
0110           0 |     0.00 |       0.00 +/-       0.00

0111
1010
1000
0100           0 |     0.00 |       0.00 +/-       0.00

0111
1010
1000
0110           0 |     0.00 |       0.00 +/-       0.00

0111
1010
1100
0110           0 |     0.00 |       0.00 +/-       0.00

0111
1011
1000
0010           0 |     0.00 |       0.00 +/-       0.00

0111
1011
1001
0100           0 |     0.00 |       0.00 +/-       0.00

0111
1011
1001
0110           0 |     0.00 |       0.00 +/-       0.00

0111
1011
1100
0010           0 |     0.00 |       0.00 +/-       0.00

0000
1000
1000
1000  -345773152 |     0.00 |       0.00 +/-       0.00

