gtrieScanner Results
------------------------------------------
General Information

Start of Computation: 02h46m45s 02/08/2020
End of Computation: 02h52m32s 02/08/2020

Subgraph Size: 4
Graph File: "input/#TimeForOBSESSION.edges"
Directed: YES
Nr Nodes: 7012
Nr Edges: 22082

Method: GTRIE with file containing complete g-trie
Different Types of Subgraphs Found [Original Network]: 118
Subgraph Occurrences Found [Original Network]: -1837739431
Time for computing census on original network: 347.170534s
Average time for census on random network: 0.000000s

Number of random networks: 0
Random seed: 1596354405
Exchanges per edge: 3
Number of tries per exchange: 10
------------------------------------------
Motif Analysis Results

Graph   Org_Freq |  Z-score |    Rnd_Avg +/-    Rnd_Dev

0000
1010
1000
1000    55028239 |     0.00 |       0.00 +/-       0.00

0000
1001
1000
0000    43769682 |     0.00 |       0.00 +/-       0.00

0110
0000
0000
0110     6454132 |     0.00 |       0.00 +/-       0.00

0000
1000
1000
0100     4928229 |     0.00 |       0.00 +/-       0.00

0100
0000
1100
1100     2019548 |     0.00 |       0.00 +/-       0.00

0111
0000
0000
0000      701298 |     0.00 |       0.00 +/-       0.00

0110
1010
0000
0010      181788 |     0.00 |       0.00 +/-       0.00

0010
1010
0000
1000      143962 |     0.00 |       0.00 +/-       0.00

0001
1000
1000
0000      130897 |     0.00 |       0.00 +/-       0.00

0111
0010
0000
0000       76592 |     0.00 |       0.00 +/-       0.00

0010
1001
0000
0000       54375 |     0.00 |       0.00 +/-       0.00

0111
0000
0100
0100       50974 |     0.00 |       0.00 +/-       0.00

0110
1000
0000
0010       23882 |     0.00 |       0.00 +/-       0.00

0011
1000
0000
0000       16340 |     0.00 |       0.00 +/-       0.00

0111
0011
0000
0000        9964 |     0.00 |       0.00 +/-       0.00

0011
1010
0000
0000        8319 |     0.00 |       0.00 +/-       0.00

0101
0000
1100
0100        4750 |     0.00 |       0.00 +/-       0.00

0100
0001
1000
0000        2461 |     0.00 |       0.00 +/-       0.00

0100
1000
1001
0000        2349 |     0.00 |       0.00 +/-       0.00

0111
1000
0000
0000        1553 |     0.00 |       0.00 +/-       0.00

0101
1000
1000
0000        1205 |     0.00 |       0.00 +/-       0.00

0111
0011
0001
0000        1118 |     0.00 |       0.00 +/-       0.00

0100
1000
1100
1100         882 |     0.00 |       0.00 +/-       0.00

0110
0010
0000
1000         770 |     0.00 |       0.00 +/-       0.00

0100
1000
1000
1000         612 |     0.00 |       0.00 +/-       0.00

0100
1000
1101
0000         571 |     0.00 |       0.00 +/-       0.00

0111
1010
0000
0000         524 |     0.00 |       0.00 +/-       0.00

0100
1001
1000
0000         491 |     0.00 |       0.00 +/-       0.00

0110
1001
0000
0000         415 |     0.00 |       0.00 +/-       0.00

0110
1010
0000
1010         375 |     0.00 |       0.00 +/-       0.00

0101
1000
1100
0000         373 |     0.00 |       0.00 +/-       0.00

0100
1000
1100
1000         330 |     0.00 |       0.00 +/-       0.00

0111
1010
0000
0010         319 |     0.00 |       0.00 +/-       0.00

0110
0001
0000
0010         280 |     0.00 |       0.00 +/-       0.00

0001
1010
1000
0000         276 |     0.00 |       0.00 +/-       0.00

0110
0001
0001
0000         227 |     0.00 |       0.00 +/-       0.00

0110
1010
0000
1110         209 |     0.00 |       0.00 +/-       0.00

0110
1000
0001
0000         158 |     0.00 |       0.00 +/-       0.00

0011
1010
0000
1000         152 |     0.00 |       0.00 +/-       0.00

0100
1000
1000
0100         137 |     0.00 |       0.00 +/-       0.00

0110
1010
0000
1000         136 |     0.00 |       0.00 +/-       0.00

0100
1000
1000
0010         107 |     0.00 |       0.00 +/-       0.00

0100
1001
1001
0000          74 |     0.00 |       0.00 +/-       0.00

0101
1000
1101
0000          63 |     0.00 |       0.00 +/-       0.00

0111
1011
0000
0000          60 |     0.00 |       0.00 +/-       0.00

0111
0001
0100
0000          54 |     0.00 |       0.00 +/-       0.00

0111
0010
0000
1000          54 |     0.00 |       0.00 +/-       0.00

0110
1000
1000
1000          53 |     0.00 |       0.00 +/-       0.00

0111
1000
1000
0000          48 |     0.00 |       0.00 +/-       0.00

0111
1000
0100
0000          45 |     0.00 |       0.00 +/-       0.00

0101
0001
1100
0000          39 |     0.00 |       0.00 +/-       0.00

0110
1000
0101
0000          37 |     0.00 |       0.00 +/-       0.00

0110
1001
1000
0000          36 |     0.00 |       0.00 +/-       0.00

0110
1011
1000
0000          33 |     0.00 |       0.00 +/-       0.00

0111
1011
0001
0000          33 |     0.00 |       0.00 +/-       0.00

0111
1010
1100
0000          30 |     0.00 |       0.00 +/-       0.00

0111
1010
1000
0000          25 |     0.00 |       0.00 +/-       0.00

0110
1000
1000
0100          24 |     0.00 |       0.00 +/-       0.00

0101
1001
1100
0000          23 |     0.00 |       0.00 +/-       0.00

0100
1000
1100
0010          22 |     0.00 |       0.00 +/-       0.00

0110
1010
0001
0000          20 |     0.00 |       0.00 +/-       0.00

0101
1000
1100
1000          19 |     0.00 |       0.00 +/-       0.00

0101
1010
1000
0000          18 |     0.00 |       0.00 +/-       0.00

0110
1000
0100
0010          18 |     0.00 |       0.00 +/-       0.00

0110
1000
0100
1000          16 |     0.00 |       0.00 +/-       0.00

0111
1010
0000
1010          16 |     0.00 |       0.00 +/-       0.00

0110
1001
1100
0000          14 |     0.00 |       0.00 +/-       0.00

0001
1010
1000
1000          13 |     0.00 |       0.00 +/-       0.00

0111
1001
1000
0000          12 |     0.00 |       0.00 +/-       0.00

0110
1000
1100
0100          11 |     0.00 |       0.00 +/-       0.00

0110
1010
1000
1000          11 |     0.00 |       0.00 +/-       0.00

0111
1010
0000
0110          11 |     0.00 |       0.00 +/-       0.00

0100
1010
1000
1000           9 |     0.00 |       0.00 +/-       0.00

0111
1001
0100
0000           9 |     0.00 |       0.00 +/-       0.00

0100
1000
1001
0010           8 |     0.00 |       0.00 +/-       0.00

0110
1010
1000
0100           8 |     0.00 |       0.00 +/-       0.00

0110
1010
1100
1000           8 |     0.00 |       0.00 +/-       0.00

0110
1010
1100
1110           8 |     0.00 |       0.00 +/-       0.00

0111
1010
0001
0000           8 |     0.00 |       0.00 +/-       0.00

0111
1011
1001
0000           7 |     0.00 |       0.00 +/-       0.00

0110
1010
1100
1100           6 |     0.00 |       0.00 +/-       0.00

0111
1001
1100
0000           6 |     0.00 |       0.00 +/-       0.00

0100
1000
1101
1000           5 |     0.00 |       0.00 +/-       0.00

0100
1010
1000
1010           5 |     0.00 |       0.00 +/-       0.00

0110
1000
1100
1100           5 |     0.00 |       0.00 +/-       0.00

0101
1000
1100
0100           4 |     0.00 |       0.00 +/-       0.00

0101
1010
1001
0000           4 |     0.00 |       0.00 +/-       0.00

0110
1010
1000
1100           4 |     0.00 |       0.00 +/-       0.00

0111
1011
1000
0000           4 |     0.00 |       0.00 +/-       0.00

0111
1011
1100
0000           4 |     0.00 |       0.00 +/-       0.00

0100
1000
1001
0100           3 |     0.00 |       0.00 +/-       0.00

0110
1000
0100
1110           3 |     0.00 |       0.00 +/-       0.00

0110
1001
1100
0100           3 |     0.00 |       0.00 +/-       0.00

0110
1010
1000
0110           3 |     0.00 |       0.00 +/-       0.00

0110
1011
1001
0000           3 |     0.00 |       0.00 +/-       0.00

0111
1000
0101
0000           3 |     0.00 |       0.00 +/-       0.00

0111
1011
1101
0000           3 |     0.00 |       0.00 +/-       0.00

0100
1000
1101
1100           2 |     0.00 |       0.00 +/-       0.00

0110
1000
0100
1010           2 |     0.00 |       0.00 +/-       0.00

0110
1001
0001
0000           2 |     0.00 |       0.00 +/-       0.00

0110
1001
1000
0100           2 |     0.00 |       0.00 +/-       0.00

0110
1001
1001
0000           2 |     0.00 |       0.00 +/-       0.00

0110
1010
0001
0010           2 |     0.00 |       0.00 +/-       0.00

0110
1010
1000
1110           2 |     0.00 |       0.00 +/-       0.00

0111
1000
0100
1000           2 |     0.00 |       0.00 +/-       0.00

0111
1000
1100
0100           2 |     0.00 |       0.00 +/-       0.00

0100
1000
1100
1010           1 |     0.00 |       0.00 +/-       0.00

0101
1000
1101
1000           1 |     0.00 |       0.00 +/-       0.00

0110
1000
0101
0010           1 |     0.00 |       0.00 +/-       0.00

0110
1000
1000
0110           1 |     0.00 |       0.00 +/-       0.00

0110
1001
1000
1000           1 |     0.00 |       0.00 +/-       0.00

0110
1001
1100
0110           1 |     0.00 |       0.00 +/-       0.00

0110
1010
0001
1010           1 |     0.00 |       0.00 +/-       0.00

0110
1011
1000
0100           1 |     0.00 |       0.00 +/-       0.00

0111
1000
0100
0100           1 |     0.00 |       0.00 +/-       0.00

0111
1000
1000
1000           1 |     0.00 |       0.00 +/-       0.00

0111
1011
1100
1000           1 |     0.00 |       0.00 +/-       0.00

0111
1011
1101
1000           1 |     0.00 |       0.00 +/-       0.00

0001
1000
1100
0100           0 |     0.00 |       0.00 +/-       0.00

0010
1001
0100
1000           0 |     0.00 |       0.00 +/-       0.00

0011
1000
0100
0100           0 |     0.00 |       0.00 +/-       0.00

0011
1001
0100
0000           0 |     0.00 |       0.00 +/-       0.00

0011
1010
0000
0110           0 |     0.00 |       0.00 +/-       0.00

0100
0001
1000
0010           0 |     0.00 |       0.00 +/-       0.00

0100
0010
1000
1000           0 |     0.00 |       0.00 +/-       0.00

0100
1000
1101
0010           0 |     0.00 |       0.00 +/-       0.00

0100
1001
1000
0010           0 |     0.00 |       0.00 +/-       0.00

0100
1010
1001
1000           0 |     0.00 |       0.00 +/-       0.00

0101
0001
1100
0010           0 |     0.00 |       0.00 +/-       0.00

0101
0010
1000
0000           0 |     0.00 |       0.00 +/-       0.00

0101
0010
1000
1000           0 |     0.00 |       0.00 +/-       0.00

0101
1000
1100
0010           0 |     0.00 |       0.00 +/-       0.00

0101
1010
1000
0010           0 |     0.00 |       0.00 +/-       0.00

0101
1010
1000
1010           0 |     0.00 |       0.00 +/-       0.00

0101
1010
1001
0010           0 |     0.00 |       0.00 +/-       0.00

0101
1010
1001
1000           0 |     0.00 |       0.00 +/-       0.00

0110
1000
0001
0110           0 |     0.00 |       0.00 +/-       0.00

0110
1000
0101
1000           0 |     0.00 |       0.00 +/-       0.00

0110
1000
0101
1100           0 |     0.00 |       0.00 +/-       0.00

0110
1001
0001
0010           0 |     0.00 |       0.00 +/-       0.00

0110
1001
0100
1000           0 |     0.00 |       0.00 +/-       0.00

0110
1001
0101
1000           0 |     0.00 |       0.00 +/-       0.00

0110
1001
0101
1010           0 |     0.00 |       0.00 +/-       0.00

0110
1001
1000
0010           0 |     0.00 |       0.00 +/-       0.00

0110
1001
1001
0100           0 |     0.00 |       0.00 +/-       0.00

0110
1001
1001
0110           0 |     0.00 |       0.00 +/-       0.00

0110
1001
1100
0010           0 |     0.00 |       0.00 +/-       0.00

0110
1001
1100
1000           0 |     0.00 |       0.00 +/-       0.00

0110
1001
1100
1010           0 |     0.00 |       0.00 +/-       0.00

0110
1001
1100
1100           0 |     0.00 |       0.00 +/-       0.00

0110
1001
1101
0100           0 |     0.00 |       0.00 +/-       0.00

0110
1001
1101
1100           0 |     0.00 |       0.00 +/-       0.00

0110
1010
0001
1000           0 |     0.00 |       0.00 +/-       0.00

0110
1010
0001
1100           0 |     0.00 |       0.00 +/-       0.00

0110
1011
1000
0010           0 |     0.00 |       0.00 +/-       0.00

0110
1011
1000
0110           0 |     0.00 |       0.00 +/-       0.00

0110
1011
1000
1000           0 |     0.00 |       0.00 +/-       0.00

0110
1011
1000
1010           0 |     0.00 |       0.00 +/-       0.00

0110
1011
1001
0100           0 |     0.00 |       0.00 +/-       0.00

0110
1011
1001
0110           0 |     0.00 |       0.00 +/-       0.00

0110
1011
1001
1000           0 |     0.00 |       0.00 +/-       0.00

0111
0001
0100
0010           0 |     0.00 |       0.00 +/-       0.00

0111
1000
0100
0010           0 |     0.00 |       0.00 +/-       0.00

0111
1000
0101
0010           0 |     0.00 |       0.00 +/-       0.00

0111
1000
0101
0100           0 |     0.00 |       0.00 +/-       0.00

0111
1000
0101
0110           0 |     0.00 |       0.00 +/-       0.00

0111
1000
0101
1000           0 |     0.00 |       0.00 +/-       0.00

0111
1000
1100
1100           0 |     0.00 |       0.00 +/-       0.00

0111
1001
1100
0010           0 |     0.00 |       0.00 +/-       0.00

0111
1001
1100
0100           0 |     0.00 |       0.00 +/-       0.00

0111
1001
1100
0110           0 |     0.00 |       0.00 +/-       0.00

0111
1001
1100
1000           0 |     0.00 |       0.00 +/-       0.00

0111
1001
1100
1010           0 |     0.00 |       0.00 +/-       0.00

0111
1001
1101
0100           0 |     0.00 |       0.00 +/-       0.00

0111
1010
0001
0010           0 |     0.00 |       0.00 +/-       0.00

0111
1010
0001
0100           0 |     0.00 |       0.00 +/-       0.00

0111
1010
0001
0110           0 |     0.00 |       0.00 +/-       0.00

0111
1010
0001
1000           0 |     0.00 |       0.00 +/-       0.00

0111
1010
1000
0100           0 |     0.00 |       0.00 +/-       0.00

0111
1010
1000
0110           0 |     0.00 |       0.00 +/-       0.00

0111
1010
1000
1000           0 |     0.00 |       0.00 +/-       0.00

0111
1010
1100
0100           0 |     0.00 |       0.00 +/-       0.00

0111
1010
1100
0110           0 |     0.00 |       0.00 +/-       0.00

0111
1010
1100
1000           0 |     0.00 |       0.00 +/-       0.00

0111
1010
1100
1100           0 |     0.00 |       0.00 +/-       0.00

0111
1010
1100
1110           0 |     0.00 |       0.00 +/-       0.00

0111
1011
0001
0010           0 |     0.00 |       0.00 +/-       0.00

0111
1011
1000
0010           0 |     0.00 |       0.00 +/-       0.00

0111
1011
1000
0100           0 |     0.00 |       0.00 +/-       0.00

0111
1011
1000
1000           0 |     0.00 |       0.00 +/-       0.00

0111
1011
1001
0100           0 |     0.00 |       0.00 +/-       0.00

0111
1011
1001
0110           0 |     0.00 |       0.00 +/-       0.00

0111
1011
1001
1000           0 |     0.00 |       0.00 +/-       0.00

0111
1011
1100
0010           0 |     0.00 |       0.00 +/-       0.00

0111
1011
1100
1010           0 |     0.00 |       0.00 +/-       0.00

0111
1011
1100
1100           0 |     0.00 |       0.00 +/-       0.00

0111
1011
1101
1100           0 |     0.00 |       0.00 +/-       0.00

0111
1011
1101
1110           0 |     0.00 |       0.00 +/-       0.00

0000
1000
1000
1000  -1951359527 |     0.00 |       0.00 +/-       0.00

