gtrieScanner Results
------------------------------------------
General Information

Start of Computation: 02h52m32s 02/08/2020
End of Computation: 02h52m35s 02/08/2020

Subgraph Size: 4
Graph File: "input/#ViolenciaContraLaMujer.edges"
Directed: YES
Nr Nodes: 13676
Nr Edges: 18594

Method: GTRIE with file containing complete g-trie
Different Types of Subgraphs Found [Original Network]: 91
Subgraph Occurrences Found [Original Network]: 164448153
Time for computing census on original network: 2.006224s
Average time for census on random network: 0.000000s

Number of random networks: 0
Random seed: 1596354752
Exchanges per edge: 3
Number of tries per exchange: 10
------------------------------------------
Motif Analysis Results

Graph   Org_Freq |  Z-score |    Rnd_Avg +/-    Rnd_Dev

0000
1000
1000
1000   162816410 |     0.00 |       0.00 +/-       0.00

0000
1001
1000
0000      520812 |     0.00 |       0.00 +/-       0.00

0001
1000
1000
0000      299054 |     0.00 |       0.00 +/-       0.00

0000
1000
1000
0100      251850 |     0.00 |       0.00 +/-       0.00

0100
1000
1100
1100      147224 |     0.00 |       0.00 +/-       0.00

0000
1010
1000
1000      107188 |     0.00 |       0.00 +/-       0.00

0111
0000
0000
0000       64738 |     0.00 |       0.00 +/-       0.00

0010
1010
0000
1000       59712 |     0.00 |       0.00 +/-       0.00

0100
0000
1100
1100       58282 |     0.00 |       0.00 +/-       0.00

0100
1000
1000
1000       31580 |     0.00 |       0.00 +/-       0.00

0110
0000
0000
0110       16006 |     0.00 |       0.00 +/-       0.00

0011
1000
0000
0000       12014 |     0.00 |       0.00 +/-       0.00

0100
1000
1100
1000       11138 |     0.00 |       0.00 +/-       0.00

0111
0011
0000
0000        6547 |     0.00 |       0.00 +/-       0.00

0011
1010
0000
0000        5398 |     0.00 |       0.00 +/-       0.00

0111
1011
0000
0000        4421 |     0.00 |       0.00 +/-       0.00

0110
1000
0000
0010        3709 |     0.00 |       0.00 +/-       0.00

0110
1010
0000
0010        3571 |     0.00 |       0.00 +/-       0.00

0111
1000
0000
0000        3404 |     0.00 |       0.00 +/-       0.00

0010
1001
0000
0000        3377 |     0.00 |       0.00 +/-       0.00

0100
1000
1000
0100        3278 |     0.00 |       0.00 +/-       0.00

0110
1010
0000
1110        2538 |     0.00 |       0.00 +/-       0.00

0111
0010
0000
0000        2253 |     0.00 |       0.00 +/-       0.00

0111
1010
0000
0000        2009 |     0.00 |       0.00 +/-       0.00

0101
1000
1000
0000        1777 |     0.00 |       0.00 +/-       0.00

0110
1010
0000
1000        1027 |     0.00 |       0.00 +/-       0.00

0110
0010
0000
1000         780 |     0.00 |       0.00 +/-       0.00

0101
1000
1100
0000         765 |     0.00 |       0.00 +/-       0.00

0100
1001
1000
0000         729 |     0.00 |       0.00 +/-       0.00

0111
1011
1101
0000         606 |     0.00 |       0.00 +/-       0.00

0110
1010
1100
1110         572 |     0.00 |       0.00 +/-       0.00

0100
1000
1001
0000         530 |     0.00 |       0.00 +/-       0.00

0011
1010
0000
1000         492 |     0.00 |       0.00 +/-       0.00

0110
1010
0000
1010         439 |     0.00 |       0.00 +/-       0.00

0100
1000
1101
0000         414 |     0.00 |       0.00 +/-       0.00

0111
0011
0001
0000         324 |     0.00 |       0.00 +/-       0.00

0100
0001
1000
0000         321 |     0.00 |       0.00 +/-       0.00

0101
0000
1100
0100         241 |     0.00 |       0.00 +/-       0.00

0001
1010
1000
0000         232 |     0.00 |       0.00 +/-       0.00

0110
1000
1100
0100         213 |     0.00 |       0.00 +/-       0.00

0101
1000
1100
1000         176 |     0.00 |       0.00 +/-       0.00

0110
1010
1100
1000         161 |     0.00 |       0.00 +/-       0.00

0111
1001
1000
0000         157 |     0.00 |       0.00 +/-       0.00

0110
1000
1000
1000         129 |     0.00 |       0.00 +/-       0.00

0111
1010
1100
0000         125 |     0.00 |       0.00 +/-       0.00

0110
1001
0000
0000         120 |     0.00 |       0.00 +/-       0.00

0001
1010
1000
1000         111 |     0.00 |       0.00 +/-       0.00

0111
1000
1000
0000         102 |     0.00 |       0.00 +/-       0.00

0111
1011
1101
1110         101 |     0.00 |       0.00 +/-       0.00

0101
1000
1101
0000         100 |     0.00 |       0.00 +/-       0.00

0111
0010
0000
1000          86 |     0.00 |       0.00 +/-       0.00

0111
0000
0100
0100          83 |     0.00 |       0.00 +/-       0.00

0101
0001
1100
0000          79 |     0.00 |       0.00 +/-       0.00

0100
1000
1000
0010          73 |     0.00 |       0.00 +/-       0.00

0110
1000
0001
0000          58 |     0.00 |       0.00 +/-       0.00

0100
1000
1100
0010          53 |     0.00 |       0.00 +/-       0.00

0110
1010
0001
0000          53 |     0.00 |       0.00 +/-       0.00

0110
1000
1100
1100          50 |     0.00 |       0.00 +/-       0.00

0100
1000
1100
1010          36 |     0.00 |       0.00 +/-       0.00

0110
1010
1000
1110          34 |     0.00 |       0.00 +/-       0.00

0110
1010
1100
1100          34 |     0.00 |       0.00 +/-       0.00

0111
0001
0100
0000          28 |     0.00 |       0.00 +/-       0.00

0111
1010
1000
0000          26 |     0.00 |       0.00 +/-       0.00

0100
1001
1001
0000          23 |     0.00 |       0.00 +/-       0.00

0110
1010
1000
1000          17 |     0.00 |       0.00 +/-       0.00

0111
1010
0000
0010          15 |     0.00 |       0.00 +/-       0.00

0101
1001
1100
0000          14 |     0.00 |       0.00 +/-       0.00

0111
1011
1000
0000          14 |     0.00 |       0.00 +/-       0.00

0110
1011
1000
0000          13 |     0.00 |       0.00 +/-       0.00

0110
0001
0001
0000          10 |     0.00 |       0.00 +/-       0.00

0111
1011
0001
0000          10 |     0.00 |       0.00 +/-       0.00

0111
1010
1100
1000           9 |     0.00 |       0.00 +/-       0.00

0110
1000
1000
0100           8 |     0.00 |       0.00 +/-       0.00

0110
1010
1000
0100           8 |     0.00 |       0.00 +/-       0.00

0111
1010
0001
0010           7 |     0.00 |       0.00 +/-       0.00

0100
1000
1101
1100           6 |     0.00 |       0.00 +/-       0.00

0100
1000
1001
0010           5 |     0.00 |       0.00 +/-       0.00

0110
1010
1000
0110           5 |     0.00 |       0.00 +/-       0.00

0110
1011
1001
0000           5 |     0.00 |       0.00 +/-       0.00

0111
1011
1001
0000           5 |     0.00 |       0.00 +/-       0.00

0100
1000
1101
1000           4 |     0.00 |       0.00 +/-       0.00

0110
1010
0001
0010           4 |     0.00 |       0.00 +/-       0.00

0111
1000
1000
1000           4 |     0.00 |       0.00 +/-       0.00

0100
1000
1101
0010           3 |     0.00 |       0.00 +/-       0.00

0110
1001
1000
0000           3 |     0.00 |       0.00 +/-       0.00

0110
1001
1100
0000           3 |     0.00 |       0.00 +/-       0.00

0111
1010
1000
1000           3 |     0.00 |       0.00 +/-       0.00

0111
1010
1100
1100           2 |     0.00 |       0.00 +/-       0.00

0101
1000
1101
1000           1 |     0.00 |       0.00 +/-       0.00

0110
1010
1000
1100           1 |     0.00 |       0.00 +/-       0.00

0111
1000
1100
1100           1 |     0.00 |       0.00 +/-       0.00

0001
1000
1100
0100           0 |     0.00 |       0.00 +/-       0.00

0010
1001
0100
1000           0 |     0.00 |       0.00 +/-       0.00

0011
1000
0100
0100           0 |     0.00 |       0.00 +/-       0.00

0011
1001
0100
0000           0 |     0.00 |       0.00 +/-       0.00

0011
1010
0000
0110           0 |     0.00 |       0.00 +/-       0.00

0100
0001
1000
0010           0 |     0.00 |       0.00 +/-       0.00

0100
0010
1000
1000           0 |     0.00 |       0.00 +/-       0.00

0100
1000
1001
0100           0 |     0.00 |       0.00 +/-       0.00

0100
1001
1000
0010           0 |     0.00 |       0.00 +/-       0.00

0100
1010
1000
1000           0 |     0.00 |       0.00 +/-       0.00

0100
1010
1000
1010           0 |     0.00 |       0.00 +/-       0.00

0100
1010
1001
1000           0 |     0.00 |       0.00 +/-       0.00

0101
0001
1100
0010           0 |     0.00 |       0.00 +/-       0.00

0101
0010
1000
0000           0 |     0.00 |       0.00 +/-       0.00

0101
0010
1000
1000           0 |     0.00 |       0.00 +/-       0.00

0101
1000
1100
0010           0 |     0.00 |       0.00 +/-       0.00

0101
1000
1100
0100           0 |     0.00 |       0.00 +/-       0.00

0101
1010
1000
0000           0 |     0.00 |       0.00 +/-       0.00

0101
1010
1000
0010           0 |     0.00 |       0.00 +/-       0.00

0101
1010
1000
1010           0 |     0.00 |       0.00 +/-       0.00

0101
1010
1001
0000           0 |     0.00 |       0.00 +/-       0.00

0101
1010
1001
0010           0 |     0.00 |       0.00 +/-       0.00

0101
1010
1001
1000           0 |     0.00 |       0.00 +/-       0.00

0110
0001
0000
0010           0 |     0.00 |       0.00 +/-       0.00

0110
1000
0001
0110           0 |     0.00 |       0.00 +/-       0.00

0110
1000
0100
0010           0 |     0.00 |       0.00 +/-       0.00

0110
1000
0100
1000           0 |     0.00 |       0.00 +/-       0.00

0110
1000
0100
1010           0 |     0.00 |       0.00 +/-       0.00

0110
1000
0100
1110           0 |     0.00 |       0.00 +/-       0.00

0110
1000
0101
0000           0 |     0.00 |       0.00 +/-       0.00

0110
1000
0101
0010           0 |     0.00 |       0.00 +/-       0.00

0110
1000
0101
1000           0 |     0.00 |       0.00 +/-       0.00

0110
1000
0101
1100           0 |     0.00 |       0.00 +/-       0.00

0110
1000
1000
0110           0 |     0.00 |       0.00 +/-       0.00

0110
1001
0001
0000           0 |     0.00 |       0.00 +/-       0.00

0110
1001
0001
0010           0 |     0.00 |       0.00 +/-       0.00

0110
1001
0100
1000           0 |     0.00 |       0.00 +/-       0.00

0110
1001
0101
1000           0 |     0.00 |       0.00 +/-       0.00

0110
1001
0101
1010           0 |     0.00 |       0.00 +/-       0.00

0110
1001
1000
0010           0 |     0.00 |       0.00 +/-       0.00

0110
1001
1000
0100           0 |     0.00 |       0.00 +/-       0.00

0110
1001
1000
1000           0 |     0.00 |       0.00 +/-       0.00

0110
1001
1001
0000           0 |     0.00 |       0.00 +/-       0.00

0110
1001
1001
0100           0 |     0.00 |       0.00 +/-       0.00

0110
1001
1001
0110           0 |     0.00 |       0.00 +/-       0.00

0110
1001
1100
0010           0 |     0.00 |       0.00 +/-       0.00

0110
1001
1100
0100           0 |     0.00 |       0.00 +/-       0.00

0110
1001
1100
0110           0 |     0.00 |       0.00 +/-       0.00

0110
1001
1100
1000           0 |     0.00 |       0.00 +/-       0.00

0110
1001
1100
1010           0 |     0.00 |       0.00 +/-       0.00

0110
1001
1100
1100           0 |     0.00 |       0.00 +/-       0.00

0110
1001
1101
0100           0 |     0.00 |       0.00 +/-       0.00

0110
1001
1101
1100           0 |     0.00 |       0.00 +/-       0.00

0110
1010
0001
1000           0 |     0.00 |       0.00 +/-       0.00

0110
1010
0001
1010           0 |     0.00 |       0.00 +/-       0.00

0110
1010
0001
1100           0 |     0.00 |       0.00 +/-       0.00

0110
1011
1000
0010           0 |     0.00 |       0.00 +/-       0.00

0110
1011
1000
0100           0 |     0.00 |       0.00 +/-       0.00

0110
1011
1000
0110           0 |     0.00 |       0.00 +/-       0.00

0110
1011
1000
1000           0 |     0.00 |       0.00 +/-       0.00

0110
1011
1000
1010           0 |     0.00 |       0.00 +/-       0.00

0110
1011
1001
0100           0 |     0.00 |       0.00 +/-       0.00

0110
1011
1001
0110           0 |     0.00 |       0.00 +/-       0.00

0110
1011
1001
1000           0 |     0.00 |       0.00 +/-       0.00

0111
0001
0100
0010           0 |     0.00 |       0.00 +/-       0.00

0111
1000
0100
0000           0 |     0.00 |       0.00 +/-       0.00

0111
1000
0100
0010           0 |     0.00 |       0.00 +/-       0.00

0111
1000
0100
0100           0 |     0.00 |       0.00 +/-       0.00

0111
1000
0100
1000           0 |     0.00 |       0.00 +/-       0.00

0111
1000
0101
0000           0 |     0.00 |       0.00 +/-       0.00

0111
1000
0101
0010           0 |     0.00 |       0.00 +/-       0.00

0111
1000
0101
0100           0 |     0.00 |       0.00 +/-       0.00

0111
1000
0101
0110           0 |     0.00 |       0.00 +/-       0.00

0111
1000
0101
1000           0 |     0.00 |       0.00 +/-       0.00

0111
1000
1100
0100           0 |     0.00 |       0.00 +/-       0.00

0111
1001
0100
0000           0 |     0.00 |       0.00 +/-       0.00

0111
1001
1100
0000           0 |     0.00 |       0.00 +/-       0.00

0111
1001
1100
0010           0 |     0.00 |       0.00 +/-       0.00

0111
1001
1100
0100           0 |     0.00 |       0.00 +/-       0.00

0111
1001
1100
0110           0 |     0.00 |       0.00 +/-       0.00

0111
1001
1100
1000           0 |     0.00 |       0.00 +/-       0.00

0111
1001
1100
1010           0 |     0.00 |       0.00 +/-       0.00

0111
1001
1101
0100           0 |     0.00 |       0.00 +/-       0.00

0111
1010
0000
0110           0 |     0.00 |       0.00 +/-       0.00

0111
1010
0000
1010           0 |     0.00 |       0.00 +/-       0.00

0111
1010
0001
0000           0 |     0.00 |       0.00 +/-       0.00

0111
1010
0001
0100           0 |     0.00 |       0.00 +/-       0.00

0111
1010
0001
0110           0 |     0.00 |       0.00 +/-       0.00

0111
1010
0001
1000           0 |     0.00 |       0.00 +/-       0.00

0111
1010
1000
0100           0 |     0.00 |       0.00 +/-       0.00

0111
1010
1000
0110           0 |     0.00 |       0.00 +/-       0.00

0111
1010
1100
0100           0 |     0.00 |       0.00 +/-       0.00

0111
1010
1100
0110           0 |     0.00 |       0.00 +/-       0.00

0111
1010
1100
1110           0 |     0.00 |       0.00 +/-       0.00

0111
1011
0001
0010           0 |     0.00 |       0.00 +/-       0.00

0111
1011
1000
0010           0 |     0.00 |       0.00 +/-       0.00

0111
1011
1000
0100           0 |     0.00 |       0.00 +/-       0.00

0111
1011
1000
1000           0 |     0.00 |       0.00 +/-       0.00

0111
1011
1001
0100           0 |     0.00 |       0.00 +/-       0.00

0111
1011
1001
0110           0 |     0.00 |       0.00 +/-       0.00

0111
1011
1001
1000           0 |     0.00 |       0.00 +/-       0.00

0111
1011
1100
0000           0 |     0.00 |       0.00 +/-       0.00

0111
1011
1100
0010           0 |     0.00 |       0.00 +/-       0.00

0111
1011
1100
1000           0 |     0.00 |       0.00 +/-       0.00

0111
1011
1100
1010           0 |     0.00 |       0.00 +/-       0.00

0111
1011
1100
1100           0 |     0.00 |       0.00 +/-       0.00

0111
1011
1101
1000           0 |     0.00 |       0.00 +/-       0.00

0111
1011
1101
1100           0 |     0.00 |       0.00 +/-       0.00

