gtrieScanner Results
------------------------------------------
General Information

Start of Computation: 02h52m35s 02/08/2020
End of Computation: 02h54m13s 02/08/2020

Subgraph Size: 4
Graph File: "input/#WeSeeWonho.edges"
Directed: YES
Nr Nodes: 3920
Nr Edges: 19010

Method: GTRIE with file containing complete g-trie
Different Types of Subgraphs Found [Original Network]: 167
Subgraph Occurrences Found [Original Network]: -1468787723
Time for computing census on original network: 98.061517s
Average time for census on random network: 0.000000s

Number of random networks: 0
Random seed: 1596354755
Exchanges per edge: 3
Number of tries per exchange: 10
------------------------------------------
Motif Analysis Results

Graph   Org_Freq |  Z-score |    Rnd_Avg +/-    Rnd_Dev

0000
1010
1000
1000    51409062 |     0.00 |       0.00 +/-       0.00

0000
1001
1000
0000    36279321 |     0.00 |       0.00 +/-       0.00

0111
0000
0000
0000     5892877 |     0.00 |       0.00 +/-       0.00

0110
0000
0000
0110     4016101 |     0.00 |       0.00 +/-       0.00

0000
1000
1000
0100     3087648 |     0.00 |       0.00 +/-       0.00

0001
1000
1000
0000     1983078 |     0.00 |       0.00 +/-       0.00

0100
0000
1100
1100     1545037 |     0.00 |       0.00 +/-       0.00

0100
1000
1000
1000     1185480 |     0.00 |       0.00 +/-       0.00

0011
1000
0000
0000     1045195 |     0.00 |       0.00 +/-       0.00

0010
1001
0000
0000      929451 |     0.00 |       0.00 +/-       0.00

0110
1010
0000
0010      558210 |     0.00 |       0.00 +/-       0.00

0111
0010
0000
0000      549634 |     0.00 |       0.00 +/-       0.00

0010
1010
0000
1000      273776 |     0.00 |       0.00 +/-       0.00

0011
1010
0000
0000      246169 |     0.00 |       0.00 +/-       0.00

0111
0000
0100
0100      239042 |     0.00 |       0.00 +/-       0.00

0110
1000
0000
0010      175242 |     0.00 |       0.00 +/-       0.00

0100
1000
1001
0000      113362 |     0.00 |       0.00 +/-       0.00

0100
1001
1000
0000      110439 |     0.00 |       0.00 +/-       0.00

0101
1000
1000
0000      109126 |     0.00 |       0.00 +/-       0.00

0100
0001
1000
0000      103587 |     0.00 |       0.00 +/-       0.00

0111
1000
0000
0000       86135 |     0.00 |       0.00 +/-       0.00

0100
1000
1000
0100       76639 |     0.00 |       0.00 +/-       0.00

0101
0000
1100
0100       68998 |     0.00 |       0.00 +/-       0.00

0100
1000
1100
1000       56122 |     0.00 |       0.00 +/-       0.00

0111
0011
0000
0000       52381 |     0.00 |       0.00 +/-       0.00

0111
1010
0000
0000       24683 |     0.00 |       0.00 +/-       0.00

0110
1000
1000
1000       24538 |     0.00 |       0.00 +/-       0.00

0110
1010
0000
1010       20124 |     0.00 |       0.00 +/-       0.00

0110
0010
0000
1000       19605 |     0.00 |       0.00 +/-       0.00

0001
1010
1000
0000       16205 |     0.00 |       0.00 +/-       0.00

0111
0011
0001
0000       16052 |     0.00 |       0.00 +/-       0.00

0110
1001
0000
0000       15408 |     0.00 |       0.00 +/-       0.00

0100
1000
1101
0000       13415 |     0.00 |       0.00 +/-       0.00

0100
1001
1001
0000       12810 |     0.00 |       0.00 +/-       0.00

0100
1000
1000
0010       12439 |     0.00 |       0.00 +/-       0.00

0110
1010
0000
1000       11277 |     0.00 |       0.00 +/-       0.00

0110
0001
0000
0010        9156 |     0.00 |       0.00 +/-       0.00

0011
1010
0000
1000        7478 |     0.00 |       0.00 +/-       0.00

0100
1010
1000
1000        6785 |     0.00 |       0.00 +/-       0.00

0101
1000
1100
0000        6592 |     0.00 |       0.00 +/-       0.00

0110
0001
0001
0000        6453 |     0.00 |       0.00 +/-       0.00

0110
1000
0001
0000        5953 |     0.00 |       0.00 +/-       0.00

0111
1011
0000
0000        5299 |     0.00 |       0.00 +/-       0.00

0110
1000
1000
0100        5223 |     0.00 |       0.00 +/-       0.00

0111
1010
0000
0010        5095 |     0.00 |       0.00 +/-       0.00

0001
1010
1000
1000        5080 |     0.00 |       0.00 +/-       0.00

0111
0001
0100
0000        3520 |     0.00 |       0.00 +/-       0.00

0110
1001
1000
0000        2912 |     0.00 |       0.00 +/-       0.00

0110
1000
0100
1000        2256 |     0.00 |       0.00 +/-       0.00

0111
1000
0100
0000        2218 |     0.00 |       0.00 +/-       0.00

0100
0010
1000
1000        2135 |     0.00 |       0.00 +/-       0.00

0111
1000
1000
0000        2062 |     0.00 |       0.00 +/-       0.00

0100
1000
1100
1100        2020 |     0.00 |       0.00 +/-       0.00

0101
0001
1100
0000        1997 |     0.00 |       0.00 +/-       0.00

0101
1000
1101
0000        1880 |     0.00 |       0.00 +/-       0.00

0111
0010
0000
1000        1796 |     0.00 |       0.00 +/-       0.00

0110
1010
1000
1000        1794 |     0.00 |       0.00 +/-       0.00

0110
1000
0100
0010        1340 |     0.00 |       0.00 +/-       0.00

0110
1000
0101
0000        1219 |     0.00 |       0.00 +/-       0.00

0101
1000
1100
1000        1022 |     0.00 |       0.00 +/-       0.00

0101
0010
1000
0000         971 |     0.00 |       0.00 +/-       0.00

0110
1010
0000
1110         966 |     0.00 |       0.00 +/-       0.00

0110
1010
0001
0000         833 |     0.00 |       0.00 +/-       0.00

0111
1011
0001
0000         772 |     0.00 |       0.00 +/-       0.00

0100
1000
1001
0010         750 |     0.00 |       0.00 +/-       0.00

0100
1000
1001
0100         749 |     0.00 |       0.00 +/-       0.00

0100
1000
1101
1000         710 |     0.00 |       0.00 +/-       0.00

0100
1000
1100
0010         686 |     0.00 |       0.00 +/-       0.00

0110
1000
1100
0100         591 |     0.00 |       0.00 +/-       0.00

0100
1010
1000
1010         510 |     0.00 |       0.00 +/-       0.00

0101
1001
1100
0000         501 |     0.00 |       0.00 +/-       0.00

0101
1010
1000
0000         482 |     0.00 |       0.00 +/-       0.00

0111
1001
1000
0000         472 |     0.00 |       0.00 +/-       0.00

0110
1010
1000
0100         413 |     0.00 |       0.00 +/-       0.00

0110
1001
0001
0000         373 |     0.00 |       0.00 +/-       0.00

0100
1000
1100
1010         337 |     0.00 |       0.00 +/-       0.00

0111
1010
1000
0000         324 |     0.00 |       0.00 +/-       0.00

0110
1011
1000
0000         322 |     0.00 |       0.00 +/-       0.00

0111
1010
0000
1010         320 |     0.00 |       0.00 +/-       0.00

0101
1000
1100
0100         239 |     0.00 |       0.00 +/-       0.00

0111
1001
0100
0000         232 |     0.00 |       0.00 +/-       0.00

0111
1000
0101
0000         231 |     0.00 |       0.00 +/-       0.00

0111
1010
0001
0000         201 |     0.00 |       0.00 +/-       0.00

0110
1010
0001
0010         186 |     0.00 |       0.00 +/-       0.00

0111
1000
1000
1000         162 |     0.00 |       0.00 +/-       0.00

0110
1001
1001
0000         159 |     0.00 |       0.00 +/-       0.00

0111
1011
1000
0000         152 |     0.00 |       0.00 +/-       0.00

0111
1010
0000
0110         147 |     0.00 |       0.00 +/-       0.00

0110
1001
1000
1000         146 |     0.00 |       0.00 +/-       0.00

0110
1001
1100
0000         143 |     0.00 |       0.00 +/-       0.00

0110
1000
1100
1100         142 |     0.00 |       0.00 +/-       0.00

0001
1000
1100
0100         123 |     0.00 |       0.00 +/-       0.00

0100
1000
1101
1100          96 |     0.00 |       0.00 +/-       0.00

0110
1010
1000
1100          87 |     0.00 |       0.00 +/-       0.00

0110
1001
1000
0100          81 |     0.00 |       0.00 +/-       0.00

0011
1001
0100
0000          77 |     0.00 |       0.00 +/-       0.00

0100
1000
1101
0010          67 |     0.00 |       0.00 +/-       0.00

0111
1000
0100
1000          67 |     0.00 |       0.00 +/-       0.00

0101
1000
1101
1000          66 |     0.00 |       0.00 +/-       0.00

0111
1010
1100
0000          61 |     0.00 |       0.00 +/-       0.00

0101
0010
1000
1000          52 |     0.00 |       0.00 +/-       0.00

0111
1011
1001
0000          50 |     0.00 |       0.00 +/-       0.00

0110
1000
0100
1110          49 |     0.00 |       0.00 +/-       0.00

0100
1001
1000
0010          47 |     0.00 |       0.00 +/-       0.00

0110
1000
1000
0110          47 |     0.00 |       0.00 +/-       0.00

0100
1010
1001
1000          46 |     0.00 |       0.00 +/-       0.00

0110
1000
0100
1010          46 |     0.00 |       0.00 +/-       0.00

0110
1000
0101
0010          45 |     0.00 |       0.00 +/-       0.00

0111
1000
0100
0100          42 |     0.00 |       0.00 +/-       0.00

0101
1010
1001
0000          39 |     0.00 |       0.00 +/-       0.00

0111
1010
1000
1000          33 |     0.00 |       0.00 +/-       0.00

0110
1010
1000
1110          32 |     0.00 |       0.00 +/-       0.00

0110
1010
1100
1000          30 |     0.00 |       0.00 +/-       0.00

0011
1010
0000
0110          26 |     0.00 |       0.00 +/-       0.00

0110
1010
1000
0110          25 |     0.00 |       0.00 +/-       0.00

0111
1010
0001
0010          25 |     0.00 |       0.00 +/-       0.00

0010
1001
0100
1000          23 |     0.00 |       0.00 +/-       0.00

0110
1001
1000
0010          23 |     0.00 |       0.00 +/-       0.00

0100
0001
1000
0010          21 |     0.00 |       0.00 +/-       0.00

0110
1010
0001
1010          19 |     0.00 |       0.00 +/-       0.00

0110
1011
1001
0000          18 |     0.00 |       0.00 +/-       0.00

0110
1000
0001
0110          16 |     0.00 |       0.00 +/-       0.00

0110
1001
0001
0010          15 |     0.00 |       0.00 +/-       0.00

0110
1010
1100
1100          15 |     0.00 |       0.00 +/-       0.00

0111
1000
0100
0010          15 |     0.00 |       0.00 +/-       0.00

0111
1000
0101
0100          15 |     0.00 |       0.00 +/-       0.00

0111
1000
1100
0100          13 |     0.00 |       0.00 +/-       0.00

0110
1000
0101
1000          12 |     0.00 |       0.00 +/-       0.00

0110
1011
1000
0100          12 |     0.00 |       0.00 +/-       0.00

0111
1001
1100
0000          11 |     0.00 |       0.00 +/-       0.00

0110
1001
1100
0100          10 |     0.00 |       0.00 +/-       0.00

0110
1010
0001
1000          10 |     0.00 |       0.00 +/-       0.00

0101
1010
1000
0010           9 |     0.00 |       0.00 +/-       0.00

0101
1010
1001
1000           9 |     0.00 |       0.00 +/-       0.00

0110
1011
1000
0010           8 |     0.00 |       0.00 +/-       0.00

0111
0001
0100
0010           8 |     0.00 |       0.00 +/-       0.00

0111
1011
1100
0000           8 |     0.00 |       0.00 +/-       0.00

0111
1000
0101
0010           7 |     0.00 |       0.00 +/-       0.00

0111
1011
0001
0010           7 |     0.00 |       0.00 +/-       0.00

0111
1011
1000
0010           7 |     0.00 |       0.00 +/-       0.00

0110
1011
1000
1000           6 |     0.00 |       0.00 +/-       0.00

0110
1001
0100
1000           5 |     0.00 |       0.00 +/-       0.00

0110
1001
1100
1000           5 |     0.00 |       0.00 +/-       0.00

0111
1010
0001
1000           5 |     0.00 |       0.00 +/-       0.00

0111
1011
1101
0000           5 |     0.00 |       0.00 +/-       0.00

0011
1000
0100
0100           4 |     0.00 |       0.00 +/-       0.00

0101
1000
1100
0010           4 |     0.00 |       0.00 +/-       0.00

0110
1001
1001
0100           4 |     0.00 |       0.00 +/-       0.00

0101
1010
1000
1010           3 |     0.00 |       0.00 +/-       0.00

0110
1001
1101
0100           3 |     0.00 |       0.00 +/-       0.00

0111
1010
1100
1000           3 |     0.00 |       0.00 +/-       0.00

0101
1010
1001
0010           2 |     0.00 |       0.00 +/-       0.00

0111
1000
0101
0110           2 |     0.00 |       0.00 +/-       0.00

0111
1001
1100
0100           2 |     0.00 |       0.00 +/-       0.00

0111
1010
1000
0100           2 |     0.00 |       0.00 +/-       0.00

0111
1010
1000
0110           2 |     0.00 |       0.00 +/-       0.00

0110
1001
1100
1010           1 |     0.00 |       0.00 +/-       0.00

0110
1001
1100
1100           1 |     0.00 |       0.00 +/-       0.00

0110
1010
1100
1110           1 |     0.00 |       0.00 +/-       0.00

0110
1011
1000
1010           1 |     0.00 |       0.00 +/-       0.00

0111
1000
0101
1000           1 |     0.00 |       0.00 +/-       0.00

0111
1000
1100
1100           1 |     0.00 |       0.00 +/-       0.00

0111
1001
1100
1000           1 |     0.00 |       0.00 +/-       0.00

0111
1010
1100
0100           1 |     0.00 |       0.00 +/-       0.00

0111
1010
1100
1100           1 |     0.00 |       0.00 +/-       0.00

0111
1011
1000
1000           1 |     0.00 |       0.00 +/-       0.00

0111
1011
1001
0100           1 |     0.00 |       0.00 +/-       0.00

0101
0001
1100
0010           0 |     0.00 |       0.00 +/-       0.00

0110
1000
0101
1100           0 |     0.00 |       0.00 +/-       0.00

0110
1001
0101
1000           0 |     0.00 |       0.00 +/-       0.00

0110
1001
0101
1010           0 |     0.00 |       0.00 +/-       0.00

0110
1001
1001
0110           0 |     0.00 |       0.00 +/-       0.00

0110
1001
1100
0010           0 |     0.00 |       0.00 +/-       0.00

0110
1001
1100
0110           0 |     0.00 |       0.00 +/-       0.00

0110
1001
1101
1100           0 |     0.00 |       0.00 +/-       0.00

0110
1010
0001
1100           0 |     0.00 |       0.00 +/-       0.00

0110
1011
1000
0110           0 |     0.00 |       0.00 +/-       0.00

0110
1011
1001
0100           0 |     0.00 |       0.00 +/-       0.00

0110
1011
1001
0110           0 |     0.00 |       0.00 +/-       0.00

0110
1011
1001
1000           0 |     0.00 |       0.00 +/-       0.00

0111
1001
1100
0010           0 |     0.00 |       0.00 +/-       0.00

0111
1001
1100
0110           0 |     0.00 |       0.00 +/-       0.00

0111
1001
1100
1010           0 |     0.00 |       0.00 +/-       0.00

0111
1001
1101
0100           0 |     0.00 |       0.00 +/-       0.00

0111
1010
0001
0100           0 |     0.00 |       0.00 +/-       0.00

0111
1010
0001
0110           0 |     0.00 |       0.00 +/-       0.00

0111
1010
1100
0110           0 |     0.00 |       0.00 +/-       0.00

0111
1010
1100
1110           0 |     0.00 |       0.00 +/-       0.00

0111
1011
1000
0100           0 |     0.00 |       0.00 +/-       0.00

0111
1011
1001
0110           0 |     0.00 |       0.00 +/-       0.00

0111
1011
1001
1000           0 |     0.00 |       0.00 +/-       0.00

0111
1011
1100
0010           0 |     0.00 |       0.00 +/-       0.00

0111
1011
1100
1000           0 |     0.00 |       0.00 +/-       0.00

0111
1011
1100
1010           0 |     0.00 |       0.00 +/-       0.00

0111
1011
1100
1100           0 |     0.00 |       0.00 +/-       0.00

0111
1011
1101
1000           0 |     0.00 |       0.00 +/-       0.00

0111
1011
1101
1100           0 |     0.00 |       0.00 +/-       0.00

0111
1011
1101
1110           0 |     0.00 |       0.00 +/-       0.00

0000
1000
1000
1000  -1579272636 |     0.00 |       0.00 +/-       0.00

