gtrieScanner Results
------------------------------------------
General Information

Start of Computation: 03h46m58s 02/08/2020
End of Computation: 03h50m43s 02/08/2020

Subgraph Size: 4
Graph File: "input/Ayotzinapa.edges"
Directed: YES
Nr Nodes: 9346
Nr Edges: 26630

Method: GTRIE with file containing complete g-trie
Different Types of Subgraphs Found [Original Network]: 151
Subgraph Occurrences Found [Original Network]: -1107086673
Time for computing census on original network: 224.355283s
Average time for census on random network: 0.000000s

Number of random networks: 0
Random seed: 1596358018
Exchanges per edge: 3
Number of tries per exchange: 10
------------------------------------------
Motif Analysis Results

Graph   Org_Freq |  Z-score |    Rnd_Avg +/-    Rnd_Dev

0000
1001
1000
0000    54352780 |     0.00 |       0.00 +/-       0.00

0000
1010
1000
1000    29151658 |     0.00 |       0.00 +/-       0.00

0000
1000
1000
0100     8798067 |     0.00 |       0.00 +/-       0.00

0001
1000
1000
0000     5279664 |     0.00 |       0.00 +/-       0.00

0100
1000
1000
1000     3613207 |     0.00 |       0.00 +/-       0.00

0100
0000
1100
1100     2669619 |     0.00 |       0.00 +/-       0.00

0110
0000
0000
0110     1797979 |     0.00 |       0.00 +/-       0.00

0010
1010
0000
1000      810578 |     0.00 |       0.00 +/-       0.00

0110
1000
0000
0010      747293 |     0.00 |       0.00 +/-       0.00

0100
1000
1100
1000      291229 |     0.00 |       0.00 +/-       0.00

0110
1010
0000
0010      257178 |     0.00 |       0.00 +/-       0.00

0111
0000
0000
0000      251350 |     0.00 |       0.00 +/-       0.00

0011
1000
0000
0000      223217 |     0.00 |       0.00 +/-       0.00

0110
1010
0000
1000      161289 |     0.00 |       0.00 +/-       0.00

0010
1001
0000
0000      131896 |     0.00 |       0.00 +/-       0.00

0101
1000
1000
0000      123168 |     0.00 |       0.00 +/-       0.00

0111
0010
0000
0000       78209 |     0.00 |       0.00 +/-       0.00

0011
1010
0000
0000       76709 |     0.00 |       0.00 +/-       0.00

0100
1001
1000
0000       72956 |     0.00 |       0.00 +/-       0.00

0110
1010
1100
1000       57053 |     0.00 |       0.00 +/-       0.00

0100
1000
1001
0000       51323 |     0.00 |       0.00 +/-       0.00

0111
0011
0000
0000       43595 |     0.00 |       0.00 +/-       0.00

0100
1000
1000
0100       33819 |     0.00 |       0.00 +/-       0.00

0111
1010
0000
0000       28711 |     0.00 |       0.00 +/-       0.00

0101
1000
1100
0000       26551 |     0.00 |       0.00 +/-       0.00

0100
1000
1100
1100       24465 |     0.00 |       0.00 +/-       0.00

0100
0001
1000
0000       24321 |     0.00 |       0.00 +/-       0.00

0110
1010
0000
1110       23091 |     0.00 |       0.00 +/-       0.00

0110
1010
1000
1000       22528 |     0.00 |       0.00 +/-       0.00

0110
1000
1000
1000       20397 |     0.00 |       0.00 +/-       0.00

0111
1000
0000
0000       18092 |     0.00 |       0.00 +/-       0.00

0011
1010
0000
1000       17029 |     0.00 |       0.00 +/-       0.00

0001
1010
1000
0000       16001 |     0.00 |       0.00 +/-       0.00

0111
1011
0000
0000       13531 |     0.00 |       0.00 +/-       0.00

0110
0010
0000
1000       11527 |     0.00 |       0.00 +/-       0.00

0110
1010
0000
1010       10440 |     0.00 |       0.00 +/-       0.00

0001
1010
1000
1000        9525 |     0.00 |       0.00 +/-       0.00

0110
1000
1100
0100        9492 |     0.00 |       0.00 +/-       0.00

0101
1000
1101
0000        8867 |     0.00 |       0.00 +/-       0.00

0101
1001
1100
0000        8730 |     0.00 |       0.00 +/-       0.00

0100
1000
1101
0000        7832 |     0.00 |       0.00 +/-       0.00

0111
0000
0100
0100        6509 |     0.00 |       0.00 +/-       0.00

0110
1001
0000
0000        6219 |     0.00 |       0.00 +/-       0.00

0110
1010
1100
1110        5765 |     0.00 |       0.00 +/-       0.00

0111
1010
1100
0000        5634 |     0.00 |       0.00 +/-       0.00

0101
0000
1100
0100        4975 |     0.00 |       0.00 +/-       0.00

0111
0011
0001
0000        4899 |     0.00 |       0.00 +/-       0.00

0101
1000
1100
1000        4834 |     0.00 |       0.00 +/-       0.00

0110
1000
1000
0100        4349 |     0.00 |       0.00 +/-       0.00

0111
1011
1101
0000        4208 |     0.00 |       0.00 +/-       0.00

0111
1001
1000
0000        4055 |     0.00 |       0.00 +/-       0.00

0100
1000
1000
0010        3827 |     0.00 |       0.00 +/-       0.00

0100
1010
1000
1000        3177 |     0.00 |       0.00 +/-       0.00

0110
1000
1100
1100        3011 |     0.00 |       0.00 +/-       0.00

0111
1011
1100
0000        2869 |     0.00 |       0.00 +/-       0.00

0111
1011
1000
0000        2759 |     0.00 |       0.00 +/-       0.00

0110
1010
1100
1100        2669 |     0.00 |       0.00 +/-       0.00

0100
1001
1001
0000        2060 |     0.00 |       0.00 +/-       0.00

0111
1011
1001
0000        2050 |     0.00 |       0.00 +/-       0.00

0110
1011
1000
0000        1990 |     0.00 |       0.00 +/-       0.00

0110
1010
1000
1110        1909 |     0.00 |       0.00 +/-       0.00

0110
1001
1000
0000        1788 |     0.00 |       0.00 +/-       0.00

0111
0010
0000
1000        1768 |     0.00 |       0.00 +/-       0.00

0110
1010
1000
0100        1677 |     0.00 |       0.00 +/-       0.00

0110
1000
0001
0000        1653 |     0.00 |       0.00 +/-       0.00

0110
0001
0000
0010        1631 |     0.00 |       0.00 +/-       0.00

0111
1000
1000
0000        1619 |     0.00 |       0.00 +/-       0.00

0110
1010
1000
1100        1539 |     0.00 |       0.00 +/-       0.00

0111
1010
1000
0000        1453 |     0.00 |       0.00 +/-       0.00

0111
0001
0100
0000        1152 |     0.00 |       0.00 +/-       0.00

0110
1010
0001
0000        1018 |     0.00 |       0.00 +/-       0.00

0101
0001
1100
0000         967 |     0.00 |       0.00 +/-       0.00

0110
1001
1100
0000         868 |     0.00 |       0.00 +/-       0.00

0111
1001
1100
0000         805 |     0.00 |       0.00 +/-       0.00

0100
1000
1100
0010         749 |     0.00 |       0.00 +/-       0.00

0111
1010
1100
1000         743 |     0.00 |       0.00 +/-       0.00

0110
0001
0001
0000         681 |     0.00 |       0.00 +/-       0.00

0111
1011
1101
1110         610 |     0.00 |       0.00 +/-       0.00

0111
1011
1101
1100         561 |     0.00 |       0.00 +/-       0.00

0101
1000
1101
1000         463 |     0.00 |       0.00 +/-       0.00

0111
1011
0001
0000         405 |     0.00 |       0.00 +/-       0.00

0111
1011
1100
1000         400 |     0.00 |       0.00 +/-       0.00

0111
1010
1100
1110         371 |     0.00 |       0.00 +/-       0.00

0100
1000
1001
0010         357 |     0.00 |       0.00 +/-       0.00

0111
1010
0000
0010         335 |     0.00 |       0.00 +/-       0.00

0100
1000
1101
1100         320 |     0.00 |       0.00 +/-       0.00

0111
1011
1101
1000         253 |     0.00 |       0.00 +/-       0.00

0111
1010
1100
1100         231 |     0.00 |       0.00 +/-       0.00

0110
1011
1001
0000         229 |     0.00 |       0.00 +/-       0.00

0111
1010
0000
1010         210 |     0.00 |       0.00 +/-       0.00

0100
1000
1100
1010         208 |     0.00 |       0.00 +/-       0.00

0111
1010
1000
1000         202 |     0.00 |       0.00 +/-       0.00

0111
1010
0001
0000         194 |     0.00 |       0.00 +/-       0.00

0110
1011
1000
0100         187 |     0.00 |       0.00 +/-       0.00

0110
1001
1100
0100         164 |     0.00 |       0.00 +/-       0.00

0100
1000
1101
0010         160 |     0.00 |       0.00 +/-       0.00

0110
1001
0001
0000         157 |     0.00 |       0.00 +/-       0.00

0111
1011
1100
1100         145 |     0.00 |       0.00 +/-       0.00

0110
1000
0100
0010         142 |     0.00 |       0.00 +/-       0.00

0110
1010
0001
0010         127 |     0.00 |       0.00 +/-       0.00

0111
1011
1000
0100         126 |     0.00 |       0.00 +/-       0.00

0100
1000
1101
1000         124 |     0.00 |       0.00 +/-       0.00

0101
1000
1100
0100         117 |     0.00 |       0.00 +/-       0.00

0111
1001
0100
0000          98 |     0.00 |       0.00 +/-       0.00

0111
1010
0000
0110          87 |     0.00 |       0.00 +/-       0.00

0111
1000
0100
0000          86 |     0.00 |       0.00 +/-       0.00

0111
1000
0101
0000          82 |     0.00 |       0.00 +/-       0.00

0111
1001
1100
0100          81 |     0.00 |       0.00 +/-       0.00

0111
1011
1001
1000          80 |     0.00 |       0.00 +/-       0.00

0111
1001
1100
1000          75 |     0.00 |       0.00 +/-       0.00

0110
1001
1000
0100          73 |     0.00 |       0.00 +/-       0.00

0110
1001
1001
0000          58 |     0.00 |       0.00 +/-       0.00

0111
1001
1101
0100          53 |     0.00 |       0.00 +/-       0.00

0101
1010
1000
0000          50 |     0.00 |       0.00 +/-       0.00

0110
1000
0101
0000          47 |     0.00 |       0.00 +/-       0.00

0111
1011
1100
1010          46 |     0.00 |       0.00 +/-       0.00

0110
1000
0100
1110          45 |     0.00 |       0.00 +/-       0.00

0111
1000
1000
1000          45 |     0.00 |       0.00 +/-       0.00

0111
1011
1000
1000          43 |     0.00 |       0.00 +/-       0.00

0110
1000
0100
1000          42 |     0.00 |       0.00 +/-       0.00

0111
1010
1100
0100          40 |     0.00 |       0.00 +/-       0.00

0100
1010
1000
1010          38 |     0.00 |       0.00 +/-       0.00

0111
1010
0001
0010          33 |     0.00 |       0.00 +/-       0.00

0111
1011
0001
0010          33 |     0.00 |       0.00 +/-       0.00

0100
1000
1001
0100          32 |     0.00 |       0.00 +/-       0.00

0110
1011
1000
1010          30 |     0.00 |       0.00 +/-       0.00

0110
1001
1101
1100          29 |     0.00 |       0.00 +/-       0.00

0110
1010
1000
0110          27 |     0.00 |       0.00 +/-       0.00

0110
1001
1100
1100          23 |     0.00 |       0.00 +/-       0.00

0110
1001
1101
0100          19 |     0.00 |       0.00 +/-       0.00

0110
1001
1000
1000          17 |     0.00 |       0.00 +/-       0.00

0101
1010
1001
0000          14 |     0.00 |       0.00 +/-       0.00

0111
1000
0101
0010          11 |     0.00 |       0.00 +/-       0.00

0111
1000
1100
1100           8 |     0.00 |       0.00 +/-       0.00

0110
1000
1000
0110           7 |     0.00 |       0.00 +/-       0.00

0111
1011
1001
0100           7 |     0.00 |       0.00 +/-       0.00

0110
1011
1000
0110           6 |     0.00 |       0.00 +/-       0.00

0110
1000
0101
0010           5 |     0.00 |       0.00 +/-       0.00

0110
1011
1000
1000           5 |     0.00 |       0.00 +/-       0.00

0111
1000
0100
1000           5 |     0.00 |       0.00 +/-       0.00

0111
1000
0101
0110           5 |     0.00 |       0.00 +/-       0.00

0111
1000
1100
0100           5 |     0.00 |       0.00 +/-       0.00

0111
1011
1100
0010           5 |     0.00 |       0.00 +/-       0.00

0101
1010
1001
1000           4 |     0.00 |       0.00 +/-       0.00

0110
1001
1100
1000           3 |     0.00 |       0.00 +/-       0.00

0110
1011
1001
0110           3 |     0.00 |       0.00 +/-       0.00

0110
1011
1001
1000           3 |     0.00 |       0.00 +/-       0.00

0111
1011
1001
0110           3 |     0.00 |       0.00 +/-       0.00

0110
1011
1000
0010           2 |     0.00 |       0.00 +/-       0.00

0110
1001
0001
0010           1 |     0.00 |       0.00 +/-       0.00

0111
1011
1000
0010           1 |     0.00 |       0.00 +/-       0.00

0001
1000
1100
0100           0 |     0.00 |       0.00 +/-       0.00

0010
1001
0100
1000           0 |     0.00 |       0.00 +/-       0.00

0011
1000
0100
0100           0 |     0.00 |       0.00 +/-       0.00

0011
1001
0100
0000           0 |     0.00 |       0.00 +/-       0.00

0011
1010
0000
0110           0 |     0.00 |       0.00 +/-       0.00

0100
0001
1000
0010           0 |     0.00 |       0.00 +/-       0.00

0100
0010
1000
1000           0 |     0.00 |       0.00 +/-       0.00

0100
1001
1000
0010           0 |     0.00 |       0.00 +/-       0.00

0100
1010
1001
1000           0 |     0.00 |       0.00 +/-       0.00

0101
0001
1100
0010           0 |     0.00 |       0.00 +/-       0.00

0101
0010
1000
0000           0 |     0.00 |       0.00 +/-       0.00

0101
0010
1000
1000           0 |     0.00 |       0.00 +/-       0.00

0101
1000
1100
0010           0 |     0.00 |       0.00 +/-       0.00

0101
1010
1000
0010           0 |     0.00 |       0.00 +/-       0.00

0101
1010
1000
1010           0 |     0.00 |       0.00 +/-       0.00

0101
1010
1001
0010           0 |     0.00 |       0.00 +/-       0.00

0110
1000
0001
0110           0 |     0.00 |       0.00 +/-       0.00

0110
1000
0100
1010           0 |     0.00 |       0.00 +/-       0.00

0110
1000
0101
1000           0 |     0.00 |       0.00 +/-       0.00

0110
1000
0101
1100           0 |     0.00 |       0.00 +/-       0.00

0110
1001
0100
1000           0 |     0.00 |       0.00 +/-       0.00

0110
1001
0101
1000           0 |     0.00 |       0.00 +/-       0.00

0110
1001
0101
1010           0 |     0.00 |       0.00 +/-       0.00

0110
1001
1000
0010           0 |     0.00 |       0.00 +/-       0.00

0110
1001
1001
0100           0 |     0.00 |       0.00 +/-       0.00

0110
1001
1001
0110           0 |     0.00 |       0.00 +/-       0.00

0110
1001
1100
0010           0 |     0.00 |       0.00 +/-       0.00

0110
1001
1100
0110           0 |     0.00 |       0.00 +/-       0.00

0110
1001
1100
1010           0 |     0.00 |       0.00 +/-       0.00

0110
1010
0001
1000           0 |     0.00 |       0.00 +/-       0.00

0110
1010
0001
1010           0 |     0.00 |       0.00 +/-       0.00

0110
1010
0001
1100           0 |     0.00 |       0.00 +/-       0.00

0110
1011
1001
0100           0 |     0.00 |       0.00 +/-       0.00

0111
0001
0100
0010           0 |     0.00 |       0.00 +/-       0.00

0111
1000
0100
0010           0 |     0.00 |       0.00 +/-       0.00

0111
1000
0100
0100           0 |     0.00 |       0.00 +/-       0.00

0111
1000
0101
0100           0 |     0.00 |       0.00 +/-       0.00

0111
1000
0101
1000           0 |     0.00 |       0.00 +/-       0.00

0111
1001
1100
0010           0 |     0.00 |       0.00 +/-       0.00

0111
1001
1100
0110           0 |     0.00 |       0.00 +/-       0.00

0111
1001
1100
1010           0 |     0.00 |       0.00 +/-       0.00

0111
1010
0001
0100           0 |     0.00 |       0.00 +/-       0.00

0111
1010
0001
0110           0 |     0.00 |       0.00 +/-       0.00

0111
1010
0001
1000           0 |     0.00 |       0.00 +/-       0.00

0111
1010
1000
0100           0 |     0.00 |       0.00 +/-       0.00

0111
1010
1000
0110           0 |     0.00 |       0.00 +/-       0.00

0111
1010
1100
0110           0 |     0.00 |       0.00 +/-       0.00

0000
1000
1000
1000  -1216567831 |     0.00 |       0.00 +/-       0.00

