0 0
1 1
2 108
3 247
4 10
5 11
6 100
7 58
8 59
9 60
10 1000
11 1001
12 3
13 1002
14 1003
15 7
16 1004
17 1005
18 1006
19 1007
20 763
21 764
22 765
23 1008
24 1009
25 101
26 1010
27 1011
28 1012
29 1013
30 1014
31 417
32 476
33 477
34 478
35 479
36 480
37 481
38 482
39 9
40 1015
41 256
42 257
43 1016
44 1017
45 596
46 1018
47 1019
48 603
49 102
50 1020
51 1021
52 1022
53 1023
54 1024
55 1025
56 1026
57 1027
58 1028
59 1029
60 103
61 104
62 105
63 106
64 24
65 30
66 50
67 51
68 1030
69 1031
70 373
71 374
72 375
73 376
74 377
75 378
76 379
77 380
78 1032
79 1033
80 1034
81 1035
82 1036
83 1037
84 1038
85 967
86 1039
87 1040
88 1041
89 1042
90 1043
91 1044
92 1045
93 834
94 1046
95 1047
96 1048
97 1049
98 1050
99 1051
100 1052
101 1053
102 1054
103 1055
104 1056
105 1057
106 1058
107 1059
108 1060
109 1061
110 1062
111 1063
112 1064
113 1065
114 1066
115 1067
116 1068
117 1069
118 107
119 109
120 110
121 111
122 1070
123 1071
124 1072
125 1073
126 1074
127 796
128 1075
129 1076
130 1077
131 1078
132 1079
133 281
134 282
135 283
136 1080
137 1081
138 1082
139 1083
140 1084
141 1085
142 308
143 1086
144 1087
145 811
146 1088
147 1089
148 1090
149 1091
150 1092
151 1093
152 1094
153 1095
154 1096
155 1097
156 1098
157 1099
158 899
159 138
160 70
161 71
162 72
163 73
164 74
165 75
166 843
167 845
168 846
169 848
170 853
171 854
172 855
173 856
174 857
175 858
176 1268
177 1100
178 1101
179 1102
180 1103
181 1104
182 1105
183 1106
184 1107
185 737
186 1108
187 1109
188 143
189 1110
190 1111
191 1112
192 1113
193 1114
194 1115
195 1116
196 1117
197 1118
198 1119
199 112
200 1120
201 1121
202 1122
203 1123
204 1124
205 1125
206 861
207 1126
208 1127
209 1128
210 1129
211 113
212 1130
213 1131
214 1132
215 1133
216 1134
217 1135
218 1136
219 1137
220 1138
221 1139
222 1140
223 114
224 1141
225 1142
226 1143
227 1144
228 1145
229 1146
230 1147
231 1148
232 1149
233 115
234 1150
235 1151
236 1152
237 1153
238 1154
239 1155
240 1156
241 1157
242 1158
243 1159
244 116
245 1160
246 1161
247 1162
248 1164
249 1165
250 1166
251 1167
252 1168
253 1169
254 117
255 1170
256 1171
257 1172
258 1173
259 1174
260 1175
261 463
262 1176
263 1177
264 1178
265 1179
266 118
267 1180
268 1181
269 1182
270 1183
271 1184
272 1185
273 1186
274 1187
275 1188
276 1189
277 537
278 119
279 1190
280 1191
281 1192
282 1193
283 1194
284 1195
285 862
286 1196
287 1197
288 1198
289 1199
290 12
291 120
292 1200
293 1201
294 1202
295 1203
296 1204
297 1205
298 1206
299 1207
300 1208
301 1209
302 121
303 1210
304 1211
305 1212
306 1213
307 1234
308 1408
309 1214
310 1215
311 1216
312 1217
313 1218
314 1219
315 122
316 1220
317 1221
318 1222
319 1223
320 1224
321 1225
322 1226
323 1227
324 1228
325 1229
326 123
327 1230
328 1231
329 1232
330 1233
331 1235
332 1236
333 1237
334 1238
335 1239
336 124
337 1240
338 1241
339 1242
340 1243
341 1244
342 1245
343 1246
344 1247
345 1248
346 1249
347 1250
348 125
349 1251
350 1252
351 1253
352 1254
353 656
354 1255
355 1256
356 1257
357 1258
358 1259
359 126
360 1260
361 1261
362 1262
363 1263
364 1264
365 1265
366 1266
367 1267
368 1269
369 127
370 1270
371 1271
372 1272
373 1273
374 1274
375 1275
376 1276
377 1277
378 1278
379 1279
380 128
381 1280
382 1281
383 1282
384 1283
385 1284
386 1285
387 1286
388 1287
389 1288
390 1289
391 129
392 1290
393 1291
394 1292
395 1293
396 1294
397 1295
398 1296
399 1297
400 1298
401 1299
402 13
403 130
404 1300
405 1301
406 1302
407 1303
408 1304
409 1305
410 1306
411 1307
412 1308
413 1309
414 131
415 1310
416 1311
417 1312
418 1313
419 1314
420 1315
421 1316
422 1317
423 1318
424 1319
425 132
426 1320
427 1321
428 1322
429 1323
430 1324
431 190
432 1325
433 1326
434 1327
435 1328
436 1329
437 133
438 1330
439 1331
440 1332
441 1333
442 1334
443 1335
444 1336
445 1337
446 1338
447 1339
448 1340
449 1341
450 1342
451 1343
452 1344
453 1345
454 1346
455 134
456 1347
457 1348
458 1349
459 135
460 136
461 1350
462 1351
463 1352
464 1353
465 1354
466 1355
467 1356
468 1357
469 1358
470 1359
471 1360
472 1361
473 1362
474 1363
475 1364
476 1365
477 1366
478 1367
479 1368
480 1369
481 137
482 1370
483 1371
484 1372
485 1373
486 1374
487 1375
488 1376
489 1377
490 1378
491 1379
492 1380
493 1381
494 1382
495 1383
496 1384
497 1385
498 1386
499 1387
500 1388
501 1389
502 1390
503 1391
504 1392
505 1393
506 1394
507 1395
508 1396
509 1397
510 1398
511 1399
512 1400
513 1401
514 1402
515 1403
516 1404
517 1405
518 1406
519 1407
520 139
521 14
522 140
523 1409
524 141
525 1410
526 1411
527 1412
528 1413
529 1414
530 1415
531 1416
532 1417
533 1418
534 1419
535 142
536 1420
537 1421
538 1422
539 1423
540 1424
541 1425
542 1426
543 1427
544 1428
545 1429
546 165
547 738
548 1430
549 1431
550 1432
551 1433
552 1434
553 1435
554 1436
555 1437
556 1438
557 1439
558 1440
559 144
560 1441
561 1442
562 1443
563 1444
564 1445
565 1446
566 1447
567 1448
568 1449
569 145
570 1450
571 1451
572 1452
573 1453
574 1454
575 1455
576 1456
577 1457
578 1458
579 1459
580 146
581 1460
582 1461
583 1462
584 1463
585 1464
586 1465
587 1466
588 1467
589 1468
590 1469
591 147
592 1470
593 1471
594 1472
595 1473
596 1474
597 1475
598 1476
599 1477
600 1478
601 1479
602 148
603 1480
604 1481
605 1482
606 1483
607 1484
608 1485
609 1486
610 1487
611 1488
612 1489
613 149
614 1490
615 1491
616 1492
617 1493
618 1494
619 1495
620 1496
621 1497
622 1498
623 1499
624 15
625 16
626 150
627 1500
628 1501
629 1502
630 969
631 1503
632 1504
633 1505
634 1506
635 1507
636 1508
637 1509
638 151
639 1510
640 1511
641 1512
642 1513
643 1514
644 1515
645 1516
646 1517
647 1518
648 1519
649 152
650 1520
651 1521
652 1522
653 1523
654 1524
655 1525
656 1526
657 1527
658 1528
659 1529
660 1530
661 153
662 1531
663 1532
664 1533
665 1534
666 1535
667 1536
668 1537
669 1538
670 1539
671 154
672 1540
673 1541
674 1542
675 1543
676 1544
677 1545
678 1546
679 1547
680 1548
681 1549
682 155
683 1550
684 1551
685 1552
686 1553
687 1554
688 1555
689 1556
690 1557
691 1558
692 1559
693 156
694 1560
695 1561
696 1562
697 1563
698 1564
699 1565
700 1566
701 1567
702 1568
703 1569
704 157
705 1570
706 1571
707 1572
708 1573
709 1574
710 1575
711 1576
712 1577
713 1578
714 1579
715 158
716 1580
717 1581
718 1582
719 1583
720 1584
721 1585
722 1586
723 1587
724 1588
725 1589
726 159
727 1590
728 1591
729 1592
730 1593
731 1594
732 1595
733 1596
734 1597
735 1598
736 1599
737 160
738 1600
739 1601
740 1602
741 1603
742 1604
743 1605
744 1606
745 1607
746 1608
747 1609
748 1610
749 1611
750 161
751 1612
752 1613
753 1614
754 1615
755 1616
756 1617
757 1618
758 1619
759 162
760 1620
761 1621
762 1622
763 1623
764 1624
765 1625
766 1626
767 1627
768 1628
769 1629
770 163
771 1630
772 1631
773 1632
774 1633
775 1634
776 1635
777 1636
778 1637
779 1638
780 1639
781 164
782 1640
783 1641
784 1642
785 1643
786 1644
787 1645
788 1646
789 1647
790 1648
791 1649
792 287
793 288
794 1650
795 1651
796 1652
797 1653
798 1654
799 1655
800 1656
801 1657
802 1658
803 1659
804 166
805 1660
806 1661
807 1662
808 1663
809 1664
810 561
811 1665
812 1666
813 1667
814 1668
815 1669
816 167
817 1670
818 1671
819 1672
820 1673
821 1674
822 1675
823 1676
824 1677
825 1678
826 1679
827 168
828 1680
829 1681
830 1682
831 1683
832 1684
833 1685
834 1686
835 255
836 1687
837 1688
838 1689
839 169
840 1690
841 1691
842 1692
843 1693
844 1694
845 1695
846 1696
847 1697
848 1698
849 1699
850 17
851 18
852 170
853 1700
854 1701
855 1702
856 1703
857 1704
858 1705
859 1706
860 1707
861 1708
862 1709
863 171
864 1710
865 1711
866 188
867 1712
868 1713
869 1714
870 1715
871 1716
872 1717
873 1718
874 1719
875 172
876 1720
877 1721
878 1722
879 1723
880 1724
881 1725
882 1726
883 1727
884 1728
885 1729
886 173
887 1730
888 1731
889 1732
890 1733
891 1734
892 1735
893 1736
894 1737
895 1738
896 1739
897 174
898 1740
899 1741
900 1742
901 1743
902 1744
903 1745
904 1746
905 1747
906 1748
907 1749
908 175
909 176
910 1750
911 1751
912 1752
913 1753
914 1754
915 1755
916 1756
917 1757
918 1758
919 1759
920 1760
921 1761
922 1762
923 1763
924 1764
925 1765
926 1766
927 1767
928 1768
929 1769
930 177
931 1770
932 1771
933 1772
934 1773
935 1774
936 1775
937 1776
938 1777
939 1778
940 1779
941 178
942 1780
943 1781
944 1782
945 1783
946 1784
947 1785
948 1786
949 1787
950 1788
951 1789
952 179
953 1790
954 1791
955 1792
956 1793
957 1794
958 1795
959 1796
960 1797
961 1798
962 1799
963 180
964 1800
965 1801
966 1802
967 1803
968 1804
969 1805
970 1806
971 1807
972 1808
973 1809
974 181
975 1810
976 1811
977 1812
978 1813
979 1814
980 1815
981 1816
982 1817
983 1818
984 1819
985 182
986 1820
987 1821
988 1822
989 1823
990 434
991 1824
992 1825
993 1826
994 1827
995 1828
996 1829
997 183
998 1830
999 590
1000 1831
1001 1832
1002 1833
1003 1834
1004 1835
1005 1836
1006 1837
1007 1838
1008 1839
1009 184
1010 1840
1011 1841
1012 1842
1013 1843
1014 1844
1015 1845
1016 1846
1017 1847
1018 1848
1019 1849
1020 185
1021 1850
1022 1851
1023 1852
1024 1853
1025 1854
1026 1855
1027 1856
1028 1857
1029 1858
1030 1859
1031 186
1032 1860
1033 1861
1034 1862
1035 1863
1036 1864
1037 1865
1038 1866
1039 1867
1040 1868
1041 1869
1042 187
1043 1870
1044 1871
1045 1872
1046 1873
1047 1874
1048 1875
1049 1876
1050 1877
1051 1878
1052 1879
1053 1880
1054 1881
1055 1882
1056 1883
1057 1884
1058 1885
1059 1886
1060 655
1061 1887
1062 1888
1063 1889
1064 189
1065 1890
1066 1891
1067 1892
1068 1893
1069 1894
1070 1895
1071 1896
1072 1897
1073 1898
1074 1899
1075 19
1076 20
1077 1900
1078 1901
1079 1902
1080 1903
1081 1904
1082 1905
1083 1906
1084 1907
1085 1908
1086 1909
1087 191
1088 1910
1089 1911
1090 1912
1091 1913
1092 1914
1093 1915
1094 1916
1095 1917
1096 1918
1097 1919
1098 192
1099 1920
1100 1921
1101 1922
1102 924
1103 1923
1104 1924
1105 1925
1106 1926
1107 1927
1108 1928
1109 1929
1110 193
1111 1930
1112 1931
1113 1932
1114 1933
1115 1934
1116 1935
1117 1936
1118 1937
1119 1938
1120 1939
1121 194
1122 1940
1123 1941
1124 1942
1125 1943
1126 1944
1127 1945
1128 1946
1129 1947
1130 1948
1131 1949
1132 195
1133 1950
1134 1951
1135 1952
1136 1953
1137 1954
1138 1955
1139 1956
1140 1957
1141 1958
1142 1959
1143 196
1144 197
1145 1960
1146 1961
1147 1962
1148 1963
1149 1964
1150 1965
1151 1966
1152 1967
1153 1968
1154 1969
1155 1970
1156 1971
1157 1972
1158 1973
1159 1974
1160 1975
1161 1976
1162 1977
1163 1978
1164 1979
1165 1980
1166 198
1167 1981
1168 1982
1169 1983
1170 1984
1171 1985
1172 1986
1173 1987
1174 1988
1175 1989
1176 199
1177 1990
1178 1991
1179 1992
1180 1993
1181 1994
1182 1995
1183 1996
1184 1997
1185 1998
1186 1999
1187 2
1188 200
1189 2000
1190 2001
1191 2002
1192 2003
1193 2004
1194 2005
1195 2006
1196 2007
1197 2008
1198 2009
1199 201
1200 2010
1201 2011
1202 2012
1203 2013
1204 2014
1205 2015
1206 2016
1207 2017
1208 2018
1209 2019
1210 2020
1211 202
1212 2021
1213 2022
1214 2023
1215 2024
1216 2025
1217 2026
1218 2027
1219 2028
1220 2029
1221 203
1222 2030
1223 2031
1224 2032
1225 2033
1226 2034
1227 2035
1228 2036
1229 2037
1230 2038
1231 2039
1232 204
1233 2040
1234 2041
1235 2042
1236 2043
1237 337
1238 2044
1239 2045
1240 2046
1241 2047
1242 2048
1243 2049
1244 205
1245 2050
1246 2051
1247 2052
1248 2053
1249 2054
1250 2055
1251 2056
1252 2057
1253 2058
1254 2059
1255 206
1256 2060
1257 2061
1258 2062
1259 2063
1260 2064
1261 2065
1262 2066
1263 2067
1264 2068
1265 2069
1266 207
1267 2070
1268 2071
1269 2072
1270 2073
1271 2074
1272 2075
1273 2076
1274 2077
1275 2078
1276 2079
1277 208
1278 2080
1279 2081
1280 556
1281 2082
1282 2083
1283 2084
1284 2085
1285 2086
1286 2087
1287 2088
1288 2089
1289 209
1290 2090
1291 2091
1292 2092
1293 2093
1294 2094
1295 2095
1296 2096
1297 2097
1298 2098
1299 2099
1300 21
1301 210
1302 2100
1303 2101
1304 2102
1305 2103
1306 2104
1307 2105
1308 2106
1309 2107
1310 2108
1311 2109
1312 211
1313 2110
1314 2111
1315 2112
1316 2113
1317 2114
1318 2115
1319 2116
1320 2117
1321 2118
1322 2119
1323 212
1324 2120
1325 2121
1326 2122
1327 2123
1328 2124
1329 2125
1330 2126
1331 2127
1332 2128
1333 2129
1334 213
1335 2130
1336 2131
1337 2132
1338 2133
1339 2134
1340 2135
1341 2136
1342 2137
1343 2138
1344 2139
1345 214
1346 2140
1347 2141
1348 2142
1349 2143
1350 2144
1351 2145
1352 2146
1353 2147
1354 2148
1355 2149
1356 215
1357 2150
1358 2151
1359 2152
1360 2153
1361 2154
1362 2155
1363 2156
1364 2157
1365 2158
1366 2159
1367 216
1368 2160
1369 2161
1370 2162
1371 2163
1372 2164
1373 2165
1374 2166
1375 2167
1376 2168
1377 2169
1378 217
1379 2170
1380 2171
1381 2172
1382 2173
1383 2174
1384 2175
1385 2176
1386 2177
1387 2178
1388 2179
1389 218
1390 2180
1391 2181
1392 2182
1393 412
1394 2183
1395 2184
1396 2185
1397 2186
1398 2187
1399 2188
1400 2189
1401 219
1402 2190
1403 2191
1404 2192
1405 2193
1406 2194
1407 2195
1408 2196
1409 2197
1410 2198
1411 2199
1412 22
1413 220
1414 2200
1415 2201
1416 2202
1417 2203
1418 2204
1419 2205
1420 2206
1421 2207
1422 2208
1423 2209
1424 221
1425 2210
1426 2211
1427 2212
1428 2213
1429 2214
1430 2215
1431 2216
1432 2217
1433 2218
1434 2219
1435 222
1436 2220
1437 2221
1438 2222
1439 2223
1440 2224
1441 2225
1442 2226
1443 2227
1444 2228
1445 2229
1446 2230
1447 223
1448 2231
1449 2232
1450 2233
1451 2234
1452 2235
1453 2236
1454 2237
1455 2238
1456 2239
1457 224
1458 2240
1459 2241
1460 2242
1461 2243
1462 2244
1463 2245
1464 2246
1465 2247
1466 2248
1467 2249
1468 225
1469 2250
1470 2251
1471 2252
1472 2253
1473 2254
1474 2255
1475 2256
1476 2257
1477 2258
1478 2259
1479 226
1480 2260
1481 2261
1482 2262
1483 2263
1484 2264
1485 2265
1486 2266
1487 2267
1488 2268
1489 2269
1490 227
1491 2270
1492 2271
1493 2272
1494 2273
1495 2274
1496 2275
1497 2276
1498 2277
1499 2278
1500 2279
1501 228
1502 2280
1503 2281
1504 2282
1505 2283
1506 2284
1507 2285
1508 2286
1509 2287
1510 2288
1511 2289
1512 229
1513 2290
1514 2291
1515 2292
1516 2293
1517 2294
1518 2295
1519 2296
1520 2297
1521 2298
1522 2299
1523 23
1524 230
1525 2300
1526 2301
1527 2302
1528 2303
1529 2304
1530 2305
1531 2306
1532 2307
1533 2308
1534 2309
1535 231
1536 2310
1537 2311
1538 2312
1539 2313
1540 2314
1541 2315
1542 2316
1543 2317
1544 2318
1545 2319
1546 232
1547 2320
1548 2321
1549 2322
1550 2323
1551 2324
1552 2325
1553 2326
1554 2327
1555 2328
1556 2329
1557 233
1558 2330
1559 2331
1560 2332
1561 2333
1562 2334
1563 2335
1564 2336
1565 2337
1566 2338
1567 2339
1568 234
1569 2340
1570 2341
1571 2342
1572 2343
1573 2344
1574 2345
1575 2346
1576 2347
1577 2348
1578 2349
1579 235
1580 2350
1581 2351
1582 2352
1583 2353
1584 2354
1585 2355
1586 2356
1587 2357
1588 2358
1589 2359
1590 236
1591 2360
1592 2361
1593 2362
1594 2363
1595 2364
1596 2365
1597 2366
1598 2367
1599 2368
1600 2369
1601 237
1602 2370
1603 2371
1604 2372
1605 2373
1606 2374
1607 2375
1608 2376
1609 2377
1610 2378
1611 2379
1612 238
1613 2380
1614 2381
1615 2382
1616 2383
1617 2384
1618 2385
1619 2386
1620 2387
1621 2388
1622 2389
1623 239
1624 2390
1625 2391
1626 2392
1627 2393
1628 2394
1629 2395
1630 2396
1631 2397
1632 2398
1633 2399
1634 240
1635 2400
1636 2401
1637 2402
1638 2403
1639 2404
1640 2405
1641 2406
1642 2407
1643 2408
1644 2409
1645 241
1646 2410
1647 2411
1648 2412
1649 2413
1650 2414
1651 2415
1652 2416
1653 2417
1654 2418
1655 2419
1656 242
1657 2420
1658 2421
1659 2422
1660 2423
1661 2424
1662 2425
1663 2426
1664 2427
1665 2428
1666 2429
1667 243
1668 2430
1669 2431
1670 2432
1671 2433
1672 2434
1673 2435
1674 2436
1675 2437
1676 2438
1677 2439
1678 244
1679 2440
1680 2441
1681 2442
1682 2443
1683 2444
1684 2445
1685 2446
1686 2447
1687 2448
1688 2449
1689 245
1690 2450
1691 2451
1692 2452
1693 2453
1694 2454
1695 2455
1696 2456
1697 2457
1698 2458
1699 2459
1700 246
1701 2460
1702 2461
1703 2462
1704 2463
1705 2464
1706 2465
1707 663
1708 2466
1709 2467
1710 2468
1711 2469
1712 248
1713 249
1714 250
1715 251
1716 252
1717 253
1718 254
1719 258
1720 2470
1721 2471
1722 2472
1723 2473
1724 2474
1725 2475
1726 2476
1727 2477
1728 2478
1729 2479
1730 2480
1731 2481
1732 2482
1733 2483
1734 2484
1735 2485
1736 2486
1737 2487
1738 2488
1739 2489
1740 2490
1741 2491
1742 2492
1743 2493
1744 2494
1745 2495
1746 2496
1747 2497
1748 2498
1749 2499
1750 25
1751 2500
1752 2501
1753 2502
1754 2503
1755 2504
1756 2505
1757 2506
1758 2507
1759 2508
1760 2509
1761 2510
1762 2511
1763 2512
1764 2513
1765 2514
1766 2515
1767 2516
1768 2517
1769 2518
1770 2519
1771 2520
1772 2521
1773 2522
1774 2523
1775 2524
1776 2525
1777 2526
1778 2527
1779 2528
1780 2529
1781 2530
1782 2531
1783 2532
1784 2533
1785 2534
1786 2535
1787 2536
1788 2537
1789 2538
1790 2539
1791 2540
1792 2541
1793 2542
1794 2543
1795 2544
1796 2545
1797 2546
1798 2547
1799 2548
1800 2549
1801 2550
1802 2551
1803 2552
1804 2553
1805 2554
1806 2555
1807 2556
1808 2557
1809 2558
1810 2559
1811 2560
1812 2561
1813 2562
1814 2563
1815 2564
1816 2565
1817 2566
1818 2567
1819 2568
1820 2569
1821 2570
1822 2571
1823 2572
1824 2573
1825 2574
1826 2575
1827 2576
1828 2577
1829 2578
1830 2579
1831 2580
1832 2581
1833 2582
1834 2583
1835 2584
1836 2585
1837 2586
1838 2587
1839 2588
1840 2589
1841 259
1842 2590
1843 2591
1844 2592
1845 2593
1846 2594
1847 2595
1848 2596
1849 2597
1850 2598
1851 2599
1852 26
1853 260
1854 2600
1855 2601
1856 2602
1857 2603
1858 2604
1859 2605
1860 2606
1861 2607
1862 2608
1863 2609
1864 261
1865 2610
1866 2611
1867 939
1868 2612
1869 2613
1870 2614
1871 2615
1872 2616
1873 2617
1874 2618
1875 2619
1876 262
1877 2620
1878 2621
1879 2622
1880 2623
1881 2624
1882 2625
1883 2626
1884 2627
1885 2628
1886 2629
1887 263
1888 2630
1889 2631
1890 2632
1891 2633
1892 2634
1893 2635
1894 2636
1895 2637
1896 2638
1897 2639
1898 264
1899 2640
1900 2641
1901 2642
1902 2643
1903 2644
1904 2645
1905 2646
1906 265
1907 266
1908 267
1909 268
1910 269
1911 27
1912 270
1913 271
1914 272
1915 273
1916 274
1917 275
1918 276
1919 277
1920 278
1921 279
1922 28
1923 280
1924 284
1925 285
1926 286
1927 289
1928 29
1929 290
1930 291
1931 292
1932 293
1933 294
1934 295
1935 296
1936 297
1937 298
1938 299
1939 300
1940 301
1941 302
1942 303
1943 304
1944 305
1945 306
1946 307
1947 309
1948 31
1949 310
1950 311
1951 312
1952 313
1953 314
1954 315
1955 316
1956 317
1957 318
1958 319
1959 32
1960 320
1961 321
1962 322
1963 323
1964 324
1965 325
1966 326
1967 327
1968 328
1969 329
1970 33
1971 330
1972 331
1973 332
1974 333
1975 334
1976 335
1977 336
1978 338
1979 339
1980 34
1981 340
1982 341
1983 342
1984 343
1985 344
1986 345
1987 346
1988 347
1989 348
1990 349
1991 35
1992 350
1993 351
1994 352
1995 353
1996 354
1997 355
1998 356
1999 357
2000 358
2001 359
2002 36
2003 360
2004 361
2005 362
2006 363
2007 364
2008 365
2009 366
2010 367
2011 368
2012 369
2013 37
2014 370
2015 371
2016 372
2017 38
2018 381
2019 382
2020 383
2021 384
2022 385
2023 386
2024 387
2025 388
2026 389
2027 39
2028 390
2029 391
2030 392
2031 393
2032 394
2033 395
2034 396
2035 397
2036 398
2037 399
2038 4
2039 40
2040 400
2041 401
2042 402
2043 403
2044 404
2045 405
2046 406
2047 407
2048 408
2049 409
2050 41
2051 42
2052 410
2053 411
2054 413
2055 414
2056 415
2057 416
2058 418
2059 419
2060 420
2061 421
2062 422
2063 423
2064 424
2065 425
2066 426
2067 427
2068 428
2069 429
2070 43
2071 44
2072 430
2073 431
2074 432
2075 433
2076 435
2077 436
2078 437
2079 438
2080 439
2081 440
2082 441
2083 442
2084 443
2085 444
2086 445
2087 446
2088 447
2089 448
2090 449
2091 45
2092 46
2093 450
2094 451
2095 452
2096 453
2097 454
2098 455
2099 456
2100 457
2101 458
2102 459
2103 460
2104 461
2105 462
2106 464
2107 465
2108 466
2109 467
2110 468
2111 469
2112 47
2113 470
2114 471
2115 472
2116 473
2117 474
2118 475
2119 48
2120 483
2121 484
2122 485
2123 486
2124 487
2125 488
2126 489
2127 49
2128 490
2129 491
2130 492
2131 493
2132 494
2133 495
2134 496
2135 497
2136 498
2137 499
2138 5
2139 500
2140 501
2141 502
2142 503
2143 504
2144 505
2145 506
2146 507
2147 508
2148 509
2149 510
2150 511
2151 512
2152 513
2153 514
2154 515
2155 516
2156 517
2157 518
2158 519
2159 52
2160 520
2161 521
2162 522
2163 523
2164 524
2165 525
2166 526
2167 527
2168 528
2169 529
2170 53
2171 530
2172 531
2173 532
2174 533
2175 534
2176 535
2177 536
2178 538
2179 539
2180 54
2181 540
2182 541
2183 542
2184 543
2185 544
2186 545
2187 546
2188 547
2189 548
2190 549
2191 55
2192 550
2193 551
2194 552
2195 553
2196 554
2197 555
2198 557
2199 558
2200 559
2201 56
2202 560
2203 562
2204 563
2205 564
2206 565
2207 566
2208 567
2209 568
2210 569
2211 57
2212 570
2213 571
2214 572
2215 573
2216 574
2217 575
2218 576
2219 577
2220 578
2221 579
2222 580
2223 581
2224 582
2225 583
2226 584
2227 585
2228 586
2229 587
2230 588
2231 589
2232 591
2233 592
2234 593
2235 594
2236 595
2237 597
2238 598
2239 599
2240 6
2241 600
2242 601
2243 602
2244 604
2245 605
2246 606
2247 607
2248 608
2249 609
2250 61
2251 610
2252 611
2253 612
2254 613
2255 614
2256 615
2257 616
2258 617
2259 618
2260 619
2261 62
2262 620
2263 621
2264 622
2265 623
2266 624
2267 625
2268 626
2269 627
2270 628
2271 629
2272 63
2273 630
2274 631
2275 632
2276 633
2277 634
2278 635
2279 636
2280 637
2281 638
2282 639
2283 64
2284 640
2285 641
2286 642
2287 643
2288 644
2289 645
2290 646
2291 647
2292 648
2293 649
2294 65
2295 650
2296 651
2297 652
2298 653
2299 654
2300 657
2301 658
2302 659
2303 66
2304 660
2305 661
2306 662
2307 664
2308 665
2309 666
2310 667
2311 668
2312 669
2313 67
2314 670
2315 671
2316 672
2317 673
2318 674
2319 675
2320 676
2321 677
2322 678
2323 679
2324 680
2325 68
2326 681
2327 682
2328 683
2329 684
2330 685
2331 686
2332 687
2333 688
2334 689
2335 69
2336 690
2337 691
2338 692
2339 693
2340 694
2341 695
2342 696
2343 697
2344 698
2345 699
2346 700
2347 701
2348 702
2349 703
2350 704
2351 705
2352 706
2353 707
2354 708
2355 709
2356 710
2357 711
2358 712
2359 713
2360 714
2361 715
2362 716
2363 717
2364 718
2365 719
2366 720
2367 721
2368 722
2369 723
2370 724
2371 725
2372 726
2373 727
2374 728
2375 729
2376 730
2377 731
2378 732
2379 733
2380 734
2381 735
2382 736
2383 739
2384 740
2385 741
2386 742
2387 743
2388 744
2389 745
2390 746
2391 747
2392 748
2393 749
2394 750
2395 751
2396 752
2397 753
2398 754
2399 755
2400 756
2401 757
2402 758
2403 759
2404 760
2405 76
2406 761
2407 762
2408 766
2409 767
2410 768
2411 769
2412 77
2413 770
2414 771
2415 772
2416 773
2417 774
2418 775
2419 776
2420 777
2421 778
2422 779
2423 78
2424 780
2425 781
2426 782
2427 783
2428 784
2429 785
2430 786
2431 787
2432 788
2433 789
2434 79
2435 790
2436 791
2437 792
2438 793
2439 794
2440 795
2441 797
2442 798
2443 799
2444 8
2445 80
2446 800
2447 801
2448 802
2449 803
2450 804
2451 805
2452 806
2453 807
2454 808
2455 809
2456 81
2457 810
2458 812
2459 813
2460 814
2461 815
2462 816
2463 817
2464 818
2465 819
2466 82
2467 820
2468 821
2469 822
2470 823
2471 824
2472 825
2473 826
2474 827
2475 828
2476 829
2477 830
2478 83
2479 831
2480 832
2481 833
2482 835
2483 836
2484 837
2485 838
2486 839
2487 840
2488 841
2489 842
2490 844
2491 847
2492 849
2493 850
2494 851
2495 852
2496 859
2497 860
2498 84
2499 85
2500 86
2501 863
2502 864
2503 865
2504 866
2505 867
2506 868
2507 869
2508 87
2509 870
2510 871
2511 872
2512 873
2513 874
2514 875
2515 876
2516 877
2517 878
2518 879
2519 88
2520 880
2521 881
2522 882
2523 883
2524 884
2525 885
2526 886
2527 887
2528 888
2529 889
2530 890
2531 891
2532 892
2533 893
2534 894
2535 895
2536 896
2537 89
2538 897
2539 898
2540 90
2541 900
2542 901
2543 902
2544 903
2545 904
2546 905
2547 906
2548 907
2549 908
2550 909
2551 91
2552 910
2553 911
2554 912
2555 913
2556 914
2557 915
2558 916
2559 917
2560 918
2561 919
2562 92
2563 920
2564 921
2565 922
2566 923
2567 925
2568 926
2569 927
2570 928
2571 929
2572 93
2573 930
2574 931
2575 932
2576 933
2577 1163
2578 934
2579 935
2580 936
2581 937
2582 938
2583 94
2584 940
2585 941
2586 942
2587 943
2588 944
2589 945
2590 946
2591 947
2592 948
2593 949
2594 95
2595 950
2596 951
2597 952
2598 953
2599 954
2600 955
2601 956
2602 957
2603 958
2604 959
2605 96
2606 960
2607 961
2608 962
2609 963
2610 964
2611 965
2612 966
2613 968
2614 97
2615 970
2616 971
2617 972
2618 973
2619 974
2620 975
2621 976
2622 977
2623 978
2624 979
2625 98
2626 980
2627 981
2628 982
2629 983
2630 984
2631 985
2632 986
2633 987
2634 988
2635 989
2636 99
2637 990
2638 991
2639 992
2640 993
2641 994
2642 995
2643 996
2644 997
2645 998
2646 999
