0 0
1 1
2 2
3 3
4 4
5 10
6 11
7 100
8 588
9 1000
10 514
11 1001
12 684
13 1002
14 1003
15 1004
16 1005
17 1006
18 1007
19 1008
20 1009
21 1010
22 1011
23 1012
24 1013
25 1014
26 1015
27 1016
28 1017
29 1018
30 944
31 1019
32 102
33 1020
34 253
35 75
36 1021
37 1022
38 1023
39 1024
40 1025
41 1026
42 1027
43 70
44 1028
45 1029
46 103
47 1030
48 1031
49 1032
50 340
51 513
52 562
53 2230
54 3100
55 3101
56 1033
57 1034
58 1035
59 105
60 213
61 236
62 265
63 289
64 349
65 389
66 458
67 479
68 549
69 62
70 640
71 642
72 722
73 744
74 759
75 789
76 1036
77 1037
78 1038
79 1039
80 1040
81 1041
82 1042
83 1043
84 1044
85 1045
86 1046
87 1047
88 1048
89 1049
90 1050
91 1051
92 1052
93 1053
94 1054
95 1055
96 1056
97 1057
98 1058
99 1059
100 1060
101 1061
102 112
103 13
104 150
105 154
106 157
107 16
108 191
109 195
110 202
111 234
112 252
113 258
114 275
115 278
116 279
117 293
118 312
119 331
120 332
121 34
122 346
123 347
124 353
125 359
126 386
127 403
128 412
129 43
130 45
131 471
132 472
133 474
134 480
135 52
136 522
137 54
138 541
139 544
140 546
141 550
142 554
143 556
144 558
145 561
146 569
147 573
148 589
149 59
150 594
151 597
152 63
153 664
154 666
155 672
156 704
157 74
158 769
159 778
160 783
161 787
162 87
163 104
164 126
165 19
166 120
167 577
168 106
169 405
170 601
171 602
172 603
173 66
174 1062
175 1063
176 264
177 1064
178 1065
179 1066
180 1067
181 50
182 502
183 1068
184 1069
185 107
186 18
187 204
188 282
189 388
190 49
191 526
192 551
193 98
194 1070
195 251
196 1071
197 1072
198 758
199 84
200 1073
201 1074
202 494
203 1075
204 1076
205 1077
206 1078
207 1079
208 786
209 108
210 1080
211 1586
212 390
213 891
214 1081
215 1082
216 109
217 391
218 1083
219 1084
220 1086
221 1087
222 1088
223 1089
224 142
225 1667
226 25
227 339
228 511
229 512
230 604
231 89
232 96
233 1090
234 1091
235 1092
236 1093
237 1094
238 1095
239 1096
240 1097
241 1098
242 1099
243 110
244 113
245 114
246 1143
247 1144
248 1145
249 133
250 144
251 147
252 210
253 211
254 22
255 24
256 286
257 337
258 35
259 42
260 725
261 765
262 901
263 1100
264 1101
265 1102
266 1103
267 1104
268 1105
269 439
270 586
271 1106
272 1107
273 1108
274 1109
275 111
276 1110
277 1111
278 358
279 1112
280 1113
281 1114
282 101
283 1119
284 1120
285 1121
286 1122
287 1123
288 116
289 117
290 14
291 143
292 146
293 155
294 17
295 190
296 194
297 197
298 208
299 228
300 26
301 277
302 280
303 287
304 288
305 290
306 303
307 309
308 348
309 356
310 379
311 401
312 402
313 415
314 460
315 466
316 469
317 47
318 488
319 51
320 510
321 516
322 55
323 553
324 565
325 580
326 581
327 605
328 622
329 641
330 644
331 679
332 680
333 681
334 682
335 683
336 685
337 686
338 706
339 728
340 730
341 743
342 755
343 795
344 819
345 1115
346 1085
347 1116
348 125
349 1580
350 374
351 726
352 1117
353 1947
354 2659
355 2807
356 2808
357 2809
358 1118
359 1202
360 1670
361 243
362 330
363 375
364 376
365 461
366 492
367 557
368 566
369 568
370 650
371 657
372 661
373 756
374 815
375 1124
376 1125
377 457
378 1126
379 1127
380 1128
381 1129
382 1130
383 1131
384 1132
385 1133
386 1134
387 297
388 1135
389 1136
390 1137
391 1138
392 1139
393 1215
394 1229
395 1230
396 152
397 1140
398 1141
399 1142
400 124
401 140
402 153
403 156
404 192
405 266
406 283
407 284
408 328
409 329
410 392
411 398
412 399
413 503
414 531
415 6
416 600
417 639
418 647
419 67
420 71
421 757
422 788
423 813
424 899
425 97
426 1146
427 373
428 1147
429 1148
430 1149
431 36
432 404
433 115
434 1231
435 1150
436 209
437 645
438 1151
439 1152
440 1153
441 1154
442 1155
443 1156
444 1157
445 1158
446 1159
447 1825
448 2240
449 736
450 1160
451 1161
452 1232
453 145
454 196
455 370
456 1162
457 1163
458 1164
459 1165
460 1166
461 1167
462 1168
463 1169
464 1170
465 1171
466 1172
467 1173
468 1174
469 956
470 1175
471 1176
472 1177
473 1178
474 1179
475 118
476 1180
477 1181
478 1182
479 1183
480 1184
481 523
482 1185
483 1186
484 1187
485 1188
486 1189
487 1190
488 119
489 1191
490 1192
491 1193
492 1194
493 1195
494 1196
495 1197
496 1198
497 1199
498 12
499 15
500 7
501 1204
502 1205
503 1206
504 1207
505 1208
506 1209
507 1210
508 1211
509 1212
510 1213
511 1214
512 1216
513 1217
514 1218
515 1219
516 1220
517 1221
518 1222
519 1223
520 1224
521 1225
522 1226
523 1227
524 1228
525 1233
526 1234
527 1235
528 1236
529 1237
530 1238
531 1241
532 1242
533 1243
534 1244
535 1264
536 1423
537 1427
538 1437
539 1438
540 1439
541 1440
542 1441
543 1442
544 1443
545 1444
546 1445
547 1446
548 1447
549 1448
550 1449
551 46
552 478
553 484
554 547
555 559
556 671
557 724
558 738
559 741
560 777
561 999
562 121
563 122
564 595
565 123
566 58
567 1240
568 159
569 1245
570 1246
571 1247
572 1248
573 1249
574 57
575 1250
576 1251
577 1252
578 1253
579 68
580 1254
581 1255
582 1256
583 1257
584 1258
585 1259
586 1260
587 1261
588 1262
589 1263
590 151
591 693
592 1265
593 1266
594 1267
595 1268
596 1269
597 1270
598 1271
599 746
600 1830
601 212
602 2154
603 2378
604 2379
605 2380
606 2800
607 127
608 1673
609 1272
610 1273
611 393
612 1274
613 1275
614 1276
615 1277
616 1278
617 1279
618 128
619 129
620 130
621 1281
622 1285
623 23
624 776
625 924
626 1286
627 1287
628 1288
629 1289
630 1290
631 1291
632 1292
633 1293
634 1294
635 1295
636 1296
637 1297
638 1298
639 1299
640 1300
641 1301
642 1302
643 1303
644 1304
645 1305
646 1306
647 1307
648 1308
649 1309
650 1310
651 1311
652 1312
653 1313
654 1314
655 1315
656 1316
657 1317
658 1318
659 1319
660 1320
661 1321
662 1322
663 1323
664 1324
665 1325
666 1326
667 1327
668 1328
669 1329
670 1330
671 1331
672 1332
673 1333
674 1334
675 1335
676 1336
677 1337
678 1338
679 1339
680 1340
681 1341
682 1342
683 1343
684 1344
685 1345
686 1346
687 1347
688 1348
689 1349
690 1350
691 1351
692 1352
693 1353
694 1354
695 1355
696 1356
697 1357
698 1358
699 1359
700 1360
701 1361
702 1362
703 1363
704 149
705 160
706 161
707 163
708 168
709 173
710 177
711 178
712 184
713 185
714 187
715 273
716 343
717 400
718 406
719 465
720 515
721 791
722 88
723 962
724 99
725 281
726 395
727 396
728 397
729 501
730 587
731 658
732 131
733 132
734 780
735 1823
736 193
737 517
738 737
739 2652
740 1649
741 1700
742 1701
743 963
744 134
745 135
746 136
747 137
748 138
749 139
750 141
751 148
752 158
753 162
754 164
755 165
756 166
757 167
758 169
759 170
760 171
761 172
762 174
763 175
764 176
765 179
766 180
767 181
768 182
769 183
770 186
771 188
772 189
773 1364
774 1365
775 1366
776 1367
777 91
778 1368
779 1369
780 1370
781 1371
782 1372
783 1373
784 1374
785 1375
786 1376
787 1377
788 1378
789 1379
790 1380
791 1381
792 1382
793 1383
794 1384
795 1385
796 1386
797 1387
798 1388
799 1389
800 1390
801 1391
802 1392
803 1393
804 1394
805 1395
806 1396
807 1397
808 1398
809 1399
810 1400
811 1401
812 1402
813 1403
814 1404
815 1405
816 1406
817 1407
818 1408
819 1409
820 1410
821 1411
822 1412
823 1413
824 1414
825 1415
826 1416
827 1417
828 1418
829 1419
830 21
831 2804
832 3189
833 643
834 936
835 1420
836 1421
837 1422
838 781
839 785
840 1424
841 1425
842 1426
843 1450
844 1621
845 1428
846 1429
847 1430
848 1431
849 1432
850 1433
851 1434
852 1435
853 1436
854 416
855 1488
856 1451
857 1452
858 1453
859 1454
860 1455
861 1456
862 1457
863 1458
864 1459
865 1460
866 1461
867 1462
868 1463
869 1464
870 1465
871 1467
872 1468
873 1469
874 1470
875 1471
876 1472
877 1473
878 1474
879 1475
880 1476
881 1477
882 1478
883 1479
884 1480
885 1481
886 1482
887 1483
888 1484
889 1485
890 1486
891 1487
892 1489
893 1490
894 1491
895 1492
896 1493
897 1494
898 1495
899 1496
900 1497
901 1498
902 1499
903 1500
904 1501
905 1502
906 1503
907 1504
908 1505
909 1506
910 1507
911 1508
912 1509
913 1510
914 1511
915 1512
916 1513
917 1514
918 1515
919 1516
920 1517
921 1518
922 1519
923 1520
924 1521
925 1522
926 1523
927 1524
928 1525
929 1526
930 1527
931 1528
932 1529
933 1530
934 1531
935 1532
936 1533
937 1534
938 1535
939 1536
940 1537
941 670
942 1538
943 1539
944 372
945 1666
946 285
947 79
948 1540
949 1541
950 745
951 961
952 964
953 965
954 966
955 967
956 968
957 969
958 970
959 1542
960 1543
961 1544
962 1545
963 1546
964 1547
965 1548
966 1549
967 1611
968 1735
969 1839
970 245
971 276
972 44
973 499
974 53
975 646
976 814
977 1550
978 1551
979 1552
980 1553
981 1554
982 1555
983 1556
984 1557
985 1558
986 1559
987 1560
988 1561
989 1562
990 1563
991 1564
992 1565
993 1566
994 1567
995 1568
996 1569
997 1570
998 1571
999 1572
1000 1573
1001 1574
1002 1575
1003 1576
1004 1577
1005 1578
1006 1579
1007 1581
1008 1582
1009 64
1010 1583
1011 1584
1012 1585
1013 1587
1014 599
1015 1588
1016 1589
1017 1590
1018 1591
1019 1592
1020 1593
1021 1594
1022 1595
1023 1596
1024 1597
1025 1598
1026 1599
1027 1600
1028 1601
1029 1602
1030 894
1031 1603
1032 1604
1033 1605
1034 1606
1035 1607
1036 1608
1037 1609
1038 1280
1039 1282
1040 1283
1041 1817
1042 542
1043 662
1044 782
1045 784
1046 790
1047 817
1048 818
1049 896
1050 935
1051 1610
1052 1612
1053 1613
1054 1614
1055 895
1056 1615
1057 939
1058 1616
1059 1617
1060 1618
1061 1619
1062 1620
1063 1622
1064 1623
1065 1624
1066 1625
1067 1626
1068 1627
1069 1628
1070 1629
1071 1630
1072 1631
1073 272
1074 1632
1075 1633
1076 1634
1077 1635
1078 1636
1079 1637
1080 1638
1081 1639
1082 1640
1083 1641
1084 1642
1085 1643
1086 1644
1087 1645
1088 1646
1089 1647
1090 1648
1091 1650
1092 1651
1093 1652
1094 1653
1095 1654
1096 1655
1097 1656
1098 1657
1099 1658
1100 1659
1101 1660
1102 1661
1103 1662
1104 1663
1105 1664
1106 1665
1107 1669
1108 1671
1109 1672
1110 1674
1111 1675
1112 1676
1113 1677
1114 1678
1115 1679
1116 2547
1117 2592
1118 2593
1119 2594
1120 2595
1121 2596
1122 2597
1123 2598
1124 2599
1125 2600
1126 2601
1127 2602
1128 2603
1129 2604
1130 2605
1131 2606
1132 2607
1133 2608
1134 2609
1135 2610
1136 2611
1137 2612
1138 2613
1139 2614
1140 2615
1141 2616
1142 2617
1143 2618
1144 2619
1145 2620
1146 2621
1147 2622
1148 2623
1149 2624
1150 2625
1151 2626
1152 2627
1153 1680
1154 1681
1155 1682
1156 1683
1157 1684
1158 1685
1159 1686
1160 1687
1161 1688
1162 1689
1163 1690
1164 1691
1165 1692
1166 1693
1167 1694
1168 1695
1169 1696
1170 1697
1171 1698
1172 1699
1173 1702
1174 1703
1175 1704
1176 1705
1177 1706
1178 1707
1179 1708
1180 1709
1181 1710
1182 2391
1183 1711
1184 1712
1185 1713
1186 1714
1187 1715
1188 1716
1189 1717
1190 1718
1191 1719
1192 1720
1193 1721
1194 1722
1195 1723
1196 1724
1197 362
1198 1725
1199 1726
1200 560
1201 1727
1202 1728
1203 1729
1204 1730
1205 1731
1206 1732
1207 1733
1208 1734
1209 1736
1210 1737
1211 1738
1212 1739
1213 1740
1214 1741
1215 1742
1216 1743
1217 1744
1218 1745
1219 1746
1220 1747
1221 1748
1222 1749
1223 1750
1224 1751
1225 1752
1226 1753
1227 1754
1228 2006
1229 1755
1230 1756
1231 1757
1232 1758
1233 1759
1234 1760
1235 1761
1236 1762
1237 1763
1238 1764
1239 1765
1240 1766
1241 1767
1242 1768
1243 1769
1244 1770
1245 1771
1246 734
1247 1774
1248 1775
1249 1776
1250 1777
1251 1778
1252 1779
1253 1780
1254 1781
1255 1782
1256 1783
1257 1784
1258 1785
1259 1786
1260 1787
1261 1788
1262 1789
1263 1790
1264 1791
1265 1792
1266 1793
1267 1794
1268 1795
1269 1796
1270 1797
1271 1798
1272 1799
1273 1800
1274 1801
1275 1802
1276 1803
1277 1804
1278 1805
1279 1806
1280 1807
1281 1808
1282 1809
1283 1810
1284 1811
1285 1812
1286 1813
1287 1814
1288 1815
1289 1816
1290 1818
1291 1819
1292 1820
1293 1821
1294 1822
1295 1824
1296 1826
1297 1827
1298 1828
1299 1829
1300 482
1301 1831
1302 1833
1303 38
1304 518
1305 1832
1306 1834
1307 1835
1308 1836
1309 1837
1310 1838
1311 1842
1312 1843
1313 1844
1314 1845
1315 1846
1316 1847
1317 1848
1318 1849
1319 3266
1320 1850
1321 1851
1322 1852
1323 1853
1324 1854
1325 1855
1326 1856
1327 1857
1328 241
1329 1858
1330 1859
1331 1860
1332 1861
1333 1862
1334 3297
1335 1863
1336 1864
1337 1865
1338 1866
1339 1867
1340 1868
1341 1869
1342 1870
1343 1871
1344 1872
1345 1873
1346 1874
1347 1875
1348 1876
1349 1877
1350 1878
1351 1879
1352 1880
1353 1881
1354 1882
1355 1883
1356 1884
1357 1885
1358 1886
1359 1887
1360 1888
1361 1889
1362 1890
1363 1891
1364 1892
1365 1893
1366 1894
1367 1895
1368 1896
1369 1897
1370 1898
1371 1899
1372 1900
1373 1901
1374 1902
1375 1903
1376 1904
1377 1905
1378 1906
1379 1907
1380 1908
1381 1909
1382 462
1383 394
1384 613
1385 1910
1386 1911
1387 1912
1388 1913
1389 1914
1390 1915
1391 1916
1392 1917
1393 1918
1394 1919
1395 1920
1396 1921
1397 1922
1398 1923
1399 1924
1400 1925
1401 1926
1402 1927
1403 1928
1404 1929
1405 1930
1406 1931
1407 1932
1408 1933
1409 1934
1410 1935
1411 1936
1412 1937
1413 1938
1414 1939
1415 660
1416 1940
1417 1941
1418 1943
1419 1944
1420 1945
1421 1946
1422 1948
1423 1949
1424 1950
1425 1951
1426 1952
1427 1953
1428 1954
1429 1955
1430 1956
1431 1957
1432 1958
1433 1959
1434 775
1435 1960
1436 1961
1437 1962
1438 1963
1439 1964
1440 1965
1441 1966
1442 1967
1443 1968
1444 1969
1445 1970
1446 828
1447 1971
1448 1972
1449 1974
1450 1973
1451 1975
1452 1976
1453 1977
1454 1978
1455 1979
1456 1980
1457 198
1458 1981
1459 1982
1460 1983
1461 1984
1462 1985
1463 1986
1464 1987
1465 1988
1466 1989
1467 199
1468 1990
1469 1991
1470 1992
1471 1993
1472 2119
1473 2169
1474 1994
1475 1995
1476 1996
1477 1997
1478 1998
1479 20
1480 200
1481 2001
1482 2002
1483 2003
1484 2004
1485 2005
1486 2007
1487 2008
1488 2009
1489 2010
1490 201
1491 2011
1492 2012
1493 2013
1494 2014
1495 2015
1496 2016
1497 2017
1498 2018
1499 2019
1500 2020
1501 2021
1502 2022
1503 2023
1504 2024
1505 2025
1506 2026
1507 2027
1508 2028
1509 2029
1510 203
1511 2030
1512 2031
1513 2032
1514 2033
1515 2034
1516 2035
1517 2036
1518 2037
1519 2038
1520 2039
1521 2040
1522 2041
1523 2042
1524 2043
1525 2044
1526 2045
1527 2046
1528 2047
1529 2048
1530 2049
1531 205
1532 2050
1533 2051
1534 2052
1535 2053
1536 2054
1537 2055
1538 2056
1539 2057
1540 2058
1541 2059
1542 206
1543 2060
1544 2061
1545 2062
1546 230
1547 364
1548 2063
1549 2064
1550 2065
1551 2066
1552 2067
1553 2223
1554 2224
1555 2068
1556 2069
1557 207
1558 2070
1559 2071
1560 2072
1561 2073
1562 2074
1563 2075
1564 2076
1565 2077
1566 2078
1567 2079
1568 2080
1569 2081
1570 2082
1571 2083
1572 2084
1573 2085
1574 2086
1575 2087
1576 2088
1577 2089
1578 2090
1579 2091
1580 2092
1581 2093
1582 2094
1583 2095
1584 2096
1585 2097
1586 2098
1587 2099
1588 2100
1589 2101
1590 2102
1591 2103
1592 2104
1593 2105
1594 2106
1595 2107
1596 2108
1597 2109
1598 485
1599 2110
1600 2111
1601 2112
1602 2113
1603 2114
1604 2115
1605 2116
1606 2117
1607 2118
1608 2120
1609 2121
1610 2122
1611 2123
1612 2124
1613 2125
1614 2126
1615 2127
1616 2128
1617 2129
1618 2130
1619 2131
1620 2132
1621 2133
1622 2134
1623 2135
1624 2136
1625 2137
1626 2138
1627 2139
1628 214
1629 2140
1630 2141
1631 2142
1632 2143
1633 2144
1634 2145
1635 2146
1636 732
1637 2558
1638 2948
1639 2949
1640 3059
1641 3239
1642 2147
1643 2148
1644 2149
1645 2150
1646 2151
1647 2152
1648 2153
1649 215
1650 2155
1651 2156
1652 2157
1653 934
1654 2158
1655 2159
1656 216
1657 2160
1658 2161
1659 2162
1660 2163
1661 2164
1662 2165
1663 2167
1664 2168
1665 727
1666 742
1667 2166
1668 217
1669 2170
1670 2171
1671 2172
1672 2173
1673 2174
1674 2175
1675 2176
1676 2177
1677 2178
1678 2179
1679 218
1680 2180
1681 2181
1682 2182
1683 2183
1684 2184
1685 2185
1686 2186
1687 2187
1688 2188
1689 2189
1690 219
1691 2190
1692 2191
1693 2192
1694 2193
1695 2194
1696 2195
1697 2196
1698 2197
1699 2198
1700 2199
1701 220
1702 2200
1703 2201
1704 2202
1705 449
1706 2203
1707 2204
1708 2205
1709 2206
1710 2207
1711 2208
1712 2209
1713 221
1714 2210
1715 2211
1716 2212
1717 2213
1718 2214
1719 2215
1720 2216
1721 2217
1722 2218
1723 2219
1724 222
1725 2220
1726 2221
1727 2222
1728 2225
1729 2226
1730 2227
1731 2228
1732 2229
1733 56
1734 223
1735 2231
1736 2232
1737 2233
1738 2234
1739 2235
1740 2236
1741 2237
1742 2238
1743 1668
1744 2239
1745 2241
1746 2242
1747 2243
1748 2244
1749 224
1750 225
1751 2245
1752 2246
1753 2247
1754 2248
1755 2249
1756 2250
1757 2251
1758 2252
1759 2253
1760 2254
1761 2255
1762 2256
1763 2257
1764 2258
1765 2259
1766 226
1767 2260
1768 2261
1769 2262
1770 2263
1771 2264
1772 2265
1773 2266
1774 2267
1775 2268
1776 2269
1777 227
1778 2270
1779 2271
1780 2272
1781 2273
1782 2274
1783 2275
1784 2276
1785 2277
1786 2278
1787 2279
1788 2280
1789 2281
1790 2282
1791 2283
1792 2284
1793 2285
1794 2286
1795 2287
1796 2288
1797 2289
1798 229
1799 2290
1800 2291
1801 2292
1802 2293
1803 2294
1804 2295
1805 2296
1806 2297
1807 333
1808 754
1809 2298
1810 2299
1811 2300
1812 2301
1813 2302
1814 2303
1815 2344
1816 2357
1817 2368
1818 2400
1819 2647
1820 2648
1821 2815
1822 2880
1823 2881
1824 2882
1825 2883
1826 2884
1827 2885
1828 2886
1829 2887
1830 2888
1831 2889
1832 2890
1833 2891
1834 2892
1835 2893
1836 2894
1837 2895
1838 2896
1839 2897
1840 2899
1841 2900
1842 2901
1843 2956
1844 2957
1845 2958
1846 2959
1847 2960
1848 2961
1849 2962
1850 2963
1851 2964
1852 2965
1853 2966
1854 2967
1855 2968
1856 2969
1857 2970
1858 2971
1859 2972
1860 2973
1861 2974
1862 2975
1863 2976
1864 2977
1865 2982
1866 3071
1867 3082
1868 3085
1869 2304
1870 2305
1871 2306
1872 2307
1873 2308
1874 2309
1875 231
1876 2310
1877 2311
1878 2312
1879 2313
1880 2314
1881 2315
1882 2316
1883 2317
1884 2318
1885 2319
1886 232
1887 233
1888 235
1889 2320
1890 2321
1891 2322
1892 2323
1893 2324
1894 2325
1895 2326
1896 2327
1897 2328
1898 2329
1899 2330
1900 2331
1901 2332
1902 2333
1903 2334
1904 2335
1905 2336
1906 731
1907 733
1908 2337
1909 2338
1910 2339
1911 2340
1912 2341
1913 2342
1914 2343
1915 2345
1916 2346
1917 2347
1918 2348
1919 2349
1920 2350
1921 2351
1922 2352
1923 2353
1924 2354
1925 2355
1926 2356
1927 2358
1928 2359
1929 2360
1930 2361
1931 2362
1932 2363
1933 2364
1934 2365
1935 2366
1936 2367
1937 2369
1938 2444
1939 2634
1940 237
1941 2370
1942 2371
1943 2372
1944 2373
1945 2374
1946 2375
1947 2376
1948 2377
1949 238
1950 2381
1951 2382
1952 2383
1953 2384
1954 2385
1955 2386
1956 2387
1957 2388
1958 2389
1959 239
1960 2390
1961 2392
1962 2393
1963 2394
1964 2395
1965 2396
1966 2397
1967 2398
1968 2399
1969 240
1970 2401
1971 2402
1972 2403
1973 2404
1974 2405
1975 2406
1976 2407
1977 2408
1978 2409
1979 2410
1980 2411
1981 2412
1982 2413
1983 2414
1984 2663
1985 3040
1986 2415
1987 2416
1988 2417
1989 2418
1990 2419
1991 242
1992 244
1993 2420
1994 2421
1995 2422
1996 2763
1997 2764
1998 2765
1999 2766
2000 2767
2001 2872
2002 2873
2003 2874
2004 2875
2005 2876
2006 2877
2007 2878
2008 2879
2009 2423
2010 2424
2011 2425
2012 2426
2013 2427
2014 2428
2015 2429
2016 2430
2017 2431
2018 2432
2019 2433
2020 2434
2021 2435
2022 2436
2023 2437
2024 2438
2025 2439
2026 2440
2027 2441
2028 2442
2029 2443
2030 2445
2031 2446
2032 2447
2033 2448
2034 2449
2035 2450
2036 2451
2037 2452
2038 2453
2039 2454
2040 2455
2041 2456
2042 2457
2043 2458
2044 2459
2045 246
2046 2460
2047 2461
2048 2462
2049 2463
2050 2464
2051 2465
2052 2466
2053 2467
2054 2500
2055 2468
2056 2469
2057 247
2058 2470
2059 2471
2060 2472
2061 2473
2062 2474
2063 2475
2064 2476
2065 2477
2066 2478
2067 2479
2068 248
2069 2480
2070 2481
2071 2482
2072 1200
2073 1284
2074 2483
2075 2484
2076 2485
2077 2486
2078 2487
2079 2778
2080 3267
2081 3268
2082 2488
2083 2489
2084 249
2085 2490
2086 2491
2087 2492
2088 2493
2089 2494
2090 2495
2091 2496
2092 2497
2093 2498
2094 2499
2095 250
2096 2501
2097 2502
2098 2503
2099 2504
2100 2505
2101 2506
2102 2507
2103 2508
2104 2509
2105 2510
2106 2511
2107 2512
2108 2513
2109 2514
2110 2515
2111 2516
2112 2517
2113 2518
2114 2519
2115 2520
2116 2521
2117 2522
2118 2523
2119 2524
2120 2525
2121 2526
2122 2527
2123 2528
2124 2529
2125 2530
2126 2531
2127 2532
2128 2533
2129 2534
2130 2535
2131 2536
2132 2537
2133 2538
2134 2539
2135 254
2136 2540
2137 2541
2138 2542
2139 2543
2140 2544
2141 2545
2142 2546
2143 3166
2144 3167
2145 3168
2146 3169
2147 3170
2148 3171
2149 3172
2150 2548
2151 2549
2152 255
2153 2550
2154 2551
2155 2552
2156 2553
2157 2554
2158 2555
2159 927
2160 2556
2161 2557
2162 2559
2163 256
2164 2560
2165 2561
2166 2563
2167 2564
2168 2565
2169 2566
2170 2567
2171 2568
2172 2569
2173 257
2174 2570
2175 2571
2176 2572
2177 2573
2178 2574
2179 2575
2180 2576
2181 2577
2182 2578
2183 2579
2184 2580
2185 2581
2186 2582
2187 2583
2188 2584
2189 2585
2190 2586
2191 2587
2192 2588
2193 2589
2194 259
2195 2590
2196 2591
2197 260
2198 261
2199 2700
2200 262
2201 263
2202 2628
2203 2629
2204 2630
2205 2631
2206 2632
2207 2633
2208 2635
2209 2636
2210 2637
2211 2638
2212 2639
2213 2640
2214 2641
2215 2642
2216 2643
2217 2644
2218 2826
2219 2827
2220 2645
2221 2646
2222 2649
2223 2650
2224 2651
2225 450
2226 851
2227 852
2228 853
2229 854
2230 855
2231 856
2232 2653
2233 2654
2234 2655
2235 2656
2236 2657
2237 2658
2238 2660
2239 2661
2240 2662
2241 2664
2242 2665
2243 2666
2244 2667
2245 2668
2246 2669
2247 267
2248 2670
2249 2671
2250 2672
2251 2673
2252 2674
2253 2675
2254 2676
2255 2677
2256 2678
2257 2679
2258 268
2259 2680
2260 2681
2261 2682
2262 2683
2263 2684
2264 2685
2265 2686
2266 2687
2267 2688
2268 2689
2269 269
2270 2690
2271 2691
2272 2692
2273 2693
2274 2694
2275 2695
2276 2696
2277 2697
2278 2698
2279 2699
2280 27
2281 270
2282 271
2283 2701
2284 2702
2285 2703
2286 2704
2287 2705
2288 2706
2289 2707
2290 2708
2291 2709
2292 2710
2293 2711
2294 2712
2295 2713
2296 2714
2297 2715
2298 2716
2299 2717
2300 2718
2301 2719
2302 2720
2303 2721
2304 2722
2305 2723
2306 2724
2307 2725
2308 2726
2309 2727
2310 2728
2311 2729
2312 2730
2313 2731
2314 2732
2315 2733
2316 2734
2317 2735
2318 2736
2319 2737
2320 2738
2321 2739
2322 274
2323 95
2324 2740
2325 2741
2326 2742
2327 2743
2328 2744
2329 2745
2330 2746
2331 2747
2332 2748
2333 2749
2334 2750
2335 2751
2336 2752
2337 2753
2338 2754
2339 2755
2340 2756
2341 2757
2342 2758
2343 2759
2344 2760
2345 2761
2346 2762
2347 2768
2348 2769
2349 2770
2350 2771
2351 2772
2352 2773
2353 2774
2354 2775
2355 2776
2356 2777
2357 2779
2358 2780
2359 2862
2360 2863
2361 2905
2362 2906
2363 2781
2364 2782
2365 2783
2366 2784
2367 2785
2368 2786
2369 2787
2370 2788
2371 2789
2372 2790
2373 2791
2374 2792
2375 2793
2376 2794
2377 2795
2378 2796
2379 2797
2380 2798
2381 2799
2382 2801
2383 2802
2384 2803
2385 2805
2386 2806
2387 2810
2388 2811
2389 2812
2390 2813
2391 2814
2392 2816
2393 2817
2394 2818
2395 2819
2396 2820
2397 2821
2398 2822
2399 2823
2400 2824
2401 2825
2402 2828
2403 2829
2404 2830
2405 2831
2406 2832
2407 2833
2408 2834
2409 2835
2410 2836
2411 2837
2412 2838
2413 2839
2414 2840
2415 2841
2416 2842
2417 2843
2418 2844
2419 2845
2420 2846
2421 2847
2422 2852
2423 2859
2424 2864
2425 2865
2426 2898
2427 2902
2428 2903
2429 2904
2430 28
2431 29
2432 30
2433 31
2434 32
2435 33
2436 37
2437 39
2438 40
2439 41
2440 48
2441 60
2442 61
2443 65
2444 69
2445 2848
2446 2849
2447 2850
2448 2851
2449 2853
2450 2854
2451 2855
2452 2856
2453 2857
2454 2858
2455 2860
2456 2861
2457 2866
2458 2867
2459 2868
2460 2869
2461 2870
2462 2871
2463 3032
2464 3005
2465 3006
2466 3007
2467 3008
2468 2907
2469 2908
2470 2909
2471 291
2472 2910
2473 2911
2474 2912
2475 2913
2476 2914
2477 2915
2478 2916
2479 2917
2480 2918
2481 2919
2482 292
2483 2920
2484 2921
2485 2922
2486 2923
2487 2924
2488 2925
2489 2926
2490 2927
2491 2928
2492 2929
2493 2930
2494 2931
2495 2932
2496 2933
2497 2934
2498 2935
2499 2936
2500 3137
2501 3202
2502 3261
2503 3262
2504 3263
2505 3264
2506 3265
2507 3269
2508 3270
2509 3271
2510 3272
2511 3273
2512 3274
2513 3275
2514 3276
2515 3277
2516 3278
2517 3279
2518 3280
2519 3281
2520 3282
2521 3283
2522 3284
2523 3285
2524 3286
2525 3287
2526 3288
2527 3289
2528 3290
2529 3291
2530 3292
2531 3293
2532 3294
2533 3295
2534 3296
2535 3298
2536 3299
2537 3300
2538 2937
2539 2938
2540 2939
2541 294
2542 2940
2543 2941
2544 2942
2545 2943
2546 2944
2547 2945
2548 2946
2549 2947
2550 295
2551 2950
2552 2951
2553 2952
2554 2953
2555 2954
2556 2955
2557 296
2558 2978
2559 2979
2560 298
2561 2980
2562 2981
2563 2983
2564 2984
2565 2985
2566 2986
2567 2987
2568 2988
2569 2989
2570 299
2571 2990
2572 2991
2573 2992
2574 2993
2575 2994
2576 2995
2577 2996
2578 3056
2579 3057
2580 3058
2581 2997
2582 2998
2583 2999
2584 300
2585 3000
2586 3001
2587 3002
2588 3003
2589 3004
2590 3009
2591 301
2592 3010
2593 3011
2594 3012
2595 3013
2596 3014
2597 3015
2598 3016
2599 3017
2600 3018
2601 3019
2602 302
2603 3020
2604 3021
2605 3022
2606 3023
2607 3024
2608 3025
2609 3026
2610 3027
2611 3028
2612 3029
2613 3030
2614 3031
2615 3033
2616 3034
2617 3035
2618 3036
2619 3037
2620 3038
2621 3039
2622 304
2623 3041
2624 3042
2625 3043
2626 3044
2627 3045
2628 3046
2629 3047
2630 3048
2631 3049
2632 305
2633 3050
2634 3051
2635 3052
2636 3053
2637 3054
2638 3055
2639 3060
2640 3061
2641 3062
2642 306
2643 3063
2644 3064
2645 3065
2646 3066
2647 3067
2648 3068
2649 3069
2650 307
2651 3070
2652 3072
2653 3073
2654 3074
2655 3075
2656 3076
2657 3077
2658 3078
2659 3079
2660 308
2661 3080
2662 3081
2663 3083
2664 3084
2665 3086
2666 3087
2667 3119
2668 3088
2669 3089
2670 3090
2671 3091
2672 3092
2673 3093
2674 3094
2675 3095
2676 3096
2677 3097
2678 3098
2679 3099
2680 310
2681 3102
2682 3103
2683 3104
2684 3105
2685 3106
2686 3107
2687 3108
2688 3109
2689 311
2690 3110
2691 3111
2692 3112
2693 3113
2694 3114
2695 3115
2696 3116
2697 3117
2698 3118
2699 3120
2700 3121
2701 3122
2702 3123
2703 3124
2704 3125
2705 3126
2706 3127
2707 3128
2708 3129
2709 313
2710 3130
2711 3131
2712 3132
2713 3133
2714 3134
2715 3135
2716 3136
2717 3138
2718 3139
2719 314
2720 3140
2721 3141
2722 3142
2723 3143
2724 3144
2725 3145
2726 3146
2727 3147
2728 3148
2729 3149
2730 315
2731 3150
2732 3151
2733 3152
2734 3153
2735 3154
2736 3155
2737 3156
2738 3157
2739 3158
2740 3159
2741 316
2742 3160
2743 3161
2744 3162
2745 3163
2746 3164
2747 3165
2748 317
2749 3173
2750 3174
2751 3175
2752 3176
2753 3177
2754 3178
2755 3179
2756 3180
2757 318
2758 3181
2759 3182
2760 3183
2761 3184
2762 3185
2763 3186
2764 3187
2765 3188
2766 319
2767 3190
2768 3191
2769 3192
2770 3193
2771 3194
2772 3195
2773 3196
2774 3197
2775 3198
2776 3199
2777 320
2778 3200
2779 3201
2780 3203
2781 3204
2782 3205
2783 3206
2784 3207
2785 3208
2786 3209
2787 321
2788 3210
2789 468
2790 3211
2791 3212
2792 3213
2793 3214
2794 3215
2795 3216
2796 3217
2797 3218
2798 3219
2799 322
2800 3220
2801 3221
2802 3222
2803 3223
2804 3224
2805 3225
2806 3226
2807 3227
2808 3228
2809 3229
2810 323
2811 3230
2812 3231
2813 3232
2814 3233
2815 3234
2816 3235
2817 3236
2818 3237
2819 3238
2820 324
2821 325
2822 3240
2823 3241
2824 3242
2825 3243
2826 3244
2827 3245
2828 3246
2829 3247
2830 3248
2831 3249
2832 3250
2833 3251
2834 3252
2835 3253
2836 3254
2837 3255
2838 3256
2839 3257
2840 3258
2841 3259
2842 326
2843 327
2844 3260
2845 1999
2846 2000
2847 3301
2848 695
2849 696
2850 697
2851 334
2852 335
2853 336
2854 338
2855 341
2856 342
2857 344
2858 345
2859 350
2860 351
2861 352
2862 354
2863 355
2864 357
2865 360
2866 361
2867 519
2868 520
2869 521
2870 829
2871 830
2872 363
2873 365
2874 366
2875 367
2876 368
2877 369
2878 371
2879 1466
2880 377
2881 378
2882 380
2883 381
2884 382
2885 383
2886 384
2887 385
2888 387
2889 407
2890 408
2891 1201
2892 1203
2893 409
2894 614
2895 997
2896 410
2897 411
2898 464
2899 774
2900 816
2901 413
2902 414
2903 417
2904 418
2905 419
2906 420
2907 421
2908 422
2909 423
2910 424
2911 425
2912 426
2913 427
2914 428
2915 445
2916 446
2917 447
2918 448
2919 451
2920 452
2921 453
2922 454
2923 455
2924 456
2925 459
2926 463
2927 467
2928 470
2929 473
2930 475
2931 476
2932 477
2933 481
2934 483
2935 486
2936 487
2937 429
2938 430
2939 431
2940 432
2941 433
2942 434
2943 435
2944 436
2945 437
2946 438
2947 440
2948 441
2949 442
2950 443
2951 444
2952 822
2953 609
2954 596
2955 668
2956 1239
2957 489
2958 490
2959 491
2960 493
2961 495
2962 496
2963 497
2964 498
2965 5
2966 500
2967 504
2968 505
2969 506
2970 507
2971 508
2972 509
2973 524
2974 607
2975 525
2976 527
2977 528
2978 529
2979 530
2980 532
2981 533
2982 534
2983 535
2984 536
2985 537
2986 539
2987 540
2988 543
2989 545
2990 548
2991 592
2992 611
2993 612
2994 552
2995 563
2996 555
2997 812
2998 1942
2999 1840
3000 1841
3001 564
3002 772
3003 570
3004 571
3005 572
3006 574
3007 575
3008 576
3009 578
3010 579
3011 582
3012 583
3013 584
3014 585
3015 590
3016 591
3017 593
3018 598
3019 538
3020 567
3021 606
3022 807
3023 808
3024 608
3025 610
3026 615
3027 616
3028 617
3029 618
3030 619
3031 620
3032 621
3033 623
3034 624
3035 625
3036 626
3037 627
3038 628
3039 629
3040 630
3041 631
3042 632
3043 633
3044 634
3045 635
3046 636
3047 637
3048 638
3049 648
3050 649
3051 651
3052 652
3053 653
3054 654
3055 655
3056 656
3057 659
3058 663
3059 665
3060 667
3061 669
3062 673
3063 674
3064 827
3065 804
3066 1772
3067 1773
3068 793
3069 675
3070 676
3071 677
3072 678
3073 687
3074 688
3075 689
3076 690
3077 691
3078 692
3079 867
3080 694
3081 698
3082 699
3083 700
3084 701
3085 702
3086 703
3087 705
3088 707
3089 708
3090 709
3091 710
3092 711
3093 712
3094 713
3095 714
3096 715
3097 716
3098 717
3099 718
3100 719
3101 720
3102 721
3103 723
3104 729
3105 735
3106 739
3107 740
3108 72
3109 779
3110 73
3111 747
3112 748
3113 749
3114 750
3115 751
3116 752
3117 753
3118 76
3119 760
3120 761
3121 762
3122 763
3123 764
3124 766
3125 767
3126 768
3127 770
3128 771
3129 773
3130 77
3131 869
3132 78
3133 892
3134 893
3135 2562
3136 792
3137 794
3138 796
3139 797
3140 798
3141 799
3142 8
3143 9
3144 80
3145 800
3146 801
3147 802
3148 803
3149 805
3150 806
3151 809
3152 81
3153 810
3154 811
3155 82
3156 820
3157 821
3158 823
3159 824
3160 825
3161 826
3162 83
3163 831
3164 832
3165 833
3166 834
3167 835
3168 836
3169 837
3170 838
3171 839
3172 840
3173 841
3174 842
3175 843
3176 844
3177 845
3178 846
3179 847
3180 848
3181 849
3182 85
3183 850
3184 857
3185 858
3186 859
3187 86
3188 860
3189 861
3190 862
3191 863
3192 864
3193 865
3194 866
3195 868
3196 870
3197 871
3198 872
3199 873
3200 874
3201 875
3202 876
3203 877
3204 878
3205 879
3206 880
3207 881
3208 882
3209 883
3210 884
3211 885
3212 886
3213 887
3214 888
3215 889
3216 890
3217 898
3218 897
3219 90
3220 900
3221 902
3222 903
3223 904
3224 905
3225 906
3226 907
3227 908
3228 909
3229 910
3230 911
3231 912
3232 913
3233 914
3234 915
3235 916
3236 917
3237 918
3238 919
3239 92
3240 920
3241 921
3242 922
3243 923
3244 925
3245 926
3246 928
3247 929
3248 93
3249 94
3250 930
3251 931
3252 932
3253 933
3254 937
3255 938
3256 940
3257 941
3258 942
3259 943
3260 945
3261 946
3262 947
3263 948
3264 949
3265 950
3266 951
3267 952
3268 953
3269 954
3270 955
3271 957
3272 958
3273 959
3274 960
3275 971
3276 972
3277 973
3278 974
3279 975
3280 976
3281 977
3282 978
3283 979
3284 980
3285 981
3286 982
3287 983
3288 984
3289 985
3290 986
3291 987
3292 988
3293 989
3294 990
3295 991
3296 992
3297 993
3298 994
3299 995
3300 996
3301 998
