0 AdvancedWalrusNotificationSystem
1 113
2 3429
3 DCMovers
4 3828
5 "Distance
6 Learning
7 Echofon
8 2280
9 26
10 3058
11 3517
12 8008
13 "Echofon
14 Android"
15 "Eco
16 Promotions"
17 "Flamingo
18 for
19 "German
20 Youtuber
21 GnutsBot
22 10980
23 10981
24 "Hootsuite
25 Inc."
26 Instagram
27 10007
28 10008
29 2956
30 358
31 "Mobile
32 Web
33 Resist
34 11938
35 12344
36 "Talon
37 "The
38 first
39 "TweetCaster
40 TweetDeck
41 10221
42 103
43 10652
44 1279
45 1367
46 162
47 180
48 1967
49 23
50 24
51 28
52 2967
53 2969
54 2970
55 2971
56 2972
57 2973
58 2974
59 2975
60 2976
61 3326
62 34
63 3608
64 4102
65 428
66 45
67 5594
68 6414
69 6473
70 6474
71 6476
72 6477
73 6478
74 6479
75 6480
76 8024
77 8271
78 "Tweetbot
79 "Twidere
80 "TwitPane
81 "Twitter
82 VaporwaveBot02
83 341
84 Webcomicnetwork
85 1345
86 bigil_bot
87 4596
88 4597
89 fdsrtw
90 11952
91 germantwitchsup
92 3925
93 506
94 507
95 nan
96 2006
97 2007
98 2009
99 "xvlog
100 application"
101 ക്രൂരൻ
102 8409
