0 0
1 1
2 100
3 101
4 1001
5 911
6 1002
7 181
8 1003
9 1000
10 1004
11 1005
12 1006
13 993
14 1007
15 1008
16 1009
17 1010
18 227
19 247
20 1011
21 1012
22 1013
23 5853
24 5854
25 1014
26 791
27 792
28 1015
29 53
30 1016
31 1017
32 85
33 1018
34 233
35 1019
36 102
37 103
38 26
39 1020
40 43
41 44
42 1021
43 1022
44 1023
45 1024
46 1025
47 1026
48 149
49 150
50 323
51 654
52 891
53 896
54 1027
55 859
56 1028
57 1029
58 1030
59 1031
60 68
61 1032
62 1033
63 1034
64 1035
65 1036
66 1037
67 1038
68 962
69 1039
70 334
71 104
72 105
73 1040
74 1041
75 1042
76 1043
77 1044
78 514
79 1045
80 1046
81 1047
82 819
83 820
84 821
85 1048
86 1049
87 586
88 928
89 93
90 1050
91 1051
92 1052
93 1053
94 1054
95 1055
96 1056
97 1057
98 1058
99 1059
100 146
101 106
102 107
103 1060
104 1061
105 1062
106 1063
107 1064
108 1065
109 1066
110 1067
111 1068
112 1069
113 1070
114 1071
115 1072
116 1073
117 1074
118 1075
119 1076
120 1077
121 1078
122 1079
123 108
124 1080
125 1081
126 1082
127 1083
128 90
129 1084
130 16
131 1085
132 1086
133 357
134 1087
135 1088
136 1089
137 109
138 110
139 111
140 1090
141 51
142 1091
143 389
144 1092
145 1093
146 1094
147 1095
148 1096
149 1097
150 1098
151 1099
152 11
153 12
154 1100
155 1101
156 1102
157 985
158 1103
159 1104
160 1105
161 1106
162 402
163 1107
164 1108
165 1109
166 1110
167 1111
168 1112
169 1113
170 1114
171 1115
172 1116
173 1117
174 1118
175 1119
176 112
177 113
178 1120
179 1121
180 1122
181 1123
182 1124
183 1125
184 447
185 1126
186 1127
187 785
188 1128
189 1129
190 1130
191 413
192 1131
193 1132
194 1133
195 1134
196 1135
197 1136
198 1137
199 122
200 211
201 1138
202 1139
203 114
204 115
205 1140
206 1141
207 87
208 1142
209 1143
210 1144
211 1145
212 1146
213 1147
214 1148
215 1149
216 1150
217 1151
218 1152
219 1153
220 1154
221 1155
222 1156
223 1157
224 1158
225 1159
226 1160
227 116
228 117
229 1161
230 1162
231 1163
232 1164
233 405
234 1165
235 1166
236 1167
237 1168
238 1169
239 1170
240 1171
241 1172
242 1173
243 1174
244 1175
245 1176
246 1177
247 1178
248 1179
249 118
250 119
251 120
252 121
253 123
254 1180
255 1181
256 1182
257 1183
258 1184
259 1185
260 1186
261 1187
262 1188
263 1189
264 1190
265 1191
266 691
267 1192
268 658
269 1193
270 1194
271 1195
272 1196
273 1197
274 1198
275 1199
276 1200
277 1201
278 1202
279 1203
280 1204
281 1205
282 1206
283 1207
284 1208
285 1209
286 1210
287 1211
288 1212
289 1213
290 1214
291 1215
292 1216
293 1217
294 1218
295 823
296 1219
297 47
298 1220
299 1221
300 1222
301 1223
302 1224
303 1225
304 1226
305 1227
306 1228
307 1229
308 1230
309 1231
310 1232
311 1233
312 1234
313 1235
314 4382
315 1236
316 1237
317 1238
318 1239
319 124
320 125
321 1240
322 1241
323 1242
324 1243
325 1244
326 1245
327 80
328 1246
329 1247
330 1248
331 1249
332 1250
333 1251
334 1252
335 1253
336 1254
337 1255
338 1256
339 1257
340 1258
341 1259
342 1260
343 140
344 126
345 41
346 1286
347 1707
348 339
349 7751
350 7752
351 7753
352 1261
353 505
354 598
355 599
356 1262
357 1263
358 1264
359 1265
360 1266
361 830
362 831
363 1267
364 1268
365 1269
366 127
367 1270
368 1271
369 1272
370 1273
371 1274
372 1275
373 222
374 1276
375 1277
376 1278
377 1279
378 1280
379 128
380 129
381 130
382 1281
383 1282
384 1283
385 1284
386 898
387 1285
388 220
389 3628
390 1287
391 1288
392 1289
393 1290
394 2923
395 1291
396 454
397 1292
398 629
399 1293
400 1294
401 591
402 1295
403 1296
404 1297
405 1298
406 206
407 1299
408 190
409 13
410 14
411 1300
412 1301
413 1302
414 1303
415 1304
416 1305
417 1306
418 1307
419 1308
420 1309
421 131
422 132
423 1310
424 370
425 1311
426 1312
427 1313
428 1314
429 1315
430 1316
431 313
432 1317
433 1318
434 242
435 1319
436 512
437 1320
438 1321
439 1322
440 1323
441 1324
442 1325
443 686
444 69
445 1326
446 1327
447 1328
448 321
449 1329
450 1330
451 133
452 134
453 1331
454 1332
455 1333
456 1334
457 1335
458 1336
459 797
460 1337
461 1338
462 1339
463 1340
464 1341
465 1342
466 1343
467 1344
468 75
469 1345
470 1346
471 1347
472 1348
473 1349
474 1350
475 135
476 1351
477 1352
478 1353
479 1354
480 1355
481 1356
482 1357
483 1358
484 1359
485 1360
486 136
487 1361
488 1362
489 1363
490 876
491 1364
492 1365
493 1366
494 1367
495 1368
496 1369
497 137
498 138
499 1370
500 1371
501 1372
502 1373
503 767
504 1374
505 1375
506 1376
507 1377
508 1378
509 1379
510 1380
511 1381
512 1382
513 1383
514 189
515 1384
516 1385
517 1386
518 1387
519 144
520 1388
521 1389
522 139
523 1390
524 1391
525 1392
526 1393
527 1394
528 1395
529 1396
530 1397
531 1398
532 1399
533 1400
534 1401
535 1402
536 1403
537 1404
538 1405
539 1406
540 1407
541 1408
542 1409
543 141
544 142
545 1410
546 1411
547 384
548 1412
549 971
550 1413
551 1414
552 1415
553 1416
554 363
555 1417
556 1418
557 1419
558 1420
559 1421
560 1422
561 1423
562 1424
563 1425
564 1426
565 1427
566 1428
567 1429
568 1430
569 143
570 1431
571 1432
572 1433
573 1434
574 1435
575 1436
576 1437
577 1438
578 1439
579 1440
580 1441
581 1442
582 1443
583 1444
584 1445
585 1446
586 1447
587 1448
588 1449
589 145
590 1450
591 1451
592 1452
593 1453
594 1454
595 1455
596 1456
597 1457
598 1458
599 1459
600 5901
601 1460
602 1461
603 1462
604 1463
605 1464
606 445
607 1465
608 272
609 877
610 1466
611 1467
612 1468
613 1469
614 147
615 148
616 1470
617 1471
618 1472
619 1473
620 1474
621 1475
622 1476
623 1477
624 1478
625 1479
626 1480
627 1481
628 1482
629 1483
630 1484
631 1485
632 1486
633 1487
634 1488
635 1489
636 1490
637 362
638 380
639 1491
640 1492
641 1493
642 1494
643 1495
644 1496
645 1497
646 1498
647 1499
648 15
649 1500
650 1501
651 1502
652 1503
653 1504
654 1505
655 1506
656 1507
657 1508
658 1509
659 1510
660 1511
661 1512
662 1513
663 151
664 1514
665 1515
666 1516
667 1517
668 1518
669 1519
670 152
671 1520
672 1521
673 1522
674 1523
675 1524
676 1525
677 1526
678 1527
679 1528
680 1529
681 1530
682 153
683 21
684 1531
685 1532
686 1533
687 1534
688 1535
689 1536
690 1537
691 1538
692 1539
693 154
694 155
695 1540
696 1541
697 1542
698 1543
699 1544
700 1545
701 1546
702 1547
703 1548
704 1549
705 1550
706 1551
707 1552
708 1553
709 1554
710 1555
711 1556
712 1557
713 1558
714 1559
715 156
716 157
717 1560
718 1561
719 1562
720 1563
721 1564
722 1565
723 1566
724 1567
725 1568
726 1569
727 1570
728 1571
729 1572
730 1573
731 1574
732 1575
733 1576
734 1577
735 1578
736 1579
737 158
738 159
739 160
740 161
741 1580
742 1581
743 1582
744 1583
745 1584
746 680
747 1585
748 1586
749 1587
750 1588
751 1589
752 4094
753 4174
754 4231
755 4546
756 5109
757 5110
758 5111
759 5112
760 8558
761 8559
762 8560
763 8561
764 8562
765 8563
766 1590
767 1591
768 1592
769 1593
770 1594
771 1595
772 4530
773 1596
774 1597
775 1598
776 1599
777 1600
778 1601
779 1602
780 1603
781 1604
782 1605
783 1606
784 1607
785 1608
786 1609
787 1610
788 1611
789 1612
790 1613
791 1614
792 1615
793 1616
794 1617
795 626
796 1618
797 1619
798 162
799 24
800 1620
801 1621
802 1622
803 1623
804 1624
805 1625
806 1626
807 1627
808 1628
809 1629
810 163
811 164
812 1630
813 1631
814 1632
815 1633
816 1634
817 1635
818 1636
819 788
820 1637
821 1638
822 1639
823 8503
824 1640
825 1641
826 1642
827 1643
828 1644
829 1645
830 1646
831 1647
832 1648
833 1649
834 1650
835 165
836 166
837 1651
838 1652
839 1653
840 1654
841 1655
842 1656
843 1657
844 1658
845 1659
846 1660
847 1661
848 1662
849 1663
850 1664
851 260
852 1665
853 1666
854 1667
855 1668
856 1669
857 167
858 168
859 169
860 170
861 1670
862 1671
863 1672
864 1673
865 1674
866 1675
867 1676
868 1677
869 1678
870 1679
871 1680
872 1681
873 1682
874 1683
875 1684
876 1685
877 1686
878 1687
879 1688
880 1689
881 1690
882 1691
883 1692
884 1693
885 1694
886 1695
887 1696
888 1697
889 1698
890 689
891 1699
892 17
893 18
894 1700
895 1701
896 902
897 1702
898 1703
899 1704
900 1705
901 1706
902 1708
903 1709
904 171
905 172
906 1710
907 1711
908 1712
909 1713
910 1714
911 1715
912 1716
913 1717
914 1718
915 1719
916 1720
917 1721
918 1722
919 1723
920 1724
921 1725
922 1726
923 1727
924 1728
925 1729
926 173
927 1730
928 1731
929 1732
930 1733
931 1734
932 1982
933 1735
934 1736
935 1737
936 349
937 350
938 351
939 352
940 353
941 354
942 1738
943 1739
944 1740
945 174
946 175
947 1741
948 1742
949 1743
950 1744
951 1745
952 1746
953 1747
954 1748
955 1749
956 1750
957 1751
958 1752
959 1753
960 1754
961 1755
962 1756
963 1757
964 1758
965 1759
966 1760
967 1761
968 696
969 176
970 177
971 1762
972 1763
973 1764
974 1765
975 1766
976 1767
977 1768
978 1769
979 1770
980 1771
981 1772
982 1773
983 1774
984 297
985 1775
986 1776
987 1777
988 1778
989 1779
990 1780
991 178
992 1781
993 1782
994 1783
995 1784
996 1785
997 1786
998 1787
999 1788
1000 1789
1001 179
1002 1790
1003 1791
1004 1792
1005 1793
1006 1794
1007 1795
1008 1796
1009 1797
1010 1798
1011 1799
1012 180
1013 1800
1014 1801
1015 1802
1016 1803
1017 1804
1018 1805
1019 1806
1020 1807
1021 1808
1022 1809
1023 1810
1024 1811
1025 1812
1026 1813
1027 1814
1028 1815
1029 1816
1030 1817
1031 1818
1032 1819
1033 182
1034 183
1035 1820
1036 1821
1037 1822
1038 1823
1039 1824
1040 1825
1041 1826
1042 1827
1043 1828
1044 1829
1045 1830
1046 1831
1047 1832
1048 1833
1049 1834
1050 1835
1051 1836
1052 1837
1053 1838
1054 1839
1055 184
1056 1840
1057 1841
1058 1842
1059 1843
1060 1844
1061 1845
1062 1846
1063 1847
1064 1848
1065 1849
1066 185
1067 1850
1068 1851
1069 1852
1070 1853
1071 1854
1072 1855
1073 1856
1074 1857
1075 1858
1076 1859
1077 186
1078 187
1079 1860
1080 1861
1081 1862
1082 1863
1083 1864
1084 1865
1085 1866
1086 1867
1087 1868
1088 1869
1089 1870
1090 1871
1091 1872
1092 1873
1093 1874
1094 1875
1095 1876
1096 1877
1097 35
1098 36
1099 37
1100 1878
1101 1879
1102 188
1103 1880
1104 1881
1105 1882
1106 1883
1107 1884
1108 1885
1109 1886
1110 1887
1111 1888
1112 1889
1113 1890
1114 1891
1115 1892
1116 1893
1117 1894
1118 1895
1119 1896
1120 1897
1121 1898
1122 1899
1123 19
1124 1900
1125 1901
1126 1902
1127 1903
1128 1904
1129 1905
1130 1906
1131 1907
1132 1908
1133 1909
1134 191
1135 192
1136 1910
1137 1911
1138 1912
1139 1913
1140 1914
1141 1915
1142 1916
1143 1917
1144 1918
1145 1919
1146 1920
1147 1921
1148 1922
1149 1923
1150 1924
1151 1925
1152 1926
1153 1927
1154 2556
1155 2557
1156 2558
1157 2559
1158 2560
1159 1928
1160 1929
1161 193
1162 194
1163 1930
1164 1931
1165 1932
1166 1933
1167 1934
1168 1935
1169 1936
1170 1937
1171 1938
1172 1939
1173 1940
1174 1941
1175 1942
1176 1943
1177 1944
1178 1945
1179 1946
1180 1947
1181 1948
1182 1949
1183 195
1184 1950
1185 1951
1186 1952
1187 1953
1188 1954
1189 1955
1190 1956
1191 1957
1192 1958
1193 1959
1194 196
1195 197
1196 1960
1197 1961
1198 1962
1199 1963
1200 1964
1201 1965
1202 1966
1203 1967
1204 1968
1205 1969
1206 1970
1207 1971
1208 1972
1209 1973
1210 1974
1211 1975
1212 1976
1213 1977
1214 1978
1215 1979
1216 198
1217 1980
1218 1981
1219 1983
1220 1984
1221 1985
1222 1986
1223 1987
1224 1988
1225 1989
1226 199
1227 200
1228 1990
1229 1991
1230 1992
1231 1993
1232 1994
1233 1995
1234 1996
1235 1997
1236 1998
1237 1999
1238 2
1239 3
1240 4
1241 20
1242 2000
1243 2001
1244 2002
1245 2003
1246 2004
1247 2005
1248 2006
1249 2007
1250 2008
1251 2009
1252 201
1253 2010
1254 2011
1255 625
1256 2012
1257 2013
1258 2014
1259 2015
1260 2016
1261 2017
1262 2018
1263 2019
1264 202
1265 203
1266 204
1267 2020
1268 2021
1269 2022
1270 2023
1271 2024
1272 2025
1273 2026
1274 2027
1275 2028
1276 2029
1277 2030
1278 2031
1279 2032
1280 2033
1281 2034
1282 3270
1283 2035
1284 2036
1285 2037
1286 2038
1287 2039
1288 2040
1289 2041
1290 2042
1291 2043
1292 2044
1293 2045
1294 2046
1295 2047
1296 2048
1297 2049
1298 205
1299 2050
1300 2051
1301 2052
1302 2053
1303 2054
1304 2055
1305 2056
1306 2057
1307 2058
1308 2059
1309 2060
1310 2061
1311 2062
1312 2063
1313 2064
1314 2065
1315 2066
1316 2067
1317 2068
1318 2069
1319 207
1320 2070
1321 2071
1322 2072
1323 2073
1324 2074
1325 2075
1326 2076
1327 2077
1328 2078
1329 2079
1330 208
1331 209
1332 2080
1333 2081
1334 2082
1335 2083
1336 2084
1337 2085
1338 2086
1339 2087
1340 2088
1341 2089
1342 2090
1343 2091
1344 2092
1345 2093
1346 2094
1347 2095
1348 2096
1349 2097
1350 2098
1351 3450
1352 2099
1353 210
1354 2100
1355 960
1356 2101
1357 2102
1358 2103
1359 2104
1360 2105
1361 2106
1362 2107
1363 2108
1364 2109
1365 2110
1366 2111
1367 2112
1368 2113
1369 2114
1370 2115
1371 2116
1372 2117
1373 2118
1374 2119
1375 2120
1376 2121
1377 2122
1378 2123
1379 2124
1380 212
1381 2125
1382 2126
1383 2127
1384 2128
1385 2129
1386 213
1387 214
1388 2130
1389 2131
1390 2132
1391 2133
1392 2134
1393 2135
1394 2136
1395 2137
1396 2138
1397 2139
1398 2140
1399 2141
1400 2142
1401 2143
1402 2144
1403 2145
1404 2146
1405 2147
1406 2148
1407 2149
1408 215
1409 216
1410 2150
1411 2151
1412 2152
1413 2153
1414 2154
1415 2155
1416 2156
1417 2157
1418 2158
1419 2159
1420 2160
1421 2161
1422 2162
1423 2163
1424 2164
1425 2165
1426 2166
1427 2167
1428 2168
1429 2169
1430 217
1431 2170
1432 2171
1433 2172
1434 2173
1435 2174
1436 2175
1437 2176
1438 2177
1439 2178
1440 2179
1441 218
1442 2180
1443 2181
1444 2182
1445 2183
1446 2184
1447 2185
1448 2186
1449 2187
1450 774
1451 775
1452 776
1453 777
1454 2188
1455 2189
1456 219
1457 2190
1458 2191
1459 2192
1460 2193
1461 2194
1462 2195
1463 2196
1464 2197
1465 2198
1466 2199
1467 2200
1468 2201
1469 2202
1470 2203
1471 22
1472 10
1473 2204
1474 2205
1475 2206
1476 2207
1477 2208
1478 2209
1479 221
1480 2210
1481 2211
1482 2212
1483 2213
1484 2214
1485 2215
1486 2216
1487 2217
1488 2218
1489 2219
1490 2220
1491 2221
1492 2222
1493 2223
1494 2224
1495 2225
1496 2226
1497 2227
1498 2228
1499 2229
1500 223
1501 2230
1502 2231
1503 2232
1504 2233
1505 2234
1506 2235
1507 2236
1508 2237
1509 2238
1510 2239
1511 224
1512 225
1513 2240
1514 2241
1515 2242
1516 2243
1517 2244
1518 2245
1519 2246
1520 2247
1521 2248
1522 2249
1523 2250
1524 2251
1525 2252
1526 2253
1527 2254
1528 2255
1529 2256
1530 2257
1531 2258
1532 2259
1533 2260
1534 226
1535 2261
1536 2262
1537 2263
1538 2264
1539 2265
1540 2266
1541 2267
1542 2268
1543 2269
1544 2270
1545 2271
1546 2272
1547 2273
1548 2274
1549 2275
1550 2276
1551 2277
1552 2278
1553 2279
1554 754
1555 228
1556 2280
1557 2281
1558 2282
1559 2283
1560 2284
1561 2285
1562 2286
1563 2287
1564 2288
1565 2289
1566 2290
1567 229
1568 2291
1569 2292
1570 2293
1571 2294
1572 2295
1573 2296
1574 2297
1575 2298
1576 2299
1577 23
1578 230
1579 231
1580 2300
1581 2301
1582 2302
1583 2303
1584 2304
1585 2305
1586 2306
1587 2307
1588 2308
1589 2309
1590 2310
1591 2311
1592 2312
1593 2313
1594 2314
1595 2315
1596 2316
1597 2317
1598 2318
1599 2319
1600 232
1601 2320
1602 2321
1603 2322
1604 609
1605 2323
1606 2324
1607 2325
1608 988
1609 2326
1610 2327
1611 2328
1612 2329
1613 2330
1614 2331
1615 2332
1616 2333
1617 2334
1618 2335
1619 2336
1620 2337
1621 2338
1622 2339
1623 2340
1624 234
1625 235
1626 2341
1627 2342
1628 2343
1629 2344
1630 2345
1631 2346
1632 2347
1633 2348
1634 2349
1635 2350
1636 2351
1637 2352
1638 2353
1639 2354
1640 2355
1641 2356
1642 2357
1643 2358
1644 2359
1645 236
1646 237
1647 238
1648 2360
1649 2361
1650 2362
1651 2363
1652 751
1653 2364
1654 2365
1655 2366
1656 2367
1657 2368
1658 2369
1659 2370
1660 2371
1661 2372
1662 2373
1663 2374
1664 2375
1665 2376
1666 2377
1667 2378
1668 2379
1669 2380
1670 2381
1671 2382
1672 2383
1673 2384
1674 2385
1675 2386
1676 2387
1677 2388
1678 2389
1679 239
1680 240
1681 2390
1682 2391
1683 2392
1684 2393
1685 2394
1686 2395
1687 2396
1688 2397
1689 2398
1690 2399
1691 2400
1692 2401
1693 2402
1694 2403
1695 2404
1696 2405
1697 2406
1698 2407
1699 2408
1700 2409
1701 241
1702 2410
1703 2411
1704 2412
1705 2413
1706 2414
1707 2415
1708 2416
1709 2417
1710 2418
1711 2419
1712 2420
1713 2421
1714 2422
1715 2423
1716 2424
1717 2425
1718 2426
1719 2427
1720 2428
1721 2429
1722 243
1723 2430
1724 2431
1725 2432
1726 2433
1727 2434
1728 2435
1729 2436
1730 2437
1731 2438
1732 2439
1733 244
1734 245
1735 2440
1736 2441
1737 5088
1738 2442
1739 583
1740 2443
1741 2444
1742 2445
1743 2446
1744 2447
1745 2448
1746 2449
1747 2450
1748 2451
1749 2452
1750 2453
1751 2454
1752 2455
1753 2456
1754 2457
1755 2458
1756 2459
1757 2460
1758 246
1759 2461
1760 2462
1761 2463
1762 2464
1763 2465
1764 2466
1765 2467
1766 2468
1767 2469
1768 2470
1769 2471
1770 2472
1771 972
1772 2473
1773 2474
1774 2475
1775 2476
1776 2477
1777 2478
1778 2479
1779 248
1780 249
1781 2480
1782 2481
1783 2482
1784 2483
1785 2484
1786 2485
1787 2486
1788 2487
1789 2488
1790 2489
1791 2490
1792 2491
1793 2492
1794 2493
1795 2494
1796 2495
1797 2496
1798 2497
1799 2498
1800 2499
1801 2500
1802 2501
1803 2502
1804 2503
1805 2504
1806 2505
1807 2506
1808 2507
1809 2508
1810 2509
1811 2510
1812 2511
1813 2512
1814 2513
1815 2514
1816 2515
1817 2516
1818 2517
1819 2518
1820 2519
1821 2520
1822 25
1823 250
1824 251
1825 252
1826 2521
1827 2522
1828 2523
1829 2524
1830 6122
1831 2525
1832 2526
1833 2527
1834 2528
1835 2529
1836 253
1837 254
1838 2530
1839 2531
1840 2532
1841 2533
1842 2534
1843 2535
1844 3909
1845 2536
1846 2537
1847 2538
1848 2539
1849 2540
1850 2541
1851 2542
1852 2543
1853 2544
1854 2545
1855 2546
1856 2547
1857 2548
1858 2549
1859 255
1860 2550
1861 2551
1862 2552
1863 2553
1864 2554
1865 2555
1866 256
1867 2561
1868 2562
1869 2563
1870 2564
1871 2565
1872 2566
1873 2567
1874 2568
1875 2569
1876 257
1877 39
1878 2570
1879 2571
1880 2572
1881 2573
1882 2574
1883 2575
1884 2576
1885 2577
1886 2578
1887 2579
1888 258
1889 2580
1890 2581
1891 2582
1892 2583
1893 2584
1894 2585
1895 2586
1896 2587
1897 2588
1898 2589
1899 259
1900 2590
1901 863
1902 2591
1903 2592
1904 2593
1905 2594
1906 2595
1907 2596
1908 2597
1909 2598
1910 2599
1911 292
1912 306
1913 7044
1914 7493
1915 7550
1916 8218
1917 2600
1918 2601
1919 2602
1920 2603
1921 2604
1922 2605
1923 2606
1924 2607
1925 2608
1926 2609
1927 261
1928 2610
1929 2611
1930 2612
1931 2613
1932 2614
1933 2615
1934 2616
1935 2617
1936 2618
1937 2619
1938 2620
1939 2621
1940 262
1941 263
1942 2622
1943 2623
1944 2624
1945 2625
1946 2626
1947 2627
1948 2628
1949 2629
1950 2630
1951 2631
1952 2632
1953 2633
1954 2634
1955 2635
1956 2636
1957 2637
1958 2638
1959 2639
1960 264
1961 265
1962 2640
1963 2641
1964 2642
1965 2643
1966 2644
1967 2645
1968 2646
1969 2647
1970 2648
1971 427
1972 2649
1973 2650
1974 2651
1975 2652
1976 97
1977 2653
1978 2654
1979 2655
1980 2656
1981 2657
1982 276
1983 277
1984 2658
1985 2659
1986 266
1987 267
1988 2660
1989 2661
1990 2662
1991 2663
1992 2664
1993 2665
1994 2666
1995 2667
1996 2668
1997 2669
1998 2670
1999 2671
2000 2672
2001 2673
2002 2674
2003 2675
2004 2676
2005 2677
2006 2678
2007 2679
2008 268
2009 2680
2010 2681
2011 2682
2012 2683
2013 2684
2014 2685
2015 2686
2016 2687
2017 2688
2018 2689
2019 269
2020 270
2021 2690
2022 2691
2023 2692
2024 2693
2025 2694
2026 2695
2027 2696
2028 2697
2029 2698
2030 2699
2031 27
2032 28
2033 2700
2034 2701
2035 2702
2036 2703
2037 2704
2038 2705
2039 2706
2040 2707
2041 2708
2042 2709
2043 271
2044 2710
2045 2711
2046 2712
2047 83
2048 2713
2049 934
2050 2714
2051 2715
2052 2716
2053 2717
2054 2718
2055 2719
2056 2720
2057 2721
2058 2722
2059 2723
2060 2724
2061 2725
2062 2726
2063 2727
2064 2728
2065 2729
2066 273
2067 274
2068 2730
2069 2731
2070 2732
2071 2733
2072 2734
2073 2735
2074 2736
2075 2737
2076 2738
2077 2739
2078 2740
2079 2741
2080 2742
2081 2743
2082 2744
2083 2745
2084 2746
2085 2747
2086 2748
2087 2749
2088 275
2089 2750
2090 2751
2091 2752
2092 2753
2093 2754
2094 2755
2095 2756
2096 2757
2097 2758
2098 2759
2099 2760
2100 2761
2101 2762
2102 2763
2103 2764
2104 2765
2105 2766
2106 2767
2107 2768
2108 2769
2109 2770
2110 2771
2111 2772
2112 4247
2113 6487
2114 2773
2115 2774
2116 2775
2117 2776
2118 2777
2119 575
2120 2778
2121 2779
2122 278
2123 279
2124 2780
2125 2781
2126 2782
2127 2783
2128 2784
2129 2785
2130 2786
2131 2787
2132 2788
2133 2789
2134 2790
2135 2791
2136 2792
2137 2793
2138 2794
2139 2795
2140 2796
2141 2797
2142 2798
2143 2799
2144 280
2145 281
2146 2800
2147 577
2148 2801
2149 2802
2150 2803
2151 2804
2152 2805
2153 6952
2154 7414
2155 7415
2156 7416
2157 2806
2158 2807
2159 2808
2160 2809
2161 2810
2162 2811
2163 2812
2164 3098
2165 3586
2166 2813
2167 2814
2168 2815
2169 8649
2170 2816
2171 2817
2172 2818
2173 2819
2174 282
2175 283
2176 2820
2177 2821
2178 2822
2179 2823
2180 2824
2181 2825
2182 2826
2183 2827
2184 2828
2185 2829
2186 2830
2187 2831
2188 2832
2189 2833
2190 2834
2191 2835
2192 2836
2193 2837
2194 2838
2195 2839
2196 2840
2197 284
2198 2841
2199 2842
2200 2843
2201 2844
2202 2845
2203 2846
2204 2847
2205 2848
2206 2849
2207 2850
2208 285
2209 286
2210 2851
2211 2852
2212 2853
2213 2854
2214 2855
2215 2856
2216 2857
2217 2858
2218 2859
2219 4345
2220 2860
2221 2861
2222 2862
2223 2863
2224 2864
2225 2865
2226 2866
2227 2867
2228 2868
2229 2869
2230 2870
2231 2871
2232 287
2233 288
2234 2872
2235 2873
2236 2874
2237 2875
2238 2876
2239 2877
2240 2878
2241 2879
2242 2880
2243 2881
2244 2882
2245 2883
2246 2884
2247 2885
2248 2886
2249 2887
2250 2888
2251 2889
2252 289
2253 290
2254 2890
2255 2891
2256 2892
2257 2893
2258 2894
2259 2895
2260 2896
2261 2897
2262 2898
2263 2899
2264 29
2265 30
2266 2900
2267 2901
2268 2902
2269 2903
2270 2904
2271 2905
2272 2906
2273 2907
2274 2908
2275 364
2276 2909
2277 291
2278 2910
2279 2911
2280 2912
2281 2913
2282 2914
2283 2915
2284 2916
2285 2917
2286 2918
2287 2919
2288 2920
2289 2921
2290 2922
2291 2924
2292 2925
2293 2926
2294 2927
2295 2928
2296 2929
2297 293
2298 294
2299 2930
2300 2931
2301 2932
2302 2933
2303 2934
2304 2935
2305 2936
2306 2937
2307 2938
2308 2939
2309 2940
2310 2941
2311 2942
2312 2943
2313 2944
2314 2945
2315 3039
2316 3040
2317 3774
2318 3775
2319 3776
2320 3777
2321 3778
2322 3779
2323 2946
2324 2947
2325 2948
2326 2949
2327 295
2328 2950
2329 2951
2330 2952
2331 2953
2332 2954
2333 2955
2334 2956
2335 2957
2336 2958
2337 2959
2338 2960
2339 296
2340 2961
2341 2962
2342 2963
2343 2964
2344 2965
2345 2966
2346 2967
2347 2968
2348 2969
2349 2970
2350 2971
2351 2972
2352 2973
2353 2974
2354 2975
2355 2976
2356 2977
2357 2978
2358 2979
2359 298
2360 2980
2361 2981
2362 2982
2363 2983
2364 2984
2365 2985
2366 2986
2367 2987
2368 2988
2369 2989
2370 2990
2371 2991
2372 2992
2373 2993
2374 2994
2375 2995
2376 2996
2377 2997
2378 299
2379 2998
2380 2999
2381 476
2382 300
2383 301
2384 302
2385 3000
2386 3001
2387 3002
2388 3003
2389 3004
2390 3005
2391 3006
2392 3007
2393 3008
2394 3009
2395 3010
2396 3011
2397 3012
2398 3013
2399 3014
2400 3015
2401 3016
2402 3017
2403 3018
2404 3019
2405 3020
2406 3021
2407 3022
2408 3023
2409 3024
2410 3025
2411 3026
2412 3027
2413 3028
2414 3029
2415 303
2416 304
2417 3030
2418 3031
2419 3032
2420 3033
2421 3034
2422 3035
2423 3036
2424 3037
2425 3038
2426 3041
2427 3042
2428 3043
2429 3044
2430 3045
2431 3046
2432 3047
2433 3048
2434 3049
2435 3050
2436 305
2437 307
2438 3051
2439 3052
2440 3053
2441 3054
2442 3055
2443 3056
2444 3057
2445 3058
2446 3059
2447 3060
2448 3061
2449 3062
2450 3063
2451 3064
2452 3065
2453 3066
2454 3067
2455 3068
2456 3069
2457 3070
2458 3071
2459 3072
2460 3073
2461 3074
2462 3075
2463 3076
2464 3077
2465 3078
2466 3079
2467 3080
2468 308
2469 3081
2470 3082
2471 3083
2472 3084
2473 3085
2474 3086
2475 3087
2476 3088
2477 3089
2478 309
2479 3090
2480 3091
2481 3092
2482 3093
2483 6773
2484 3094
2485 3095
2486 3096
2487 3097
2488 3099
2489 31
2490 310
2491 311
2492 3100
2493 3101
2494 3102
2495 3103
2496 3104
2497 3105
2498 3106
2499 3107
2500 3108
2501 3109
2502 3110
2503 3111
2504 3112
2505 3113
2506 3114
2507 3115
2508 3116
2509 3117
2510 3118
2511 3119
2512 312
2513 3120
2514 3121
2515 3122
2516 3123
2517 3124
2518 3125
2519 3126
2520 3127
2521 3128
2522 3129
2523 3130
2524 3131
2525 3132
2526 3133
2527 3134
2528 3135
2529 3136
2530 3137
2531 3138
2532 3139
2533 314
2534 3140
2535 3141
2536 3142
2537 3143
2538 3144
2539 3145
2540 3146
2541 3147
2542 3148
2543 4371
2544 3149
2545 3150
2546 3151
2547 3152
2548 3153
2549 315
2550 316
2551 317
2552 3154
2553 3155
2554 3156
2555 3157
2556 3158
2557 3159
2558 49
2559 3160
2560 3161
2561 4296
2562 3162
2563 3163
2564 3164
2565 3165
2566 3166
2567 3167
2568 3168
2569 3169
2570 3170
2571 3171
2572 3172
2573 3173
2574 3174
2575 3175
2576 3176
2577 3177
2578 3178
2579 343
2580 3179
2581 318
2582 319
2583 3180
2584 3181
2585 3182
2586 3183
2587 3184
2588 3185
2589 3186
2590 3187
2591 3188
2592 3189
2593 3190
2594 3191
2595 3192
2596 3193
2597 3194
2598 3195
2599 3196
2600 3197
2601 3198
2602 3199
2603 32
2604 33
2605 320
2606 3200
2607 3201
2608 3202
2609 3203
2610 3204
2611 3205
2612 3206
2613 3207
2614 3208
2615 3209
2616 3210
2617 3211
2618 3212
2619 3213
2620 3214
2621 3215
2622 3216
2623 3217
2624 3218
2625 3219
2626 322
2627 3220
2628 3221
2629 3222
2630 3223
2631 3224
2632 3225
2633 3226
2634 643
2635 3227
2636 3228
2637 3229
2638 3230
2639 3231
2640 3232
2641 3233
2642 3234
2643 3235
2644 3236
2645 3237
2646 3238
2647 3239
2648 324
2649 325
2650 3240
2651 3241
2652 3242
2653 438
2654 439
2655 440
2656 3243
2657 649
2658 3244
2659 3245
2660 3246
2661 3247
2662 3248
2663 3249
2664 3250
2665 3251
2666 3252
2667 3253
2668 3254
2669 3255
2670 3256
2671 3257
2672 3258
2673 3259
2674 3260
2675 326
2676 327
2677 3261
2678 3262
2679 3263
2680 3264
2681 3265
2682 3266
2683 3267
2684 3268
2685 3269
2686 3271
2687 3272
2688 3273
2689 3274
2690 3275
2691 3276
2692 3277
2693 3278
2694 3279
2695 328
2696 3280
2697 3281
2698 3282
2699 3283
2700 3284
2701 3285
2702 3286
2703 3287
2704 3288
2705 3289
2706 329
2707 330
2708 3290
2709 3291
2710 3292
2711 3293
2712 3294
2713 3295
2714 3296
2715 3297
2716 3298
2717 3299
2718 3300
2719 3301
2720 3302
2721 3303
2722 3304
2723 3305
2724 3306
2725 3307
2726 3308
2727 3309
2728 3310
2729 331
2730 3311
2731 3312
2732 3313
2733 3314
2734 3315
2735 3316
2736 3317
2737 3318
2738 3319
2739 332
2740 3320
2741 3321
2742 3322
2743 3323
2744 3324
2745 3325
2746 3326
2747 3327
2748 3328
2749 3329
2750 333
2751 3330
2752 3331
2753 3332
2754 3333
2755 3334
2756 3335
2757 3336
2758 3337
2759 3338
2760 3339
2761 7708
2762 7725
2763 849
2764 3340
2765 3341
2766 3342
2767 3343
2768 3344
2769 3345
2770 3346
2771 3347
2772 3348
2773 3349
2774 335
2775 3350
2776 3351
2777 3352
2778 3353
2779 3354
2780 3355
2781 3356
2782 3357
2783 3358
2784 3359
2785 336
2786 3360
2787 3361
2788 3362
2789 3363
2790 3364
2791 3365
2792 3366
2793 3367
2794 3368
2795 3369
2796 337
2797 338
2798 3370
2799 3371
2800 3372
2801 3373
2802 3374
2803 3375
2804 3376
2805 3377
2806 3378
2807 3379
2808 3380
2809 3381
2810 3382
2811 3383
2812 3384
2813 3385
2814 3386
2815 3387
2816 3388
2817 3389
2818 3390
2819 3391
2820 3392
2821 3393
2822 3394
2823 3395
2824 3396
2825 3397
2826 3398
2827 3399
2828 34
2829 340
2830 3400
2831 3401
2832 3402
2833 3403
2834 3404
2835 3405
2836 3406
2837 3407
2838 3408
2839 3409
2840 341
2841 3410
2842 3411
2843 3412
2844 3413
2845 3414
2846 3415
2847 3416
2848 3417
2849 3418
2850 3419
2851 342
2852 3420
2853 3421
2854 3422
2855 3423
2856 3424
2857 3425
2858 3426
2859 3427
2860 3428
2861 3429
2862 3430
2863 3431
2864 3432
2865 3433
2866 3434
2867 3435
2868 3436
2869 3437
2870 3438
2871 3439
2872 344
2873 3440
2874 3441
2875 3442
2876 3443
2877 3444
2878 3445
2879 3446
2880 3447
2881 3448
2882 3449
2883 345
2884 3451
2885 3452
2886 3453
2887 3454
2888 3455
2889 3456
2890 3457
2891 3458
2892 3459
2893 346
2894 347
2895 3460
2896 3461
2897 3462
2898 3463
2899 3464
2900 3465
2901 3466
2902 3467
2903 3468
2904 3469
2905 3470
2906 3471
2907 3472
2908 3473
2909 3474
2910 3475
2911 3476
2912 3477
2913 3478
2914 3479
2915 348
2916 3480
2917 469
2918 3481
2919 3482
2920 3483
2921 3484
2922 3485
2923 3486
2924 3487
2925 3488
2926 3489
2927 3490
2928 3491
2929 3492
2930 3493
2931 3494
2932 3495
2933 3496
2934 3497
2935 3498
2936 3499
2937 7630
2938 3500
2939 3501
2940 3502
2941 3503
2942 3504
2943 3505
2944 3506
2945 3507
2946 3508
2947 3509
2948 3510
2949 3511
2950 3512
2951 3513
2952 3514
2953 3515
2954 3516
2955 3517
2956 3518
2957 3519
2958 3520
2959 3521
2960 3522
2961 3523
2962 3524
2963 3525
2964 3526
2965 3527
2966 3528
2967 3529
2968 3530
2969 3531
2970 3532
2971 3533
2972 3534
2973 3535
2974 3536
2975 3537
2976 3538
2977 3539
2978 3540
2979 3541
2980 3542
2981 3543
2982 3544
2983 3545
2984 3546
2985 3547
2986 3548
2987 3549
2988 355
2989 356
2990 358
2991 3550
2992 3551
2993 3552
2994 3553
2995 3554
2996 3555
2997 3556
2998 3557
2999 3558
3000 3559
3001 3560
3002 3561
3003 3562
3004 3563
3005 3564
3006 3565
3007 3566
3008 3567
3009 3568
3010 3569
3011 3570
3012 3571
3013 3572
3014 3573
3015 3574
3016 3575
3017 3576
3018 3577
3019 3578
3020 3579
3021 3580
3022 3581
3023 3582
3024 3583
3025 3584
3026 3585
3027 3587
3028 3588
3029 3589
3030 359
3031 3590
3032 3591
3033 3592
3034 3593
3035 3594
3036 3595
3037 3596
3038 3597
3039 3598
3040 3599
3041 360
3042 361
3043 3600
3044 3601
3045 3602
3046 3603
3047 3604
3048 3605
3049 3606
3050 3607
3051 3608
3052 3609
3053 3610
3054 3611
3055 3612
3056 3613
3057 3614
3058 3615
3059 3616
3060 3617
3061 3618
3062 3619
3063 3620
3064 3621
3065 3622
3066 3623
3067 3624
3068 3625
3069 3626
3070 3627
3071 3629
3072 3630
3073 3631
3074 3632
3075 3633
3076 3634
3077 3635
3078 3636
3079 3637
3080 3638
3081 3639
3082 3640
3083 3641
3084 3642
3085 3643
3086 3644
3087 3645
3088 3646
3089 3647
3090 3648
3091 3649
3092 365
3093 366
3094 3650
3095 3651
3096 3652
3097 3653
3098 3654
3099 3655
3100 3656
3101 3657
3102 3658
3103 3659
3104 3660
3105 3661
3106 3662
3107 3663
3108 3664
3109 3665
3110 3666
3111 3667
3112 3668
3113 3669
3114 367
3115 3670
3116 3671
3117 3672
3118 3673
3119 3674
3120 3675
3121 3676
3122 3677
3123 3678
3124 3679
3125 368
3126 3680
3127 3681
3128 3682
3129 3683
3130 3684
3131 3685
3132 3686
3133 3687
3134 3688
3135 3689
3136 369
3137 3690
3138 3691
3139 3692
3140 3693
3141 3694
3142 3695
3143 3696
3144 3697
3145 3698
3146 3699
3147 3700
3148 3701
3149 3702
3150 3703
3151 3704
3152 3705
3153 3706
3154 3707
3155 3708
3156 3709
3157 3710
3158 371
3159 3711
3160 3712
3161 3713
3162 3714
3163 3715
3164 3716
3165 3717
3166 6831
3167 3718
3168 3719
3169 3720
3170 372
3171 373
3172 3721
3173 3722
3174 3723
3175 3724
3176 3725
3177 3726
3178 3727
3179 3728
3180 3729
3181 3730
3182 3731
3183 3732
3184 3733
3185 3734
3186 3735
3187 3736
3188 3737
3189 3738
3190 3739
3191 3740
3192 3741
3193 3742
3194 3743
3195 3744
3196 3745
3197 3746
3198 3747
3199 3748
3200 3749
3201 3750
3202 3751
3203 3752
3204 3753
3205 3754
3206 3755
3207 3756
3208 3757
3209 3758
3210 374
3211 375
3212 3759
3213 376
3214 3760
3215 3761
3216 3762
3217 3763
3218 3764
3219 3765
3220 3766
3221 3767
3222 3768
3223 3769
3224 377
3225 3770
3226 3771
3227 3772
3228 3773
3229 378
3230 3780
3231 3781
3232 3782
3233 3783
3234 3784
3235 3785
3236 3786
3237 3787
3238 3788
3239 3789
3240 379
3241 3790
3242 3791
3243 3792
3244 3793
3245 3794
3246 3795
3247 3796
3248 3797
3249 3798
3250 3799
3251 38
3252 3800
3253 3801
3254 3802
3255 3803
3256 3804
3257 3805
3258 3806
3259 617
3260 3807
3261 3808
3262 3809
3263 381
3264 382
3265 3810
3266 3811
3267 3812
3268 3813
3269 3814
3270 3815
3271 3816
3272 3817
3273 3818
3274 3819
3275 3820
3276 3821
3277 3822
3278 3823
3279 3824
3280 3825
3281 3826
3282 3827
3283 3828
3284 3829
3285 3830
3286 383
3287 3831
3288 3832
3289 3833
3290 3834
3291 3835
3292 3836
3293 3837
3294 3838
3295 3839
3296 3840
3297 3841
3298 3842
3299 3843
3300 3844
3301 3845
3302 3846
3303 3847
3304 3848
3305 3849
3306 385
3307 3850
3308 3851
3309 3852
3310 3853
3311 3854
3312 3855
3313 715
3314 3856
3315 3857
3316 3858
3317 3859
3318 386
3319 387
3320 3860
3321 3861
3322 3862
3323 3863
3324 3864
3325 3865
3326 3866
3327 3867
3328 3868
3329 3869
3330 3870
3331 3871
3332 3872
3333 3873
3334 3874
3335 3875
3336 3876
3337 3877
3338 3878
3339 3879
3340 388
3341 3880
3342 3881
3343 3882
3344 3883
3345 3884
3346 3885
3347 6916
3348 3886
3349 3887
3350 3888
3351 3889
3352 3890
3353 3891
3354 3892
3355 3893
3356 3894
3357 3895
3358 3896
3359 3897
3360 3898
3361 3899
3362 390
3363 3900
3364 3901
3365 3902
3366 3903
3367 3904
3368 3905
3369 3906
3370 3907
3371 3908
3372 391
3373 392
3374 3910
3375 3911
3376 3912
3377 3913
3378 3914
3379 3915
3380 3916
3381 3917
3382 3918
3383 3919
3384 3920
3385 3921
3386 3922
3387 3923
3388 3924
3389 3925
3390 3926
3391 3927
3392 3928
3393 3929
3394 393
3395 3930
3396 3931
3397 3932
3398 3933
3399 3934
3400 3935
3401 5136
3402 3936
3403 3937
3404 3938
3405 3939
3406 394
3407 3940
3408 3941
3409 3942
3410 3943
3411 3944
3412 3945
3413 3946
3414 3947
3415 3948
3416 3949
3417 3950
3418 395
3419 396
3420 3951
3421 3952
3422 3953
3423 3954
3424 3955
3425 3956
3426 3957
3427 3958
3428 3959
3429 3960
3430 3961
3431 3962
3432 3963
3433 3964
3434 8219
3435 8220
3436 8221
3437 8222
3438 8223
3439 8224
3440 8225
3441 3965
3442 3966
3443 3967
3444 3968
3445 3969
3446 397
3447 3970
3448 3971
3449 3972
3450 3973
3451 3974
3452 3975
3453 3976
3454 3977
3455 3978
3456 3979
3457 398
3458 3980
3459 3981
3460 3982
3461 3983
3462 3984
3463 3985
3464 3986
3465 3987
3466 3988
3467 3989
3468 399
3469 3990
3470 3991
3471 3992
3472 3993
3473 3994
3474 3995
3475 3996
3476 3997
3477 3998
3478 3999
3479 40
3480 400
3481 4000
3482 4001
3483 4690
3484 4002
3485 4003
3486 4004
3487 4005
3488 4006
3489 4007
3490 4008
3491 4009
3492 401
3493 4010
3494 4011
3495 4012
3496 4013
3497 4014
3498 4015
3499 4016
3500 4017
3501 4018
3502 4019
3503 4020
3504 4021
3505 4022
3506 4023
3507 4024
3508 4025
3509 4026
3510 4027
3511 4028
3512 4029
3513 4030
3514 4031
3515 403
3516 4032
3517 4033
3518 4034
3519 4035
3520 4036
3521 4037
3522 4038
3523 4039
3524 404
3525 4040
3526 4041
3527 4042
3528 4043
3529 4044
3530 4045
3531 4046
3532 4047
3533 4048
3534 4049
3535 4050
3536 4051
3537 4052
3538 4053
3539 4054
3540 4055
3541 4056
3542 4057
3543 4058
3544 4059
3545 406
3546 407
3547 4060
3548 4061
3549 882
3550 4062
3551 4063
3552 4064
3553 4065
3554 4066
3555 4067
3556 4068
3557 4069
3558 4070
3559 4071
3560 4072
3561 4073
3562 4074
3563 4075
3564 4076
3565 4077
3566 4078
3567 4079
3568 408
3569 409
3570 4080
3571 4081
3572 4082
3573 4083
3574 4084
3575 4085
3576 4086
3577 4087
3578 4088
3579 4089
3580 4090
3581 4091
3582 4092
3583 4093
3584 4095
3585 4096
3586 4097
3587 4098
3588 4099
3589 4347
3590 410
3591 411
3592 4100
3593 4101
3594 4102
3595 4103
3596 4104
3597 4105
3598 4106
3599 4107
3600 4108
3601 4109
3602 4110
3603 4111
3604 4112
3605 4113
3606 4114
3607 4115
3608 4116
3609 4117
3610 4118
3611 4119
3612 412
3613 4120
3614 4121
3615 4122
3616 4123
3617 4124
3618 4125
3619 4126
3620 4127
3621 4128
3622 4129
3623 4130
3624 4131
3625 4132
3626 4133
3627 4134
3628 4135
3629 4136
3630 4137
3631 4138
3632 4139
3633 414
3634 4140
3635 4141
3636 4142
3637 4143
3638 4144
3639 4145
3640 4146
3641 4147
3642 4148
3643 4149
3644 415
3645 4150
3646 4151
3647 4152
3648 4153
3649 4154
3650 4155
3651 4156
3652 4157
3653 4158
3654 4159
3655 416
3656 4160
3657 4161
3658 4162
3659 4163
3660 4164
3661 4165
3662 4166
3663 4167
3664 4168
3665 4169
3666 417
3667 418
3668 4170
3669 4171
3670 4172
3671 4173
3672 4175
3673 4176
3674 4177
3675 4178
3676 4179
3677 4180
3678 4181
3679 4182
3680 4183
3681 4184
3682 4185
3683 4186
3684 4187
3685 4188
3686 4189
3687 419
3688 420
3689 4190
3690 4191
3691 4192
3692 4193
3693 7716
3694 7717
3695 7718
3696 4194
3697 4195
3698 4196
3699 4197
3700 4198
3701 4199
3702 42
3703 4200
3704 4201
3705 4202
3706 4203
3707 4204
3708 4205
3709 4206
3710 4207
3711 4208
3712 4209
3713 4210
3714 4211
3715 4212
3716 4213
3717 4214
3718 4215
3719 4216
3720 4217
3721 4218
3722 421
3723 422
3724 423
3725 424
3726 425
3727 426
3728 4219
3729 4220
3730 4221
3731 4222
3732 4223
3733 4224
3734 4225
3735 4226
3736 4227
3737 4228
3738 4229
3739 4230
3740 685
3741 4232
3742 4233
3743 4234
3744 4235
3745 4236
3746 4237
3747 4238
3748 4239
3749 4660
3750 4662
3751 4240
3752 965
3753 4241
3754 4242
3755 4243
3756 4244
3757 4245
3758 4246
3759 4248
3760 4249
3761 4250
3762 4251
3763 4252
3764 4253
3765 4254
3766 4255
3767 4256
3768 4257
3769 4258
3770 4259
3771 4260
3772 4261
3773 4262
3774 4263
3775 4264
3776 4265
3777 4266
3778 4267
3779 4268
3780 4269
3781 4270
3782 4271
3783 4272
3784 4273
3785 4274
3786 4275
3787 4276
3788 4277
3789 4278
3790 4279
3791 692
3792 428
3793 4280
3794 4281
3795 4282
3796 4283
3797 4284
3798 4285
3799 4286
3800 4287
3801 4288
3802 4289
3803 429
3804 4290
3805 4291
3806 4292
3807 4293
3808 4294
3809 4295
3810 4297
3811 671
3812 4298
3813 4299
3814 430
3815 4300
3816 4301
3817 4302
3818 4303
3819 4304
3820 4305
3821 4306
3822 4307
3823 4308
3824 4309
3825 431
3826 432
3827 4310
3828 4311
3829 4312
3830 4313
3831 4314
3832 4315
3833 4316
3834 4317
3835 4318
3836 4319
3837 4320
3838 4321
3839 4322
3840 4323
3841 4324
3842 4325
3843 4326
3844 4327
3845 4328
3846 4329
3847 4330
3848 4331
3849 4332
3850 433
3851 4333
3852 4334
3853 4335
3854 4336
3855 4337
3856 4338
3857 4339
3858 434
3859 435
3860 4340
3861 4341
3862 4342
3863 4343
3864 4344
3865 4346
3866 4348
3867 4349
3868 4350
3869 4351
3870 4352
3871 4353
3872 4354
3873 4355
3874 4356
3875 4357
3876 4358
3877 4359
3878 436
3879 4360
3880 4361
3881 4362
3882 4363
3883 4364
3884 4365
3885 4366
3886 4367
3887 4368
3888 4369
3889 437
3890 4370
3891 4372
3892 4373
3893 4374
3894 4375
3895 4376
3896 4377
3897 4378
3898 4379
3899 4380
3900 4381
3901 4383
3902 4384
3903 4385
3904 4386
3905 4387
3906 4388
3907 4389
3908 4390
3909 4391
3910 4392
3911 4393
3912 4394
3913 4395
3914 4396
3915 4397
3916 4398
3917 4399
3918 4400
3919 4401
3920 4402
3921 4403
3922 4404
3923 4405
3924 4406
3925 4407
3926 4408
3927 4409
3928 441
3929 4410
3930 4411
3931 4412
3932 4413
3933 4414
3934 4415
3935 4416
3936 4417
3937 4418
3938 4419
3939 4420
3940 442
3941 4761
3942 6640
3943 4421
3944 4422
3945 4423
3946 4424
3947 4425
3948 4426
3949 4427
3950 4428
3951 4429
3952 443
3953 4430
3954 4431
3955 4432
3956 4433
3957 4434
3958 4435
3959 4436
3960 4437
3961 4438
3962 4439
3963 444
3964 4440
3965 4441
3966 4442
3967 4443
3968 4444
3969 4445
3970 4446
3971 4447
3972 4448
3973 4449
3974 4450
3975 4451
3976 4452
3977 4453
3978 4454
3979 4455
3980 4456
3981 4457
3982 4458
3983 4459
3984 446
3985 4460
3986 4461
3987 4462
3988 4463
3989 4464
3990 4465
3991 4466
3992 4467
3993 4468
3994 4469
3995 4470
3996 4471
3997 4472
3998 4473
3999 4474
4000 4475
4001 4476
4002 4477
4003 4478
4004 4479
4005 4480
4006 448
4007 4481
4008 4482
4009 4483
4010 4484
4011 4485
4012 4486
4013 4487
4014 4488
4015 4489
4016 4490
4017 4491
4018 4492
4019 4493
4020 4494
4021 4495
4022 4496
4023 4497
4024 4498
4025 4499
4026 4500
4027 4501
4028 4502
4029 4503
4030 4504
4031 4505
4032 4506
4033 4507
4034 4508
4035 4509
4036 449
4037 450
4038 45
4039 451
4040 452
4041 4510
4042 4511
4043 4512
4044 4513
4045 4514
4046 4515
4047 4516
4048 4517
4049 4518
4050 4519
4051 4520
4052 4521
4053 4522
4054 4523
4055 7344
4056 4524
4057 4525
4058 4526
4059 4527
4060 4528
4061 4529
4062 453
4063 4531
4064 4532
4065 4533
4066 4534
4067 4535
4068 4536
4069 4537
4070 4538
4071 4539
4072 4540
4073 4541
4074 4542
4075 4543
4076 4544
4077 4545
4078 4547
4079 4548
4080 4549
4081 455
4082 4550
4083 4551
4084 4552
4085 4553
4086 4554
4087 4555
4088 4556
4089 4557
4090 4558
4091 4559
4092 456
4093 457
4094 458
4095 4560
4096 4561
4097 4562
4098 4563
4099 4564
4100 4565
4101 4566
4102 4567
4103 4568
4104 4569
4105 4570
4106 4571
4107 4572
4108 4573
4109 4574
4110 4575
4111 4576
4112 4577
4113 4578
4114 4579
4115 4580
4116 4581
4117 4582
4118 4583
4119 4584
4120 4585
4121 4586
4122 4587
4123 4588
4124 4589
4125 459
4126 4590
4127 4591
4128 4592
4129 4593
4130 4594
4131 5684
4132 4595
4133 4596
4134 4597
4135 4598
4136 4599
4137 46
4138 460
4139 461
4140 4600
4141 4601
4142 4602
4143 4603
4144 4604
4145 4605
4146 4606
4147 4607
4148 4608
4149 4609
4150 4610
4151 4611
4152 4612
4153 4613
4154 4614
4155 4615
4156 4616
4157 4617
4158 4618
4159 4619
4160 4620
4161 462
4162 4621
4163 4622
4164 4623
4165 4624
4166 4625
4167 4626
4168 4627
4169 4628
4170 4629
4171 4630
4172 463
4173 464
4174 4631
4175 4632
4176 4633
4177 4634
4178 4635
4179 4636
4180 4637
4181 4638
4182 4639
4183 4640
4184 4641
4185 4642
4186 4643
4187 4644
4188 4645
4189 4646
4190 4647
4191 4648
4192 4649
4193 465
4194 466
4195 4650
4196 4651
4197 4652
4198 4653
4199 4654
4200 4655
4201 4656
4202 4657
4203 4658
4204 4659
4205 4661
4206 4663
4207 4664
4208 4665
4209 4666
4210 4667
4211 4668
4212 4669
4213 4670
4214 4671
4215 467
4216 4672
4217 4673
4218 4674
4219 4675
4220 4676
4221 4677
4222 4678
4223 4679
4224 468
4225 470
4226 471
4227 472
4228 4680
4229 4681
4230 4682
4231 4683
4232 4684
4233 4685
4234 4686
4235 4687
4236 4688
4237 4689
4238 4691
4239 4692
4240 4693
4241 4694
4242 4695
4243 4696
4244 4697
4245 4698
4246 4699
4247 4700
4248 4701
4249 4702
4250 4703
4251 4704
4252 4705
4253 4706
4254 4707
4255 4708
4256 4709
4257 4710
4258 4711
4259 4712
4260 4713
4261 4714
4262 4715
4263 4716
4264 4717
4265 4718
4266 4719
4267 4720
4268 4721
4269 4722
4270 4723
4271 4724
4272 4725
4273 4726
4274 4727
4275 4728
4276 4729
4277 4730
4278 473
4279 4731
4280 4732
4281 4733
4282 4734
4283 4735
4284 4736
4285 4737
4286 4738
4287 4739
4288 474
4289 4740
4290 4741
4291 4742
4292 4743
4293 4744
4294 4745
4295 4746
4296 4747
4297 4748
4298 4749
4299 475
4300 4750
4301 4751
4302 4752
4303 4753
4304 4754
4305 4755
4306 4756
4307 4757
4308 4758
4309 4759
4310 4760
4311 4762
4312 4763
4313 4764
4314 4765
4315 4766
4316 4767
4317 4768
4318 4770
4319 4769
4320 477
4321 478
4322 4771
4323 4772
4324 4773
4325 4774
4326 4775
4327 4776
4328 4777
4329 4778
4330 4779
4331 4780
4332 4781
4333 4782
4334 4783
4335 4784
4336 4785
4337 4786
4338 4787
4339 4788
4340 4789
4341 4790
4342 479
4343 4791
4344 4792
4345 4793
4346 4794
4347 4795
4348 4796
4349 4797
4350 4798
4351 4799
4352 48
4353 480
4354 481
4355 4800
4356 4801
4357 4802
4358 4803
4359 4804
4360 4805
4361 4806
4362 4807
4363 4808
4364 4809
4365 4810
4366 4811
4367 4812
4368 4813
4369 4814
4370 4815
4371 4816
4372 4817
4373 4818
4374 4819
4375 482
4376 4820
4377 4821
4378 4822
4379 4823
4380 4824
4381 4825
4382 4826
4383 4827
4384 4828
4385 4829
4386 483
4387 484
4388 4830
4389 4831
4390 4832
4391 4833
4392 4834
4393 4835
4394 4836
4395 4837
4396 4838
4397 4839
4398 4840
4399 4841
4400 4842
4401 5586
4402 4843
4403 4844
4404 4845
4405 4846
4406 4847
4407 4848
4408 4849
4409 485
4410 4850
4411 4851
4412 4852
4413 4853
4414 4854
4415 4855
4416 4856
4417 4857
4418 4858
4419 4859
4420 4860
4421 4861
4422 486
4423 487
4424 4862
4425 4863
4426 4864
4427 4865
4428 4866
4429 4867
4430 4868
4431 4869
4432 4870
4433 4871
4434 4872
4435 4873
4436 4874
4437 4875
4438 4876
4439 4877
4440 4878
4441 4879
4442 488
4443 489
4444 490
4445 491
4446 492
4447 493
4448 494
4449 495
4450 496
4451 497
4452 498
4453 499
4454 500
4455 501
4456 502
4457 4880
4458 4881
4459 4882
4460 4883
4461 4884
4462 4885
4463 4886
4464 4887
4465 4888
4466 4889
4467 4890
4468 4891
4469 4892
4470 4893
4471 4894
4472 4895
4473 4896
4474 4897
4475 4898
4476 4899
4477 5954
4478 4900
4479 4901
4480 4902
4481 4903
4482 4904
4483 4905
4484 4906
4485 4907
4486 4908
4487 4909
4488 4910
4489 4911
4490 4912
4491 4913
4492 4914
4493 4915
4494 4916
4495 4917
4496 4918
4497 4919
4498 4920
4499 4921
4500 4922
4501 4923
4502 4924
4503 4925
4504 4926
4505 4927
4506 4928
4507 4929
4508 4930
4509 4931
4510 4932
4511 4933
4512 4934
4513 4935
4514 4936
4515 4937
4516 4938
4517 4939
4518 4940
4519 4941
4520 4942
4521 4943
4522 4944
4523 4945
4524 4946
4525 4947
4526 4948
4527 4949
4528 4950
4529 4951
4530 4952
4531 4953
4532 4954
4533 4955
4534 4956
4535 4957
4536 4958
4537 4959
4538 4960
4539 4961
4540 4962
4541 4963
4542 4964
4543 4965
4544 4966
4545 4967
4546 4968
4547 4969
4548 4970
4549 4971
4550 4972
4551 4973
4552 4974
4553 4975
4554 4976
4555 4977
4556 4978
4557 4979
4558 4980
4559 4981
4560 4982
4561 4983
4562 4984
4563 4985
4564 4986
4565 4987
4566 4988
4567 4989
4568 4990
4569 4991
4570 4992
4571 4993
4572 4994
4573 4995
4574 4996
4575 4997
4576 4998
4577 4999
4578 5
4579 6
4580 50
4581 5000
4582 5001
4583 5002
4584 5003
4585 5004
4586 5005
4587 5006
4588 5007
4589 5008
4590 5009
4591 5010
4592 5011
4593 5012
4594 5013
4595 5014
4596 5015
4597 5016
4598 5017
4599 5018
4600 5019
4601 5020
4602 5021
4603 5022
4604 5023
4605 5024
4606 5025
4607 5026
4608 5027
4609 5028
4610 5029
4611 503
4612 5030
4613 5031
4614 5032
4615 5033
4616 5034
4617 5035
4618 5036
4619 5037
4620 5038
4621 5039
4622 5040
4623 504
4624 5041
4625 5042
4626 5043
4627 5044
4628 5045
4629 5046
4630 5047
4631 5048
4632 5049
4633 5050
4634 5051
4635 5052
4636 5053
4637 5054
4638 5055
4639 5056
4640 5057
4641 5058
4642 5059
4643 506
4644 5060
4645 5061
4646 5062
4647 5063
4648 5064
4649 5065
4650 5066
4651 5067
4652 5068
4653 5069
4654 507
4655 5070
4656 5071
4657 5072
4658 5073
4659 5074
4660 5075
4661 5076
4662 5077
4663 5078
4664 5079
4665 5080
4666 508
4667 5081
4668 5082
4669 5083
4670 5084
4671 5085
4672 5086
4673 5087
4674 5428
4675 5976
4676 5089
4677 509
4678 5090
4679 5091
4680 5092
4681 5093
4682 5094
4683 5095
4684 5096
4685 5097
4686 5098
4687 5099
4688 510
4689 5100
4690 5101
4691 5102
4692 5103
4693 5104
4694 5105
4695 5106
4696 5107
4697 5108
4698 511
4699 5113
4700 5114
4701 5115
4702 5116
4703 5117
4704 5118
4705 5119
4706 5120
4707 5121
4708 5122
4709 5123
4710 5124
4711 5125
4712 5126
4713 5127
4714 5128
4715 5129
4716 513
4717 5130
4718 5131
4719 5132
4720 5133
4721 5134
4722 5135
4723 5137
4724 5138
4725 5139
4726 5140
4727 5141
4728 5142
4729 5143
4730 5144
4731 5145
4732 5146
4733 5147
4734 5148
4735 5149
4736 515
4737 516
4738 5150
4739 5151
4740 5152
4741 5153
4742 5154
4743 5155
4744 5156
4745 5157
4746 5158
4747 5159
4748 5160
4749 5161
4750 5833
4751 5162
4752 5163
4753 5164
4754 5165
4755 5166
4756 5167
4757 5168
4758 5169
4759 517
4760 5170
4761 5171
4762 5172
4763 5173
4764 5174
4765 5175
4766 5176
4767 5177
4768 5178
4769 5179
4770 5180
4771 518
4772 519
4773 5181
4774 5182
4775 5183
4776 5184
4777 5185
4778 5186
4779 5187
4780 5188
4781 5189
4782 5190
4783 5191
4784 5192
4785 5193
4786 5194
4787 5195
4788 5196
4789 5197
4790 5198
4791 5199
4792 52
4793 520
4794 521
4795 5200
4796 5201
4797 5202
4798 5203
4799 5204
4800 5205
4801 5206
4802 5207
4803 5208
4804 7020
4805 5209
4806 5210
4807 5211
4808 5212
4809 5213
4810 5214
4811 5215
4812 5216
4813 5217
4814 5218
4815 5219
4816 522
4817 5220
4818 5221
4819 5222
4820 5223
4821 5224
4822 5225
4823 5226
4824 5227
4825 5228
4826 5229
4827 523
4828 524
4829 5230
4830 5231
4831 5232
4832 5233
4833 5234
4834 5235
4835 5236
4836 5237
4837 5238
4838 5239
4839 5240
4840 5241
4841 5242
4842 5243
4843 5244
4844 5245
4845 5246
4846 5247
4847 5248
4848 5249
4849 5250
4850 525
4851 5251
4852 5252
4853 5253
4854 5254
4855 5255
4856 5256
4857 5257
4858 5258
4859 5259
4860 526
4861 5260
4862 5261
4863 5262
4864 5263
4865 5264
4866 5265
4867 5266
4868 5267
4869 5268
4870 5269
4871 5270
4872 527
4873 5271
4874 5272
4875 5273
4876 5538
4877 5274
4878 5275
4879 5276
4880 5277
4881 5278
4882 5279
4883 528
4884 5280
4885 5281
4886 5282
4887 5283
4888 5284
4889 5285
4890 5286
4891 5287
4892 5288
4893 5289
4894 529
4895 530
4896 5290
4897 5291
4898 5292
4899 5293
4900 5294
4901 5295
4902 5296
4903 5297
4904 5298
4905 5299
4906 5300
4907 5301
4908 5302
4909 5303
4910 5304
4911 5305
4912 5306
4913 5307
4914 5308
4915 5309
4916 531
4917 532
4918 5310
4919 5311
4920 5312
4921 5313
4922 5314
4923 5315
4924 5316
4925 5317
4926 5318
4927 5319
4928 5320
4929 5321
4930 5322
4931 5323
4932 5324
4933 5325
4934 5326
4935 5327
4936 5328
4937 5329
4938 533
4939 534
4940 5330
4941 5331
4942 5332
4943 5333
4944 5334
4945 5335
4946 5336
4947 5337
4948 5338
4949 5339
4950 5340
4951 5341
4952 5342
4953 5343
4954 5344
4955 5345
4956 5346
4957 5347
4958 5348
4959 5349
4960 5350
4961 535
4962 5351
4963 5352
4964 5353
4965 5354
4966 5355
4967 5356
4968 5357
4969 5358
4970 5359
4971 536
4972 5360
4973 5361
4974 5362
4975 5363
4976 5364
4977 5365
4978 5366
4979 5367
4980 5368
4981 5369
4982 537
4983 5370
4984 5371
4985 5372
4986 5373
4987 5374
4988 5375
4989 5376
4990 5377
4991 5378
4992 5379
4993 538
4994 5380
4995 5381
4996 5382
4997 5383
4998 5384
4999 5385
5000 5386
5001 5387
5002 5388
5003 5389
5004 539
5005 5390
5006 5391
5007 5392
5008 5393
5009 5394
5010 5395
5011 5396
5012 5397
5013 5398
5014 5399
5015 54
5016 55
5017 540
5018 541
5019 5400
5020 5401
5021 5402
5022 5403
5023 5404
5024 5405
5025 5406
5026 5407
5027 5408
5028 5409
5029 5410
5030 5411
5031 5412
5032 5413
5033 5414
5034 5415
5035 5416
5036 5417
5037 5418
5038 5419
5039 542
5040 5420
5041 5421
5042 5422
5043 5423
5044 5424
5045 5425
5046 5426
5047 5427
5048 5429
5049 543
5050 5430
5051 5431
5052 5432
5053 5433
5054 5434
5055 5435
5056 5436
5057 5437
5058 5438
5059 5439
5060 544
5061 545
5062 5440
5063 5441
5064 5442
5065 5443
5066 5444
5067 5445
5068 5446
5069 5447
5070 5448
5071 5449
5072 5450
5073 5451
5074 5452
5075 5453
5076 5454
5077 5455
5078 5456
5079 5457
5080 5458
5081 5459
5082 546
5083 5460
5084 5461
5085 5462
5086 5463
5087 5464
5088 5465
5089 5466
5090 5467
5091 5468
5092 5469
5093 547
5094 548
5095 5470
5096 5471
5097 5472
5098 5473
5099 5474
5100 5475
5101 5476
5102 5477
5103 5478
5104 5479
5105 5480
5106 5481
5107 5482
5108 5483
5109 5484
5110 5485
5111 5486
5112 5487
5113 5488
5114 5489
5115 549
5116 550
5117 5490
5118 5491
5119 5492
5120 5493
5121 5494
5122 5495
5123 5496
5124 5497
5125 5498
5126 5499
5127 5500
5128 5501
5129 5502
5130 5503
5131 5504
5132 5505
5133 5506
5134 5507
5135 5508
5136 5509
5137 551
5138 5510
5139 5511
5140 5512
5141 5513
5142 5514
5143 5515
5144 5516
5145 5517
5146 5518
5147 5519
5148 552
5149 5520
5150 5521
5151 5522
5152 5523
5153 647
5154 6693
5155 5524
5156 5525
5157 5526
5158 5527
5159 5528
5160 5529
5161 553
5162 5530
5163 5531
5164 5532
5165 5533
5166 5534
5167 5535
5168 5536
5169 5537
5170 5539
5171 554
5172 555
5173 5540
5174 5541
5175 5542
5176 5543
5177 5544
5178 5545
5179 5546
5180 5547
5181 5548
5182 5549
5183 5550
5184 5551
5185 5552
5186 5553
5187 5554
5188 5555
5189 5556
5190 5557
5191 5558
5192 5559
5193 556
5194 557
5195 558
5196 559
5197 560
5198 561
5199 562
5200 563
5201 5560
5202 5561
5203 5562
5204 5563
5205 5564
5206 5565
5207 5566
5208 5567
5209 5568
5210 5569
5211 5570
5212 5571
5213 5572
5214 5573
5215 5574
5216 5575
5217 5576
5218 5577
5219 5578
5220 5579
5221 5580
5222 5581
5223 5582
5224 5583
5225 5584
5226 5585
5227 5587
5228 5588
5229 5589
5230 5590
5231 5591
5232 5592
5233 5593
5234 5594
5235 5595
5236 5596
5237 5597
5238 5598
5239 5599
5240 5600
5241 5601
5242 56
5243 5602
5244 5603
5245 5604
5246 5605
5247 5606
5248 5607
5249 5608
5250 5609
5251 5610
5252 5611
5253 5612
5254 5613
5255 5614
5256 5615
5257 5616
5258 5617
5259 5618
5260 5619
5261 5620
5262 5621
5263 5622
5264 5623
5265 5624
5266 5625
5267 5626
5268 5627
5269 5628
5270 5629
5271 5630
5272 5631
5273 5632
5274 5633
5275 5634
5276 5635
5277 5636
5278 5637
5279 5638
5280 5639
5281 564
5282 5640
5283 5641
5284 5642
5285 5643
5286 5644
5287 5645
5288 5646
5289 5647
5290 5648
5291 5649
5292 5650
5293 565
5294 566
5295 5651
5296 5652
5297 5653
5298 5654
5299 5655
5300 5656
5301 5657
5302 5658
5303 5659
5304 5660
5305 5661
5306 5662
5307 5663
5308 5664
5309 5665
5310 5666
5311 5667
5312 5668
5313 5669
5314 567
5315 568
5316 5670
5317 5671
5318 5672
5319 5673
5320 5674
5321 5675
5322 5676
5323 5677
5324 5678
5325 5679
5326 5680
5327 5681
5328 5682
5329 5683
5330 5685
5331 5686
5332 5687
5333 5688
5334 5689
5335 569
5336 570
5337 5690
5338 5691
5339 5692
5340 5693
5341 5694
5342 5695
5343 5696
5344 5697
5345 5698
5346 5699
5347 57
5348 5700
5349 5701
5350 5702
5351 5703
5352 5704
5353 5705
5354 5706
5355 5707
5356 5708
5357 5709
5358 5710
5359 5711
5360 5712
5361 5713
5362 5714
5363 5715
5364 5716
5365 571
5366 8042
5367 5717
5368 5718
5369 5719
5370 572
5371 5720
5372 5721
5373 5722
5374 5723
5375 5724
5376 5725
5377 5726
5378 8490
5379 5727
5380 5728
5381 5729
5382 573
5383 5730
5384 5731
5385 5732
5386 5733
5387 5734
5388 5735
5389 6461
5390 5736
5391 5737
5392 5738
5393 5739
5394 574
5395 5740
5396 5741
5397 5742
5398 5743
5399 5744
5400 5745
5401 5746
5402 5747
5403 5748
5404 5749
5405 5750
5406 5751
5407 5752
5408 5753
5409 5754
5410 5755
5411 5756
5412 5757
5413 5758
5414 5759
5415 576
5416 5760
5417 5761
5418 5762
5419 5763
5420 5764
5421 5765
5422 5766
5423 5767
5424 5768
5425 5769
5426 5770
5427 5771
5428 5772
5429 5773
5430 5774
5431 5775
5432 5776
5433 5777
5434 5778
5435 5779
5436 5780
5437 5781
5438 578
5439 5782
5440 5783
5441 5784
5442 5785
5443 5786
5444 5787
5445 5788
5446 5789
5447 579
5448 5790
5449 5791
5450 5792
5451 5793
5452 5794
5453 5795
5454 5796
5455 5797
5456 5798
5457 5799
5458 58
5459 580
5460 5800
5461 5801
5462 5802
5463 5803
5464 5804
5465 5805
5466 5806
5467 5807
5468 5808
5469 5809
5470 581
5471 5810
5472 5811
5473 5812
5474 5813
5475 5814
5476 5815
5477 5816
5478 5817
5479 5818
5480 5819
5481 582
5482 5820
5483 5821
5484 5822
5485 5823
5486 5824
5487 5825
5488 5826
5489 5827
5490 5828
5491 5829
5492 5830
5493 5831
5494 5832
5495 5834
5496 973
5497 5835
5498 5836
5499 5837
5500 5838
5501 5839
5502 584
5503 5840
5504 5841
5505 5842
5506 5843
5507 5844
5508 5845
5509 5846
5510 5847
5511 5848
5512 5849
5513 585
5514 5850
5515 5851
5516 5852
5517 5855
5518 5856
5519 5857
5520 5858
5521 5859
5522 5860
5523 5861
5524 5862
5525 5863
5526 5864
5527 5865
5528 5866
5529 5867
5530 5868
5531 5869
5532 587
5533 5870
5534 5871
5535 5872
5536 5873
5537 5874
5538 5875
5539 5876
5540 5877
5541 5878
5542 5879
5543 5880
5544 588
5545 5881
5546 5882
5547 5883
5548 5884
5549 5885
5550 5886
5551 5887
5552 5888
5553 5889
5554 589
5555 5890
5556 5891
5557 5892
5558 5893
5559 5894
5560 5895
5561 5896
5562 5897
5563 5898
5564 5899
5565 59
5566 60
5567 590
5568 5900
5569 5902
5570 5903
5571 5904
5572 5905
5573 5906
5574 5907
5575 5908
5576 5909
5577 5910
5578 5911
5579 5912
5580 5913
5581 5914
5582 5915
5583 5916
5584 5917
5585 5918
5586 5919
5587 592
5588 5920
5589 5921
5590 5922
5591 5923
5592 5924
5593 5925
5594 5926
5595 6106
5596 5927
5597 5928
5598 5929
5599 593
5600 5930
5601 5931
5602 5932
5603 5933
5604 5934
5605 5935
5606 5936
5607 5937
5608 5939
5609 594
5610 595
5611 5940
5612 5941
5613 5942
5614 5943
5615 5944
5616 5945
5617 5946
5618 5947
5619 5948
5620 5949
5621 5950
5622 5951
5623 5952
5624 5953
5625 5955
5626 5956
5627 5957
5628 5958
5629 5959
5630 596
5631 5960
5632 5961
5633 5962
5634 5963
5635 5964
5636 5965
5637 5966
5638 5967
5639 5968
5640 5969
5641 597
5642 5970
5643 5971
5644 5972
5645 5973
5646 5974
5647 5975
5648 5977
5649 5978
5650 5979
5651 5980
5652 5981
5653 5982
5654 5983
5655 5984
5656 5985
5657 5986
5658 5987
5659 5988
5660 5989
5661 5990
5662 5991
5663 5992
5664 5993
5665 5994
5666 5995
5667 5996
5668 5997
5669 5998
5670 5999
5671 600
5672 6000
5673 6001
5674 6002
5675 6003
5676 6004
5677 6005
5678 6006
5679 6007
5680 6008
5681 6009
5682 601
5683 602
5684 603
5685 604
5686 6010
5687 6011
5688 6012
5689 6013
5690 6014
5691 6015
5692 6016
5693 6017
5694 6018
5695 6019
5696 6020
5697 6021
5698 6022
5699 6023
5700 6024
5701 6025
5702 6026
5703 6027
5704 6028
5705 6029
5706 6030
5707 6031
5708 6032
5709 6033
5710 6034
5711 6035
5712 6036
5713 6037
5714 6038
5715 6039
5716 6040
5717 6041
5718 6042
5719 6043
5720 6044
5721 6045
5722 6046
5723 6047
5724 6048
5725 6049
5726 605
5727 6050
5728 6051
5729 6052
5730 6053
5731 6054
5732 6055
5733 6056
5734 6057
5735 6058
5736 6059
5737 606
5738 6060
5739 6061
5740 6062
5741 6063
5742 6064
5743 6065
5744 6066
5745 6067
5746 6068
5747 6069
5748 607
5749 6070
5750 6071
5751 6072
5752 6073
5753 6074
5754 6075
5755 6076
5756 6077
5757 6078
5758 6079
5759 608
5760 6080
5761 6081
5762 6082
5763 6083
5764 6084
5765 6085
5766 6086
5767 6087
5768 6088
5769 6089
5770 6090
5771 6091
5772 6092
5773 6093
5774 6094
5775 6095
5776 6096
5777 6097
5778 6098
5779 6099
5780 61
5781 62
5782 610
5783 6100
5784 6101
5785 6102
5786 6103
5787 6104
5788 6105
5789 6107
5790 6108
5791 6109
5792 6110
5793 6111
5794 611
5795 6112
5796 6113
5797 6114
5798 6115
5799 6116
5800 6117
5801 6118
5802 6119
5803 612
5804 613
5805 614
5806 615
5807 6120
5808 6121
5809 6123
5810 6124
5811 6125
5812 6126
5813 6127
5814 6128
5815 6129
5816 6130
5817 6131
5818 6132
5819 6133
5820 6134
5821 6135
5822 6136
5823 6137
5824 6138
5825 6139
5826 6140
5827 6141
5828 6142
5829 6143
5830 6144
5831 6145
5832 6146
5833 6147
5834 6148
5835 6149
5836 6150
5837 6151
5838 6152
5839 6153
5840 6154
5841 6155
5842 6156
5843 6157
5844 6158
5845 6159
5846 616
5847 6160
5848 6161
5849 6162
5850 6163
5851 6164
5852 6165
5853 6166
5854 6167
5855 6168
5856 6169
5857 6170
5858 6171
5859 6172
5860 6173
5861 6174
5862 6175
5863 6176
5864 667
5865 6177
5866 6178
5867 6179
5868 618
5869 6180
5870 6181
5871 6182
5872 6183
5873 6184
5874 6185
5875 6186
5876 6187
5877 6188
5878 6189
5879 619
5880 6190
5881 6191
5882 6192
5883 6193
5884 6194
5885 6195
5886 6196
5887 6197
5888 6198
5889 6199
5890 620
5891 6200
5892 6201
5893 6202
5894 6203
5895 6204
5896 6205
5897 6206
5898 6207
5899 6208
5900 6209
5901 6210
5902 621
5903 6211
5904 6212
5905 6213
5906 6214
5907 6215
5908 6216
5909 6217
5910 6218
5911 6219
5912 622
5913 6220
5914 6221
5915 6222
5916 6223
5917 6224
5918 6225
5919 6226
5920 6227
5921 6228
5922 6229
5923 623
5924 6230
5925 6231
5926 6232
5927 6233
5928 6234
5929 6235
5930 6236
5931 6237
5932 6238
5933 6239
5934 6240
5935 6241
5936 6242
5937 6243
5938 624
5939 6244
5940 6245
5941 6246
5942 6247
5943 6248
5944 6249
5945 6250
5946 6251
5947 6252
5948 638
5949 6253
5950 6254
5951 6255
5952 6256
5953 6257
5954 6258
5955 6259
5956 6260
5957 6261
5958 6262
5959 6263
5960 6264
5961 6265
5962 6266
5963 6267
5964 6268
5965 6269
5966 627
5967 6270
5968 6271
5969 6272
5970 6273
5971 6274
5972 6275
5973 6276
5974 6277
5975 6278
5976 6279
5977 628
5978 6280
5979 6281
5980 6282
5981 6283
5982 6284
5983 6285
5984 6286
5985 6287
5986 6288
5987 6289
5988 6290
5989 6291
5990 6292
5991 6293
5992 6294
5993 6295
5994 6296
5995 6297
5996 6298
5997 6299
5998 63
5999 64
6000 630
6001 631
6002 6300
6003 6301
6004 6302
6005 6303
6006 6304
6007 6305
6008 6306
6009 6307
6010 6308
6011 6309
6012 6310
6013 6311
6014 6312
6015 6313
6016 6314
6017 6315
6018 6316
6019 6317
6020 6318
6021 6319
6022 6320
6023 632
6024 6321
6025 6322
6026 6323
6027 6324
6028 6325
6029 6326
6030 6327
6031 6328
6032 6329
6033 633
6034 6330
6035 6331
6036 6332
6037 6333
6038 6334
6039 6335
6040 6336
6041 6337
6042 6338
6043 6339
6044 6340
6045 634
6046 6341
6047 6342
6048 6343
6049 6344
6050 6345
6051 6346
6052 6347
6053 6348
6054 6349
6055 635
6056 6350
6057 6351
6058 6352
6059 6353
6060 6354
6061 6355
6062 6356
6063 6357
6064 6358
6065 6359
6066 636
6067 6360
6068 6361
6069 6362
6070 6363
6071 6364
6072 6365
6073 6366
6074 6367
6075 6368
6076 6369
6077 6370
6078 637
6079 6371
6080 6372
6081 6373
6082 6374
6083 6375
6084 6376
6085 6377
6086 6378
6087 6379
6088 6380
6089 6381
6090 6382
6091 6383
6092 6384
6093 6385
6094 6386
6095 6387
6096 6388
6097 6389
6098 639
6099 6390
6100 6391
6101 6392
6102 6393
6103 6394
6104 6395
6105 6396
6106 6397
6107 6398
6108 6399
6109 640
6110 6400
6111 6401
6112 6402
6113 6403
6114 6404
6115 6405
6116 6406
6117 6407
6118 6408
6119 6409
6120 641
6121 6410
6122 6411
6123 6412
6124 6413
6125 6414
6126 6415
6127 6416
6128 6417
6129 6418
6130 6419
6131 642
6132 6420
6133 6421
6134 6422
6135 6423
6136 6424
6137 6425
6138 6426
6139 6427
6140 6428
6141 6429
6142 6430
6143 6431
6144 6432
6145 6433
6146 6434
6147 6435
6148 6436
6149 6437
6150 6438
6151 6439
6152 644
6153 6440
6154 6441
6155 6442
6156 6443
6157 6444
6158 6445
6159 6446
6160 6447
6161 6448
6162 6449
6163 645
6164 646
6165 6450
6166 6451
6167 6452
6168 6453
6169 6454
6170 6455
6171 6456
6172 6457
6173 6458
6174 6459
6175 6460
6176 6462
6177 6463
6178 6464
6179 6465
6180 6466
6181 6467
6182 6468
6183 6469
6184 6470
6185 6471
6186 6472
6187 6473
6188 6474
6189 6475
6190 6476
6191 6477
6192 6478
6193 6479
6194 648
6195 6480
6196 6481
6197 6482
6198 6483
6199 6484
6200 6485
6201 6486
6202 6488
6203 6489
6204 6490
6205 6491
6206 6492
6207 6493
6208 6494
6209 6495
6210 6496
6211 6497
6212 6498
6213 6499
6214 65
6215 66
6216 650
6217 651
6218 6500
6219 6501
6220 6502
6221 6503
6222 6504
6223 6505
6224 6506
6225 6507
6226 6508
6227 6509
6228 6510
6229 6511
6230 6512
6231 6513
6232 6514
6233 6515
6234 6516
6235 6517
6236 6518
6237 6519
6238 6520
6239 6521
6240 652
6241 6522
6242 6523
6243 6524
6244 6525
6245 6526
6246 6527
6247 6528
6248 6529
6249 653
6250 6530
6251 6531
6252 6532
6253 6533
6254 6534
6255 6535
6256 6536
6257 6537
6258 6538
6259 6539
6260 6540
6261 6541
6262 6542
6263 6543
6264 6544
6265 6545
6266 6546
6267 6547
6268 6548
6269 6549
6270 655
6271 6550
6272 6551
6273 6552
6274 6553
6275 6554
6276 6555
6277 6556
6278 6557
6279 6558
6280 6559
6281 6560
6282 7733
6283 656
6284 6561
6285 6562
6286 6563
6287 6564
6288 6565
6289 6566
6290 6567
6291 6568
6292 6569
6293 657
6294 6570
6295 6571
6296 6572
6297 6573
6298 6574
6299 6575
6300 6576
6301 6577
6302 6578
6303 6579
6304 6580
6305 6581
6306 6582
6307 6583
6308 6584
6309 6585
6310 6586
6311 6587
6312 6588
6313 6589
6314 659
6315 660
6316 6590
6317 6591
6318 6592
6319 6593
6320 6594
6321 6595
6322 6596
6323 6597
6324 6598
6325 6599
6326 6600
6327 6601
6328 6602
6329 6603
6330 6604
6331 6605
6332 6606
6333 6607
6334 6608
6335 6609
6336 661
6337 6610
6338 6611
6339 6612
6340 6613
6341 6614
6342 6615
6343 6616
6344 6617
6345 6618
6346 6619
6347 662
6348 6620
6349 6621
6350 6622
6351 6623
6352 6624
6353 6625
6354 6626
6355 6627
6356 6628
6357 6629
6358 6630
6359 6631
6360 663
6361 6632
6362 6633
6363 6634
6364 6635
6365 6636
6366 6637
6367 6638
6368 6639
6369 664
6370 6641
6371 6642
6372 6643
6373 6644
6374 6645
6375 6646
6376 6647
6377 6648
6378 6649
6379 665
6380 6650
6381 6651
6382 6652
6383 6653
6384 6654
6385 6655
6386 6656
6387 6657
6388 6658
6389 6659
6390 666
6391 6660
6392 6661
6393 6662
6394 6663
6395 6664
6396 6665
6397 6666
6398 6667
6399 6668
6400 6669
6401 6670
6402 6671
6403 6672
6404 6673
6405 6674
6406 6675
6407 6676
6408 6677
6409 6678
6410 6679
6411 668
6412 6680
6413 6681
6414 6682
6415 6683
6416 6684
6417 6685
6418 6686
6419 6687
6420 6688
6421 6689
6422 669
6423 670
6424 6690
6425 6691
6426 6692
6427 6694
6428 6695
6429 6696
6430 6697
6431 6698
6432 6699
6433 67
6434 6700
6435 6701
6436 6702
6437 6703
6438 6704
6439 6705
6440 6706
6441 6707
6442 6708
6443 6709
6444 6710
6445 6711
6446 6712
6447 6713
6448 6714
6449 6715
6450 6716
6451 6717
6452 6718
6453 6719
6454 672
6455 673
6456 674
6457 675
6458 676
6459 677
6460 6720
6461 6721
6462 6722
6463 6723
6464 6724
6465 6725
6466 6726
6467 6727
6468 6728
6469 6729
6470 6730
6471 6731
6472 6732
6473 6733
6474 6734
6475 6735
6476 6736
6477 6737
6478 6738
6479 6739
6480 678
6481 6740
6482 6741
6483 6742
6484 6743
6485 6744
6486 6745
6487 6746
6488 6747
6489 6748
6490 6749
6491 6750
6492 6751
6493 6752
6494 6753
6495 6754
6496 6755
6497 6756
6498 6757
6499 6758
6500 6759
6501 6760
6502 6761
6503 6762
6504 6763
6505 6764
6506 6765
6507 6766
6508 6767
6509 6768
6510 6769
6511 6770
6512 6771
6513 6772
6514 6774
6515 6775
6516 6776
6517 6777
6518 6778
6519 6779
6520 6780
6521 6781
6522 6782
6523 6783
6524 6784
6525 6785
6526 6786
6527 6787
6528 6788
6529 6789
6530 679
6531 6790
6532 6791
6533 6792
6534 6793
6535 6794
6536 6795
6537 6796
6538 6797
6539 6798
6540 6799
6541 6800
6542 6801
6543 6802
6544 6803
6545 6804
6546 6805
6547 6806
6548 6807
6549 6808
6550 6809
6551 6810
6552 681
6553 682
6554 6811
6555 6812
6556 6813
6557 6814
6558 6815
6559 6816
6560 6817
6561 6818
6562 6819
6563 6820
6564 6821
6565 6822
6566 6823
6567 6824
6568 6825
6569 6826
6570 6827
6571 6828
6572 6829
6573 683
6574 6830
6575 6832
6576 6833
6577 6834
6578 6835
6579 6836
6580 6837
6581 6838
6582 6839
6583 684
6584 6840
6585 6841
6586 6842
6587 6843
6588 6844
6589 6845
6590 6846
6591 6847
6592 6848
6593 6849
6594 6850
6595 6851
6596 6852
6597 6853
6598 6854
6599 6855
6600 6856
6601 6857
6602 6858
6603 6859
6604 6860
6605 6861
6606 6862
6607 6863
6608 6864
6609 6865
6610 6866
6611 6867
6612 6868
6613 6869
6614 687
6615 6870
6616 6871
6617 6872
6618 6873
6619 6874
6620 6875
6621 6876
6622 6877
6623 6878
6624 6879
6625 688
6626 6880
6627 6881
6628 6882
6629 6883
6630 6884
6631 6885
6632 6886
6633 6887
6634 6888
6635 6889
6636 6890
6637 6891
6638 6892
6639 6893
6640 6894
6641 6895
6642 6896
6643 6897
6644 6898
6645 6899
6646 690
6647 6900
6648 6901
6649 6902
6650 6903
6651 6904
6652 6905
6653 6906
6654 6907
6655 6908
6656 6909
6657 6910
6658 6911
6659 6912
6660 6913
6661 6914
6662 6915
6663 6917
6664 6918
6665 6919
6666 693
6667 6920
6668 6921
6669 6922
6670 6923
6671 6924
6672 6925
6673 6926
6674 6927
6675 6928
6676 6929
6677 6930
6678 6931
6679 6932
6680 6933
6681 6934
6682 6935
6683 6936
6684 6937
6685 6938
6686 6939
6687 694
6688 6940
6689 6941
6690 6942
6691 6943
6692 6944
6693 6945
6694 6946
6695 6947
6696 6948
6697 6949
6698 695
6699 697
6700 6950
6701 6951
6702 6953
6703 6954
6704 6955
6705 6956
6706 6957
6707 6958
6708 6959
6709 6960
6710 6961
6711 6962
6712 6963
6713 6964
6714 6965
6715 6966
6716 6967
6717 6968
6718 6969
6719 6970
6720 6971
6721 6972
6722 6973
6723 6974
6724 6975
6725 6976
6726 6977
6727 6978
6728 6979
6729 698
6730 6980
6731 6981
6732 6982
6733 6983
6734 6984
6735 6985
6736 6986
6737 6987
6738 6988
6739 6989
6740 699
6741 6990
6742 6991
6743 6992
6744 6993
6745 6994
6746 6995
6747 6996
6748 6997
6749 6998
6750 6999
6751 7
6752 8
6753 70
6754 71
6755 700
6756 701
6757 7000
6758 7001
6759 7002
6760 7003
6761 7004
6762 7005
6763 7006
6764 7007
6765 7008
6766 7009
6767 7010
6768 7011
6769 7012
6770 7013
6771 7014
6772 7015
6773 7016
6774 7017
6775 7018
6776 7019
6777 7445
6778 702
6779 7021
6780 7022
6781 7023
6782 7024
6783 7025
6784 7026
6785 7027
6786 7028
6787 7029
6788 703
6789 7030
6790 7031
6791 7032
6792 7033
6793 7034
6794 7035
6795 7036
6796 7037
6797 7038
6798 7039
6799 704
6800 705
6801 7040
6802 7041
6803 7042
6804 7043
6805 7045
6806 7046
6807 7047
6808 7048
6809 7049
6810 7050
6811 7051
6812 7052
6813 7053
6814 7054
6815 7055
6816 7056
6817 7057
6818 7058
6819 7059
6820 706
6821 7060
6822 7061
6823 7062
6824 7063
6825 7064
6826 7065
6827 7066
6828 7067
6829 7068
6830 7069
6831 707
6832 7070
6833 7071
6834 7072
6835 7073
6836 7074
6837 7075
6838 7076
6839 7077
6840 7078
6841 7079
6842 708
6843 7080
6844 7081
6845 7082
6846 7083
6847 7084
6848 7085
6849 7086
6850 7087
6851 7088
6852 7089
6853 709
6854 7090
6855 7091
6856 7092
6857 7982
6858 7093
6859 7094
6860 7095
6861 7096
6862 7097
6863 7098
6864 7099
6865 710
6866 711
6867 7100
6868 7101
6869 7102
6870 7103
6871 7104
6872 7105
6873 7106
6874 7107
6875 7108
6876 7109
6877 7110
6878 7111
6879 7112
6880 7113
6881 7114
6882 7115
6883 7116
6884 7117
6885 7118
6886 7119
6887 712
6888 7120
6889 7121
6890 7122
6891 7123
6892 7124
6893 7125
6894 7126
6895 7127
6896 7128
6897 7129
6898 713
6899 7130
6900 7131
6901 7132
6902 7133
6903 7134
6904 7135
6905 7136
6906 7137
6907 7138
6908 7139
6909 714
6910 7140
6911 7141
6912 7142
6913 7143
6914 7144
6915 7145
6916 7146
6917 7147
6918 7148
6919 7149
6920 7150
6921 7151
6922 7152
6923 7153
6924 7154
6925 7155
6926 7156
6927 7157
6928 7158
6929 7159
6930 716
6931 717
6932 7160
6933 7161
6934 7162
6935 7163
6936 7164
6937 7165
6938 7166
6939 7167
6940 7168
6941 7169
6942 7170
6943 7171
6944 7172
6945 7173
6946 7174
6947 7175
6948 7176
6949 7177
6950 7178
6951 7179
6952 718
6953 719
6954 720
6955 721
6956 722
6957 723
6958 724
6959 7180
6960 7181
6961 7182
6962 7183
6963 7184
6964 7185
6965 7186
6966 7187
6967 7188
6968 7189
6969 7190
6970 7191
6971 7192
6972 7193
6973 7194
6974 7195
6975 7196
6976 7197
6977 7198
6978 7199
6979 72
6980 7200
6981 7201
6982 7202
6983 7203
6984 7204
6985 7205
6986 7206
6987 7207
6988 7208
6989 7209
6990 7210
6991 7211
6992 7212
6993 7213
6994 7214
6995 7215
6996 7217
6997 7218
6998 7219
6999 7220
7000 7221
7001 7216
7002 7222
7003 7223
7004 7224
7005 7225
7006 7226
7007 7227
7008 7228
7009 7229
7010 7230
7011 7231
7012 7232
7013 7233
7014 7234
7015 7235
7016 7236
7017 7237
7018 7238
7019 7239
7020 7240
7021 7241
7022 7242
7023 7243
7024 7244
7025 7245
7026 7246
7027 7247
7028 7248
7029 7249
7030 7250
7031 725
7032 7251
7033 7252
7034 7253
7035 7254
7036 7255
7037 7256
7038 7257
7039 7258
7040 7259
7041 726
7042 7260
7043 7261
7044 7262
7045 7263
7046 7264
7047 7265
7048 7266
7049 7267
7050 7268
7051 7269
7052 727
7053 7270
7054 7271
7055 7272
7056 7273
7057 7274
7058 7275
7059 7276
7060 7277
7061 7278
7062 7279
7063 728
7064 7280
7065 7281
7066 7282
7067 7283
7068 7284
7069 7285
7070 7286
7071 7287
7072 7288
7073 7289
7074 729
7075 7290
7076 7291
7077 7292
7078 7293
7079 7294
7080 7295
7081 7296
7082 7297
7083 7298
7084 7299
7085 73
7086 730
7087 7300
7088 7301
7089 7302
7090 7303
7091 7304
7092 7305
7093 7306
7094 7307
7095 7308
7096 7309
7097 7310
7098 731
7099 7311
7100 7312
7101 7313
7102 7314
7103 7315
7104 7316
7105 7317
7106 7318
7107 7319
7108 7320
7109 7321
7110 7322
7111 7323
7112 7324
7113 7325
7114 732
7115 7326
7116 7327
7117 7328
7118 7329
7119 733
7120 7330
7121 7331
7122 7332
7123 7333
7124 7334
7125 7335
7126 7336
7127 7337
7128 7338
7129 7339
7130 734
7131 735
7132 7340
7133 7341
7134 7342
7135 7343
7136 7345
7137 7346
7138 7347
7139 7348
7140 7349
7141 7350
7142 7351
7143 7352
7144 7353
7145 7354
7146 7355
7147 7356
7148 7357
7149 7358
7150 7359
7151 736
7152 7360
7153 7361
7154 7362
7155 7363
7156 7364
7157 7365
7158 7366
7159 7367
7160 7368
7161 7369
7162 737
7163 7370
7164 7371
7165 7372
7166 7373
7167 7374
7168 7375
7169 7376
7170 7377
7171 7378
7172 7379
7173 7380
7174 738
7175 7381
7176 7382
7177 7383
7178 7384
7179 7385
7180 7386
7181 7387
7182 7388
7183 7389
7184 7390
7185 739
7186 7391
7187 7392
7188 7393
7189 7394
7190 7395
7191 7396
7192 7397
7193 7398
7194 7399
7195 74
7196 740
7197 7400
7198 7401
7199 7402
7200 7403
7201 7404
7202 7405
7203 7406
7204 7407
7205 7408
7206 7409
7207 741
7208 7410
7209 7411
7210 7412
7211 7413
7212 7417
7213 7418
7214 7419
7215 742
7216 7420
7217 7421
7218 7422
7219 7423
7220 7424
7221 7425
7222 7426
7223 7427
7224 7428
7225 7429
7226 743
7227 744
7228 7430
7229 7431
7230 7432
7231 7433
7232 7434
7233 7435
7234 7436
7235 7437
7236 7438
7237 7439
7238 7440
7239 7441
7240 7442
7241 7443
7242 7444
7243 7446
7244 7447
7245 7448
7246 7449
7247 745
7248 7450
7249 7451
7250 7452
7251 7453
7252 7454
7253 7455
7254 7456
7255 7457
7256 7458
7257 7459
7258 746
7259 747
7260 7460
7261 7461
7262 7462
7263 7463
7264 7464
7265 7465
7266 7466
7267 7467
7268 7468
7269 7469
7270 7470
7271 7471
7272 7472
7273 7473
7274 7474
7275 7475
7276 7476
7277 7477
7278 7478
7279 7479
7280 748
7281 7480
7282 7481
7283 7482
7284 7483
7285 7484
7286 7485
7287 7486
7288 7487
7289 7488
7290 7489
7291 749
7292 7490
7293 7491
7294 7492
7295 7494
7296 7495
7297 7496
7298 7497
7299 7498
7300 7499
7301 750
7302 7500
7303 7501
7304 7502
7305 7503
7306 7504
7307 7505
7308 7506
7309 7507
7310 7508
7311 7509
7312 7510
7313 7511
7314 7512
7315 7513
7316 7514
7317 7515
7318 7516
7319 7517
7320 7518
7321 7519
7322 752
7323 7520
7324 7521
7325 7522
7326 7523
7327 7524
7328 7525
7329 7526
7330 7527
7331 7528
7332 7529
7333 753
7334 7530
7335 7531
7336 7532
7337 7533
7338 7534
7339 7535
7340 7536
7341 7537
7342 7538
7343 7539
7344 7540
7345 7541
7346 7542
7347 7543
7348 7544
7349 7545
7350 7546
7351 7547
7352 7548
7353 7549
7354 755
7355 756
7356 7551
7357 7552
7358 7553
7359 7554
7360 7555
7361 7556
7362 7557
7363 7558
7364 7559
7365 7560
7366 7561
7367 7562
7368 7563
7369 7564
7370 7565
7371 7566
7372 7567
7373 7568
7374 7569
7375 7570
7376 757
7377 7571
7378 7572
7379 7573
7380 7574
7381 7575
7382 7576
7383 7577
7384 7578
7385 7579
7386 758
7387 7580
7388 7581
7389 7582
7390 7583
7391 7584
7392 7585
7393 7586
7394 7587
7395 7588
7396 7589
7397 759
7398 760
7399 7590
7400 7591
7401 7592
7402 7593
7403 7594
7404 7595
7405 7596
7406 7597
7407 7598
7408 7599
7409 76
7410 77
7411 7600
7412 7601
7413 7602
7414 7603
7415 7604
7416 7605
7417 7606
7418 7607
7419 7608
7420 7609
7421 761
7422 7610
7423 7611
7424 7612
7425 7613
7426 7614
7427 7615
7428 7616
7429 7617
7430 7618
7431 7619
7432 7620
7433 762
7434 7621
7435 7622
7436 7623
7437 7624
7438 7625
7439 7626
7440 7627
7441 7628
7442 7629
7443 763
7444 764
7445 7631
7446 7632
7447 7633
7448 7634
7449 7635
7450 7636
7451 7637
7452 7638
7453 7639
7454 7640
7455 7641
7456 7642
7457 7643
7458 7644
7459 7645
7460 7646
7461 7647
7462 7648
7463 7649
7464 765
7465 7650
7466 7651
7467 7652
7468 7653
7469 7654
7470 7655
7471 7656
7472 7657
7473 7658
7474 7659
7475 7660
7476 7661
7477 7662
7478 7663
7479 7664
7480 7665
7481 7666
7482 7894
7483 7895
7484 8064
7485 8065
7486 8066
7487 8067
7488 766
7489 7667
7490 7668
7491 7669
7492 7670
7493 7671
7494 7672
7495 7673
7496 7674
7497 7675
7498 7676
7499 7677
7500 7678
7501 7679
7502 768
7503 7680
7504 7681
7505 7682
7506 7683
7507 7684
7508 7685
7509 7686
7510 7687
7511 7688
7512 7689
7513 7690
7514 769
7515 7691
7516 7692
7517 7693
7518 7694
7519 7695
7520 7696
7521 7697
7522 7698
7523 7699
7524 770
7525 7700
7526 7701
7527 7702
7528 7703
7529 7704
7530 7705
7531 7706
7532 7707
7533 7709
7534 771
7535 7710
7536 7711
7537 7712
7538 7713
7539 7714
7540 7715
7541 7719
7542 772
7543 7720
7544 7721
7545 7722
7546 7723
7547 7724
7548 7726
7549 7727
7550 7728
7551 7729
7552 7730
7553 773
7554 7731
7555 7732
7556 7734
7557 7735
7558 7736
7559 7737
7560 7738
7561 7739
7562 7740
7563 7741
7564 7742
7565 7743
7566 7744
7567 7745
7568 7746
7569 7747
7570 7748
7571 7749
7572 7750
7573 7754
7574 7755
7575 7756
7576 7757
7577 7758
7578 7759
7579 7760
7580 7761
7581 7762
7582 7763
7583 7764
7584 7765
7585 7766
7586 7767
7587 7768
7588 7769
7589 7770
7590 7771
7591 7772
7592 7773
7593 7774
7594 7775
7595 7776
7596 7777
7597 7778
7598 7779
7599 778
7600 7780
7601 7781
7602 7782
7603 7783
7604 7784
7605 7785
7606 7786
7607 7787
7608 7788
7609 7789
7610 779
7611 7790
7612 7791
7613 7792
7614 7793
7615 7794
7616 7795
7617 7796
7618 7797
7619 7798
7620 7799
7621 78
7622 780
7623 7800
7624 7801
7625 7802
7626 7803
7627 7804
7628 7805
7629 7806
7630 7807
7631 7808
7632 7809
7633 781
7634 782
7635 783
7636 784
7637 7810
7638 7811
7639 7812
7640 7813
7641 7814
7642 7815
7643 7816
7644 7817
7645 7818
7646 7819
7647 7820
7648 7821
7649 7822
7650 7823
7651 7824
7652 7825
7653 7826
7654 7827
7655 7828
7656 7829
7657 7830
7658 7831
7659 7832
7660 7833
7661 7834
7662 7835
7663 7836
7664 7837
7665 7838
7666 7839
7667 7840
7668 7841
7669 7842
7670 7843
7671 7844
7672 7845
7673 7846
7674 7847
7675 7848
7676 7849
7677 7850
7678 7851
7679 7852
7680 7853
7681 7854
7682 7855
7683 7856
7684 7857
7685 7858
7686 7859
7687 786
7688 7860
7689 7861
7690 7862
7691 7863
7692 7864
7693 7865
7694 7866
7695 7867
7696 7868
7697 7869
7698 787
7699 7870
7700 7871
7701 7872
7702 7873
7703 7874
7704 7875
7705 7876
7706 7877
7707 7878
7708 7879
7709 7880
7710 7881
7711 7882
7712 7883
7713 7884
7714 7885
7715 7886
7716 7887
7717 7888
7718 7889
7719 789
7720 7890
7721 7891
7722 7892
7723 7893
7724 7896
7725 7897
7726 7898
7727 7899
7728 79
7729 790
7730 7900
7731 7901
7732 7902
7733 7903
7734 7904
7735 7905
7736 7906
7737 7907
7738 7908
7739 7909
7740 7910
7741 7911
7742 7912
7743 7913
7744 7914
7745 7915
7746 7916
7747 7917
7748 7918
7749 7919
7750 7920
7751 7921
7752 7922
7753 7923
7754 7924
7755 7925
7756 7926
7757 7927
7758 7928
7759 7929
7760 793
7761 7930
7762 7931
7763 7932
7764 7933
7765 7934
7766 7935
7767 7936
7768 7937
7769 7938
7770 7939
7771 794
7772 795
7773 7940
7774 7941
7775 7942
7776 7943
7777 7944
7778 7945
7779 7946
7780 7947
7781 7948
7782 7949
7783 7950
7784 7951
7785 7952
7786 7953
7787 7954
7788 7955
7789 7956
7790 7957
7791 7958
7792 7959
7793 796
7794 7960
7795 7961
7796 7962
7797 7963
7798 7964
7799 7965
7800 7966
7801 7967
7802 7968
7803 7969
7804 7970
7805 7971
7806 7972
7807 7973
7808 7974
7809 7975
7810 7976
7811 7977
7812 7978
7813 7979
7814 798
7815 7980
7816 7981
7817 7983
7818 7984
7819 7985
7820 7986
7821 7987
7822 7988
7823 7989
7824 799
7825 7990
7826 7991
7827 7992
7828 7993
7829 7994
7830 7995
7831 7996
7832 7997
7833 7998
7834 7999
7835 800
7836 8000
7837 8001
7838 8002
7839 8003
7840 8004
7841 8005
7842 8006
7843 8007
7844 8008
7845 8009
7846 801
7847 802
7848 8010
7849 8011
7850 8012
7851 8013
7852 8014
7853 8015
7854 8016
7855 8017
7856 8018
7857 8019
7858 8020
7859 8021
7860 8022
7861 8023
7862 8024
7863 8025
7864 8026
7865 8027
7866 8028
7867 8029
7868 803
7869 804
7870 8030
7871 8031
7872 8032
7873 8033
7874 8034
7875 8035
7876 8036
7877 8037
7878 8038
7879 8039
7880 8040
7881 8041
7882 8043
7883 8044
7884 8045
7885 8046
7886 8047
7887 8048
7888 8049
7889 805
7890 8050
7891 8051
7892 8052
7893 8053
7894 8054
7895 8055
7896 8056
7897 8057
7898 8058
7899 8059
7900 806
7901 8060
7902 8061
7903 8062
7904 8063
7905 8068
7906 8069
7907 807
7908 8070
7909 8071
7910 8072
7911 8073
7912 8074
7913 8075
7914 8076
7915 8077
7916 8078
7917 8079
7918 808
7919 8080
7920 8081
7921 8082
7922 8083
7923 8084
7924 8085
7925 8087
7926 8086
7927 8088
7928 8089
7929 809
7930 8090
7931 8091
7932 8092
7933 8093
7934 8094
7935 8095
7936 8096
7937 8097
7938 8098
7939 8099
7940 81
7941 810
7942 8100
7943 8101
7944 8102
7945 8103
7946 8104
7947 8105
7948 8106
7949 8107
7950 8108
7951 8109
7952 811
7953 812
7954 8110
7955 8111
7956 8112
7957 8113
7958 8114
7959 8115
7960 8116
7961 8117
7962 8118
7963 8119
7964 8120
7965 8121
7966 8122
7967 8123
7968 8124
7969 8125
7970 8126
7971 8127
7972 8128
7973 8129
7974 813
7975 8130
7976 8131
7977 8132
7978 8133
7979 8134
7980 8135
7981 8136
7982 8137
7983 8138
7984 8139
7985 814
7986 8140
7987 8141
7988 8142
7989 8143
7990 8144
7991 8145
7992 8146
7993 8147
7994 8148
7995 8149
7996 815
7997 8150
7998 8151
7999 8152
8000 8153
8001 8154
8002 8155
8003 8156
8004 8157
8005 8158
8006 8159
8007 816
8008 817
8009 8160
8010 8161
8011 8162
8012 8163
8013 8164
8014 8165
8015 8166
8016 8167
8017 8168
8018 8169
8019 8170
8020 8171
8021 8172
8022 8173
8023 8174
8024 8175
8025 8176
8026 8177
8027 8178
8028 8179
8029 818
8030 8180
8031 8181
8032 8182
8033 8183
8034 8184
8035 8185
8036 8186
8037 8187
8038 8188
8039 8189
8040 8190
8041 8191
8042 8192
8043 8193
8044 8194
8045 8195
8046 8196
8047 8197
8048 8198
8049 8199
8050 82
8051 8200
8052 8201
8053 8202
8054 8203
8055 8204
8056 8205
8057 8206
8058 8207
8059 8208
8060 8209
8061 8210
8062 8211
8063 8212
8064 8213
8065 8214
8066 8215
8067 8216
8068 8217
8069 822
8070 8226
8071 8227
8072 8228
8073 8229
8074 8230
8075 8231
8076 8232
8077 8233
8078 8234
8079 8235
8080 8236
8081 8237
8082 8238
8083 8239
8084 824
8085 8240
8086 8241
8087 8242
8088 8243
8089 8244
8090 8245
8091 8246
8092 8247
8093 8248
8094 8249
8095 825
8096 8250
8097 8251
8098 8252
8099 8253
8100 8254
8101 8255
8102 8256
8103 8257
8104 8258
8105 8259
8106 826
8107 8260
8108 8261
8109 8262
8110 8263
8111 8264
8112 8265
8113 8266
8114 8267
8115 8268
8116 8269
8117 827
8118 8270
8119 8271
8120 8272
8121 8273
8122 8274
8123 8275
8124 8276
8125 8277
8126 8278
8127 8279
8128 828
8129 8280
8130 8281
8131 8282
8132 8283
8133 8284
8134 8285
8135 8286
8136 8287
8137 8288
8138 8289
8139 829
8140 8290
8141 8291
8142 8292
8143 8293
8144 8294
8145 8295
8146 8296
8147 8297
8148 8298
8149 8299
8150 8300
8151 8301
8152 8302
8153 8303
8154 8304
8155 8305
8156 8306
8157 8307
8158 8308
8159 8309
8160 8310
8161 8311
8162 8312
8163 8313
8164 8314
8165 8315
8166 8316
8167 8317
8168 8318
8169 8319
8170 832
8171 8320
8172 8321
8173 8322
8174 8323
8175 8324
8176 8325
8177 8326
8178 8327
8179 8328
8180 8329
8181 833
8182 8330
8183 8331
8184 8332
8185 8333
8186 8334
8187 8335
8188 8336
8189 8337
8190 8338
8191 8339
8192 8340
8193 834
8194 8341
8195 8342
8196 8343
8197 8344
8198 8345
8199 8346
8200 8347
8201 8348
8202 8349
8203 835
8204 8350
8205 8351
8206 8352
8207 8353
8208 8354
8209 8355
8210 8356
8211 8357
8212 8358
8213 8359
8214 836
8215 837
8216 8360
8217 8361
8218 8362
8219 8363
8220 8364
8221 8365
8222 8366
8223 8367
8224 8368
8225 8369
8226 8370
8227 8371
8228 8372
8229 8373
8230 8374
8231 8375
8232 8376
8233 8377
8234 8378
8235 8379
8236 8380
8237 8381
8238 838
8239 8382
8240 8383
8241 8384
8242 8385
8243 8386
8244 8387
8245 8388
8246 8389
8247 839
8248 8390
8249 8391
8250 8392
8251 8393
8252 8394
8253 8395
8254 8396
8255 8397
8256 8398
8257 8399
8258 84
8259 840
8260 8400
8261 8401
8262 8402
8263 8403
8264 8404
8265 8405
8266 8406
8267 8407
8268 8408
8269 8409
8270 841
8271 842
8272 8410
8273 8411
8274 8412
8275 8413
8276 8414
8277 8415
8278 8416
8279 8417
8280 8418
8281 8419
8282 8420
8283 8421
8284 8422
8285 8423
8286 8424
8287 8425
8288 8426
8289 8427
8290 8428
8291 8429
8292 843
8293 8430
8294 8431
8295 8432
8296 8433
8297 8434
8298 8435
8299 8436
8300 8437
8301 8438
8302 8439
8303 844
8304 8440
8305 8441
8306 8442
8307 8443
8308 8444
8309 8445
8310 8446
8311 8447
8312 8448
8313 8449
8314 845
8315 846
8316 8450
8317 8451
8318 8452
8319 8453
8320 8454
8321 8455
8322 8456
8323 8457
8324 8458
8325 8459
8326 8460
8327 8461
8328 8462
8329 8463
8330 8464
8331 8465
8332 8466
8333 8467
8334 8468
8335 8469
8336 847
8337 8470
8338 8471
8339 8472
8340 8473
8341 8474
8342 8475
8343 8476
8344 8477
8345 8478
8346 8479
8347 848
8348 8480
8349 8481
8350 8482
8351 8483
8352 8484
8353 8485
8354 8486
8355 8487
8356 8488
8357 8489
8358 8491
8359 8492
8360 8493
8361 8494
8362 8495
8363 8496
8364 8497
8365 8498
8366 8499
8367 850
8368 8500
8369 8501
8370 8502
8371 8504
8372 8616
8373 8505
8374 8506
8375 8507
8376 8508
8377 8509
8378 851
8379 8510
8380 8511
8381 8512
8382 8513
8383 8514
8384 8515
8385 8516
8386 8517
8387 8518
8388 8519
8389 852
8390 853
8391 854
8392 8520
8393 8521
8394 8522
8395 8523
8396 8524
8397 8525
8398 8526
8399 8527
8400 8528
8401 8529
8402 8530
8403 8531
8404 8532
8405 8533
8406 8534
8407 8535
8408 8536
8409 8537
8410 8538
8411 8539
8412 8540
8413 8541
8414 8542
8415 8543
8416 8544
8417 8545
8418 8546
8419 8547
8420 8548
8421 8549
8422 855
8423 856
8424 8550
8425 8551
8426 8552
8427 8553
8428 8554
8429 8555
8430 8556
8431 8557
8432 8564
8433 8565
8434 8566
8435 8567
8436 8568
8437 8569
8438 857
8439 8570
8440 8571
8441 8572
8442 8573
8443 8574
8444 8575
8445 8576
8446 8577
8447 8578
8448 8579
8449 858
8450 8580
8451 8581
8452 8582
8453 8583
8454 8584
8455 8585
8456 8586
8457 8587
8458 8588
8459 8589
8460 8590
8461 8591
8462 8592
8463 8593
8464 8594
8465 8595
8466 8596
8467 8597
8468 8598
8469 8599
8470 86
8471 860
8472 8600
8473 8601
8474 8602
8475 8603
8476 8604
8477 8605
8478 8606
8479 8607
8480 8608
8481 8609
8482 861
8483 8610
8484 8611
8485 8612
8486 8613
8487 8614
8488 8615
8489 8617
8490 8618
8491 8619
8492 862
8493 8620
8494 8621
8495 8622
8496 8623
8497 8624
8498 8625
8499 8626
8500 8627
8501 8628
8502 8629
8503 8630
8504 8631
8505 8632
8506 8633
8507 8634
8508 8635
8509 8636
8510 8637
8511 8638
8512 8639
8513 864
8514 8640
8515 8641
8516 8642
8517 8643
8518 8644
8519 8645
8520 8646
8521 8647
8522 8648
8523 865
8524 8650
8525 8651
8526 8652
8527 8653
8528 8654
8529 8655
8530 866
8531 867
8532 868
8533 869
8534 870
8535 871
8536 872
8537 873
8538 874
8539 875
8540 878
8541 879
8542 88
8543 880
8544 881
8545 883
8546 884
8547 885
8548 886
8549 887
8550 888
8551 889
8552 89
8553 890
8554 892
8555 893
8556 894
8557 895
8558 897
8559 899
8560 9
8561 900
8562 901
8563 903
8564 904
8565 905
8566 906
8567 907
8568 908
8569 909
8570 91
8571 910
8572 912
8573 913
8574 914
8575 915
8576 916
8577 917
8578 918
8579 919
8580 92
8581 920
8582 921
8583 922
8584 923
8585 924
8586 925
8587 926
8588 927
8589 929
8590 930
8591 931
8592 932
8593 933
8594 935
8595 936
8596 937
8597 938
8598 939
8599 940
8600 941
8601 94
8602 942
8603 943
8604 944
8605 945
8606 946
8607 947
8608 948
8609 949
8610 950
8611 951
8612 952
8613 953
8614 954
8615 95
8616 96
8617 955
8618 956
8619 957
8620 958
8621 959
8622 961
8623 963
8624 964
8625 966
8626 967
8627 968
8628 969
8629 970
8630 974
8631 975
8632 976
8633 977
8634 978
8635 979
8636 98
8637 99
8638 980
8639 981
8640 982
8641 983
8642 984
8643 5938
8644 986
8645 987
8646 989
8647 990
8648 991
8649 992
8650 994
8651 995
8652 996
8653 997
8654 998
8655 999
