0 0
1 1
2 12
3 47
4 10
5 5
6 6
7 100
8 101
9 102
10 103
11 104
12 105
13 106
14 107
15 108
16 109
17 11
18 110
19 111
20 112
21 113
22 114
23 115
24 116
25 117
26 52
27 118
28 119
29 120
30 121
31 122
32 123
33 124
34 125
35 126
36 127
37 128
38 129
39 13
40 130
41 131
42 132
43 133
44 134
45 135
46 136
47 137
48 138
49 139
50 140
51 141
52 193
53 14
54 204
55 142
56 143
57 144
58 145
59 146
60 147
61 148
62 149
63 15
64 150
65 151
66 152
67 153
68 154
69 155
70 156
71 157
72 158
73 159
74 16
75 160
76 161
77 162
78 163
79 164
80 165
81 50
82 166
83 167
84 168
85 169
86 17
87 170
88 171
89 172
90 173
91 174
92 175
93 176
94 177
95 178
96 179
97 18
98 180
99 181
100 182
101 183
102 184
103 185
104 186
105 187
106 37
107 188
108 189
109 19
110 190
111 191
112 192
113 194
114 195
115 196
116 197
117 198
118 199
119 2
120 3
121 20
122 9
123 200
124 201
125 202
126 203
127 205
128 206
129 207
130 208
131 209
132 21
133 210
134 211
135 212
136 213
137 214
138 215
139 216
140 217
141 218
142 219
143 22
144 220
145 221
146 222
147 223
148 224
149 225
150 226
151 227
152 228
153 229
154 23
155 230
156 231
157 232
158 233
159 234
160 235
161 236
162 237
163 238
164 239
165 24
166 240
167 241
168 242
169 243
170 244
171 245
172 246
173 247
174 248
175 249
176 25
177 250
178 251
179 252
180 253
181 254
182 255
183 256
184 257
185 403
186 258
187 259
188 26
189 27
190 260
191 261
192 262
193 263
194 264
195 265
196 266
197 267
198 268
199 269
200 270
201 271
202 272
203 273
204 274
205 275
206 276
207 277
208 278
209 279
210 28
211 280
212 281
213 282
214 283
215 284
216 285
217 286
218 287
219 288
220 289
221 29
222 290
223 291
224 292
225 293
226 294
227 295
228 296
229 297
230 298
231 299
232 30
233 300
234 301
235 302
236 303
237 304
238 305
239 306
240 307
241 308
242 309
243 31
244 310
245 311
246 312
247 313
248 314
249 315
250 316
251 317
252 318
253 319
254 32
255 320
256 321
257 322
258 323
259 324
260 325
261 326
262 327
263 328
264 329
265 33
266 330
267 331
268 332
269 333
270 334
271 335
272 336
273 337
274 338
275 339
276 34
277 340
278 341
279 342
280 343
281 344
282 345
283 346
284 347
285 348
286 349
287 35
288 350
289 351
290 352
291 353
292 354
293 355
294 356
295 357
296 358
297 359
298 36
299 360
300 361
301 362
302 363
303 364
304 365
305 366
306 367
307 463
308 464
309 368
310 369
311 370
312 371
313 372
314 373
315 374
316 375
317 376
318 377
319 378
320 379
321 38
322 39
323 380
324 381
325 382
326 383
327 384
328 385
329 386
330 387
331 388
332 389
333 390
334 391
335 392
336 393
337 394
338 395
339 396
340 397
341 398
342 399
343 4
344 40
345 400
346 401
347 402
348 404
349 405
350 406
351 407
352 408
353 409
354 41
355 42
356 410
357 411
358 412
359 413
360 414
361 415
362 416
363 417
364 418
365 419
366 420
367 421
368 422
369 423
370 424
371 425
372 426
373 427
374 428
375 429
376 43
377 430
378 431
379 432
380 433
381 434
382 435
383 436
384 437
385 438
386 439
387 44
388 440
389 441
390 442
391 443
392 444
393 445
394 446
395 447
396 448
397 449
398 45
399 450
400 451
401 452
402 453
403 454
404 455
405 456
406 457
407 458
408 46
409 465
410 466
411 467
412 468
413 469
414 470
415 471
416 472
417 473
418 474
419 475
420 476
421 477
422 478
423 479
424 48
425 480
426 481
427 482
428 483
429 484
430 485
431 486
432 487
433 488
434 489
435 49
436 490
437 491
438 492
439 493
440 494
441 495
442 496
443 497
444 498
445 499
446 500
447 501
448 502
449 503
450 504
451 505
452 506
453 507
454 508
455 509
456 51
457 510
458 511
459 512
460 513
461 514
462 515
463 516
464 517
465 518
466 519
467 57
468 520
469 521
470 522
471 523
472 524
473 525
474 526
475 527
476 528
477 529
478 53
479 530
480 531
481 532
482 533
483 534
484 535
485 536
486 537
487 538
488 574
489 575
490 539
491 54
492 540
493 541
494 542
495 543
496 544
497 545
498 546
499 547
500 548
501 549
502 55
503 550
504 551
505 552
506 553
507 554
508 555
509 556
510 557
511 558
512 559
513 56
514 560
515 561
516 562
517 563
518 564
519 565
520 566
521 567
522 568
523 569
524 570
525 571
526 572
527 573
528 576
529 577
530 578
531 579
532 58
533 580
534 581
535 590
536 591
537 592
538 606
539 607
540 609
541 582
542 583
543 584
544 585
545 586
546 587
547 588
548 589
549 59
550 593
551 594
552 595
553 596
554 597
555 598
556 599
557 60
558 600
559 601
560 602
561 603
562 604
563 605
564 608
565 61
566 610
567 611
568 612
569 613
570 614
571 615
572 616
573 617
574 618
575 619
576 620
577 630
578 62
579 621
580 622
581 623
582 624
583 625
584 626
585 627
586 628
587 629
588 63
589 64
590 631
591 65
592 66
593 67
594 68
595 69
596 7
597 70
598 71
599 72
600 73
601 74
602 75
603 76
604 77
605 78
606 79
607 8
608 80
609 81
610 82
611 83
612 84
613 85
614 86
615 87
616 88
617 89
618 459
619 460
620 461
621 462
622 90
623 91
624 92
625 93
626 94
627 95
628 96
629 97
630 98
631 99
