0 0
1 1
2 2
3 107
4 602
5 10
6 100
7 1000
8 699
9 731
10 1001
11 850
12 1002
13 1003
14 1004
15 1005
16 1006
17 1007
18 1008
19 989
20 1009
21 101
22 1010
23 1011
24 1012
25 1013
26 1014
27 1015
28 1016
29 1017
30 1018
31 1019
32 102
33 99
34 1020
35 1021
36 1022
37 1023
38 1024
39 1025
40 1026
41 1027
42 901
43 1028
44 1029
45 103
46 1030
47 1031
48 1032
49 1033
50 1034
51 1035
52 1036
53 1037
54 1038
55 1039
56 104
57 1040
58 1041
59 1042
60 1043
61 1044
62 1045
63 1046
64 1047
65 1048
66 1049
67 1050
68 105
69 1239
70 1289
71 1549
72 1051
73 1052
74 1053
75 80
76 1054
77 1055
78 1056
79 1057
80 1058
81 1059
82 106
83 1060
84 1061
85 1062
86 1063
87 1064
88 1065
89 1066
90 1067
91 1068
92 1069
93 1070
94 1071
95 1072
96 1073
97 867
98 1074
99 1075
100 1076
101 1077
102 1078
103 1079
104 108
105 1080
106 1081
107 1082
108 1083
109 2934
110 1084
111 1085
112 1086
113 1087
114 1088
115 1089
116 109
117 1090
118 1091
119 1092
120 1093
121 1094
122 1095
123 1096
124 1097
125 1098
126 1099
127 11
128 110
129 1100
130 1101
131 1102
132 1103
133 1104
134 1105
135 1106
136 1107
137 1108
138 1109
139 111
140 1110
141 1111
142 1112
143 1984
144 1113
145 1114
146 1115
147 1116
148 1117
149 1118
150 1119
151 112
152 1120
153 1121
154 1122
155 1123
156 1124
157 1125
158 1126
159 1127
160 357
161 1128
162 1129
163 113
164 1130
165 1131
166 1132
167 931
168 1133
169 1134
170 1135
171 1136
172 1137
173 1138
174 1139
175 114
176 1140
177 1141
178 1142
179 1143
180 1144
181 1145
182 1146
183 1147
184 1148
185 1149
186 115
187 1150
188 1151
189 1152
190 1153
191 1154
192 1155
193 1156
194 1157
195 1158
196 1159
197 116
198 1160
199 1161
200 704
201 1162
202 1163
203 1164
204 1165
205 1166
206 1167
207 1168
208 1169
209 117
210 1170
211 1171
212 1172
213 1173
214 1174
215 1175
216 1176
217 1177
218 1178
219 1179
220 118
221 1180
222 1181
223 1182
224 1183
225 1184
226 1185
227 1186
228 1187
229 1188
230 1189
231 1190
232 119
233 1535
234 987
235 1191
236 1192
237 1193
238 1194
239 1195
240 1196
241 1197
242 1198
243 1199
244 12
245 120
246 1200
247 1201
248 1202
249 1203
250 1204
251 1205
252 6083
253 6084
254 1206
255 1207
256 1208
257 1209
258 121
259 1210
260 1211
261 1212
262 1213
263 1214
264 1215
265 1216
266 1217
267 1218
268 1219
269 122
270 1220
271 1221
272 1222
273 1223
274 1224
275 1225
276 1226
277 1227
278 1367
279 1228
280 1229
281 123
282 1230
283 1231
284 1232
285 1233
286 1234
287 1235
288 1236
289 1237
290 1238
291 124
292 1240
293 1241
294 1242
295 1243
296 1244
297 1245
298 6128
299 1246
300 1247
301 1248
302 1249
303 125
304 1250
305 1251
306 1252
307 1253
308 1254
309 1255
310 1256
311 1257
312 1811
313 2148
314 1258
315 1259
316 1260
317 126
318 1266
319 2013
320 1261
321 1262
322 1263
323 1264
324 488
325 1265
326 1267
327 1268
328 1269
329 1270
330 1271
331 1272
332 1273
333 1274
334 1275
335 127
336 1430
337 1596
338 1924
339 2765
340 560
341 972
342 1910
343 1914
344 1996
345 1562
346 1929
347 1276
348 1277
349 1278
350 1279
351 128
352 1280
353 1281
354 1282
355 1283
356 1284
357 1285
358 1286
359 1287
360 1288
361 1601
362 129
363 1290
364 1291
365 1292
366 1293
367 1294
368 1295
369 1296
370 1297
371 1298
372 1299
373 13
374 130
375 1300
376 1301
377 1302
378 1303
379 1304
380 1305
381 1306
382 1307
383 1308
384 1309
385 131
386 1310
387 1311
388 1312
389 1313
390 1314
391 1315
392 1316
393 1317
394 1318
395 1319
396 132
397 1320
398 1321
399 1322
400 1323
401 1324
402 1325
403 1326
404 1327
405 1328
406 1329
407 133
408 1330
409 1331
410 1332
411 1333
412 1334
413 1335
414 1336
415 1337
416 1338
417 1339
418 134
419 1340
420 1341
421 1342
422 1343
423 1344
424 1345
425 1346
426 1347
427 1348
428 1349
429 135
430 1350
431 1351
432 1352
433 1353
434 1354
435 1355
436 1356
437 1357
438 1358
439 1359
440 136
441 1360
442 1361
443 1362
444 1363
445 1364
446 1365
447 1366
448 1534
449 2088
450 2824
451 2825
452 1368
453 1369
454 137
455 1370
456 1371
457 1372
458 1373
459 1374
460 1375
461 1376
462 1377
463 1474
464 1782
465 1893
466 2059
467 2087
468 1378
469 1379
470 138
471 1380
472 1381
473 1382
474 1383
475 1384
476 1385
477 1386
478 1387
479 1388
480 1389
481 139
482 1390
483 1391
484 1392
485 1393
486 1394
487 1395
488 1396
489 1397
490 1398
491 1399
492 14
493 140
494 1400
495 1401
496 1402
497 1403
498 1404
499 1405
500 1406
501 1407
502 1408
503 1409
504 141
505 1410
506 1411
507 1412
508 1413
509 1414
510 1415
511 1416
512 1417
513 1418
514 1419
515 142
516 1420
517 1421
518 1422
519 1423
520 1424
521 1425
522 1426
523 1427
524 1428
525 1429
526 143
527 1431
528 1432
529 1433
530 1434
531 1435
532 1436
533 1437
534 1438
535 1439
536 144
537 1440
538 1441
539 1442
540 1443
541 1444
542 1445
543 1446
544 1447
545 1448
546 1449
547 145
548 1450
549 1451
550 1452
551 1453
552 1454
553 1455
554 1456
555 1457
556 1458
557 1459
558 146
559 1460
560 1461
561 1462
562 1463
563 1464
564 1465
565 1466
566 1467
567 1468
568 1469
569 147
570 1470
571 1471
572 1472
573 1473
574 1475
575 1476
576 1477
577 1478
578 1479
579 148
580 1480
581 1481
582 1482
583 1483
584 1484
585 1485
586 1486
587 1487
588 1488
589 1489
590 149
591 1490
592 1491
593 1492
594 1493
595 1494
596 1495
597 1496
598 1497
599 1498
600 1499
601 15
602 150
603 1500
604 1501
605 1502
606 1503
607 1504
608 1505
609 1506
610 1507
611 1508
612 1509
613 1510
614 151
615 1511
616 1512
617 1513
618 1514
619 1515
620 1516
621 1517
622 1518
623 1519
624 152
625 1520
626 1521
627 1522
628 1523
629 1524
630 1525
631 1526
632 1527
633 1528
634 1529
635 153
636 1530
637 1531
638 1532
639 1533
640 2008
641 1536
642 1537
643 1538
644 1539
645 154
646 1540
647 1541
648 1542
649 1543
650 1544
651 1545
652 1546
653 1547
654 1548
655 155
656 1550
657 1551
658 1552
659 1553
660 1554
661 1555
662 1556
663 1557
664 1558
665 1559
666 156
667 1560
668 1561
669 1563
670 1564
671 1565
672 1566
673 2918
674 1567
675 1568
676 1569
677 157
678 1570
679 1571
680 1572
681 1573
682 1574
683 1575
684 1576
685 1577
686 1578
687 1579
688 158
689 1580
690 1581
691 2048
692 2050
693 1582
694 1583
695 1584
696 1585
697 1586
698 1587
699 1588
700 1589
701 159
702 1590
703 1591
704 1592
705 1593
706 1594
707 1595
708 1597
709 1598
710 1599
711 1600
712 2311
713 2769
714 2147
715 2298
716 16
717 160
718 4452
719 1602
720 1603
721 1604
722 1605
723 1606
724 1607
725 1608
726 1609
727 161
728 1610
729 1611
730 1612
731 1613
732 1614
733 1615
734 1616
735 1617
736 1618
737 1619
738 162
739 1620
740 1621
741 1622
742 1623
743 1624
744 1625
745 1626
746 1627
747 1628
748 1629
749 163
750 1630
751 1631
752 1632
753 1633
754 1634
755 1635
756 1636
757 1637
758 1638
759 1639
760 164
761 1640
762 1641
763 1642
764 1643
765 1644
766 1645
767 1646
768 1647
769 1648
770 1649
771 165
772 1650
773 1651
774 1652
775 1653
776 1654
777 1655
778 1656
779 1657
780 1658
781 1659
782 166
783 1660
784 1661
785 1662
786 1663
787 1664
788 1665
789 1666
790 1667
791 1668
792 1669
793 167
794 1670
795 1671
796 1672
797 1673
798 1674
799 1675
800 1676
801 1677
802 1678
803 1679
804 1767
805 168
806 1680
807 1681
808 1682
809 1683
810 1684
811 1685
812 1686
813 1687
814 1688
815 1689
816 839
817 169
818 1690
819 1691
820 1692
821 1693
822 1694
823 1695
824 1696
825 1697
826 1698
827 1699
828 17
829 170
830 1700
831 1701
832 1702
833 1703
834 1704
835 1705
836 1706
837 1707
838 1708
839 1709
840 171
841 1710
842 1711
843 1712
844 1945
845 2051
846 2314
847 3299
848 4483
849 4679
850 4791
851 5210
852 5681
853 5689
854 5714
855 5910
856 6074
857 6548
858 711
859 1713
860 1714
861 1715
862 1716
863 1717
864 1718
865 1719
866 172
867 1720
868 1721
869 1722
870 1723
871 1724
872 1725
873 1726
874 1727
875 1728
876 1729
877 173
878 1730
879 1731
880 1732
881 1733
882 1734
883 1735
884 1736
885 1737
886 1738
887 1739
888 174
889 1740
890 1741
891 1742
892 1743
893 1744
894 1745
895 1746
896 1747
897 1748
898 1749
899 175
900 1750
901 1751
902 1752
903 1753
904 1754
905 1755
906 1756
907 1757
908 1758
909 1759
910 176
911 1760
912 1761
913 1762
914 1763
915 1764
916 1765
917 1766
918 1768
919 1769
920 177
921 1770
922 1771
923 1772
924 1773
925 1774
926 1775
927 1776
928 1777
929 1778
930 1779
931 178
932 1780
933 1781
934 1783
935 1784
936 1785
937 1786
938 1787
939 1788
940 1789
941 179
942 1790
943 1791
944 1792
945 1793
946 1794
947 1795
948 1796
949 1797
950 1798
951 1799
952 18
953 180
954 1800
955 1801
956 1802
957 1803
958 1804
959 1805
960 1806
961 1807
962 1808
963 1809
964 181
965 1810
966 1812
967 1813
968 1814
969 1815
970 1816
971 1817
972 1818
973 1819
974 182
975 1820
976 1821
977 1822
978 1823
979 1824
980 1825
981 1826
982 1827
983 1828
984 719
985 1829
986 183
987 1830
988 1831
989 1832
990 1833
991 1834
992 1835
993 1836
994 1837
995 1838
996 1839
997 184
998 1840
999 1841
1000 1842
1001 1843
1002 1844
1003 1845
1004 1846
1005 1847
1006 1848
1007 1849
1008 185
1009 1850
1010 1851
1011 1852
1012 1853
1013 1854
1014 1855
1015 1856
1016 1857
1017 1858
1018 1956
1019 1859
1020 186
1021 1860
1022 1861
1023 1862
1024 1863
1025 1864
1026 1865
1027 1866
1028 1867
1029 1868
1030 1869
1031 187
1032 1870
1033 1871
1034 1872
1035 1873
1036 1874
1037 1875
1038 1876
1039 1877
1040 1878
1041 1879
1042 188
1043 1880
1044 1881
1045 1882
1046 1883
1047 1884
1048 1885
1049 1886
1050 1887
1051 1888
1052 1889
1053 1890
1054 189
1055 1891
1056 1892
1057 1894
1058 1895
1059 1896
1060 1897
1061 1898
1062 1899
1063 19
1064 190
1065 1900
1066 1901
1067 1902
1068 1903
1069 1904
1070 1905
1071 1906
1072 1907
1073 1908
1074 1909
1075 191
1076 1911
1077 1912
1078 1913
1079 1915
1080 2146
1081 2153
1082 1916
1083 1917
1084 1918
1085 1919
1086 192
1087 1920
1088 1921
1089 1922
1090 1923
1091 1925
1092 1926
1093 1927
1094 1928
1095 193
1096 1930
1097 1931
1098 1932
1099 1933
1100 1934
1101 1935
1102 1936
1103 1937
1104 1938
1105 1939
1106 194
1107 1940
1108 1941
1109 1942
1110 1943
1111 1944
1112 1946
1113 1947
1114 1948
1115 1949
1116 195
1117 1950
1118 1951
1119 1952
1120 1953
1121 1954
1122 1955
1123 1957
1124 1958
1125 1959
1126 196
1127 1960
1128 1961
1129 1962
1130 1963
1131 1964
1132 1965
1133 1966
1134 1967
1135 1968
1136 1969
1137 197
1138 1970
1139 1971
1140 1972
1141 1973
1142 1974
1143 1975
1144 1976
1145 1977
1146 1978
1147 1979
1148 198
1149 1980
1150 1981
1151 1982
1152 1983
1153 1985
1154 1986
1155 1987
1156 1988
1157 1989
1158 199
1159 1990
1160 1991
1161 1992
1162 1993
1163 1994
1164 1995
1165 1997
1166 1998
1167 1999
1168 20
1169 200
1170 2000
1171 2001
1172 2002
1173 2003
1174 2004
1175 2005
1176 2006
1177 2007
1178 2009
1179 201
1180 2010
1181 2011
1182 2012
1183 2356
1184 2014
1185 2015
1186 2016
1187 2017
1188 2018
1189 2019
1190 202
1191 2020
1192 2021
1193 2022
1194 2023
1195 2024
1196 2025
1197 2026
1198 2027
1199 2028
1200 2029
1201 203
1202 2030
1203 2031
1204 2032
1205 2033
1206 2034
1207 2035
1208 2036
1209 2037
1210 2038
1211 2039
1212 204
1213 2040
1214 2041
1215 2042
1216 2043
1217 2044
1218 2045
1219 2046
1220 2047
1221 3038
1222 2049
1223 205
1224 2052
1225 2053
1226 2054
1227 2055
1228 2056
1229 2057
1230 2058
1231 206
1232 2060
1233 2061
1234 2062
1235 2063
1236 2064
1237 2065
1238 2066
1239 2067
1240 2068
1241 2069
1242 207
1243 2070
1244 2071
1245 2072
1246 2073
1247 2074
1248 2075
1249 2076
1250 2077
1251 2078
1252 2079
1253 208
1254 2080
1255 2081
1256 2082
1257 2083
1258 2084
1259 2085
1260 2086
1261 2089
1262 209
1263 2090
1264 2091
1265 2092
1266 2093
1267 2094
1268 2095
1269 2096
1270 2097
1271 2098
1272 2099
1273 21
1274 210
1275 2100
1276 2101
1277 2102
1278 2103
1279 2104
1280 2105
1281 2106
1282 2107
1283 2108
1284 2109
1285 211
1286 2110
1287 2111
1288 2112
1289 2113
1290 2114
1291 2115
1292 2116
1293 2117
1294 2118
1295 2119
1296 212
1297 2120
1298 2121
1299 2122
1300 2123
1301 2124
1302 2125
1303 2126
1304 2127
1305 2128
1306 2129
1307 213
1308 2130
1309 2131
1310 2132
1311 2133
1312 2134
1313 2135
1314 2136
1315 2137
1316 2138
1317 2139
1318 214
1319 2140
1320 2141
1321 2142
1322 2143
1323 2144
1324 2145
1325 2183
1326 2149
1327 215
1328 2150
1329 2151
1330 2152
1331 2154
1332 2155
1333 2156
1334 2157
1335 2158
1336 2159
1337 216
1338 2160
1339 2161
1340 2162
1341 2163
1342 2164
1343 2165
1344 2166
1345 2167
1346 2168
1347 2169
1348 217
1349 2170
1350 2171
1351 2172
1352 2173
1353 2174
1354 2175
1355 2176
1356 2177
1357 2178
1358 2179
1359 2180
1360 218
1361 2181
1362 2182
1363 2184
1364 2185
1365 2186
1366 2187
1367 2188
1368 2189
1369 2190
1370 219
1371 2191
1372 2192
1373 2193
1374 2194
1375 2195
1376 2196
1377 2197
1378 2198
1379 2199
1380 22
1381 220
1382 2200
1383 2201
1384 2202
1385 2203
1386 2204
1387 2205
1388 2206
1389 2207
1390 2208
1391 2209
1392 221
1393 2210
1394 2211
1395 2212
1396 2213
1397 2214
1398 3008
1399 2215
1400 2216
1401 2217
1402 2218
1403 2219
1404 222
1405 2220
1406 2221
1407 2222
1408 2223
1409 2224
1410 2225
1411 2226
1412 2227
1413 2228
1414 2229
1415 223
1416 2230
1417 2231
1418 2232
1419 2233
1420 2234
1421 2235
1422 2236
1423 2237
1424 2238
1425 2239
1426 224
1427 2240
1428 2241
1429 2242
1430 2243
1431 2244
1432 2245
1433 2246
1434 67
1435 2247
1436 2248
1437 2249
1438 225
1439 2250
1440 2251
1441 2252
1442 2253
1443 2254
1444 2255
1445 2256
1446 2257
1447 2258
1448 2259
1449 226
1450 2260
1451 2261
1452 2262
1453 2263
1454 2264
1455 2265
1456 2266
1457 2267
1458 2268
1459 2269
1460 227
1461 2270
1462 2271
1463 2272
1464 2273
1465 2274
1466 2275
1467 2276
1468 2277
1469 2278
1470 2279
1471 228
1472 2280
1473 2281
1474 2282
1475 2283
1476 2284
1477 2285
1478 2286
1479 2287
1480 2288
1481 2289
1482 2290
1483 2291
1484 229
1485 2292
1486 2293
1487 2294
1488 2295
1489 2296
1490 2297
1491 2299
1492 23
1493 230
1494 2300
1495 2301
1496 2302
1497 2303
1498 2304
1499 2305
1500 2306
1501 2307
1502 2308
1503 2309
1504 231
1505 2310
1506 2312
1507 2313
1508 6028
1509 6641
1510 2315
1511 2316
1512 2317
1513 2318
1514 2319
1515 232
1516 2320
1517 2321
1518 2322
1519 2323
1520 2324
1521 2325
1522 2326
1523 2327
1524 2328
1525 2329
1526 233
1527 2330
1528 2331
1529 2332
1530 2333
1531 2334
1532 2335
1533 2336
1534 2337
1535 2338
1536 2339
1537 234
1538 2340
1539 2341
1540 2861
1541 3161
1542 2342
1543 2343
1544 2344
1545 2345
1546 2346
1547 2347
1548 2348
1549 2349
1550 235
1551 2350
1552 2351
1553 2352
1554 2353
1555 2354
1556 2355
1557 2357
1558 2358
1559 2359
1560 236
1561 2360
1562 2361
1563 2362
1564 2363
1565 2364
1566 2365
1567 2366
1568 2367
1569 2368
1570 2369
1571 237
1572 2370
1573 2371
1574 2372
1575 2373
1576 2374
1577 2375
1578 2376
1579 2377
1580 2378
1581 2379
1582 238
1583 2380
1584 2381
1585 2382
1586 2383
1587 2384
1588 2385
1589 2386
1590 2387
1591 2388
1592 2389
1593 239
1594 2390
1595 2391
1596 2392
1597 2393
1598 2394
1599 2395
1600 2396
1601 2397
1602 2398
1603 2399
1604 24
1605 240
1606 2400
1607 2401
1608 2402
1609 2403
1610 2404
1611 2405
1612 2406
1613 2407
1614 2408
1615 2409
1616 241
1617 2410
1618 2411
1619 2412
1620 2413
1621 2414
1622 2415
1623 2416
1624 6833
1625 6834
1626 2417
1627 2418
1628 2419
1629 242
1630 2420
1631 2421
1632 2422
1633 2423
1634 2424
1635 2425
1636 2426
1637 2427
1638 2428
1639 2429
1640 243
1641 2430
1642 2431
1643 2432
1644 2433
1645 2434
1646 2435
1647 2436
1648 2437
1649 2438
1650 2439
1651 244
1652 2440
1653 2441
1654 2442
1655 2443
1656 2444
1657 2445
1658 2446
1659 2447
1660 2448
1661 2449
1662 245
1663 2450
1664 2451
1665 2452
1666 2453
1667 2454
1668 2455
1669 2456
1670 2457
1671 2458
1672 2459
1673 246
1674 2460
1675 2461
1676 2462
1677 2463
1678 2464
1679 2465
1680 2466
1681 2467
1682 2468
1683 2469
1684 247
1685 2470
1686 2471
1687 2472
1688 2473
1689 2474
1690 2475
1691 2476
1692 2477
1693 2478
1694 2479
1695 248
1696 2480
1697 2481
1698 2482
1699 2483
1700 2484
1701 2485
1702 2486
1703 2487
1704 2488
1705 2489
1706 249
1707 2490
1708 2491
1709 2492
1710 2493
1711 2494
1712 2495
1713 2496
1714 2497
1715 2498
1716 2499
1717 25
1718 250
1719 2500
1720 2501
1721 2502
1722 2503
1723 2504
1724 2505
1725 2506
1726 2507
1727 2508
1728 2509
1729 251
1730 2510
1731 2511
1732 2512
1733 2513
1734 2514
1735 2515
1736 2516
1737 2517
1738 2518
1739 2519
1740 252
1741 2520
1742 2521
1743 2522
1744 2523
1745 2524
1746 2525
1747 2526
1748 2527
1749 2528
1750 2529
1751 253
1752 2530
1753 2531
1754 2532
1755 2533
1756 2534
1757 2535
1758 2536
1759 2537
1760 2538
1761 2539
1762 254
1763 2540
1764 2541
1765 2542
1766 2543
1767 2544
1768 2545
1769 2546
1770 2547
1771 2548
1772 2549
1773 255
1774 2550
1775 2551
1776 2552
1777 2553
1778 2554
1779 2555
1780 2556
1781 2557
1782 2558
1783 2559
1784 256
1785 2560
1786 2561
1787 2562
1788 2563
1789 2564
1790 2565
1791 2566
1792 2567
1793 2568
1794 2569
1795 257
1796 2570
1797 2571
1798 2572
1799 2573
1800 2574
1801 2575
1802 2576
1803 2577
1804 2578
1805 2579
1806 258
1807 2580
1808 2581
1809 2582
1810 2583
1811 2584
1812 2585
1813 2586
1814 2587
1815 2588
1816 2589
1817 259
1818 2590
1819 2591
1820 2592
1821 2593
1822 2594
1823 2595
1824 2596
1825 2597
1826 2598
1827 2599
1828 26
1829 260
1830 2600
1831 2601
1832 2602
1833 2603
1834 2604
1835 2605
1836 2606
1837 2607
1838 2608
1839 2609
1840 261
1841 2610
1842 2611
1843 2612
1844 2613
1845 2614
1846 2615
1847 2616
1848 2617
1849 2618
1850 2619
1851 262
1852 2620
1853 2621
1854 2622
1855 2623
1856 2624
1857 2625
1858 2626
1859 2627
1860 2628
1861 2629
1862 263
1863 2630
1864 2631
1865 2632
1866 2633
1867 2634
1868 2635
1869 2636
1870 2637
1871 2638
1872 2639
1873 264
1874 2640
1875 2641
1876 2642
1877 2643
1878 2644
1879 2645
1880 2646
1881 2647
1882 2648
1883 2649
1884 265
1885 2650
1886 2651
1887 2652
1888 2653
1889 2654
1890 2655
1891 2656
1892 2657
1893 2658
1894 2659
1895 266
1896 2660
1897 2661
1898 2662
1899 2663
1900 2664
1901 2665
1902 2666
1903 2667
1904 2668
1905 2669
1906 267
1907 2670
1908 2671
1909 2672
1910 2673
1911 2674
1912 2675
1913 2676
1914 2677
1915 2678
1916 2679
1917 268
1918 2680
1919 2681
1920 5446
1921 6333
1922 2682
1923 2683
1924 2684
1925 2685
1926 2686
1927 2687
1928 2688
1929 2689
1930 269
1931 2690
1932 2691
1933 2692
1934 2693
1935 2694
1936 2695
1937 2696
1938 2697
1939 2698
1940 2699
1941 27
1942 270
1943 2700
1944 2701
1945 2702
1946 2703
1947 2704
1948 2705
1949 2706
1950 2707
1951 2708
1952 2709
1953 271
1954 2710
1955 2711
1956 2712
1957 2713
1958 2714
1959 2715
1960 2716
1961 2717
1962 2718
1963 2719
1964 272
1965 2720
1966 2721
1967 2722
1968 2723
1969 2724
1970 2725
1971 2726
1972 2727
1973 2728
1974 2729
1975 273
1976 2730
1977 2731
1978 2732
1979 2733
1980 2734
1981 2735
1982 2736
1983 2737
1984 2738
1985 2739
1986 274
1987 2740
1988 2741
1989 2742
1990 2743
1991 2744
1992 2745
1993 2746
1994 2747
1995 2748
1996 2749
1997 275
1998 2750
1999 2751
2000 2752
2001 2753
2002 2754
2003 2755
2004 2756
2005 2757
2006 2758
2007 2759
2008 276
2009 2760
2010 2761
2011 2762
2012 2763
2013 2764
2014 2766
2015 2767
2016 2768
2017 277
2018 2771
2019 2772
2020 2773
2021 2774
2022 2775
2023 2776
2024 2777
2025 2778
2026 2779
2027 278
2028 2780
2029 2781
2030 2782
2031 2783
2032 2784
2033 2785
2034 2786
2035 2787
2036 2788
2037 2789
2038 279
2039 2790
2040 2791
2041 2792
2042 2793
2043 2794
2044 2795
2045 2796
2046 2797
2047 2798
2048 2799
2049 28
2050 280
2051 2800
2052 2801
2053 2802
2054 2803
2055 2804
2056 2805
2057 2806
2058 2807
2059 2808
2060 2809
2061 281
2062 2810
2063 2811
2064 2812
2065 2813
2066 2814
2067 2815
2068 2816
2069 2817
2070 2818
2071 2819
2072 282
2073 2820
2074 2821
2075 2822
2076 2823
2077 2826
2078 2827
2079 2828
2080 2829
2081 283
2082 2830
2083 2831
2084 2832
2085 2833
2086 2834
2087 2835
2088 2836
2089 2837
2090 2838
2091 2839
2092 284
2093 2840
2094 2841
2095 2842
2096 2843
2097 2844
2098 2845
2099 2846
2100 2847
2101 2848
2102 2849
2103 285
2104 2850
2105 2851
2106 2852
2107 2853
2108 2854
2109 2855
2110 2856
2111 2857
2112 2858
2113 2859
2114 286
2115 2860
2116 2862
2117 2863
2118 2864
2119 2865
2120 2866
2121 2867
2122 2868
2123 2869
2124 287
2125 2870
2126 2871
2127 2872
2128 2873
2129 2874
2130 2875
2131 2876
2132 2877
2133 2878
2134 2879
2135 288
2136 2880
2137 2881
2138 2882
2139 2883
2140 2884
2141 2885
2142 2886
2143 2887
2144 4428
2145 2888
2146 2889
2147 289
2148 2890
2149 2891
2150 2892
2151 2893
2152 2894
2153 2895
2154 2896
2155 2897
2156 2898
2157 2899
2158 29
2159 290
2160 2900
2161 2901
2162 2902
2163 2903
2164 2904
2165 2905
2166 2906
2167 2907
2168 2908
2169 2909
2170 291
2171 2910
2172 2911
2173 2912
2174 2913
2175 2914
2176 2915
2177 2916
2178 2917
2179 2919
2180 292
2181 2920
2182 2921
2183 2922
2184 2923
2185 2924
2186 2925
2187 2926
2188 2927
2189 2928
2190 2929
2191 293
2192 2930
2193 2931
2194 2932
2195 2933
2196 2935
2197 2936
2198 2937
2199 2938
2200 2939
2201 294
2202 2940
2203 2941
2204 2942
2205 2943
2206 2944
2207 2945
2208 2946
2209 2947
2210 2948
2211 2949
2212 295
2213 2950
2214 2951
2215 2952
2216 2953
2217 2954
2218 2955
2219 2956
2220 2957
2221 2958
2222 2959
2223 296
2224 2960
2225 2961
2226 2962
2227 2963
2228 2964
2229 2965
2230 2966
2231 2967
2232 2968
2233 2969
2234 297
2235 2970
2236 2971
2237 2972
2238 2973
2239 2974
2240 2975
2241 2976
2242 2977
2243 2978
2244 2979
2245 298
2246 2980
2247 2981
2248 2982
2249 2983
2250 2984
2251 2985
2252 2986
2253 2987
2254 2988
2255 2989
2256 299
2257 2990
2258 2991
2259 2992
2260 2993
2261 2994
2262 2995
2263 2996
2264 2997
2265 2998
2266 2999
2267 3
2268 30
2269 300
2270 3000
2271 3001
2272 3002
2273 3003
2274 3004
2275 3005
2276 3006
2277 3007
2278 3009
2279 301
2280 3010
2281 3011
2282 3012
2283 3013
2284 3014
2285 3015
2286 3016
2287 3017
2288 3018
2289 3019
2290 302
2291 3020
2292 3021
2293 3022
2294 3023
2295 3024
2296 3025
2297 3026
2298 3027
2299 3028
2300 3029
2301 303
2302 3030
2303 3031
2304 3032
2305 3033
2306 3034
2307 3035
2308 3036
2309 3037
2310 3039
2311 304
2312 3040
2313 3041
2314 3042
2315 3043
2316 3044
2317 3045
2318 3046
2319 3047
2320 3048
2321 3049
2322 305
2323 3050
2324 3051
2325 3052
2326 3053
2327 3054
2328 3055
2329 3056
2330 3057
2331 3058
2332 3059
2333 306
2334 3060
2335 3061
2336 3062
2337 3063
2338 3064
2339 3065
2340 3066
2341 3067
2342 3068
2343 3069
2344 307
2345 3070
2346 3071
2347 3072
2348 3073
2349 3074
2350 3075
2351 3076
2352 3077
2353 3078
2354 3079
2355 308
2356 3080
2357 3081
2358 3082
2359 3083
2360 3084
2361 3085
2362 3086
2363 3087
2364 3088
2365 3089
2366 309
2367 3090
2368 3091
2369 3092
2370 3093
2371 3094
2372 3095
2373 3096
2374 3097
2375 3098
2376 3099
2377 31
2378 310
2379 3100
2380 3101
2381 3102
2382 3103
2383 3104
2384 3105
2385 3106
2386 3107
2387 3108
2388 3109
2389 311
2390 3110
2391 3111
2392 3112
2393 3113
2394 3114
2395 3115
2396 3116
2397 3117
2398 3118
2399 3119
2400 312
2401 3120
2402 3121
2403 3122
2404 3123
2405 3124
2406 3125
2407 3126
2408 3127
2409 3128
2410 3129
2411 313
2412 3130
2413 3131
2414 3132
2415 3133
2416 3134
2417 3135
2418 3136
2419 3137
2420 3138
2421 3139
2422 314
2423 3140
2424 3141
2425 3142
2426 3143
2427 3144
2428 3145
2429 3146
2430 3147
2431 3148
2432 3149
2433 315
2434 3150
2435 3151
2436 3152
2437 3153
2438 3154
2439 3155
2440 3156
2441 3157
2442 3158
2443 3159
2444 316
2445 3162
2446 3163
2447 3164
2448 3165
2449 3166
2450 3167
2451 3168
2452 3169
2453 317
2454 3170
2455 3171
2456 3172
2457 3173
2458 3174
2459 3175
2460 3176
2461 3177
2462 3178
2463 3179
2464 318
2465 3180
2466 3181
2467 3182
2468 3183
2469 3184
2470 3185
2471 3186
2472 3187
2473 3188
2474 3189
2475 319
2476 3190
2477 3191
2478 3192
2479 3193
2480 3194
2481 3195
2482 3196
2483 3197
2484 3198
2485 3199
2486 32
2487 320
2488 3200
2489 3201
2490 3202
2491 3203
2492 3204
2493 3205
2494 3206
2495 3207
2496 3208
2497 3209
2498 321
2499 3210
2500 3211
2501 3212
2502 3213
2503 3214
2504 3215
2505 3216
2506 3217
2507 3218
2508 3219
2509 322
2510 3220
2511 3221
2512 3222
2513 3223
2514 3224
2515 3225
2516 3226
2517 3227
2518 3228
2519 3229
2520 323
2521 3230
2522 3231
2523 3232
2524 3233
2525 3234
2526 3235
2527 3236
2528 3237
2529 3238
2530 3239
2531 324
2532 3240
2533 3241
2534 3242
2535 3243
2536 3244
2537 3245
2538 3246
2539 3247
2540 3248
2541 3249
2542 325
2543 3250
2544 3251
2545 3252
2546 3253
2547 3254
2548 3255
2549 3256
2550 3257
2551 3258
2552 3259
2553 326
2554 3260
2555 3261
2556 3262
2557 3263
2558 3264
2559 3265
2560 3266
2561 3267
2562 3268
2563 3269
2564 327
2565 3270
2566 3271
2567 3272
2568 3273
2569 3274
2570 3275
2571 3276
2572 3277
2573 3278
2574 3279
2575 328
2576 3280
2577 3281
2578 3282
2579 3283
2580 3284
2581 3285
2582 3286
2583 3287
2584 3288
2585 3289
2586 329
2587 3290
2588 3291
2589 3292
2590 3293
2591 3294
2592 3295
2593 3296
2594 3297
2595 3298
2596 33
2597 330
2598 3300
2599 3301
2600 3302
2601 3303
2602 3304
2603 3305
2604 3306
2605 3307
2606 3308
2607 3309
2608 331
2609 3310
2610 3311
2611 3312
2612 3313
2613 3314
2614 3315
2615 3316
2616 3317
2617 3318
2618 3319
2619 332
2620 3320
2621 3321
2622 3322
2623 3323
2624 3324
2625 3325
2626 3326
2627 3327
2628 3328
2629 3329
2630 333
2631 3330
2632 3331
2633 3332
2634 3333
2635 3334
2636 3335
2637 3336
2638 3337
2639 3338
2640 3339
2641 334
2642 3340
2643 3341
2644 3342
2645 3343
2646 3344
2647 3345
2648 3346
2649 3347
2650 3348
2651 3349
2652 335
2653 3350
2654 3351
2655 3352
2656 3353
2657 3354
2658 3355
2659 3356
2660 3357
2661 3358
2662 3359
2663 336
2664 3360
2665 3361
2666 3362
2667 3363
2668 3364
2669 3365
2670 3366
2671 3367
2672 3368
2673 3369
2674 337
2675 3370
2676 3371
2677 3372
2678 3373
2679 3374
2680 3375
2681 3376
2682 3377
2683 3378
2684 3379
2685 338
2686 3380
2687 3381
2688 3382
2689 3383
2690 3384
2691 3385
2692 3386
2693 3387
2694 3388
2695 3389
2696 339
2697 3390
2698 3391
2699 3392
2700 3393
2701 3394
2702 3395
2703 3396
2704 3397
2705 3398
2706 3399
2707 34
2708 340
2709 3400
2710 3401
2711 3402
2712 3403
2713 3404
2714 3405
2715 3406
2716 3407
2717 3408
2718 3409
2719 341
2720 3410
2721 3411
2722 3412
2723 3413
2724 3414
2725 3415
2726 3416
2727 3417
2728 3418
2729 3419
2730 342
2731 3420
2732 3421
2733 3422
2734 3423
2735 3424
2736 3425
2737 3426
2738 3427
2739 3428
2740 3429
2741 343
2742 3430
2743 3431
2744 3432
2745 3433
2746 3434
2747 3435
2748 3436
2749 3437
2750 3438
2751 3439
2752 344
2753 3440
2754 3441
2755 3442
2756 3443
2757 3444
2758 3445
2759 3446
2760 3447
2761 3448
2762 3449
2763 345
2764 3450
2765 3451
2766 3452
2767 3453
2768 3454
2769 3455
2770 3456
2771 3457
2772 3458
2773 3459
2774 346
2775 3460
2776 3461
2777 3462
2778 3463
2779 3464
2780 3465
2781 3466
2782 3467
2783 3468
2784 3469
2785 347
2786 3470
2787 3471
2788 3472
2789 3473
2790 3474
2791 3475
2792 3476
2793 3477
2794 3478
2795 3479
2796 348
2797 3480
2798 3482
2799 3483
2800 3686
2801 3484
2802 3485
2803 3486
2804 3487
2805 3488
2806 3489
2807 349
2808 3490
2809 3491
2810 3492
2811 3493
2812 3494
2813 3495
2814 3496
2815 3497
2816 3498
2817 3499
2818 35
2819 350
2820 3500
2821 3501
2822 3502
2823 3503
2824 3504
2825 3505
2826 3506
2827 3507
2828 3508
2829 3509
2830 351
2831 3510
2832 3511
2833 3512
2834 3513
2835 3514
2836 3515
2837 3516
2838 3517
2839 3518
2840 3519
2841 352
2842 3520
2843 3521
2844 3522
2845 3523
2846 3524
2847 3525
2848 3526
2849 3527
2850 3528
2851 3529
2852 3530
2853 353
2854 4475
2855 3531
2856 3532
2857 3533
2858 3534
2859 3535
2860 3536
2861 3537
2862 3538
2863 3539
2864 354
2865 3540
2866 3541
2867 3542
2868 3543
2869 3544
2870 3545
2871 3546
2872 3547
2873 3548
2874 3549
2875 355
2876 3550
2877 3551
2878 3552
2879 3553
2880 3554
2881 3555
2882 3556
2883 3557
2884 3558
2885 3559
2886 356
2887 3560
2888 3561
2889 3562
2890 3563
2891 3564
2892 3565
2893 3566
2894 3567
2895 3568
2896 3569
2897 3570
2898 3571
2899 3572
2900 3573
2901 3574
2902 3575
2903 3576
2904 3577
2905 3578
2906 3579
2907 358
2908 3580
2909 3581
2910 3582
2911 3583
2912 3584
2913 3585
2914 3586
2915 3587
2916 3588
2917 3589
2918 359
2919 3590
2920 3591
2921 3592
2922 3593
2923 3594
2924 3595
2925 3596
2926 3597
2927 3598
2928 3599
2929 36
2930 360
2931 3600
2932 3601
2933 3602
2934 3603
2935 3604
2936 3605
2937 3606
2938 3607
2939 3608
2940 3609
2941 361
2942 3610
2943 3611
2944 3612
2945 3613
2946 3614
2947 3615
2948 3616
2949 3617
2950 3618
2951 3619
2952 362
2953 3620
2954 3621
2955 3622
2956 3623
2957 3624
2958 3625
2959 3626
2960 3627
2961 3628
2962 3629
2963 363
2964 3630
2965 3631
2966 3632
2967 3633
2968 3634
2969 3635
2970 3636
2971 3637
2972 3638
2973 3639
2974 364
2975 3640
2976 3641
2977 3642
2978 3643
2979 3644
2980 3645
2981 3646
2982 3647
2983 3648
2984 3649
2985 365
2986 3650
2987 3651
2988 3652
2989 3653
2990 3654
2991 3655
2992 3656
2993 3657
2994 3658
2995 3659
2996 366
2997 3660
2998 3661
2999 3662
3000 3663
3001 3664
3002 3665
3003 3666
3004 3667
3005 3668
3006 3669
3007 367
3008 3670
3009 3671
3010 3672
3011 3673
3012 3674
3013 3675
3014 3676
3015 3677
3016 3678
3017 3679
3018 3680
3019 3681
3020 368
3021 3784
3022 4368
3023 5143
3024 5264
3025 5493
3026 5675
3027 6734
3028 3682
3029 3683
3030 3684
3031 3685
3032 3687
3033 3688
3034 3689
3035 369
3036 3690
3037 3691
3038 3692
3039 3693
3040 3694
3041 3695
3042 3696
3043 3697
3044 3698
3045 3699
3046 37
3047 370
3048 3700
3049 3701
3050 3702
3051 3703
3052 3704
3053 3705
3054 3706
3055 3707
3056 3708
3057 3709
3058 371
3059 3710
3060 3711
3061 3712
3062 3713
3063 3714
3064 3715
3065 3716
3066 3717
3067 3718
3068 3719
3069 372
3070 3720
3071 3721
3072 3722
3073 3723
3074 3724
3075 3725
3076 3726
3077 3727
3078 3728
3079 3729
3080 373
3081 3730
3082 3731
3083 3732
3084 3733
3085 3734
3086 3735
3087 3736
3088 3737
3089 3738
3090 3739
3091 374
3092 3740
3093 3741
3094 3742
3095 3971
3096 5045
3097 5049
3098 5665
3099 5797
3100 6454
3101 6587
3102 6588
3103 6589
3104 6590
3105 6591
3106 6592
3107 6593
3108 6594
3109 6595
3110 6596
3111 6597
3112 6599
3113 6600
3114 6601
3115 6602
3116 6603
3117 6604
3118 6605
3119 6606
3120 3743
3121 3744
3122 3745
3123 3746
3124 3747
3125 3748
3126 3749
3127 375
3128 3750
3129 3751
3130 3752
3131 3753
3132 3754
3133 3755
3134 3756
3135 3757
3136 3758
3137 3759
3138 376
3139 3760
3140 3761
3141 3762
3142 3763
3143 3764
3144 3765
3145 3766
3146 3767
3147 3768
3148 3769
3149 377
3150 3770
3151 3771
3152 3772
3153 3773
3154 3774
3155 3775
3156 3776
3157 3777
3158 3778
3159 3779
3160 378
3161 3780
3162 3781
3163 3782
3164 3783
3165 3785
3166 3786
3167 3787
3168 3788
3169 3789
3170 379
3171 3790
3172 3791
3173 3792
3174 3793
3175 3794
3176 3795
3177 3796
3178 3797
3179 3798
3180 3799
3181 38
3182 380
3183 3800
3184 3801
3185 3802
3186 3803
3187 3804
3188 3805
3189 3806
3190 3807
3191 3808
3192 3809
3193 381
3194 3810
3195 3811
3196 3812
3197 3813
3198 3814
3199 3815
3200 3816
3201 3817
3202 3818
3203 3819
3204 382
3205 3820
3206 3821
3207 3822
3208 3823
3209 3824
3210 3825
3211 3826
3212 3827
3213 3828
3214 3829
3215 383
3216 3830
3217 3831
3218 3832
3219 3833
3220 3834
3221 3835
3222 3836
3223 3837
3224 3838
3225 3839
3226 384
3227 3840
3228 3841
3229 3842
3230 3843
3231 3844
3232 3845
3233 3846
3234 3847
3235 3848
3236 3849
3237 385
3238 3850
3239 3851
3240 3852
3241 3853
3242 3854
3243 3855
3244 3856
3245 3857
3246 3858
3247 3859
3248 386
3249 3860
3250 3861
3251 3862
3252 3863
3253 3864
3254 3865
3255 3866
3256 3867
3257 3868
3258 3869
3259 387
3260 3870
3261 3871
3262 3872
3263 3873
3264 3874
3265 3875
3266 3876
3267 3877
3268 3878
3269 3879
3270 388
3271 3880
3272 3881
3273 3882
3274 3883
3275 3884
3276 3885
3277 3886
3278 3887
3279 3888
3280 3889
3281 389
3282 3890
3283 3891
3284 3892
3285 3893
3286 3894
3287 3895
3288 3896
3289 3897
3290 3898
3291 3899
3292 39
3293 390
3294 3900
3295 3901
3296 3902
3297 3903
3298 3904
3299 3905
3300 3906
3301 3907
3302 3908
3303 3909
3304 391
3305 3910
3306 3911
3307 3912
3308 3913
3309 3914
3310 3915
3311 3916
3312 3917
3313 3918
3314 3919
3315 392
3316 3920
3317 3921
3318 3922
3319 3923
3320 3924
3321 3925
3322 3926
3323 3927
3324 3928
3325 3929
3326 393
3327 3930
3328 3931
3329 3932
3330 3933
3331 3934
3332 3935
3333 3936
3334 3937
3335 3938
3336 3939
3337 394
3338 3940
3339 3941
3340 3942
3341 3943
3342 3944
3343 3945
3344 3946
3345 3947
3346 3948
3347 3949
3348 395
3349 3950
3350 3951
3351 3952
3352 3953
3353 3954
3354 3955
3355 3956
3356 3957
3357 3958
3358 3959
3359 396
3360 3960
3361 3961
3362 3962
3363 3963
3364 3964
3365 3965
3366 3966
3367 3967
3368 3968
3369 3969
3370 397
3371 3970
3372 3972
3373 3973
3374 3974
3375 3975
3376 3976
3377 3977
3378 3978
3379 3979
3380 398
3381 3980
3382 3981
3383 3982
3384 3983
3385 3984
3386 3985
3387 3986
3388 3987
3389 3988
3390 3989
3391 399
3392 3990
3393 3991
3394 3992
3395 3993
3396 3994
3397 3995
3398 3996
3399 3997
3400 3998
3401 3999
3402 4
3403 40
3404 400
3405 4000
3406 4001
3407 4002
3408 4003
3409 4004
3410 4005
3411 4006
3412 4007
3413 4008
3414 4009
3415 401
3416 4010
3417 4011
3418 4012
3419 4013
3420 4014
3421 4015
3422 4016
3423 4017
3424 4018
3425 4019
3426 402
3427 4020
3428 4021
3429 4022
3430 4023
3431 4024
3432 4025
3433 4026
3434 4027
3435 4028
3436 4029
3437 403
3438 4030
3439 4031
3440 4032
3441 4033
3442 4034
3443 4035
3444 4036
3445 4037
3446 4038
3447 4039
3448 404
3449 4040
3450 4041
3451 4042
3452 4043
3453 4044
3454 4045
3455 4046
3456 4047
3457 4048
3458 4049
3459 405
3460 4050
3461 4051
3462 4052
3463 4053
3464 4054
3465 4055
3466 4056
3467 4057
3468 4058
3469 4059
3470 4060
3471 406
3472 4061
3473 4062
3474 6611
3475 4063
3476 4064
3477 4065
3478 4066
3479 4067
3480 4068
3481 4069
3482 407
3483 4070
3484 4071
3485 4072
3486 4073
3487 4074
3488 4075
3489 4076
3490 4077
3491 4078
3492 4079
3493 408
3494 4080
3495 4081
3496 4082
3497 4083
3498 4084
3499 4085
3500 4086
3501 4087
3502 4088
3503 4089
3504 409
3505 4090
3506 4091
3507 4092
3508 4093
3509 4094
3510 4095
3511 4096
3512 4097
3513 4098
3514 4099
3515 41
3516 410
3517 4100
3518 4101
3519 4102
3520 4103
3521 4104
3522 4105
3523 4106
3524 4107
3525 4108
3526 4109
3527 411
3528 4110
3529 4111
3530 4112
3531 4113
3532 4114
3533 4115
3534 4116
3535 4117
3536 4118
3537 4119
3538 412
3539 4120
3540 4121
3541 4122
3542 4123
3543 4124
3544 4125
3545 4126
3546 4127
3547 4128
3548 4129
3549 413
3550 4130
3551 4131
3552 4132
3553 4133
3554 4134
3555 4135
3556 4136
3557 4137
3558 4138
3559 4139
3560 414
3561 4140
3562 4141
3563 4142
3564 4143
3565 4144
3566 4145
3567 4146
3568 4147
3569 4148
3570 4149
3571 415
3572 4150
3573 4151
3574 4152
3575 4153
3576 4154
3577 4155
3578 4156
3579 4157
3580 4158
3581 4159
3582 416
3583 4160
3584 4161
3585 4162
3586 4163
3587 4164
3588 4165
3589 4166
3590 4167
3591 4168
3592 5258
3593 4169
3594 417
3595 4170
3596 4171
3597 4172
3598 4173
3599 4174
3600 4175
3601 4176
3602 4177
3603 4178
3604 4179
3605 418
3606 4180
3607 4181
3608 4182
3609 4183
3610 4184
3611 4185
3612 4186
3613 4187
3614 4188
3615 4189
3616 419
3617 4190
3618 4191
3619 4192
3620 4193
3621 4194
3622 4195
3623 4196
3624 4197
3625 4198
3626 4199
3627 42
3628 420
3629 4200
3630 4201
3631 4202
3632 4203
3633 4204
3634 4205
3635 4206
3636 4207
3637 4208
3638 4209
3639 421
3640 4210
3641 4211
3642 4212
3643 4213
3644 4214
3645 4215
3646 4216
3647 4217
3648 4218
3649 4219
3650 422
3651 4220
3652 4221
3653 4222
3654 4223
3655 4224
3656 4225
3657 4226
3658 4227
3659 4228
3660 4229
3661 423
3662 4230
3663 4231
3664 4232
3665 4233
3666 4234
3667 4235
3668 4236
3669 4237
3670 4238
3671 4239
3672 424
3673 4240
3674 4241
3675 4242
3676 4243
3677 4244
3678 4245
3679 4246
3680 4247
3681 4248
3682 4249
3683 425
3684 4250
3685 4251
3686 4252
3687 4253
3688 4254
3689 4255
3690 4256
3691 4257
3692 4258
3693 4259
3694 426
3695 4260
3696 4261
3697 4262
3698 4263
3699 4264
3700 4265
3701 4266
3702 4267
3703 4268
3704 4269
3705 427
3706 4270
3707 4271
3708 4272
3709 4273
3710 4274
3711 4275
3712 4276
3713 4277
3714 4278
3715 4279
3716 4280
3717 428
3718 4281
3719 4282
3720 4283
3721 4284
3722 4285
3723 4286
3724 4287
3725 4288
3726 4289
3727 429
3728 4290
3729 4291
3730 4292
3731 4293
3732 4294
3733 4295
3734 4296
3735 4297
3736 4298
3737 4299
3738 43
3739 430
3740 4300
3741 4301
3742 4302
3743 4303
3744 4304
3745 4305
3746 4306
3747 4307
3748 4308
3749 4309
3750 431
3751 4310
3752 4311
3753 4312
3754 4313
3755 4314
3756 4315
3757 4316
3758 4317
3759 4318
3760 4319
3761 432
3762 4320
3763 4321
3764 4322
3765 4323
3766 4324
3767 4325
3768 4326
3769 4327
3770 4328
3771 4329
3772 433
3773 4330
3774 4331
3775 4332
3776 4333
3777 4334
3778 4335
3779 4336
3780 5048
3781 4337
3782 4338
3783 4339
3784 434
3785 4340
3786 4341
3787 4342
3788 4343
3789 4344
3790 4345
3791 4346
3792 4347
3793 4348
3794 4349
3795 435
3796 4350
3797 4351
3798 4352
3799 4353
3800 4354
3801 4355
3802 4356
3803 4357
3804 4358
3805 4359
3806 436
3807 4360
3808 4361
3809 4362
3810 4363
3811 4364
3812 4365
3813 4366
3814 4367
3815 4369
3816 437
3817 4370
3818 4371
3819 4372
3820 4373
3821 4374
3822 4375
3823 4376
3824 4377
3825 4378
3826 4379
3827 438
3828 4380
3829 4381
3830 4382
3831 4383
3832 4384
3833 4385
3834 4386
3835 4387
3836 4388
3837 4389
3838 439
3839 4390
3840 4391
3841 4392
3842 4393
3843 4394
3844 4395
3845 4396
3846 4397
3847 4398
3848 4399
3849 44
3850 440
3851 4400
3852 4401
3853 4402
3854 4403
3855 4404
3856 4405
3857 4406
3858 4407
3859 4408
3860 4409
3861 441
3862 4410
3863 4411
3864 4412
3865 4413
3866 4414
3867 4415
3868 4416
3869 4417
3870 4418
3871 4419
3872 442
3873 4420
3874 4421
3875 4422
3876 4423
3877 4424
3878 4425
3879 4426
3880 4427
3881 4429
3882 443
3883 4430
3884 4431
3885 4432
3886 4433
3887 4434
3888 4435
3889 4436
3890 4437
3891 4438
3892 4439
3893 444
3894 4440
3895 4441
3896 4442
3897 4443
3898 4444
3899 4445
3900 4446
3901 4447
3902 4448
3903 4449
3904 445
3905 4450
3906 4451
3907 4453
3908 4454
3909 4455
3910 4456
3911 4457
3912 4458
3913 4459
3914 446
3915 4460
3916 4461
3917 4462
3918 4463
3919 4464
3920 4465
3921 4466
3922 4467
3923 4468
3924 4469
3925 447
3926 4470
3927 4471
3928 4472
3929 4473
3930 4474
3931 4476
3932 4477
3933 4478
3934 4479
3935 448
3936 4480
3937 4481
3938 4482
3939 4484
3940 4485
3941 4486
3942 4487
3943 4488
3944 4489
3945 449
3946 4490
3947 4491
3948 4492
3949 4493
3950 4494
3951 4495
3952 4496
3953 4497
3954 4498
3955 4499
3956 4500
3957 4501
3958 4502
3959 45
3960 450
3961 4503
3962 4504
3963 4505
3964 4506
3965 4507
3966 4508
3967 4509
3968 451
3969 4510
3970 4511
3971 4512
3972 4513
3973 4514
3974 4515
3975 4516
3976 4517
3977 4518
3978 4519
3979 452
3980 4520
3981 4521
3982 4522
3983 4523
3984 4524
3985 4525
3986 4526
3987 4527
3988 4528
3989 4529
3990 453
3991 4530
3992 4531
3993 4532
3994 4533
3995 4534
3996 4535
3997 4536
3998 4537
3999 4538
4000 4539
4001 454
4002 4540
4003 4541
4004 4542
4005 4543
4006 4544
4007 4545
4008 4546
4009 4547
4010 4548
4011 4549
4012 455
4013 4550
4014 4551
4015 4552
4016 4553
4017 4554
4018 4555
4019 4556
4020 4557
4021 4558
4022 4559
4023 456
4024 4560
4025 4561
4026 4562
4027 4563
4028 4564
4029 4565
4030 4566
4031 4567
4032 4568
4033 4569
4034 457
4035 4570
4036 4571
4037 4572
4038 4573
4039 4574
4040 4575
4041 4576
4042 4577
4043 4578
4044 4579
4045 4844
4046 5626
4047 5995
4048 458
4049 4580
4050 4581
4051 4582
4052 4583
4053 4584
4054 5069
4055 4585
4056 4586
4057 4587
4058 4588
4059 4589
4060 4590
4061 459
4062 4591
4063 4592
4064 4593
4065 4594
4066 4595
4067 4596
4068 4597
4069 4598
4070 4599
4071 46
4072 460
4073 4600
4074 4601
4075 4602
4076 4603
4077 4604
4078 4605
4079 4606
4080 4607
4081 4608
4082 4609
4083 461
4084 4610
4085 4611
4086 4612
4087 4613
4088 4614
4089 4615
4090 4616
4091 4617
4092 4618
4093 4619
4094 462
4095 4620
4096 4621
4097 4622
4098 5999
4099 4623
4100 4624
4101 4625
4102 4626
4103 4627
4104 4628
4105 4629
4106 463
4107 4630
4108 4631
4109 4632
4110 4633
4111 4634
4112 4635
4113 4636
4114 4637
4115 4638
4116 4639
4117 464
4118 4640
4119 4641
4120 4642
4121 4643
4122 4644
4123 4645
4124 4646
4125 4647
4126 4648
4127 4649
4128 4650
4129 465
4130 4651
4131 4652
4132 4653
4133 4654
4134 4655
4135 4656
4136 4657
4137 4658
4138 4659
4139 466
4140 4660
4141 4661
4142 4662
4143 4663
4144 4664
4145 4665
4146 4666
4147 4667
4148 4668
4149 4669
4150 467
4151 4670
4152 4671
4153 4672
4154 4673
4155 4674
4156 4675
4157 4676
4158 4677
4159 4678
4160 468
4161 4680
4162 4681
4163 4682
4164 4683
4165 4684
4166 4685
4167 4686
4168 4687
4169 4688
4170 4689
4171 469
4172 4690
4173 4691
4174 4692
4175 4693
4176 4694
4177 4695
4178 4696
4179 4697
4180 4698
4181 4699
4182 47
4183 470
4184 4700
4185 4701
4186 4702
4187 4703
4188 4704
4189 4705
4190 4706
4191 4707
4192 4708
4193 4709
4194 4710
4195 471
4196 4711
4197 4712
4198 4713
4199 4714
4200 4715
4201 4716
4202 4717
4203 4718
4204 4719
4205 472
4206 4720
4207 4721
4208 4722
4209 4723
4210 4724
4211 4725
4212 4726
4213 4727
4214 4728
4215 4729
4216 473
4217 4730
4218 4731
4219 4732
4220 4733
4221 4734
4222 4735
4223 4736
4224 4737
4225 4738
4226 4739
4227 474
4228 4740
4229 4741
4230 4742
4231 4743
4232 4744
4233 4745
4234 4746
4235 4747
4236 4748
4237 4749
4238 475
4239 4750
4240 4751
4241 4752
4242 4753
4243 4754
4244 4755
4245 4756
4246 4757
4247 4758
4248 4759
4249 476
4250 4760
4251 4761
4252 4762
4253 4763
4254 4764
4255 4765
4256 4766
4257 4767
4258 4768
4259 4769
4260 477
4261 4770
4262 4771
4263 4772
4264 4773
4265 4774
4266 4775
4267 4776
4268 4777
4269 4778
4270 4779
4271 478
4272 4780
4273 4781
4274 4782
4275 4783
4276 4784
4277 4785
4278 4786
4279 4787
4280 4788
4281 4789
4282 479
4283 4790
4284 4792
4285 4793
4286 4794
4287 4795
4288 4796
4289 4797
4290 4798
4291 4799
4292 48
4293 480
4294 4800
4295 4801
4296 4802
4297 4803
4298 4804
4299 4805
4300 4806
4301 4807
4302 4808
4303 4809
4304 481
4305 4810
4306 4811
4307 4812
4308 4813
4309 4814
4310 4815
4311 4816
4312 4817
4313 4818
4314 4819
4315 482
4316 4820
4317 4821
4318 4822
4319 4823
4320 4824
4321 4825
4322 4826
4323 4827
4324 4828
4325 4829
4326 483
4327 4830
4328 4831
4329 4832
4330 4833
4331 4834
4332 4835
4333 4836
4334 4837
4335 4838
4336 4839
4337 484
4338 4840
4339 4841
4340 4842
4341 4843
4342 4845
4343 4846
4344 4847
4345 4848
4346 4849
4347 485
4348 4850
4349 4851
4350 4852
4351 4853
4352 4854
4353 4855
4354 4856
4355 4857
4356 4858
4357 4859
4358 486
4359 4860
4360 4861
4361 4862
4362 4863
4363 4864
4364 4865
4365 4866
4366 4867
4367 4868
4368 4869
4369 4870
4370 487
4371 5133
4372 4871
4373 4872
4374 4873
4375 4874
4376 4875
4377 4876
4378 4877
4379 4878
4380 4879
4381 3160
4382 722
4383 4880
4384 4881
4385 4882
4386 4883
4387 4884
4388 4885
4389 4886
4390 4887
4391 4888
4392 4889
4393 489
4394 4890
4395 4891
4396 4892
4397 4893
4398 4894
4399 4895
4400 4896
4401 4897
4402 4898
4403 4899
4404 49
4405 490
4406 4900
4407 4901
4408 4902
4409 4903
4410 4904
4411 4905
4412 4906
4413 4907
4414 4908
4415 4909
4416 491
4417 4910
4418 4911
4419 4912
4420 4913
4421 4914
4422 4915
4423 4916
4424 4917
4425 4918
4426 4919
4427 492
4428 4920
4429 4921
4430 4922
4431 4923
4432 4924
4433 4925
4434 4926
4435 4927
4436 4928
4437 4929
4438 493
4439 4930
4440 4931
4441 4932
4442 4933
4443 4934
4444 4935
4445 4966
4446 5008
4447 4936
4448 4937
4449 4938
4450 4939
4451 494
4452 4940
4453 4941
4454 4942
4455 4943
4456 4944
4457 4945
4458 4946
4459 4947
4460 5570
4461 4948
4462 4949
4463 495
4464 4950
4465 4951
4466 4952
4467 4953
4468 4954
4469 4955
4470 4956
4471 4957
4472 4958
4473 4959
4474 496
4475 4960
4476 4961
4477 4962
4478 4963
4479 4964
4480 4965
4481 4967
4482 4968
4483 4969
4484 497
4485 4970
4486 4971
4487 4972
4488 4973
4489 4974
4490 4975
4491 4976
4492 4977
4493 4978
4494 4979
4495 498
4496 4980
4497 4981
4498 4982
4499 4983
4500 4984
4501 5043
4502 4985
4503 4986
4504 4987
4505 4988
4506 4989
4507 499
4508 4990
4509 4991
4510 4992
4511 4993
4512 4994
4513 4995
4514 4996
4515 4997
4516 4998
4517 4999
4518 5
4519 50
4520 500
4521 5000
4522 5001
4523 5002
4524 5003
4525 5004
4526 5005
4527 5006
4528 5007
4529 5009
4530 501
4531 5010
4532 5011
4533 5012
4534 5013
4535 5014
4536 5015
4537 5016
4538 5017
4539 5018
4540 5019
4541 502
4542 5020
4543 5021
4544 5022
4545 5023
4546 5024
4547 5025
4548 5026
4549 5027
4550 5028
4551 5029
4552 503
4553 5030
4554 5031
4555 5032
4556 5033
4557 5034
4558 5035
4559 5036
4560 5037
4561 5038
4562 5039
4563 504
4564 5040
4565 5041
4566 5042
4567 5044
4568 5046
4569 5047
4570 5050
4571 5051
4572 5052
4573 5053
4574 5054
4575 5055
4576 5056
4577 5081
4578 5664
4579 505
4580 5057
4581 5058
4582 5059
4583 506
4584 5060
4585 5061
4586 5062
4587 5063
4588 5064
4589 5065
4590 5066
4591 5067
4592 5068
4593 507
4594 5070
4595 5071
4596 5072
4597 5073
4598 5074
4599 5075
4600 5076
4601 5077
4602 5078
4603 5079
4604 508
4605 5080
4606 5082
4607 5083
4608 5084
4609 5085
4610 5086
4611 5087
4612 5088
4613 5089
4614 509
4615 5090
4616 5091
4617 5092
4618 5093
4619 5094
4620 5095
4621 5096
4622 5097
4623 5098
4624 5099
4625 51
4626 510
4627 5100
4628 5101
4629 5102
4630 5103
4631 5104
4632 5105
4633 5106
4634 5107
4635 5108
4636 5109
4637 511
4638 5110
4639 5111
4640 5112
4641 5113
4642 5114
4643 5115
4644 5116
4645 5117
4646 5118
4647 5119
4648 512
4649 5120
4650 5121
4651 5122
4652 5123
4653 5124
4654 5125
4655 5126
4656 5127
4657 5128
4658 5129
4659 513
4660 5130
4661 5131
4662 5132
4663 5134
4664 5135
4665 5136
4666 5137
4667 5138
4668 5139
4669 514
4670 5140
4671 5141
4672 5142
4673 5144
4674 5145
4675 5146
4676 5147
4677 5148
4678 5149
4679 515
4680 5150
4681 5151
4682 5152
4683 5153
4684 5154
4685 5155
4686 5156
4687 5157
4688 5158
4689 5159
4690 516
4691 5160
4692 5161
4693 5162
4694 5163
4695 5164
4696 5165
4697 5166
4698 5167
4699 5168
4700 5169
4701 517
4702 5170
4703 5171
4704 5172
4705 5173
4706 5174
4707 5175
4708 5176
4709 5177
4710 5178
4711 5179
4712 518
4713 5180
4714 5181
4715 5182
4716 5183
4717 5184
4718 5185
4719 5186
4720 5187
4721 5188
4722 5189
4723 519
4724 5190
4725 5191
4726 5192
4727 5193
4728 5194
4729 5195
4730 5196
4731 5197
4732 5198
4733 5199
4734 52
4735 520
4736 5200
4737 5201
4738 5202
4739 5203
4740 5204
4741 5205
4742 5206
4743 5207
4744 5208
4745 5209
4746 521
4747 5544
4748 5211
4749 5212
4750 5213
4751 5214
4752 5215
4753 5216
4754 5217
4755 5218
4756 5219
4757 522
4758 5220
4759 5221
4760 5222
4761 5223
4762 5224
4763 5225
4764 5226
4765 5227
4766 5228
4767 5229
4768 523
4769 5230
4770 5231
4771 5232
4772 5233
4773 5234
4774 5235
4775 5236
4776 5237
4777 5238
4778 5239
4779 524
4780 5240
4781 5241
4782 5242
4783 5243
4784 5244
4785 5245
4786 5246
4787 5247
4788 5248
4789 5249
4790 5250
4791 525
4792 5251
4793 5252
4794 5253
4795 5254
4796 5255
4797 5256
4798 5257
4799 5259
4800 526
4801 5260
4802 5261
4803 5262
4804 5263
4805 5265
4806 5266
4807 5267
4808 5268
4809 5269
4810 527
4811 5270
4812 5271
4813 5272
4814 5273
4815 5274
4816 5275
4817 5276
4818 5277
4819 5278
4820 5279
4821 5280
4822 528
4823 5281
4824 5282
4825 5283
4826 5284
4827 5285
4828 5286
4829 5287
4830 5288
4831 5289
4832 5290
4833 529
4834 5291
4835 5292
4836 5293
4837 5294
4838 5295
4839 5296
4840 5297
4841 5298
4842 5299
4843 53
4844 530
4845 5300
4846 5301
4847 5302
4848 5303
4849 5304
4850 5305
4851 5306
4852 5307
4853 5308
4854 5309
4855 531
4856 5310
4857 5311
4858 5312
4859 5313
4860 5314
4861 5315
4862 5316
4863 5317
4864 5318
4865 5319
4866 532
4867 5320
4868 5321
4869 5322
4870 5323
4871 5324
4872 5325
4873 5326
4874 5327
4875 5328
4876 5329
4877 533
4878 5330
4879 5331
4880 5332
4881 5333
4882 5334
4883 5335
4884 5336
4885 5337
4886 5338
4887 5339
4888 534
4889 5340
4890 5341
4891 5342
4892 5343
4893 5344
4894 5345
4895 5346
4896 5347
4897 5348
4898 5349
4899 535
4900 5350
4901 5351
4902 5352
4903 5353
4904 5354
4905 5355
4906 5356
4907 5357
4908 5358
4909 5359
4910 536
4911 5360
4912 5361
4913 5362
4914 5363
4915 5364
4916 5365
4917 5366
4918 5367
4919 5368
4920 5369
4921 537
4922 5370
4923 5371
4924 5372
4925 5373
4926 5374
4927 5375
4928 5376
4929 5377
4930 5378
4931 5379
4932 538
4933 5380
4934 5381
4935 5382
4936 5383
4937 5384
4938 5385
4939 5386
4940 5387
4941 5388
4942 5389
4943 539
4944 5390
4945 5391
4946 5392
4947 5393
4948 5394
4949 5395
4950 5396
4951 5397
4952 5398
4953 5399
4954 54
4955 540
4956 5400
4957 5401
4958 5402
4959 5403
4960 5404
4961 5405
4962 5406
4963 5407
4964 5408
4965 5409
4966 5410
4967 541
4968 5411
4969 5412
4970 5413
4971 5414
4972 5415
4973 5416
4974 5417
4975 5418
4976 5419
4977 542
4978 5420
4979 5421
4980 5422
4981 5423
4982 5424
4983 5425
4984 5426
4985 5427
4986 5428
4987 5429
4988 543
4989 5430
4990 5431
4991 5432
4992 5433
4993 5434
4994 5435
4995 5436
4996 5437
4997 5438
4998 5439
4999 544
5000 5440
5001 5441
5002 5442
5003 5443
5004 5444
5005 5445
5006 5447
5007 5448
5008 5449
5009 545
5010 5450
5011 5451
5012 5452
5013 5453
5014 5454
5015 5455
5016 5456
5017 5457
5018 5458
5019 5459
5020 546
5021 5460
5022 5461
5023 5462
5024 5463
5025 5464
5026 5465
5027 5466
5028 5467
5029 5468
5030 5469
5031 547
5032 5470
5033 5471
5034 5472
5035 5473
5036 5474
5037 5475
5038 5476
5039 5477
5040 5478
5041 5479
5042 548
5043 5480
5044 5481
5045 5482
5046 5483
5047 5484
5048 5485
5049 5486
5050 5487
5051 5488
5052 5489
5053 549
5054 5490
5055 5491
5056 5492
5057 5494
5058 5495
5059 5496
5060 5497
5061 5498
5062 5499
5063 55
5064 550
5065 5500
5066 5501
5067 5502
5068 5503
5069 5504
5070 5505
5071 5506
5072 5507
5073 5508
5074 5509
5075 551
5076 5510
5077 5511
5078 5512
5079 5513
5080 5514
5081 5515
5082 5516
5083 5517
5084 5518
5085 5519
5086 552
5087 5520
5088 5521
5089 5522
5090 5523
5091 5524
5092 5525
5093 5526
5094 5527
5095 5528
5096 5529
5097 553
5098 5530
5099 5531
5100 5532
5101 5533
5102 5534
5103 5535
5104 5536
5105 5537
5106 5538
5107 5539
5108 554
5109 5540
5110 5541
5111 5542
5112 5543
5113 5545
5114 5546
5115 5547
5116 5548
5117 5549
5118 555
5119 5550
5120 5551
5121 5552
5122 5553
5123 5554
5124 5555
5125 5556
5126 5557
5127 5558
5128 5559
5129 5560
5130 556
5131 5561
5132 5562
5133 5563
5134 5564
5135 5565
5136 5566
5137 5567
5138 5568
5139 5569
5140 557
5141 5571
5142 5572
5143 5573
5144 5574
5145 5575
5146 5576
5147 5577
5148 5578
5149 5579
5150 558
5151 5580
5152 5581
5153 5582
5154 5583
5155 5584
5156 5585
5157 5586
5158 5587
5159 5588
5160 5589
5161 559
5162 5590
5163 5591
5164 5592
5165 5593
5166 5594
5167 5595
5168 5596
5169 5597
5170 5598
5171 5599
5172 56
5173 5600
5174 5601
5175 5602
5176 5603
5177 5604
5178 5605
5179 5606
5180 5607
5181 5608
5182 5609
5183 561
5184 5610
5185 5611
5186 5612
5187 5613
5188 5614
5189 5615
5190 5616
5191 5617
5192 5618
5193 5619
5194 562
5195 5620
5196 5621
5197 5622
5198 5623
5199 5624
5200 5625
5201 5627
5202 5628
5203 5629
5204 563
5205 5630
5206 5631
5207 5632
5208 5633
5209 5634
5210 5635
5211 5636
5212 5637
5213 5638
5214 5639
5215 564
5216 5640
5217 5641
5218 5642
5219 5643
5220 5644
5221 5645
5222 5646
5223 5647
5224 5648
5225 5649
5226 565
5227 5650
5228 5651
5229 5652
5230 5653
5231 5654
5232 5655
5233 5656
5234 5657
5235 5658
5236 5659
5237 566
5238 5660
5239 5661
5240 5662
5241 5663
5242 5666
5243 6598
5244 5667
5245 5668
5246 5669
5247 567
5248 5670
5249 5671
5250 5672
5251 5673
5252 5674
5253 5676
5254 5677
5255 5678
5256 5679
5257 568
5258 5680
5259 5682
5260 5683
5261 5684
5262 5685
5263 5686
5264 5687
5265 5688
5266 569
5267 5690
5268 5691
5269 5692
5270 5693
5271 5694
5272 5695
5273 5696
5274 5697
5275 5698
5276 5699
5277 57
5278 570
5279 5700
5280 5701
5281 5702
5282 5703
5283 5704
5284 5705
5285 5706
5286 5707
5287 5708
5288 5709
5289 571
5290 5710
5291 5711
5292 5712
5293 5713
5294 5715
5295 5716
5296 5717
5297 5718
5298 5719
5299 572
5300 5720
5301 5721
5302 5722
5303 5723
5304 5724
5305 5725
5306 5726
5307 5727
5308 5728
5309 5729
5310 573
5311 5730
5312 5731
5313 5732
5314 5733
5315 5734
5316 5735
5317 5736
5318 5737
5319 5738
5320 5739
5321 574
5322 5740
5323 5741
5324 5742
5325 5743
5326 5744
5327 5745
5328 5746
5329 5747
5330 5748
5331 5749
5332 575
5333 5750
5334 5751
5335 5752
5336 5753
5337 5754
5338 5755
5339 5756
5340 5757
5341 5758
5342 5759
5343 576
5344 5760
5345 5761
5346 5762
5347 5763
5348 5764
5349 5765
5350 5766
5351 5767
5352 5768
5353 5769
5354 577
5355 5770
5356 5771
5357 5772
5358 5773
5359 5774
5360 5775
5361 5776
5362 5777
5363 5778
5364 5779
5365 578
5366 5780
5367 5781
5368 5782
5369 5783
5370 5784
5371 5785
5372 5786
5373 5787
5374 5788
5375 5789
5376 579
5377 5790
5378 5791
5379 5792
5380 5793
5381 5794
5382 5795
5383 5796
5384 5798
5385 5799
5386 58
5387 580
5388 5800
5389 5801
5390 5802
5391 5803
5392 5804
5393 5805
5394 5806
5395 5807
5396 5808
5397 5809
5398 581
5399 5810
5400 5811
5401 5812
5402 5813
5403 5814
5404 5815
5405 5816
5406 5817
5407 5818
5408 5819
5409 582
5410 5820
5411 5821
5412 5822
5413 5823
5414 5824
5415 5825
5416 5826
5417 5827
5418 5828
5419 5829
5420 583
5421 5830
5422 5831
5423 5832
5424 5833
5425 5834
5426 5835
5427 5836
5428 5837
5429 5838
5430 5839
5431 5840
5432 584
5433 5841
5434 5842
5435 5843
5436 5844
5437 5845
5438 5846
5439 5847
5440 5848
5441 5849
5442 585
5443 5850
5444 5851
5445 5852
5446 5853
5447 5854
5448 5855
5449 5856
5450 5857
5451 5858
5452 5859
5453 586
5454 5860
5455 5861
5456 5862
5457 5863
5458 5864
5459 5865
5460 5866
5461 5867
5462 5868
5463 5869
5464 587
5465 5870
5466 5871
5467 5872
5468 5873
5469 5874
5470 5875
5471 5876
5472 5877
5473 5878
5474 5879
5475 588
5476 5880
5477 5881
5478 5882
5479 5883
5480 5884
5481 5885
5482 5886
5483 5887
5484 5888
5485 5889
5486 589
5487 590
5488 5890
5489 5891
5490 5892
5491 5893
5492 5894
5493 5895
5494 5896
5495 5897
5496 5898
5497 5899
5498 59
5499 60
5500 5900
5501 5901
5502 5902
5503 5903
5504 5904
5505 5905
5506 5906
5507 5907
5508 5908
5509 5909
5510 591
5511 5911
5512 5912
5513 5913
5514 5914
5515 5915
5516 5916
5517 5917
5518 5918
5519 5919
5520 592
5521 5920
5522 5921
5523 5922
5524 5923
5525 5924
5526 5925
5527 5926
5528 5927
5529 5928
5530 5929
5531 593
5532 5930
5533 5931
5534 5932
5535 5933
5536 5934
5537 5935
5538 5936
5539 5937
5540 5938
5541 5939
5542 594
5543 5940
5544 5941
5545 5942
5546 5943
5547 5944
5548 5945
5549 5946
5550 5947
5551 5948
5552 5949
5553 595
5554 5950
5555 5951
5556 5952
5557 5953
5558 5954
5559 5955
5560 5956
5561 5957
5562 5958
5563 5959
5564 596
5565 5960
5566 5961
5567 5962
5568 5963
5569 5964
5570 5965
5571 5966
5572 5967
5573 5968
5574 5969
5575 597
5576 5970
5577 5971
5578 5972
5579 5973
5580 5974
5581 5975
5582 5976
5583 5977
5584 5978
5585 5979
5586 598
5587 5980
5588 5981
5589 5982
5590 5983
5591 5984
5592 5985
5593 5986
5594 5987
5595 5988
5596 5989
5597 599
5598 5990
5599 5991
5600 5992
5601 5993
5602 5994
5603 5996
5604 5997
5605 5998
5606 6
5607 600
5608 6000
5609 6001
5610 6002
5611 6003
5612 6004
5613 6005
5614 6006
5615 6007
5616 6008
5617 6009
5618 601
5619 6010
5620 6011
5621 6012
5622 6013
5623 6014
5624 6015
5625 6016
5626 6017
5627 6018
5628 6019
5629 6020
5630 6021
5631 6022
5632 6023
5633 6024
5634 6025
5635 6026
5636 6027
5637 6029
5638 603
5639 6030
5640 6031
5641 6032
5642 6033
5643 6034
5644 6035
5645 6036
5646 6037
5647 6038
5648 6039
5649 604
5650 6040
5651 6041
5652 6042
5653 6043
5654 6044
5655 6045
5656 6046
5657 6047
5658 6048
5659 6049
5660 605
5661 6050
5662 6051
5663 6052
5664 6053
5665 6054
5666 6055
5667 6056
5668 6057
5669 6058
5670 6059
5671 606
5672 6060
5673 6061
5674 6062
5675 6063
5676 6064
5677 6065
5678 6066
5679 6067
5680 6068
5681 6069
5682 607
5683 6070
5684 6071
5685 6072
5686 6073
5687 6075
5688 6076
5689 6077
5690 6078
5691 6079
5692 608
5693 6080
5694 6081
5695 6082
5696 6085
5697 6086
5698 6087
5699 6088
5700 6089
5701 609
5702 6090
5703 6091
5704 6092
5705 6093
5706 6094
5707 6095
5708 6096
5709 6097
5710 6098
5711 6099
5712 61
5713 610
5714 6100
5715 6101
5716 6102
5717 6103
5718 6104
5719 6105
5720 6106
5721 6107
5722 6108
5723 6109
5724 611
5725 6110
5726 6111
5727 6112
5728 6113
5729 6114
5730 6115
5731 6116
5732 6117
5733 6118
5734 6119
5735 612
5736 6120
5737 6121
5738 6122
5739 6123
5740 6124
5741 6125
5742 6126
5743 6127
5744 6129
5745 613
5746 6130
5747 6131
5748 6132
5749 6133
5750 6134
5751 6135
5752 6136
5753 6137
5754 6138
5755 6139
5756 614
5757 6140
5758 6141
5759 6142
5760 6143
5761 6144
5762 6145
5763 6146
5764 6147
5765 6148
5766 6149
5767 615
5768 6150
5769 6151
5770 6152
5771 6153
5772 6154
5773 6155
5774 6156
5775 6157
5776 6158
5777 6159
5778 616
5779 6160
5780 6161
5781 6162
5782 6163
5783 6164
5784 6180
5785 6165
5786 6166
5787 6167
5788 6168
5789 6169
5790 617
5791 6170
5792 6171
5793 6172
5794 6173
5795 6174
5796 6175
5797 6176
5798 6177
5799 6178
5800 6179
5801 618
5802 6181
5803 6182
5804 6183
5805 6184
5806 6185
5807 6186
5808 6187
5809 6188
5810 6189
5811 619
5812 6190
5813 6191
5814 6192
5815 6193
5816 6194
5817 6195
5818 6196
5819 6197
5820 6198
5821 6199
5822 62
5823 620
5824 6200
5825 6201
5826 6202
5827 6203
5828 6204
5829 6205
5830 6206
5831 6207
5832 6208
5833 6209
5834 6398
5835 621
5836 6210
5837 6211
5838 6212
5839 6213
5840 6214
5841 6215
5842 6216
5843 6217
5844 6218
5845 6219
5846 622
5847 6220
5848 6221
5849 6222
5850 6223
5851 6224
5852 6225
5853 6226
5854 6227
5855 6228
5856 6229
5857 623
5858 6230
5859 6231
5860 6232
5861 6233
5862 6234
5863 6235
5864 6236
5865 6237
5866 6238
5867 6239
5868 624
5869 6240
5870 6241
5871 6242
5872 6243
5873 6244
5874 6245
5875 6246
5876 6247
5877 6248
5878 6249
5879 625
5880 6250
5881 6251
5882 6252
5883 6253
5884 6254
5885 6255
5886 6256
5887 6257
5888 6258
5889 6259
5890 626
5891 6260
5892 6261
5893 6262
5894 6263
5895 6264
5896 6265
5897 6266
5898 6267
5899 6268
5900 6269
5901 627
5902 6270
5903 6271
5904 6272
5905 6273
5906 6274
5907 6275
5908 6276
5909 6277
5910 6278
5911 6279
5912 628
5913 6280
5914 6281
5915 6282
5916 6283
5917 6284
5918 6285
5919 6286
5920 6287
5921 6288
5922 6289
5923 629
5924 6290
5925 6291
5926 6292
5927 6293
5928 6294
5929 6295
5930 6296
5931 6297
5932 6298
5933 6299
5934 63
5935 630
5936 6300
5937 6301
5938 6302
5939 6303
5940 6304
5941 6305
5942 6306
5943 6307
5944 6308
5945 6309
5946 631
5947 6310
5948 6311
5949 6312
5950 6313
5951 6314
5952 6315
5953 6316
5954 6317
5955 6318
5956 6319
5957 632
5958 6320
5959 6321
5960 6322
5961 6323
5962 6324
5963 6325
5964 6326
5965 6327
5966 6328
5967 6329
5968 633
5969 6330
5970 6331
5971 6332
5972 6334
5973 6335
5974 6336
5975 6337
5976 6338
5977 6339
5978 634
5979 6340
5980 6341
5981 6342
5982 6343
5983 6344
5984 6345
5985 6346
5986 6347
5987 6348
5988 6349
5989 635
5990 6350
5991 6351
5992 6352
5993 6353
5994 6354
5995 6355
5996 6356
5997 6357
5998 6358
5999 6359
6000 636
6001 6360
6002 6361
6003 6362
6004 6363
6005 6364
6006 6365
6007 6366
6008 6367
6009 6368
6010 6369
6011 637
6012 6370
6013 6371
6014 6372
6015 6373
6016 6374
6017 6375
6018 6376
6019 6377
6020 6378
6021 6379
6022 638
6023 6380
6024 6381
6025 6382
6026 6383
6027 6384
6028 6385
6029 6386
6030 6387
6031 6388
6032 6389
6033 639
6034 6390
6035 6391
6036 6392
6037 6393
6038 6394
6039 6395
6040 6397
6041 6396
6042 6399
6043 64
6044 65
6045 640
6046 6400
6047 6401
6048 6402
6049 6403
6050 6404
6051 6405
6052 6406
6053 6407
6054 6408
6055 6409
6056 641
6057 6410
6058 6411
6059 6412
6060 6413
6061 6414
6062 6415
6063 6416
6064 6417
6065 6418
6066 6419
6067 6420
6068 642
6069 6421
6070 6422
6071 6423
6072 6424
6073 6425
6074 6426
6075 6427
6076 6428
6077 6429
6078 643
6079 6430
6080 6431
6081 6432
6082 6433
6083 6434
6084 6435
6085 6436
6086 6437
6087 6438
6088 6439
6089 644
6090 6440
6091 6441
6092 6442
6093 6443
6094 6444
6095 6445
6096 6446
6097 6447
6098 6448
6099 6449
6100 645
6101 6450
6102 6451
6103 6452
6104 6453
6105 6607
6106 6455
6107 6456
6108 6457
6109 6458
6110 6459
6111 646
6112 6460
6113 6461
6114 6462
6115 6463
6116 6464
6117 6465
6118 6466
6119 6467
6120 6468
6121 6469
6122 647
6123 6470
6124 6471
6125 6472
6126 6473
6127 6474
6128 6475
6129 6512
6130 6659
6131 6792
6132 6793
6133 6794
6134 6476
6135 6477
6136 6478
6137 6479
6138 648
6139 6480
6140 6481
6141 6482
6142 6483
6143 6484
6144 6485
6145 6486
6146 6487
6147 6488
6148 6489
6149 649
6150 6490
6151 6491
6152 6492
6153 6493
6154 6494
6155 6495
6156 6496
6157 6556
6158 6898
6159 6497
6160 6498
6161 6499
6162 650
6163 6500
6164 6501
6165 6502
6166 6503
6167 6504
6168 6505
6169 6506
6170 6507
6171 6508
6172 6509
6173 651
6174 6510
6175 6511
6176 6513
6177 6514
6178 6515
6179 6516
6180 6517
6181 6518
6182 6519
6183 652
6184 6520
6185 6521
6186 6522
6187 6523
6188 6524
6189 6525
6190 6526
6191 6527
6192 6528
6193 6529
6194 653
6195 6530
6196 6531
6197 6532
6198 6533
6199 6534
6200 6535
6201 6536
6202 6537
6203 6538
6204 6539
6205 654
6206 6540
6207 6541
6208 6542
6209 6543
6210 6544
6211 6545
6212 6546
6213 6547
6214 6549
6215 6550
6216 6551
6217 6552
6218 6553
6219 6554
6220 6555
6221 6557
6222 6558
6223 655
6224 6735
6225 6559
6226 656
6227 6560
6228 6561
6229 6562
6230 6563
6231 6564
6232 6565
6233 6566
6234 6567
6235 6568
6236 6569
6237 657
6238 6570
6239 6571
6240 6572
6241 6573
6242 6574
6243 6575
6244 6576
6245 6577
6246 6578
6247 6579
6248 658
6249 6580
6250 6581
6251 6582
6252 6583
6253 6584
6254 6585
6255 6586
6256 659
6257 66
6258 660
6259 6608
6260 6609
6261 6610
6262 661
6263 6795
6264 6877
6265 6921
6266 6922
6267 6925
6268 6926
6269 6927
6270 6928
6271 6929
6272 6930
6273 6931
6274 6932
6275 6933
6276 6612
6277 6613
6278 6614
6279 6615
6280 6616
6281 6617
6282 6618
6283 6619
6284 662
6285 6620
6286 6621
6287 6622
6288 6623
6289 6624
6290 6625
6291 6626
6292 6627
6293 6628
6294 6629
6295 663
6296 6630
6297 6631
6298 6632
6299 6633
6300 6634
6301 6635
6302 6636
6303 6637
6304 6638
6305 6639
6306 664
6307 6640
6308 6642
6309 6643
6310 6644
6311 6645
6312 6646
6313 6647
6314 6648
6315 6649
6316 6650
6317 6651
6318 665
6319 6652
6320 6653
6321 6654
6322 6655
6323 6656
6324 6657
6325 6658
6326 666
6327 6660
6328 6661
6329 6662
6330 6663
6331 6664
6332 6665
6333 6666
6334 6667
6335 6668
6336 6669
6337 667
6338 6670
6339 6671
6340 6672
6341 6673
6342 6674
6343 6675
6344 6676
6345 6677
6346 6678
6347 6679
6348 668
6349 6680
6350 6681
6351 6682
6352 6683
6353 6684
6354 6685
6355 6686
6356 6687
6357 6688
6358 6689
6359 669
6360 6690
6361 6691
6362 6692
6363 6693
6364 6694
6365 6695
6366 6696
6367 6697
6368 6698
6369 6699
6370 670
6371 6700
6372 6701
6373 6702
6374 6703
6375 6704
6376 6705
6377 6706
6378 6707
6379 6708
6380 6709
6381 671
6382 6710
6383 6711
6384 6712
6385 6713
6386 6714
6387 6715
6388 6716
6389 6717
6390 6718
6391 6719
6392 672
6393 6720
6394 6721
6395 6722
6396 6723
6397 6724
6398 6725
6399 6726
6400 6727
6401 6728
6402 6729
6403 673
6404 6730
6405 6731
6406 6732
6407 6733
6408 6736
6409 6737
6410 6738
6411 6739
6412 674
6413 6740
6414 6741
6415 6742
6416 6743
6417 6744
6418 6745
6419 6746
6420 6747
6421 6748
6422 6749
6423 675
6424 6750
6425 6751
6426 6752
6427 6753
6428 6754
6429 6755
6430 6756
6431 6757
6432 6758
6433 6759
6434 676
6435 6760
6436 6761
6437 6762
6438 6763
6439 6764
6440 6765
6441 6766
6442 6767
6443 6768
6444 6769
6445 677
6446 6770
6447 6771
6448 6772
6449 6773
6450 6774
6451 6775
6452 6776
6453 6777
6454 6778
6455 6779
6456 678
6457 6780
6458 6781
6459 6782
6460 6783
6461 6784
6462 6785
6463 6786
6464 6787
6465 6788
6466 6789
6467 679
6468 6790
6469 6791
6470 6796
6471 6797
6472 6798
6473 6799
6474 68
6475 680
6476 6800
6477 6801
6478 6802
6479 6803
6480 6804
6481 6805
6482 6806
6483 6807
6484 6808
6485 6809
6486 681
6487 6810
6488 97
6489 6811
6490 6812
6491 6813
6492 6814
6493 6815
6494 6816
6495 6817
6496 6818
6497 6819
6498 682
6499 6820
6500 6821
6501 6822
6502 6823
6503 6824
6504 6825
6505 6826
6506 6827
6507 6828
6508 6829
6509 683
6510 6830
6511 6831
6512 6832
6513 6835
6514 6836
6515 6837
6516 6838
6517 6839
6518 684
6519 6840
6520 6841
6521 6842
6522 6843
6523 6844
6524 6845
6525 6846
6526 6847
6527 6848
6528 6849
6529 685
6530 6850
6531 6851
6532 6852
6533 6853
6534 6854
6535 6855
6536 6856
6537 6857
6538 6858
6539 6859
6540 686
6541 6860
6542 6861
6543 6862
6544 6863
6545 6864
6546 6865
6547 6866
6548 6867
6549 6868
6550 6869
6551 687
6552 6870
6553 6871
6554 6872
6555 6873
6556 6874
6557 6875
6558 6876
6559 6878
6560 6879
6561 688
6562 6880
6563 6881
6564 6882
6565 6883
6566 6884
6567 6885
6568 6886
6569 6887
6570 6888
6571 6889
6572 689
6573 6890
6574 6891
6575 6892
6576 6893
6577 6894
6578 6895
6579 6896
6580 6897
6581 6899
6582 69
6583 690
6584 6900
6585 6901
6586 6902
6587 6903
6588 6904
6589 6905
6590 6906
6591 6907
6592 6908
6593 6909
6594 691
6595 6910
6596 6911
6597 6912
6598 6913
6599 6914
6600 6915
6601 6916
6602 6917
6603 6918
6604 6919
6605 692
6606 6920
6607 6923
6608 6924
6609 693
6610 6934
6611 6935
6612 694
6613 695
6614 696
6615 697
6616 698
6617 7
6618 70
6619 700
6620 701
6621 702
6622 703
6623 705
6624 706
6625 707
6626 708
6627 709
6628 71
6629 710
6630 712
6631 713
6632 714
6633 715
6634 716
6635 717
6636 718
6637 72
6638 720
6639 721
6640 723
6641 724
6642 725
6643 726
6644 727
6645 728
6646 729
6647 73
6648 730
6649 732
6650 733
6651 734
6652 735
6653 736
6654 737
6655 738
6656 739
6657 74
6658 740
6659 741
6660 742
6661 743
6662 744
6663 745
6664 746
6665 747
6666 748
6667 749
6668 75
6669 750
6670 751
6671 752
6672 753
6673 754
6674 755
6675 756
6676 757
6677 758
6678 759
6679 76
6680 760
6681 761
6682 762
6683 763
6684 764
6685 765
6686 766
6687 767
6688 768
6689 769
6690 77
6691 770
6692 771
6693 772
6694 773
6695 774
6696 775
6697 776
6698 777
6699 778
6700 779
6701 78
6702 780
6703 781
6704 782
6705 783
6706 784
6707 785
6708 786
6709 787
6710 788
6711 789
6712 79
6713 790
6714 791
6715 792
6716 793
6717 794
6718 795
6719 796
6720 797
6721 798
6722 799
6723 8
6724 800
6725 801
6726 802
6727 803
6728 804
6729 805
6730 806
6731 807
6732 808
6733 809
6734 81
6735 810
6736 811
6737 812
6738 813
6739 814
6740 815
6741 816
6742 817
6743 818
6744 819
6745 82
6746 820
6747 821
6748 822
6749 823
6750 824
6751 825
6752 826
6753 827
6754 828
6755 829
6756 83
6757 830
6758 831
6759 832
6760 833
6761 834
6762 835
6763 836
6764 837
6765 838
6766 84
6767 840
6768 841
6769 842
6770 843
6771 844
6772 845
6773 846
6774 847
6775 848
6776 849
6777 85
6778 851
6779 852
6780 853
6781 854
6782 855
6783 856
6784 857
6785 858
6786 859
6787 86
6788 860
6789 861
6790 862
6791 863
6792 864
6793 865
6794 866
6795 868
6796 869
6797 87
6798 870
6799 871
6800 872
6801 873
6802 874
6803 875
6804 876
6805 877
6806 878
6807 879
6808 88
6809 880
6810 881
6811 882
6812 883
6813 884
6814 885
6815 886
6816 887
6817 888
6818 889
6819 89
6820 890
6821 891
6822 892
6823 893
6824 894
6825 895
6826 896
6827 897
6828 898
6829 899
6830 9
6831 90
6832 900
6833 2770
6834 902
6835 903
6836 904
6837 905
6838 906
6839 907
6840 908
6841 909
6842 91
6843 910
6844 911
6845 912
6846 913
6847 914
6848 915
6849 916
6850 917
6851 918
6852 919
6853 92
6854 920
6855 921
6856 922
6857 923
6858 924
6859 925
6860 926
6861 927
6862 928
6863 929
6864 93
6865 94
6866 930
6867 932
6868 933
6869 934
6870 935
6871 936
6872 937
6873 938
6874 939
6875 940
6876 941
6877 942
6878 943
6879 944
6880 945
6881 946
6882 947
6883 948
6884 949
6885 95
6886 950
6887 951
6888 952
6889 953
6890 954
6891 955
6892 956
6893 957
6894 958
6895 959
6896 96
6897 960
6898 961
6899 962
6900 963
6901 964
6902 965
6903 966
6904 967
6905 968
6906 969
6907 970
6908 971
6909 3481
6910 973
6911 974
6912 975
6913 976
6914 977
6915 978
6916 979
6917 98
6918 980
6919 981
6920 982
6921 983
6922 984
6923 985
6924 986
6925 988
6926 990
6927 991
6928 992
6929 993
6930 994
6931 995
6932 996
6933 997
6934 998
6935 999
