0 0
1 1
2 10
3 11
4 100
5 97
6 98
7 101
8 1011
9 705
10 709
11 714
12 715
13 942
14 944
15 957
16 958
17 959
18 960
19 961
20 962
21 1012
22 494
23 813
24 1013
25 968
26 981
27 1014
28 1015
29 1016
30 1017
31 1018
32 1019
33 1020
34 128
35 102
36 103
37 104
38 1021
39 1022
40 1271
41 1023
42 1024
43 1025
44 1026
45 927
46 928
47 1027
48 1028
49 1029
50 881
51 1030
52 1031
53 1032
54 1033
55 1034
56 1250
57 1253
58 1254
59 1255
60 1256
61 1257
62 1258
63 1259
64 483
65 61
66 685
67 741
68 1035
69 1036
70 1037
71 1038
72 1039
73 1040
74 1043
75 1041
76 1042
77 616
78 1044
79 1045
80 1046
81 1047
82 760
83 1048
84 1049
85 105
86 106
87 1050
88 1051
89 1052
90 1053
91 1054
92 1055
93 1056
94 1057
95 16
96 18
97 1058
98 1059
99 1060
100 1061
101 60
102 1062
103 1063
104 1064
105 1065
106 1066
107 1067
108 1068
109 546
110 1069
111 1070
112 107
113 1071
114 1072
115 1073
116 1074
117 1075
118 1077
119 1078
120 1107
121 1205
122 1079
123 884
124 108
125 1080
126 1081
127 1082
128 1083
129 571
130 922
131 1084
132 1085
133 1086
134 1087
135 1088
136 1089
137 109
138 1090
139 756
140 1091
141 1092
142 1093
143 1094
144 1095
145 1096
146 1097
147 1098
148 1099
149 110
150 1100
151 1101
152 1102
153 1103
154 1104
155 1105
156 1106
157 1108
158 1109
159 1110
160 111
161 1112
162 1111
163 1113
164 1114
165 1115
166 1116
167 1117
168 1118
169 1119
170 1120
171 1121
172 1122
173 1123
174 751
175 112
176 1124
177 1125
178 1126
179 461
180 878
181 1127
182 1128
183 1129
184 1130
185 1131
186 1132
187 1133
188 1134
189 1135
190 1136
191 1137
192 1138
193 1139
194 1140
195 1141
196 1142
197 1143
198 39
199 555
200 113
201 114
202 1144
203 1145
204 1146
205 1147
206 1148
207 1149
208 115
209 1150
210 581
211 1151
212 1152
213 1153
214 1154
215 1155
216 1156
217 1157
218 1158
219 116
220 1161
221 1162
222 1163
223 1164
224 3547
225 3548
226 3549
227 3550
228 3551
229 395
230 1165
231 1166
232 1167
233 1168
234 1169
235 117
236 1171
237 1172
238 1173
239 1174
240 1175
241 1176
242 1177
243 1178
244 1179
245 1180
246 118
247 1181
248 1182
249 1183
250 1184
251 1185
252 1186
253 707
254 710
255 712
256 713
257 801
258 802
259 945
260 1187
261 1188
262 1189
263 1190
264 119
265 2119
266 1191
267 1192
268 1193
269 1194
270 1195
271 1196
272 1197
273 1198
274 1199
275 1200
276 12
277 13
278 14
279 120
280 121
281 1201
282 1202
283 1203
284 1204
285 1206
286 1207
287 1208
288 1209
289 1210
290 1212
291 1211
292 1213
293 1214
294 1215
295 340
296 490
297 565
298 1216
299 1217
300 1218
301 1219
302 122
303 1220
304 1221
305 1222
306 1160
307 1421
308 1422
309 1423
310 1424
311 1425
312 1458
313 1459
314 1460
315 1461
316 1462
317 1463
318 1464
319 1465
320 1466
321 1467
322 1505
323 1506
324 1662
325 1686
326 303
327 306
328 753
329 1223
330 1224
331 1225
332 1226
333 1227
334 1228
335 1229
336 1230
337 1231
338 1232
339 1233
340 1234
341 720
342 721
343 722
344 723
345 724
346 123
347 302
348 304
349 305
350 1235
351 1236
352 1237
353 1238
354 1278
355 1279
356 1420
357 1455
358 1456
359 1468
360 1518
361 1519
362 1523
363 1573
364 1587
365 1645
366 1986
367 2143
368 1239
369 1240
370 1241
371 1242
372 1243
373 1244
374 1245
375 1246
376 464
377 124
378 1247
379 1248
380 1249
381 125
382 1251
383 1252
384 865
385 1260
386 126
387 30
388 1261
389 1262
390 1263
391 1264
392 1265
393 1266
394 1576
395 1267
396 1268
397 1269
398 127
399 1270
400 1272
401 1273
402 1274
403 1275
404 1276
405 1277
406 1457
407 1521
408 1588
409 1614
410 1712
411 1943
412 2177
413 2211
414 2246
415 2373
416 1280
417 630
418 1281
419 1282
420 1283
421 1295
422 1296
423 138
424 342
425 1284
426 1285
427 1286
428 1287
429 1288
430 1289
431 129
432 1290
433 1291
434 1292
435 1293
436 1294
437 1297
438 1298
439 1299
440 130
441 1300
442 1301
443 1302
444 1303
445 1304
446 1305
447 1306
448 1307
449 1308
450 1309
451 131
452 1310
453 1311
454 1312
455 1313
456 1314
457 1315
458 159
459 160
460 1316
461 1317
462 1318
463 1319
464 132
465 133
466 1320
467 1321
468 1322
469 1323
470 1324
471 1325
472 1326
473 1327
474 1328
475 1329
476 59
477 1330
478 1331
479 1332
480 1333
481 1334
482 1335
483 1336
484 1337
485 1338
486 1339
487 134
488 1340
489 1341
490 1342
491 1343
492 739
493 740
494 1344
495 1345
496 1346
497 1347
498 1348
499 1349
500 135
501 1350
502 1351
503 1352
504 1353
505 1354
506 1355
507 1356
508 1357
509 1358
510 1359
511 136
512 1360
513 1361
514 1362
515 1363
516 1364
517 1365
518 1366
519 1367
520 1368
521 1369
522 137
523 139
524 1370
525 1371
526 1372
527 1373
528 1374
529 1375
530 1376
531 1377
532 1378
533 1379
534 936
535 937
536 938
537 939
538 1380
539 1381
540 1382
541 1383
542 1384
543 1385
544 478
545 1386
546 1387
547 1388
548 1389
549 1390
550 1391
551 1392
552 1393
553 1394
554 1395
555 1396
556 1397
557 1398
558 1399
559 140
560 1400
561 1401
562 1402
563 1403
564 1404
565 1405
566 1406
567 1407
568 1408
569 1409
570 141
571 1410
572 1411
573 1412
574 1413
575 1414
576 1415
577 1416
578 1417
579 1418
580 1419
581 142
582 1491
583 1533
584 1536
585 1557
586 1611
587 1612
588 1621
589 1650
590 1839
591 1840
592 1841
593 1842
594 1884
595 1910
596 1911
597 1912
598 1913
599 1954
600 1955
601 1987
602 2165
603 2326
604 2331
605 2333
606 2336
607 2366
608 2733
609 2763
610 2868
611 3054
612 307
613 3360
614 3601
615 3646
616 1426
617 1427
618 1428
619 1429
620 143
621 1430
622 1431
623 1432
624 1433
625 1434
626 1435
627 1436
628 1437
629 1438
630 1439
631 144
632 1440
633 1441
634 1442
635 1443
636 1444
637 1445
638 1446
639 1447
640 1448
641 1449
642 145
643 1450
644 1451
645 1452
646 1453
647 1454
648 146
649 1469
650 147
651 1470
652 1471
653 1472
654 1473
655 1474
656 1475
657 1476
658 1477
659 1478
660 1479
661 148
662 1480
663 1481
664 1482
665 1483
666 1484
667 1485
668 1486
669 1487
670 1488
671 1489
672 149
673 1490
674 1492
675 1493
676 1494
677 1495
678 1496
679 1497
680 1498
681 1499
682 15
683 150
684 1500
685 1501
686 1502
687 1503
688 1504
689 1604
690 1957
691 1958
692 2329
693 769
694 1507
695 1508
696 1509
697 1510
698 151
699 1511
700 1512
701 1513
702 1514
703 1515
704 644
705 1516
706 1517
707 1522
708 1535
709 1586
710 1603
711 1605
712 1608
713 1651
714 1864
715 1865
716 2968
717 3329
718 703
719 152
720 1520
721 2999
722 3000
723 3001
724 3002
725 3003
726 3004
727 3005
728 695
729 728
730 729
731 730
732 731
733 732
734 733
735 734
736 1524
737 1525
738 1526
739 1527
740 1528
741 1529
742 153
743 1530
744 1531
745 1532
746 1534
747 1541
748 1649
749 1863
750 2337
751 2599
752 2758
753 2759
754 2793
755 2794
756 2795
757 2796
758 2797
759 767
760 1537
761 1538
762 1539
763 154
764 1540
765 1781
766 2494
767 2729
768 1542
769 1543
770 1544
771 1545
772 1546
773 1547
774 1548
775 1549
776 155
777 1550
778 1551
779 1552
780 1553
781 1554
782 1555
783 1556
784 1647
785 1648
786 2010
787 2361
788 2418
789 1558
790 1559
791 156
792 1560
793 1561
794 1562
795 1615
796 1563
797 1564
798 1565
799 1566
800 1567
801 1568
802 1569
803 157
804 1570
805 1571
806 1572
807 1952
808 2193
809 1574
810 1575
811 1577
812 1578
813 1579
814 158
815 1580
816 1581
817 1582
818 1583
819 1584
820 1585
821 1948
822 1945
823 1947
824 1606
825 1609
826 1610
827 1646
828 1782
829 1838
830 1902
831 1950
832 2178
833 2243
834 2328
835 2330
836 2869
837 3718
838 3719
839 1589
840 1590
841 1591
842 1592
843 1593
844 1594
845 1595
846 1596
847 1597
848 1598
849 1599
850 491
851 72
852 1600
853 1601
854 1602
855 1607
856 1765
857 1766
858 1866
859 161
860 1613
861 1616
862 1617
863 1618
864 1619
865 162
866 1620
867 3429
868 3744
869 1622
870 1623
871 1624
872 1625
873 1626
874 1627
875 1628
876 1629
877 163
878 1630
879 57
880 58
881 1631
882 1632
883 1633
884 1634
885 1635
886 1636
887 1637
888 1638
889 1639
890 164
891 1640
892 1641
893 1642
894 1643
895 1644
896 2327
897 165
898 1652
899 1653
900 1654
901 1655
902 1656
903 1657
904 1658
905 1659
906 166
907 1660
908 1661
909 3825
910 1663
911 1664
912 1665
913 1666
914 682
915 683
916 684
917 686
918 984
919 1667
920 1668
921 1669
922 167
923 1670
924 1671
925 1672
926 1673
927 1674
928 1675
929 1676
930 1677
931 1678
932 1679
933 168
934 1680
935 1681
936 1682
937 1683
938 1684
939 1685
940 1687
941 1688
942 1689
943 169
944 1690
945 1691
946 1692
947 1693
948 1694
949 1695
950 1696
951 1697
952 1698
953 1699
954 17
955 170
956 1700
957 1701
958 1702
959 1703
960 1704
961 1705
962 1706
963 1707
964 1708
965 1709
966 171
967 1710
968 1711
969 1713
970 1714
971 1715
972 1716
973 1717
974 1718
975 1719
976 172
977 1720
978 1721
979 1722
980 1723
981 1724
982 1725
983 1726
984 1727
985 1728
986 1729
987 173
988 1730
989 1731
990 1732
991 1733
992 1734
993 1735
994 1736
995 1737
996 1738
997 1739
998 174
999 1740
1000 1741
1001 1742
1002 1743
1003 1744
1004 1745
1005 1746
1006 1747
1007 1748
1008 1749
1009 1767
1010 1956
1011 2453
1012 175
1013 1750
1014 1751
1015 1752
1016 1753
1017 1754
1018 1755
1019 1756
1020 1757
1021 1758
1022 1759
1023 176
1024 1760
1025 1761
1026 1762
1027 1763
1028 1764
1029 1768
1030 1769
1031 177
1032 1770
1033 1771
1034 1772
1035 1773
1036 1774
1037 1775
1038 1776
1039 1777
1040 1778
1041 1779
1042 178
1043 1780
1044 1783
1045 1784
1046 1785
1047 1786
1048 1787
1049 1788
1050 1789
1051 179
1052 1790
1053 1791
1054 1792
1055 1793
1056 1794
1057 1795
1058 1796
1059 1797
1060 1798
1061 1799
1062 180
1063 1800
1064 1801
1065 1802
1066 1803
1067 2764
1068 1804
1069 1805
1070 1806
1071 1807
1072 1808
1073 1809
1074 181
1075 1810
1076 1811
1077 1812
1078 1813
1079 1814
1080 1815
1081 1816
1082 1817
1083 1818
1084 1819
1085 182
1086 1820
1087 1821
1088 1822
1089 1829
1090 183
1091 1830
1092 1831
1093 1832
1094 1833
1095 1834
1096 1835
1097 1836
1098 1837
1099 184
1100 1843
1101 1844
1102 1845
1103 1846
1104 1847
1105 1848
1106 1850
1107 1851
1108 1852
1109 2073
1110 3633
1111 439
1112 440
1113 486
1114 717
1115 81
1116 1849
1117 185
1118 1853
1119 1854
1120 1855
1121 1856
1122 1857
1123 1858
1124 1859
1125 186
1126 1860
1127 1861
1128 1862
1129 1867
1130 1868
1131 1869
1132 187
1133 1870
1134 1871
1135 1872
1136 1873
1137 1874
1138 1875
1139 1876
1140 1877
1141 1878
1142 1879
1143 1880
1144 188
1145 1881
1146 1882
1147 1883
1148 1885
1149 1886
1150 1887
1151 1888
1152 1889
1153 189
1154 1890
1155 1891
1156 1892
1157 2400
1158 1893
1159 1894
1160 1895
1161 1896
1162 1897
1163 1898
1164 1899
1165 19
1166 190
1167 1900
1168 1901
1169 1903
1170 1904
1171 1905
1172 1906
1173 1907
1174 1908
1175 1909
1176 191
1177 1914
1178 1915
1179 1916
1180 1917
1181 1918
1182 1919
1183 192
1184 1920
1185 1921
1186 1922
1187 1923
1188 1924
1189 1925
1190 1926
1191 1927
1192 1928
1193 1929
1194 193
1195 1930
1196 1931
1197 1932
1198 1933
1199 3120
1200 3121
1201 3122
1202 3123
1203 3124
1204 3125
1205 3126
1206 3127
1207 3792
1208 1934
1209 1935
1210 1936
1211 1937
1212 1938
1213 1939
1214 1940
1215 1941
1216 1942
1217 194
1218 1944
1219 1946
1220 1949
1221 1951
1222 1953
1223 3167
1224 195
1225 1959
1226 196
1227 1960
1228 1961
1229 1962
1230 1963
1231 1964
1232 1965
1233 1966
1234 1967
1235 1968
1236 1969
1237 197
1238 1970
1239 1971
1240 1972
1241 1973
1242 1974
1243 1975
1244 1976
1245 1977
1246 1978
1247 1979
1248 198
1249 1980
1250 1981
1251 525
1252 1982
1253 1983
1254 1984
1255 1985
1256 1988
1257 1989
1258 199
1259 200
1260 1990
1261 1991
1262 1992
1263 1993
1264 1994
1265 1995
1266 1996
1267 1997
1268 1998
1269 1999
1270 2
1271 3
1272 20
1273 2000
1274 2001
1275 2002
1276 2003
1277 2004
1278 2005
1279 2006
1280 2007
1281 2008
1282 2009
1283 201
1284 2011
1285 2012
1286 2013
1287 2014
1288 2015
1289 2016
1290 2017
1291 2018
1292 2019
1293 202
1294 2020
1295 2021
1296 2022
1297 2023
1298 2024
1299 2025
1300 2026
1301 2027
1302 2028
1303 2029
1304 203
1305 2030
1306 2031
1307 2032
1308 2033
1309 2034
1310 2035
1311 2036
1312 2037
1313 2038
1314 2039
1315 2040
1316 2041
1317 204
1318 2042
1319 2043
1320 2044
1321 2045
1322 2046
1323 2047
1324 2048
1325 2049
1326 205
1327 2050
1328 2051
1329 2052
1330 2053
1331 2054
1332 2055
1333 2056
1334 2057
1335 2058
1336 2059
1337 2060
1338 2061
1339 206
1340 2062
1341 2063
1342 2064
1343 2065
1344 2066
1345 2067
1346 2068
1347 2069
1348 207
1349 2070
1350 2071
1351 2072
1352 2074
1353 2075
1354 2076
1355 2077
1356 2078
1357 2079
1358 208
1359 2080
1360 2081
1361 2082
1362 2083
1363 2084
1364 2085
1365 2086
1366 2087
1367 2088
1368 2089
1369 209
1370 2090
1371 2091
1372 2092
1373 2093
1374 2094
1375 2095
1376 2096
1377 2097
1378 2098
1379 2099
1380 21
1381 210
1382 2100
1383 2101
1384 2102
1385 2103
1386 2104
1387 2105
1388 2106
1389 2107
1390 2108
1391 2109
1392 211
1393 2110
1394 2111
1395 2112
1396 2113
1397 2114
1398 2115
1399 2116
1400 2117
1401 2118
1402 212
1403 2120
1404 2121
1405 2124
1406 2125
1407 2126
1408 2127
1409 2128
1410 2129
1411 213
1412 2130
1413 2131
1414 2132
1415 2133
1416 2134
1417 2135
1418 2136
1419 2137
1420 2138
1421 2139
1422 214
1423 2140
1424 2141
1425 2142
1426 2144
1427 2145
1428 2146
1429 2147
1430 2148
1431 2149
1432 215
1433 2150
1434 2151
1435 2152
1436 2153
1437 2154
1438 2155
1439 2156
1440 2157
1441 2158
1442 2159
1443 216
1444 2160
1445 2161
1446 2162
1447 2163
1448 2164
1449 2166
1450 2167
1451 2168
1452 2169
1453 217
1454 2170
1455 2171
1456 2172
1457 2173
1458 2174
1459 2175
1460 2176
1461 2179
1462 2180
1463 2181
1464 2332
1465 2947
1466 218
1467 2182
1468 2183
1469 2184
1470 2185
1471 2186
1472 2187
1473 2188
1474 2189
1475 219
1476 2190
1477 2191
1478 2192
1479 2194
1480 2195
1481 2196
1482 2233
1483 2197
1484 2198
1485 2199
1486 22
1487 220
1488 2200
1489 2201
1490 2202
1491 2203
1492 2204
1493 2205
1494 2206
1495 2207
1496 2208
1497 2209
1498 221
1499 2210
1500 2355
1501 2212
1502 2213
1503 2214
1504 2215
1505 2216
1506 2217
1507 2218
1508 2219
1509 222
1510 2220
1511 2221
1512 2222
1513 2223
1514 2224
1515 2225
1516 2226
1517 2227
1518 2228
1519 2229
1520 985
1521 223
1522 2230
1523 2231
1524 2232
1525 2234
1526 2235
1527 2236
1528 2237
1529 2238
1530 2239
1531 224
1532 2240
1533 2241
1534 2242
1535 2694
1536 2244
1537 2245
1538 2323
1539 2247
1540 2248
1541 2249
1542 225
1543 2250
1544 2251
1545 2252
1546 2253
1547 2254
1548 2255
1549 2256
1550 2257
1551 2258
1552 2259
1553 226
1554 2260
1555 2261
1556 2262
1557 2263
1558 2264
1559 2265
1560 2266
1561 2267
1562 2268
1563 2269
1564 227
1565 2270
1566 2271
1567 2272
1568 2273
1569 2274
1570 2275
1571 2276
1572 2277
1573 2278
1574 2279
1575 228
1576 2280
1577 2281
1578 2282
1579 2283
1580 2284
1581 2285
1582 2286
1583 2287
1584 2288
1585 2289
1586 229
1587 2290
1588 2291
1589 2292
1590 2357
1591 2470
1592 2562
1593 2629
1594 2634
1595 2644
1596 2769
1597 2802
1598 2825
1599 2827
1600 2925
1601 2964
1602 3059
1603 3060
1604 3061
1605 3062
1606 3063
1607 3080
1608 3081
1609 3153
1610 3287
1611 3351
1612 3446
1613 3500
1614 3653
1615 3680
1616 3681
1617 3682
1618 3683
1619 3685
1620 3686
1621 3687
1622 3688
1623 3689
1624 3690
1625 3691
1626 3692
1627 3693
1628 3694
1629 3695
1630 3696
1631 3697
1632 3698
1633 3699
1634 3700
1635 3701
1636 3702
1637 3703
1638 3704
1639 3705
1640 3706
1641 3772
1642 694
1643 696
1644 2293
1645 2294
1646 2295
1647 2296
1648 2297
1649 2298
1650 2299
1651 23
1652 24
1653 230
1654 2300
1655 2301
1656 2302
1657 2303
1658 2304
1659 2305
1660 2306
1661 2307
1662 2308
1663 2309
1664 2310
1665 2311
1666 2312
1667 2313
1668 2314
1669 2315
1670 2316
1671 2317
1672 2318
1673 2319
1674 2320
1675 2321
1676 2322
1677 2324
1678 2325
1679 2334
1680 2335
1681 231
1682 232
1683 3147
1684 3213
1685 3422
1686 3823
1687 3824
1688 3826
1689 3827
1690 233
1691 3055
1692 3083
1693 2338
1694 2339
1695 2340
1696 234
1697 2341
1698 2342
1699 2343
1700 2344
1701 2345
1702 2346
1703 2347
1704 2348
1705 2349
1706 235
1707 2350
1708 2351
1709 2352
1710 2353
1711 2354
1712 2356
1713 2358
1714 2359
1715 236
1716 2360
1717 2362
1718 2363
1719 2364
1720 2365
1721 2367
1722 2368
1723 2369
1724 237
1725 238
1726 2370
1727 2371
1728 2372
1729 2374
1730 2375
1731 2376
1732 3146
1733 2573
1734 2377
1735 2378
1736 2379
1737 2380
1738 2381
1739 2382
1740 2383
1741 2384
1742 2385
1743 2386
1744 2387
1745 2388
1746 2389
1747 239
1748 2390
1749 2391
1750 2392
1751 2393
1752 2394
1753 2395
1754 2396
1755 2397
1756 2398
1757 2399
1758 240
1759 2401
1760 2402
1761 2403
1762 2404
1763 2405
1764 2406
1765 2407
1766 2408
1767 2409
1768 241
1769 2410
1770 2411
1771 2412
1772 2413
1773 2414
1774 2415
1775 2416
1776 2417
1777 2518
1778 2419
1779 2420
1780 242
1781 2421
1782 2422
1783 2423
1784 2424
1785 2425
1786 2426
1787 2427
1788 2428
1789 2429
1790 243
1791 2430
1792 2431
1793 2432
1794 2433
1795 2434
1796 2435
1797 2436
1798 2437
1799 2438
1800 2439
1801 2440
1802 244
1803 2441
1804 2442
1805 2443
1806 2444
1807 2445
1808 2446
1809 2447
1810 2448
1811 2449
1812 245
1813 2450
1814 2451
1815 2452
1816 2454
1817 2455
1818 2456
1819 2457
1820 2458
1821 2459
1822 246
1823 2460
1824 2461
1825 2462
1826 2463
1827 2464
1828 2465
1829 2466
1830 2467
1831 2468
1832 2469
1833 2471
1834 247
1835 2885
1836 2886
1837 2887
1838 2888
1839 2889
1840 2890
1841 2891
1842 2892
1843 2893
1844 2472
1845 2473
1846 2474
1847 2475
1848 2476
1849 2477
1850 2478
1851 2479
1852 248
1853 2480
1854 2481
1855 2482
1856 2483
1857 2484
1858 2485
1859 2486
1860 2487
1861 2488
1862 700
1863 2489
1864 2490
1865 249
1866 2491
1867 2492
1868 2493
1869 2495
1870 2496
1871 2497
1872 2498
1873 2499
1874 25
1875 250
1876 2500
1877 2501
1878 2502
1879 2503
1880 2504
1881 2505
1882 2506
1883 2507
1884 2508
1885 2509
1886 251
1887 2510
1888 2511
1889 2512
1890 2513
1891 2514
1892 2515
1893 2516
1894 2517
1895 2519
1896 252
1897 2520
1898 2521
1899 2522
1900 2523
1901 2524
1902 2525
1903 2526
1904 2527
1905 2528
1906 2529
1907 253
1908 2530
1909 2531
1910 2532
1911 2533
1912 2534
1913 2535
1914 2536
1915 2537
1916 2538
1917 2539
1918 2540
1919 254
1920 2541
1921 2542
1922 2543
1923 2544
1924 2545
1925 2546
1926 2547
1927 2548
1928 2549
1929 2550
1930 255
1931 2551
1932 2552
1933 2553
1934 2554
1935 2555
1936 2556
1937 2557
1938 2558
1939 2559
1940 2560
1941 2561
1942 256
1943 257
1944 258
1945 2563
1946 2564
1947 2565
1948 2566
1949 2567
1950 2568
1951 2569
1952 2570
1953 2571
1954 2572
1955 2574
1956 2575
1957 2576
1958 2577
1959 2578
1960 2579
1961 2580
1962 2581
1963 2582
1964 2583
1965 2584
1966 2585
1967 2586
1968 2587
1969 2588
1970 2589
1971 259
1972 2590
1973 2591
1974 2592
1975 2593
1976 2594
1977 2595
1978 2596
1979 2597
1980 2598
1981 26
1982 260
1983 2600
1984 2601
1985 2602
1986 2603
1987 2604
1988 2605
1989 2606
1990 2607
1991 2608
1992 2609
1993 261
1994 2610
1995 2611
1996 2612
1997 2613
1998 2614
1999 2615
2000 2616
2001 2617
2002 2618
2003 2619
2004 2620
2005 2621
2006 2622
2007 262
2008 2623
2009 2624
2010 2625
2011 2626
2012 2627
2013 2628
2014 263
2015 264
2016 265
2017 2630
2018 2631
2019 2632
2020 2633
2021 2635
2022 2636
2023 2637
2024 2638
2025 2639
2026 2640
2027 2641
2028 2642
2029 2643
2030 2645
2031 2646
2032 2647
2033 2648
2034 2649
2035 2650
2036 2651
2037 2652
2038 2653
2039 2654
2040 2655
2041 2656
2042 2657
2043 2658
2044 2659
2045 266
2046 2660
2047 2661
2048 2662
2049 2663
2050 2664
2051 2665
2052 2666
2053 2667
2054 2668
2055 2669
2056 267
2057 2670
2058 2671
2059 2672
2060 2673
2061 2674
2062 2675
2063 2676
2064 2677
2065 2678
2066 2679
2067 2680
2068 3310
2069 790
2070 268
2071 2681
2072 2682
2073 2683
2074 2684
2075 2685
2076 2686
2077 2687
2078 2688
2079 2689
2080 269
2081 2690
2082 2691
2083 2692
2084 2693
2085 2695
2086 2696
2087 2697
2088 2698
2089 2699
2090 27
2091 270
2092 2700
2093 2701
2094 2702
2095 2703
2096 2704
2097 2705
2098 2706
2099 2707
2100 2708
2101 2709
2102 271
2103 272
2104 273
2105 2710
2106 2711
2107 2712
2108 2713
2109 2714
2110 2715
2111 2716
2112 2717
2113 2718
2114 2719
2115 2720
2116 2721
2117 2722
2118 2723
2119 2724
2120 2725
2121 2726
2122 2727
2123 2728
2124 2730
2125 2731
2126 2732
2127 2734
2128 2735
2129 2736
2130 2737
2131 2738
2132 2739
2133 274
2134 2740
2135 2741
2136 2742
2137 2743
2138 2744
2139 2745
2140 2746
2141 2747
2142 2748
2143 2749
2144 275
2145 2750
2146 2751
2147 2752
2148 2753
2149 2754
2150 2755
2151 2756
2152 2757
2153 276
2154 2760
2155 2761
2156 2762
2157 3048
2158 2765
2159 2766
2160 2767
2161 2768
2162 277
2163 2770
2164 2771
2165 2772
2166 2773
2167 2774
2168 2775
2169 2776
2170 2777
2171 2778
2172 2779
2173 278
2174 2780
2175 2781
2176 2782
2177 2783
2178 2784
2179 2785
2180 2786
2181 2787
2182 2788
2183 2789
2184 279
2185 2790
2186 2791
2187 2792
2188 2798
2189 2799
2190 28
2191 280
2192 2800
2193 2801
2194 2803
2195 2804
2196 2805
2197 2806
2198 2807
2199 2808
2200 2809
2201 281
2202 2810
2203 2811
2204 2812
2205 2813
2206 2814
2207 2815
2208 2816
2209 2817
2210 2818
2211 2819
2212 282
2213 2820
2214 2821
2215 2822
2216 2823
2217 2824
2218 2826
2219 3684
2220 2828
2221 2829
2222 283
2223 2830
2224 2831
2225 2832
2226 2833
2227 2834
2228 2835
2229 2836
2230 2837
2231 2838
2232 2839
2233 284
2234 2840
2235 2841
2236 2842
2237 2843
2238 2844
2239 2845
2240 2846
2241 2847
2242 2848
2243 2849
2244 285
2245 2850
2246 2851
2247 2852
2248 2853
2249 2854
2250 2855
2251 2856
2252 2857
2253 2858
2254 2859
2255 286
2256 2860
2257 2861
2258 2862
2259 2863
2260 2864
2261 2865
2262 2866
2263 2867
2264 3439
2265 3456
2266 3457
2267 3458
2268 3459
2269 287
2270 2870
2271 2871
2272 2872
2273 2873
2274 2874
2275 2875
2276 2876
2277 2877
2278 2878
2279 2879
2280 288
2281 2880
2282 2881
2283 2882
2284 2883
2285 2884
2286 289
2287 290
2288 2894
2289 2895
2290 2896
2291 2897
2292 2898
2293 2899
2294 29
2295 2900
2296 2901
2297 2902
2298 2903
2299 2904
2300 2905
2301 2906
2302 2907
2303 2908
2304 2909
2305 291
2306 2910
2307 2911
2308 2912
2309 2913
2310 2914
2311 2915
2312 2916
2313 2917
2314 2918
2315 2919
2316 292
2317 293
2318 294
2319 2920
2320 2921
2321 2922
2322 2923
2323 2924
2324 2926
2325 2927
2326 2928
2327 2929
2328 2930
2329 2931
2330 2932
2331 2933
2332 2934
2333 2935
2334 2936
2335 2937
2336 2938
2337 2939
2338 2940
2339 2941
2340 2942
2341 2943
2342 2944
2343 2945
2344 2946
2345 2948
2346 2949
2347 295
2348 2950
2349 2951
2350 2952
2351 2953
2352 2954
2353 2955
2354 2956
2355 2957
2356 2958
2357 2959
2358 296
2359 2960
2360 2961
2361 2962
2362 2963
2363 2965
2364 2966
2365 2967
2366 3726
2367 3727
2368 3739
2369 3740
2370 3741
2371 2969
2372 297
2373 2970
2374 2971
2375 2972
2376 2973
2377 2974
2378 2975
2379 2976
2380 2977
2381 2978
2382 2979
2383 298
2384 2980
2385 2981
2386 2982
2387 2983
2388 2984
2389 2985
2390 2986
2391 2987
2392 2988
2393 2989
2394 299
2395 2990
2396 2991
2397 2992
2398 2993
2399 2994
2400 2995
2401 2996
2402 2997
2403 2998
2404 300
2405 301
2406 3006
2407 3007
2408 3008
2409 3009
2410 1159
2411 3010
2412 3011
2413 3012
2414 3013
2415 3014
2416 3015
2417 3016
2418 3017
2419 3018
2420 3019
2421 3020
2422 3021
2423 3022
2424 3023
2425 3024
2426 3025
2427 3026
2428 3031
2429 3032
2430 3033
2431 3034
2432 3035
2433 3036
2434 3037
2435 3038
2436 3039
2437 3040
2438 3041
2439 3042
2440 3043
2441 3044
2442 3045
2443 3046
2444 3047
2445 3049
2446 3050
2447 3051
2448 3052
2449 3053
2450 3056
2451 3057
2452 3058
2453 3064
2454 3065
2455 3066
2456 3067
2457 3068
2458 3069
2459 3070
2460 3071
2461 3072
2462 3073
2463 3074
2464 3075
2465 3076
2466 3077
2467 3078
2468 3079
2469 308
2470 309
2471 3082
2472 3084
2473 3085
2474 3086
2475 3087
2476 3088
2477 3089
2478 3090
2479 3091
2480 3092
2481 3093
2482 3094
2483 3095
2484 3096
2485 3097
2486 3098
2487 3099
2488 31
2489 310
2490 3100
2491 3101
2492 3102
2493 3103
2494 3104
2495 3105
2496 3106
2497 3107
2498 3108
2499 3109
2500 311
2501 3110
2502 3111
2503 3112
2504 3113
2505 3114
2506 3115
2507 3116
2508 3117
2509 3118
2510 3119
2511 312
2512 3128
2513 3129
2514 313
2515 3130
2516 3131
2517 3132
2518 3133
2519 3134
2520 3135
2521 3136
2522 3137
2523 3138
2524 3139
2525 314
2526 3140
2527 3141
2528 3142
2529 3143
2530 3144
2531 3145
2532 3148
2533 3149
2534 315
2535 3150
2536 3151
2537 3152
2538 3154
2539 3155
2540 3156
2541 3157
2542 3158
2543 3159
2544 316
2545 317
2546 318
2547 319
2548 320
2549 3160
2550 3161
2551 3162
2552 3163
2553 3164
2554 3165
2555 3166
2556 3168
2557 3169
2558 3170
2559 3171
2560 3172
2561 3173
2562 3174
2563 3175
2564 3176
2565 3177
2566 3178
2567 3179
2568 3180
2569 3181
2570 3182
2571 3183
2572 3184
2573 3185
2574 3186
2575 3187
2576 3188
2577 3189
2578 3190
2579 3191
2580 3192
2581 3193
2582 3194
2583 3195
2584 3196
2585 3197
2586 3198
2587 3199
2588 32
2589 3200
2590 3201
2591 3202
2592 3203
2593 3204
2594 3205
2595 3206
2596 3207
2597 3208
2598 3209
2599 321
2600 322
2601 3210
2602 3211
2603 3212
2604 3214
2605 3215
2606 3216
2607 3217
2608 3218
2609 3219
2610 943
2611 3220
2612 3221
2613 3222
2614 3223
2615 3224
2616 3225
2617 3226
2618 3227
2619 3228
2620 3229
2621 323
2622 3230
2623 3231
2624 3232
2625 3233
2626 3234
2627 3235
2628 3236
2629 3237
2630 3238
2631 3239
2632 324
2633 3240
2634 3241
2635 3242
2636 3243
2637 3244
2638 3245
2639 3246
2640 3247
2641 3248
2642 3249
2643 325
2644 3250
2645 3251
2646 3252
2647 3253
2648 3254
2649 3255
2650 3256
2651 3257
2652 3258
2653 3259
2654 326
2655 3260
2656 3261
2657 3262
2658 3263
2659 3264
2660 3265
2661 3266
2662 3267
2663 3268
2664 3269
2665 327
2666 3270
2667 3271
2668 3272
2669 3273
2670 3274
2671 3275
2672 3276
2673 3277
2674 3278
2675 3279
2676 328
2677 3280
2678 3281
2679 3282
2680 3283
2681 3284
2682 3285
2683 3286
2684 3288
2685 3289
2686 329
2687 3290
2688 3291
2689 3292
2690 3293
2691 3294
2692 3295
2693 3296
2694 3297
2695 3298
2696 3299
2697 33
2698 330
2699 3300
2700 3301
2701 3302
2702 3303
2703 3304
2704 3305
2705 3306
2706 3307
2707 3308
2708 3309
2709 331
2710 3311
2711 3312
2712 3313
2713 3314
2714 3315
2715 3316
2716 3317
2717 3318
2718 3319
2719 332
2720 3320
2721 3321
2722 3322
2723 3323
2724 3324
2725 3325
2726 3326
2727 3327
2728 3328
2729 333
2730 3330
2731 3331
2732 3332
2733 3333
2734 3334
2735 3335
2736 3336
2737 3337
2738 3338
2739 3339
2740 334
2741 3340
2742 3341
2743 3342
2744 3343
2745 3344
2746 3345
2747 3346
2748 3347
2749 3348
2750 3349
2751 335
2752 3350
2753 3352
2754 3353
2755 3354
2756 3355
2757 3356
2758 3357
2759 3358
2760 3359
2761 336
2762 337
2763 3361
2764 527
2765 3362
2766 3363
2767 3364
2768 3365
2769 3366
2770 3367
2771 3368
2772 3369
2773 3370
2774 3371
2775 3372
2776 3373
2777 3374
2778 3375
2779 3376
2780 3377
2781 3378
2782 3379
2783 338
2784 3380
2785 3381
2786 3382
2787 3383
2788 3384
2789 3385
2790 3386
2791 3387
2792 3388
2793 3389
2794 339
2795 3390
2796 3391
2797 3392
2798 3393
2799 3394
2800 3395
2801 3396
2802 3397
2803 3398
2804 3399
2805 34
2806 35
2807 3400
2808 3401
2809 3402
2810 3403
2811 3404
2812 3405
2813 3406
2814 3407
2815 3408
2816 3409
2817 341
2818 3410
2819 3411
2820 3412
2821 3413
2822 3414
2823 3415
2824 3416
2825 3417
2826 3418
2827 3419
2828 3420
2829 3421
2830 3623
2831 3624
2832 3423
2833 3424
2834 3425
2835 3426
2836 3427
2837 3428
2838 343
2839 3430
2840 3431
2841 3432
2842 3433
2843 3434
2844 3435
2845 3436
2846 3437
2847 3438
2848 344
2849 345
2850 3440
2851 3441
2852 3442
2853 3443
2854 3444
2855 3445
2856 3447
2857 3448
2858 3449
2859 489
2860 492
2861 3450
2862 3451
2863 3452
2864 3453
2865 3454
2866 3455
2867 346
2868 3460
2869 3461
2870 3462
2871 3463
2872 3464
2873 3465
2874 3466
2875 3467
2876 3468
2877 3469
2878 347
2879 3470
2880 3471
2881 3472
2882 3473
2883 3474
2884 3475
2885 3476
2886 3477
2887 3478
2888 3479
2889 348
2890 3480
2891 3481
2892 3482
2893 3483
2894 3484
2895 3485
2896 3486
2897 3487
2898 3488
2899 3489
2900 349
2901 3490
2902 3491
2903 3492
2904 3493
2905 3494
2906 3495
2907 3496
2908 3497
2909 3498
2910 3499
2911 350
2912 3501
2913 3502
2914 3503
2915 3504
2916 3505
2917 3506
2918 3507
2919 3508
2920 3509
2921 3510
2922 351
2923 3511
2924 3512
2925 3513
2926 3514
2927 3515
2928 3516
2929 3517
2930 3518
2931 3519
2932 352
2933 3520
2934 3521
2935 3522
2936 3523
2937 3524
2938 3525
2939 3526
2940 3527
2941 3528
2942 3529
2943 353
2944 3530
2945 3531
2946 3532
2947 3533
2948 3534
2949 3535
2950 3536
2951 3537
2952 3538
2953 3539
2954 354
2955 3540
2956 3541
2957 3542
2958 3543
2959 3544
2960 3545
2961 3546
2962 355
2963 3552
2964 3553
2965 3554
2966 3555
2967 3556
2968 3557
2969 3558
2970 3559
2971 3560
2972 356
2973 3561
2974 3562
2975 3563
2976 3564
2977 3565
2978 3566
2979 3567
2980 3568
2981 3569
2982 357
2983 3570
2984 3571
2985 3572
2986 3573
2987 3574
2988 3575
2989 3576
2990 3577
2991 3578
2992 3579
2993 358
2994 3580
2995 3581
2996 3582
2997 3583
2998 3584
2999 3585
3000 3586
3001 3587
3002 3588
3003 3589
3004 359
3005 3590
3006 3591
3007 3592
3008 3593
3009 3594
3010 3595
3011 3596
3012 3597
3013 3598
3014 3599
3015 36
3016 360
3017 3600
3018 3602
3019 3603
3020 3604
3021 3605
3022 3606
3023 3607
3024 3608
3025 3609
3026 361
3027 362
3028 363
3029 3610
3030 3611
3031 3612
3032 3613
3033 3614
3034 3615
3035 3616
3036 3617
3037 3618
3038 3619
3039 3620
3040 3621
3041 3622
3042 3625
3043 3626
3044 3627
3045 3628
3046 3629
3047 3630
3048 3631
3049 3632
3050 3634
3051 3635
3052 3636
3053 3637
3054 3638
3055 3639
3056 364
3057 365
3058 366
3059 3640
3060 3641
3061 3642
3062 3643
3063 3644
3064 3645
3065 3647
3066 3648
3067 3649
3068 3650
3069 3651
3070 3652
3071 3654
3072 3655
3073 3656
3074 3657
3075 3658
3076 3659
3077 3660
3078 3661
3079 3662
3080 3663
3081 3664
3082 3665
3083 3666
3084 3667
3085 3668
3086 3669
3087 367
3088 3670
3089 3671
3090 3672
3091 3673
3092 3674
3093 3675
3094 3676
3095 3677
3096 3678
3097 3679
3098 368
3099 369
3100 37
3101 370
3102 3707
3103 3708
3104 3709
3105 371
3106 372
3107 3710
3108 3711
3109 3712
3110 3713
3111 3714
3112 3715
3113 3716
3114 3717
3115 3720
3116 3721
3117 3722
3118 3723
3119 3724
3120 3725
3121 3728
3122 3729
3123 373
3124 3730
3125 3731
3126 3732
3127 3733
3128 3734
3129 3735
3130 3736
3131 3737
3132 3738
3133 374
3134 375
3135 3742
3136 3743
3137 3745
3138 3746
3139 3747
3140 3748
3141 3749
3142 3750
3143 3751
3144 3752
3145 3753
3146 3754
3147 3755
3148 3756
3149 3757
3150 3758
3151 3759
3152 376
3153 3760
3154 3761
3155 3762
3156 3763
3157 3764
3158 3765
3159 3766
3160 3767
3161 3768
3162 3769
3163 377
3164 3770
3165 3771
3166 3773
3167 3774
3168 3775
3169 3776
3170 3777
3171 3778
3172 3779
3173 378
3174 3780
3175 3781
3176 3782
3177 3783
3178 3784
3179 3785
3180 3786
3181 3787
3182 3788
3183 3789
3184 379
3185 3790
3186 3791
3187 3793
3188 3794
3189 3795
3190 3796
3191 3797
3192 3798
3193 3799
3194 38
3195 380
3196 3800
3197 3801
3198 3802
3199 3803
3200 3804
3201 3805
3202 3806
3203 3807
3204 3808
3205 3809
3206 381
3207 3810
3208 3811
3209 3812
3210 3813
3211 3814
3212 3815
3213 3816
3214 3817
3215 3818
3216 3819
3217 382
3218 3820
3219 3821
3220 3822
3221 3828
3222 3829
3223 383
3224 384
3225 3830
3226 3831
3227 3832
3228 3833
3229 3834
3230 3835
3231 3836
3232 3837
3233 3838
3234 3839
3235 3840
3236 3841
3237 3842
3238 3843
3239 3844
3240 3845
3241 3846
3242 3847
3243 3848
3244 3849
3245 385
3246 3850
3247 3851
3248 3852
3249 3853
3250 3854
3251 3855
3252 3856
3253 3857
3254 3858
3255 3859
3256 386
3257 3860
3258 387
3259 388
3260 389
3261 390
3262 391
3263 392
3264 393
3265 394
3266 396
3267 397
3268 398
3269 399
3270 4
3271 5
3272 40
3273 400
3274 401
3275 402
3276 403
3277 404
3278 405
3279 406
3280 407
3281 408
3282 409
3283 41
3284 410
3285 411
3286 412
3287 413
3288 414
3289 415
3290 416
3291 417
3292 418
3293 419
3294 42
3295 420
3296 421
3297 422
3298 423
3299 424
3300 425
3301 426
3302 427
3303 428
3304 429
3305 43
3306 44
3307 45
3308 46
3309 47
3310 430
3311 431
3312 432
3313 433
3314 434
3315 435
3316 436
3317 437
3318 438
3319 441
3320 442
3321 443
3322 444
3323 445
3324 446
3325 447
3326 448
3327 449
3328 450
3329 451
3330 452
3331 453
3332 454
3333 471
3334 472
3335 455
3336 456
3337 457
3338 458
3339 459
3340 460
3341 462
3342 463
3343 925
3344 926
3345 465
3346 466
3347 467
3348 468
3349 469
3350 470
3351 473
3352 474
3353 475
3354 476
3355 477
3356 479
3357 480
3358 48
3359 481
3360 482
3361 484
3362 485
3363 487
3364 488
3365 493
3366 49
3367 495
3368 496
3369 497
3370 498
3371 499
3372 50
3373 500
3374 501
3375 502
3376 503
3377 504
3378 505
3379 506
3380 507
3381 508
3382 509
3383 510
3384 511
3385 512
3386 513
3387 514
3388 515
3389 51
3390 516
3391 517
3392 518
3393 519
3394 52
3395 520
3396 521
3397 522
3398 523
3399 524
3400 526
3401 528
3402 529
3403 53
3404 530
3405 531
3406 532
3407 533
3408 534
3409 535
3410 536
3411 537
3412 538
3413 539
3414 540
3415 54
3416 55
3417 56
3418 541
3419 542
3420 543
3421 544
3422 545
3423 547
3424 548
3425 549
3426 550
3427 551
3428 552
3429 553
3430 554
3431 556
3432 557
3433 558
3434 559
3435 560
3436 561
3437 562
3438 563
3439 564
3440 566
3441 567
3442 568
3443 569
3444 570
3445 572
3446 573
3447 574
3448 575
3449 576
3450 577
3451 578
3452 579
3453 580
3454 582
3455 583
3456 584
3457 585
3458 586
3459 587
3460 588
3461 589
3462 590
3463 591
3464 592
3465 593
3466 594
3467 595
3468 596
3469 597
3470 598
3471 599
3472 6
3473 7
3474 88
3475 600
3476 601
3477 602
3478 603
3479 604
3480 605
3481 606
3482 607
3483 608
3484 609
3485 610
3486 611
3487 612
3488 613
3489 614
3490 615
3491 617
3492 618
3493 619
3494 62
3495 63
3496 64
3497 620
3498 621
3499 622
3500 623
3501 624
3502 625
3503 626
3504 627
3505 628
3506 629
3507 631
3508 632
3509 633
3510 634
3511 635
3512 636
3513 637
3514 638
3515 639
3516 640
3517 641
3518 642
3519 643
3520 645
3521 646
3522 647
3523 648
3524 649
3525 650
3526 65
3527 66
3528 651
3529 652
3530 653
3531 654
3532 655
3533 656
3534 657
3535 658
3536 659
3537 660
3538 661
3539 662
3540 663
3541 664
3542 665
3543 666
3544 667
3545 668
3546 669
3547 670
3548 67
3549 68
3550 69
3551 671
3552 672
3553 673
3554 674
3555 675
3556 676
3557 677
3558 678
3559 679
3560 680
3561 681
3562 687
3563 688
3564 689
3565 690
3566 691
3567 692
3568 693
3569 697
3570 698
3571 699
3572 70
3573 701
3574 702
3575 704
3576 706
3577 708
3578 711
3579 1823
3580 1824
3581 1825
3582 1826
3583 1827
3584 1828
3585 803
3586 71
3587 716
3588 718
3589 719
3590 1170
3591 1076
3592 725
3593 726
3594 727
3595 73
3596 74
3597 75
3598 735
3599 736
3600 737
3601 738
3602 742
3603 743
3604 744
3605 745
3606 746
3607 747
3608 748
3609 749
3610 750
3611 752
3612 754
3613 755
3614 757
3615 758
3616 759
3617 76
3618 761
3619 762
3620 763
3621 764
3622 765
3623 766
3624 3027
3625 3028
3626 3029
3627 3030
3628 768
3629 77
3630 78
3631 79
3632 80
3633 82
3634 83
3635 84
3636 770
3637 771
3638 772
3639 773
3640 774
3641 775
3642 776
3643 777
3644 778
3645 779
3646 780
3647 781
3648 782
3649 783
3650 784
3651 785
3652 786
3653 787
3654 788
3655 789
3656 791
3657 792
3658 793
3659 794
3660 795
3661 796
3662 797
3663 798
3664 799
3665 8
3666 9
3667 800
3668 804
3669 805
3670 806
3671 807
3672 808
3673 809
3674 810
3675 811
3676 812
3677 814
3678 815
3679 816
3680 817
3681 818
3682 819
3683 820
3684 821
3685 822
3686 823
3687 824
3688 825
3689 826
3690 827
3691 828
3692 829
3693 830
3694 831
3695 832
3696 833
3697 834
3698 835
3699 836
3700 837
3701 838
3702 839
3703 840
3704 841
3705 842
3706 843
3707 844
3708 845
3709 846
3710 847
3711 848
3712 849
3713 85
3714 850
3715 851
3716 852
3717 853
3718 854
3719 855
3720 856
3721 857
3722 858
3723 859
3724 86
3725 860
3726 861
3727 862
3728 863
3729 864
3730 866
3731 867
3732 868
3733 869
3734 87
3735 870
3736 871
3737 872
3738 873
3739 874
3740 875
3741 876
3742 877
3743 879
3744 880
3745 882
3746 883
3747 885
3748 886
3749 887
3750 888
3751 889
3752 89
3753 90
3754 890
3755 891
3756 892
3757 893
3758 894
3759 895
3760 896
3761 897
3762 898
3763 899
3764 900
3765 901
3766 902
3767 903
3768 904
3769 905
3770 906
3771 907
3772 908
3773 909
3774 91
3775 92
3776 93
3777 910
3778 911
3779 912
3780 913
3781 914
3782 915
3783 916
3784 917
3785 918
3786 919
3787 920
3788 921
3789 923
3790 924
3791 929
3792 930
3793 931
3794 932
3795 933
3796 934
3797 935
3798 94
3799 940
3800 941
3801 946
3802 947
3803 948
3804 949
3805 950
3806 95
3807 951
3808 952
3809 953
3810 954
3811 955
3812 956
3813 96
3814 963
3815 964
3816 965
3817 966
3818 967
3819 2122
3820 2123
3821 969
3822 970
3823 971
3824 972
3825 973
3826 974
3827 975
3828 976
3829 977
3830 978
3831 979
3832 980
3833 982
3834 983
3835 986
3836 987
3837 988
3838 989
3839 99
3840 990
3841 991
3842 1000
3843 1001
3844 1002
3845 1003
3846 1004
3847 1005
3848 1006
3849 1007
3850 1008
3851 1009
3852 1010
3853 992
3854 993
3855 994
3856 995
3857 996
3858 997
3859 998
3860 999
