0 Ascendingg
1 517
2 Besocy_Oficial
3 3087
4 3088
5 9511
6 9512
7 BotNoseastroloman
8 2442
9 BrisaBot
10 6825
11 6826
12 6828
13 6829
14 6830
15 Buffer
16 1336
17 2026
18 232
19 2633
20 3348
21 368
22 543
23 59
24 726
25 Echobox
26 4631
27 Echofon
28 210
29 871
30 "Fanbooster
31 by
32 "Hootsuite
33 Inc."
34 IFTTT
35 1996
36 Instagram
37 3027
38 3028
39 "Mobile
40 Web
41 Periscope
42 1215
43 338
44 359
45 360
46 7959
47 "RT
48 Progressive"
49 "SWAT
50 Comunicacional"
51 SocialFlow
52 1091
53 1244
54 "TW
55 Blue"
56 "Trump
57 Mentions"
58 "TweetCaster
59 for
60 TweetDeck
61 10082
62 10083
63 10084
64 10085
65 1009
66 107
67 1188
68 1239
69 1358
70 137
71 1463
72 1509
73 153
74 158
75 165
76 1766
77 177
78 192
79 2082
80 2187
81 23
82 2335
83 25
84 2552
85 276
86 2782
87 3116
88 3120
89 3197
90 339
91 342
92 3477
93 3478
94 3512
95 3547
96 356
97 3603
98 363
99 3634
100 3635
101 3636
102 3644
103 373
104 3814
105 3876
106 3877
107 389
108 391
109 3915
110 4052
111 4390
112 44
113 4629
114 4630
115 4632
116 4633
117 4918
118 4919
119 4925
120 5000
121 5001
122 5034
123 506
124 51
125 53
126 5668
127 5737
128 5738
129 5739
130 5857
131 602
132 606
133 6177
134 631
135 6400
136 6401
137 647
138 649
139 6507
140 661
141 6658
142 6788
143 691
144 695
145 7
146 7016
147 742
148 743
149 744
150 767
151 7997
152 7998
153 814
154 8164
155 8193
156 8194
157 8317
158 8395
159 8670
160 8733
161 887
162 896
163 9
164 9196
165 9197
166 9264
167 9351
168 950
169 951
170 9712
171 TweetShift.com
172 "Tweetbot
173 Tweetlogix
174 267
175 3248
176 "Twitter
177 Media
178 "Twitterrific
179 Unfaker
180 1337
181 "V
182 Droider"
183 Wildmoka
184 4139
185 4769
186 7476
187 "Yuzz.it
188 Pro"
189 "feather
190 informapanama
191 2758
192 nan
193 1945
194 1946
195 tsartbot
196 twitter-api-21312
197 143
