0 0
1 1
2 2
3 3
4 4
5 5
6 343
7 344
8 502
9 503
10 504
11 505
12 506
13 507
14 508
15 509
16 510
17 511
18 512
19 622
20 10
21 100
22 101
23 1000
24 894
25 1001
26 1002
27 1003
28 1004
29 1005
30 638
31 977
32 1006
33 1007
34 1008
35 1009
36 1010
37 1011
38 1012
39 1013
40 1014
41 1015
42 1016
43 1017
44 1018
45 1019
46 102
47 52
48 1020
49 1021
50 1022
51 1023
52 1024
53 1025
54 1026
55 1027
56 1028
57 1029
58 103
59 1030
60 1031
61 1673
62 2388
63 2911
64 1032
65 1033
66 1034
67 1035
68 881
69 1036
70 1037
71 1038
72 1039
73 104
74 28
75 1040
76 1041
77 1042
78 1043
79 859
80 1044
81 1045
82 1046
83 1047
84 1048
85 1049
86 105
87 26
88 1050
89 1051
90 1052
91 1053
92 1054
93 1055
94 1056
95 1057
96 1058
97 1059
98 106
99 37
100 39
101 59
102 1060
103 1061
104 1062
105 1063
106 1064
107 1065
108 1066
109 1067
110 1068
111 1069
112 107
113 31
114 1070
115 1071
116 1072
117 1073
118 1074
119 1075
120 1076
121 1077
122 1078
123 1079
124 108
125 34
126 36
127 1080
128 1081
129 1082
130 1083
131 1084
132 1085
133 1086
134 1087
135 1088
136 1089
137 109
138 1090
139 1091
140 1092
141 1093
142 1094
143 1095
144 1096
145 1097
146 1098
147 1099
148 11
149 110
150 76
151 1100
152 1101
153 1102
154 1103
155 1104
156 1105
157 1106
158 1107
159 1108
160 1109
161 111
162 1110
163 1111
164 1112
165 1113
166 1114
167 1115
168 1116
169 1117
170 1118
171 1119
172 112
173 44
174 1120
175 1121
176 1122
177 1123
178 1124
179 1125
180 1126
181 956
182 1127
183 1128
184 1129
185 113
186 40
187 1130
188 1131
189 1132
190 1133
191 1134
192 1135
193 1136
194 1137
195 1138
196 1139
197 1140
198 955
199 959
200 1253
201 2373
202 5639
203 114
204 1141
205 1142
206 1143
207 1144
208 1145
209 1146
210 1147
211 1148
212 1149
213 1150
214 3411
215 115
216 1831
217 1832
218 1833
219 1151
220 1152
221 1153
222 1154
223 1155
224 1156
225 1157
226 1158
227 1159
228 116
229 117
230 1160
231 1161
232 1162
233 1163
234 1164
235 1165
236 1166
237 1167
238 1168
239 1169
240 1170
241 1171
242 1172
243 1173
244 1174
245 1175
246 1176
247 1177
248 1178
249 1179
250 118
251 1180
252 1181
253 1182
254 1183
255 1184
256 1185
257 1186
258 1187
259 1188
260 1189
261 119
262 1190
263 1191
264 1192
265 1193
266 1194
267 1195
268 1196
269 1197
270 1198
271 1199
272 12
273 120
274 121
275 1200
276 1201
277 1202
278 943
279 944
280 1203
281 1204
282 1205
283 1206
284 1207
285 1208
286 1209
287 190
288 1210
289 1211
290 1212
291 1213
292 1214
293 1215
294 1216
295 1217
296 1218
297 1219
298 122
299 1220
300 1221
301 1222
302 1223
303 1224
304 1225
305 1226
306 1227
307 1228
308 1229
309 123
310 1230
311 1231
312 1232
313 1233
314 1234
315 1235
316 1236
317 1237
318 1238
319 1239
320 124
321 1240
322 1241
323 1242
324 1243
325 1244
326 1245
327 1246
328 1247
329 1249
330 1248
331 1250
332 1251
333 1252
334 1254
335 958
336 987
337 125
338 1255
339 1256
340 1257
341 1258
342 1259
343 126
344 1260
345 1261
346 1262
347 1263
348 1264
349 1265
350 1266
351 1267
352 1268
353 1269
354 1270
355 127
356 38
357 1271
358 872
359 1272
360 1273
361 1274
362 1275
363 1276
364 1277
365 1278
366 1279
367 1280
368 128
369 1281
370 1282
371 1283
372 1284
373 1285
374 1286
375 1287
376 1288
377 1289
378 129
379 64
380 65
381 1290
382 1291
383 1292
384 1293
385 1294
386 1295
387 1296
388 1297
389 1298
390 1299
391 13
392 130
393 1300
394 1301
395 1302
396 1303
397 1304
398 1305
399 1306
400 1307
401 1308
402 1309
403 131
404 1310
405 1311
406 1312
407 1313
408 1314
409 1315
410 1316
411 1317
412 1318
413 1319
414 132
415 78
416 1320
417 1321
418 1322
419 1323
420 1324
421 1325
422 1326
423 1327
424 1328
425 1329
426 133
427 1330
428 1331
429 1332
430 1333
431 1334
432 1335
433 1336
434 1337
435 1660
436 2349
437 5436
438 1338
439 1339
440 134
441 1340
442 1341
443 1342
444 1343
445 1344
446 1345
447 954
448 957
449 1346
450 1347
451 1348
452 1349
453 135
454 1350
455 1351
456 1352
457 1353
458 1354
459 3641
460 7660
461 1355
462 1356
463 1357
464 1358
465 1359
466 136
467 137
468 1360
469 1361
470 1362
471 1363
472 1364
473 1365
474 1366
475 1367
476 1368
477 1369
478 788
479 1370
480 1371
481 1372
482 1373
483 1374
484 1375
485 1376
486 1377
487 1378
488 1379
489 138
490 1380
491 1381
492 1382
493 1383
494 1384
495 1385
496 1386
497 1387
498 1388
499 1389
500 139
501 1390
502 1391
503 1392
504 1393
505 1394
506 1395
507 1396
508 1397
509 1398
510 1399
511 14
512 140
513 1400
514 1401
515 1402
516 1403
517 1404
518 1405
519 1406
520 1407
521 1408
522 1409
523 141
524 1410
525 1411
526 1412
527 1413
528 1414
529 1415
530 1416
531 1417
532 1418
533 1419
534 142
535 1420
536 1421
537 1422
538 1423
539 1424
540 1425
541 1426
542 1427
543 1428
544 1429
545 143
546 1430
547 1431
548 1432
549 209
550 1433
551 1434
552 1435
553 1436
554 1437
555 1438
556 1439
557 144
558 1440
559 1441
560 1442
561 1443
562 1444
563 1445
564 1446
565 1447
566 1448
567 1449
568 145
569 1450
570 1451
571 1452
572 1453
573 1454
574 1455
575 1456
576 1457
577 1458
578 1459
579 146
580 147
581 1460
582 1461
583 1462
584 1463
585 1464
586 1465
587 1466
588 1467
589 1468
590 1469
591 1470
592 1471
593 1472
594 1473
595 1474
596 1475
597 1476
598 1477
599 1478
600 1479
601 148
602 1480
603 1481
604 1482
605 1483
606 1484
607 1485
608 1486
609 1487
610 1488
611 1489
612 1490
613 149
614 1491
615 1492
616 1493
617 1494
618 1495
619 1496
620 1497
621 1498
622 1499
623 15
624 16
625 150
626 1500
627 1501
628 1502
629 1503
630 1504
631 1505
632 1506
633 1507
634 1508
635 1509
636 151
637 1510
638 1511
639 1512
640 1513
641 2347
642 1514
643 1515
644 1516
645 1517
646 1518
647 1519
648 152
649 1520
650 1521
651 885
652 1522
653 1523
654 1524
655 1525
656 1526
657 1527
658 1528
659 1529
660 153
661 1530
662 1531
663 1532
664 1533
665 1534
666 1535
667 1536
668 1537
669 1538
670 1539
671 154
672 155
673 35
674 47
675 57
676 1540
677 1541
678 1542
679 1543
680 1544
681 1545
682 1546
683 1547
684 1548
685 1549
686 1550
687 1551
688 1552
689 1553
690 1554
691 1555
692 1556
693 1557
694 1558
695 1559
696 156
697 1560
698 1561
699 1562
700 1563
701 1564
702 1565
703 1566
704 1567
705 1568
706 1569
707 157
708 158
709 159
710 56
711 1570
712 1571
713 1572
714 1573
715 1574
716 1575
717 1576
718 1577
719 1578
720 1579
721 1580
722 1581
723 1582
724 1583
725 1584
726 1585
727 1586
728 1587
729 1588
730 1589
731 1590
732 1591
733 1592
734 1593
735 1594
736 1595
737 1596
738 1597
739 1598
740 1599
741 160
742 1600
743 1601
744 1602
745 1603
746 1604
747 1605
748 1606
749 1607
750 1608
751 1609
752 161
753 1610
754 1611
755 1612
756 1613
757 1614
758 1615
759 1616
760 1617
761 1618
762 1619
763 162
764 1620
765 1621
766 1622
767 1623
768 1624
769 1625
770 1626
771 1627
772 1628
773 1629
774 163
775 1630
776 1631
777 1632
778 1633
779 1634
780 1635
781 1636
782 1637
783 1638
784 1639
785 164
786 1640
787 1641
788 1642
789 1643
790 1644
791 1645
792 1646
793 1647
794 1648
795 1649
796 165
797 1650
798 1651
799 1652
800 1653
801 1654
802 1655
803 1656
804 1657
805 1658
806 1659
807 166
808 1671
809 1788
810 2251
811 3325
812 7328
813 7373
814 1661
815 1662
816 1663
817 1664
818 1665
819 1666
820 1667
821 1668
822 1669
823 167
824 1670
825 1815
826 1843
827 2138
828 2485
829 2657
830 2667
831 2885
832 2935
833 3071
834 4410
835 5686
836 7531
837 1672
838 1674
839 1675
840 1676
841 1677
842 1678
843 1679
844 168
845 1680
846 1681
847 1682
848 1683
849 1684
850 1685
851 1686
852 1687
853 1688
854 1689
855 169
856 170
857 1690
858 1691
859 1692
860 1693
861 1694
862 1695
863 1696
864 1697
865 1698
866 1699
867 17
868 1700
869 1701
870 1702
871 1703
872 1704
873 1705
874 2392
875 1706
876 1707
877 1708
878 1709
879 171
880 1710
881 1711
882 1712
883 1713
884 1714
885 1715
886 1716
887 1717
888 1718
889 1719
890 172
891 173
892 174
893 58
894 1720
895 1721
896 1722
897 1723
898 1724
899 1725
900 1726
901 1727
902 1728
903 1729
904 1730
905 1731
906 1732
907 1733
908 5184
909 7496
910 7497
911 1734
912 1735
913 1736
914 1737
915 1738
916 1739
917 24
918 1740
919 1741
920 1742
921 1743
922 1744
923 1745
924 1746
925 1747
926 1748
927 1749
928 175
929 1750
930 1751
931 1752
932 1753
933 1754
934 1755
935 1756
936 2560
937 2561
938 6433
939 1757
940 1758
941 1759
942 176
943 1760
944 1761
945 1762
946 1763
947 1764
948 1765
949 1766
950 1767
951 1768
952 1769
953 177
954 1770
955 1771
956 1772
957 1773
958 1774
959 1775
960 1776
961 1777
962 1778
963 1779
964 178
965 1780
966 1781
967 1782
968 1783
969 1784
970 1785
971 1786
972 1787
973 1789
974 179
975 1790
976 1791
977 1792
978 1793
979 1794
980 1795
981 1796
982 1797
983 1798
984 1799
985 18
986 180
987 1800
988 1801
989 1802
990 1803
991 1804
992 1805
993 1806
994 1807
995 1808
996 1809
997 181
998 1810
999 1811
1000 1812
1001 1813
1002 1814
1003 1816
1004 1817
1005 1818
1006 1819
1007 182
1008 1820
1009 1821
1010 1822
1011 1823
1012 1824
1013 1825
1014 1826
1015 1827
1016 1828
1017 1829
1018 183
1019 1830
1020 2124
1021 2125
1022 2126
1023 2162
1024 7950
1025 8520
1026 8521
1027 8522
1028 8523
1029 8524
1030 8525
1031 8526
1032 8527
1033 8528
1034 8605
1035 1834
1036 1835
1037 1836
1038 1837
1039 1838
1040 1839
1041 184
1042 1840
1043 1841
1044 2583
1045 4196
1046 5171
1047 8701
1048 1842
1049 1844
1050 1845
1051 1846
1052 1847
1053 1848
1054 1849
1055 185
1056 1850
1057 1851
1058 1852
1059 1853
1060 1854
1061 1855
1062 1856
1063 1857
1064 1858
1065 1859
1066 186
1067 1860
1068 1861
1069 1862
1070 1863
1071 1864
1072 985
1073 986
1074 1865
1075 1866
1076 1867
1077 1868
1078 1869
1079 187
1080 1870
1081 1871
1082 1872
1083 1873
1084 1874
1085 1875
1086 1876
1087 1877
1088 1878
1089 1879
1090 188
1091 1880
1092 1881
1093 1882
1094 1883
1095 1884
1096 1885
1097 1886
1098 1887
1099 1888
1100 1889
1101 189
1102 1890
1103 1891
1104 1892
1105 1893
1106 1894
1107 1895
1108 1896
1109 1897
1110 1898
1111 1899
1112 19
1113 20
1114 22
1115 23
1116 235
1117 337
1118 338
1119 281
1120 290
1121 318
1122 542
1123 620
1124 684
1125 685
1126 686
1127 688
1128 1900
1129 1901
1130 1902
1131 1903
1132 1904
1133 1905
1134 1906
1135 1907
1136 1908
1137 1909
1138 191
1139 1910
1140 1911
1141 1912
1142 1913
1143 1914
1144 1915
1145 1916
1146 1917
1147 1918
1148 1919
1149 192
1150 1920
1151 1921
1152 1922
1153 1923
1154 1924
1155 1925
1156 1926
1157 1927
1158 1928
1159 1929
1160 193
1161 1930
1162 1931
1163 1932
1164 1933
1165 1934
1166 1935
1167 1936
1168 1937
1169 1938
1170 1939
1171 194
1172 1940
1173 1941
1174 1942
1175 1943
1176 1944
1177 1945
1178 1946
1179 1947
1180 1948
1181 1949
1182 195
1183 1950
1184 1951
1185 1952
1186 1953
1187 1954
1188 1955
1189 1956
1190 1957
1191 1958
1192 1959
1193 196
1194 1960
1195 1961
1196 1962
1197 1963
1198 1964
1199 1965
1200 1966
1201 1967
1202 1968
1203 1969
1204 197
1205 1970
1206 1971
1207 1972
1208 1973
1209 1974
1210 1975
1211 1976
1212 1977
1213 1978
1214 1979
1215 198
1216 1980
1217 1981
1218 1982
1219 1983
1220 1984
1221 1985
1222 1986
1223 1987
1224 1988
1225 1989
1226 199
1227 200
1228 1990
1229 1991
1230 1992
1231 1993
1232 1994
1233 1995
1234 1996
1235 1997
1236 1998
1237 1999
1238 2000
1239 2001
1240 2002
1241 2003
1242 2004
1243 2005
1244 2006
1245 2007
1246 2008
1247 2009
1248 201
1249 2010
1250 2011
1251 2012
1252 2013
1253 2014
1254 2015
1255 2016
1256 2017
1257 2018
1258 2019
1259 202
1260 2020
1261 2021
1262 2022
1263 2023
1264 2024
1265 2025
1266 2026
1267 2027
1268 2028
1269 2029
1270 203
1271 2030
1272 2031
1273 2032
1274 2033
1275 2034
1276 2035
1277 2036
1278 2037
1279 2038
1280 2039
1281 204
1282 2040
1283 2041
1284 2042
1285 2043
1286 2044
1287 2045
1288 2046
1289 2047
1290 2048
1291 2049
1292 205
1293 2050
1294 2051
1295 2052
1296 2053
1297 2054
1298 2055
1299 2056
1300 2057
1301 2058
1302 2059
1303 206
1304 2060
1305 2061
1306 2062
1307 2063
1308 2064
1309 2065
1310 2066
1311 2067
1312 2068
1313 2069
1314 207
1315 2070
1316 2071
1317 2072
1318 2073
1319 2074
1320 2075
1321 2076
1322 2077
1323 2078
1324 2079
1325 208
1326 2080
1327 2081
1328 2082
1329 2083
1330 2084
1331 2085
1332 2086
1333 2087
1334 2088
1335 2089
1336 2090
1337 2091
1338 2092
1339 2093
1340 2094
1341 2095
1342 2096
1343 2097
1344 2098
1345 2099
1346 21
1347 210
1348 2100
1349 2101
1350 2102
1351 2103
1352 2104
1353 6471
1354 6472
1355 6473
1356 6474
1357 6475
1358 6476
1359 6477
1360 6478
1361 6479
1362 2105
1363 2106
1364 2107
1365 2108
1366 2109
1367 211
1368 2110
1369 2111
1370 4244
1371 2112
1372 2113
1373 2114
1374 2115
1375 2116
1376 2117
1377 2118
1378 2119
1379 212
1380 2120
1381 2121
1382 2122
1383 2123
1384 6657
1385 6658
1386 6659
1387 6660
1388 6661
1389 6662
1390 6663
1391 6664
1392 2127
1393 2128
1394 2129
1395 213
1396 2130
1397 2131
1398 2132
1399 2133
1400 2134
1401 2135
1402 2136
1403 2137
1404 3464
1405 5377
1406 5378
1407 6804
1408 2139
1409 214
1410 2140
1411 2141
1412 2142
1413 2143
1414 2144
1415 2145
1416 2146
1417 2147
1418 2148
1419 2149
1420 215
1421 2150
1422 2151
1423 2152
1424 2153
1425 2154
1426 2155
1427 2156
1428 2157
1429 2158
1430 2159
1431 216
1432 2160
1433 2161
1434 2163
1435 2164
1436 2165
1437 2166
1438 2167
1439 2168
1440 2169
1441 217
1442 2170
1443 2171
1444 2172
1445 2173
1446 2174
1447 2175
1448 2176
1449 2177
1450 2178
1451 2179
1452 218
1453 2180
1454 2181
1455 2182
1456 2183
1457 2184
1458 2185
1459 2186
1460 2187
1461 2188
1462 2189
1463 219
1464 2190
1465 2191
1466 2192
1467 2193
1468 2194
1469 2195
1470 2196
1471 2197
1472 2198
1473 2199
1474 220
1475 2200
1476 2201
1477 2202
1478 2203
1479 2204
1480 2205
1481 2206
1482 2207
1483 2208
1484 2209
1485 221
1486 222
1487 2210
1488 2211
1489 2212
1490 2213
1491 2214
1492 2215
1493 2216
1494 2217
1495 2218
1496 2219
1497 2220
1498 2221
1499 2222
1500 2223
1501 2224
1502 2225
1503 2226
1504 2227
1505 2228
1506 2229
1507 223
1508 2230
1509 2231
1510 2232
1511 2233
1512 2234
1513 2235
1514 2236
1515 2237
1516 2238
1517 2239
1518 224
1519 2240
1520 2241
1521 2242
1522 2243
1523 2244
1524 2245
1525 2246
1526 2247
1527 2248
1528 2249
1529 225
1530 226
1531 227
1532 228
1533 229
1534 230
1535 231
1536 232
1537 233
1538 234
1539 2250
1540 8407
1541 2252
1542 2253
1543 2254
1544 2255
1545 2256
1546 2257
1547 2258
1548 2259
1549 2260
1550 2261
1551 2262
1552 2263
1553 2264
1554 2265
1555 2266
1556 2267
1557 2268
1558 2269
1559 2270
1560 2271
1561 2272
1562 2273
1563 2274
1564 2275
1565 2276
1566 2277
1567 2278
1568 2279
1569 2280
1570 2281
1571 2282
1572 2283
1573 2284
1574 2285
1575 2286
1576 2287
1577 2288
1578 2289
1579 2290
1580 2291
1581 2292
1582 2293
1583 2294
1584 2295
1585 2296
1586 2297
1587 2298
1588 2299
1589 2300
1590 2301
1591 2302
1592 2303
1593 2304
1594 2305
1595 2306
1596 2307
1597 2308
1598 2309
1599 2310
1600 2311
1601 2312
1602 2313
1603 2314
1604 2315
1605 2316
1606 2317
1607 2318
1608 2319
1609 2320
1610 2321
1611 2322
1612 2323
1613 3045
1614 6602
1615 2324
1616 2325
1617 2326
1618 2327
1619 2328
1620 2329
1621 2330
1622 2331
1623 2332
1624 2333
1625 2334
1626 2335
1627 2336
1628 2337
1629 2338
1630 2339
1631 2340
1632 2341
1633 2342
1634 2343
1635 2344
1636 2345
1637 2346
1638 2348
1639 2350
1640 2351
1641 2352
1642 8383
1643 8384
1644 2353
1645 2354
1646 2355
1647 2356
1648 2357
1649 2358
1650 2359
1651 236
1652 237
1653 2360
1654 2361
1655 2362
1656 2363
1657 2364
1658 2365
1659 2366
1660 2367
1661 2368
1662 2369
1663 2370
1664 2371
1665 2372
1666 2374
1667 2375
1668 2376
1669 2377
1670 2378
1671 2379
1672 238
1673 2380
1674 2381
1675 2382
1676 2383
1677 2384
1678 2385
1679 2386
1680 2387
1681 2389
1682 2390
1683 2391
1684 2393
1685 2394
1686 2395
1687 2396
1688 2397
1689 239
1690 2398
1691 2399
1692 240
1693 2400
1694 2401
1695 4242
1696 2402
1697 2403
1698 2404
1699 2405
1700 2406
1701 2407
1702 2408
1703 2409
1704 241
1705 2410
1706 2411
1707 2412
1708 2413
1709 2414
1710 2415
1711 2416
1712 2417
1713 2418
1714 2419
1715 242
1716 2420
1717 2421
1718 2422
1719 2423
1720 2424
1721 2425
1722 2426
1723 2427
1724 2428
1725 2429
1726 243
1727 2430
1728 2431
1729 2432
1730 2433
1731 2434
1732 2435
1733 2436
1734 2437
1735 2438
1736 2439
1737 244
1738 2440
1739 2441
1740 2442
1741 2443
1742 2444
1743 2445
1744 2446
1745 2447
1746 2448
1747 2449
1748 245
1749 2450
1750 2451
1751 2452
1752 2453
1753 2454
1754 2455
1755 2456
1756 2457
1757 2458
1758 2459
1759 246
1760 2460
1761 2461
1762 2462
1763 2463
1764 2464
1765 2465
1766 2466
1767 2467
1768 2468
1769 2469
1770 247
1771 2470
1772 2471
1773 2472
1774 2473
1775 2474
1776 2505
1777 3627
1778 2475
1779 2476
1780 2477
1781 2478
1782 2479
1783 248
1784 2480
1785 2481
1786 2482
1787 2483
1788 2484
1789 2486
1790 2487
1791 2488
1792 2489
1793 249
1794 2490
1795 2491
1796 2492
1797 2493
1798 2494
1799 2495
1800 2496
1801 2497
1802 2498
1803 2499
1804 25
1805 250
1806 2500
1807 2501
1808 2502
1809 2503
1810 2504
1811 2506
1812 2507
1813 2508
1814 2509
1815 251
1816 2510
1817 2511
1818 2512
1819 2513
1820 2514
1821 2515
1822 2516
1823 2517
1824 2518
1825 2519
1826 252
1827 2520
1828 2521
1829 2522
1830 2523
1831 2524
1832 2525
1833 2526
1834 2527
1835 2528
1836 2529
1837 253
1838 2530
1839 2531
1840 2532
1841 2533
1842 2534
1843 2535
1844 2536
1845 2537
1846 2538
1847 2539
1848 254
1849 2540
1850 2541
1851 2542
1852 2543
1853 2544
1854 2545
1855 2546
1856 2547
1857 2548
1858 2549
1859 255
1860 2550
1861 2551
1862 2552
1863 2553
1864 2554
1865 2555
1866 2556
1867 2557
1868 2558
1869 2559
1870 256
1871 2562
1872 2563
1873 2564
1874 2565
1875 2566
1876 2567
1877 2568
1878 2569
1879 257
1880 2570
1881 2571
1882 2572
1883 2573
1884 2574
1885 2575
1886 2576
1887 2577
1888 2578
1889 2579
1890 258
1891 2580
1892 2581
1893 2582
1894 2584
1895 2585
1896 2586
1897 2587
1898 2588
1899 2589
1900 259
1901 2590
1902 2591
1903 2592
1904 2593
1905 2594
1906 2595
1907 2596
1908 2597
1909 2598
1910 2599
1911 260
1912 2600
1913 2601
1914 2602
1915 2603
1916 2604
1917 2605
1918 2606
1919 2607
1920 2608
1921 2609
1922 261
1923 2610
1924 2611
1925 2612
1926 2613
1927 2614
1928 2615
1929 2616
1930 2617
1931 2618
1932 2619
1933 262
1934 2620
1935 2621
1936 2622
1937 2623
1938 2624
1939 2625
1940 2626
1941 2627
1942 2628
1943 2629
1944 263
1945 2630
1946 2631
1947 2632
1948 2633
1949 2634
1950 2635
1951 2636
1952 2637
1953 2638
1954 2639
1955 264
1956 2640
1957 2641
1958 2642
1959 2643
1960 2644
1961 2645
1962 2646
1963 2647
1964 2648
1965 2649
1966 265
1967 2650
1968 2651
1969 2652
1970 2653
1971 2654
1972 2655
1973 2656
1974 4381
1975 4933
1976 2658
1977 2659
1978 2660
1979 2661
1980 2662
1981 2663
1982 2664
1983 2665
1984 2666
1985 2668
1986 266
1987 2669
1988 267
1989 2670
1990 2671
1991 2672
1992 2673
1993 2674
1994 2675
1995 2676
1996 2677
1997 2678
1998 2679
1999 268
2000 2680
2001 2681
2002 2682
2003 2683
2004 2684
2005 2685
2006 2686
2007 2687
2008 2688
2009 2689
2010 269
2011 2690
2012 2691
2013 2692
2014 2693
2015 2694
2016 2695
2017 2696
2018 2697
2019 2698
2020 2699
2021 27
2022 270
2023 2700
2024 2701
2025 2702
2026 2703
2027 2704
2028 2705
2029 2706
2030 2707
2031 2708
2032 2709
2033 271
2034 2710
2035 2711
2036 2712
2037 2713
2038 2714
2039 2715
2040 2716
2041 2717
2042 2718
2043 2719
2044 272
2045 2720
2046 2721
2047 2722
2048 2723
2049 2724
2050 2725
2051 2726
2052 2727
2053 2728
2054 2729
2055 273
2056 2730
2057 2731
2058 2732
2059 2733
2060 2734
2061 2735
2062 2736
2063 2737
2064 2738
2065 2739
2066 274
2067 2740
2068 2741
2069 2742
2070 2743
2071 2744
2072 2745
2073 2746
2074 2747
2075 2748
2076 2749
2077 275
2078 2750
2079 2751
2080 2752
2081 2753
2082 2754
2083 2755
2084 2756
2085 2757
2086 2758
2087 2759
2088 276
2089 2760
2090 2761
2091 2762
2092 2763
2093 2764
2094 2765
2095 2766
2096 2767
2097 2768
2098 2769
2099 277
2100 2770
2101 2771
2102 2772
2103 2773
2104 2774
2105 2775
2106 2776
2107 2777
2108 2778
2109 3423
2110 2779
2111 278
2112 2780
2113 2781
2114 2782
2115 2783
2116 2784
2117 2785
2118 2786
2119 2787
2120 2788
2121 2789
2122 279
2123 2790
2124 2791
2125 2792
2126 2793
2127 2794
2128 2795
2129 2796
2130 2797
2131 2798
2132 2799
2133 316
2134 683
2135 280
2136 2800
2137 2801
2138 2802
2139 2803
2140 2804
2141 2805
2142 2806
2143 2807
2144 2808
2145 2809
2146 54
2147 55
2148 2810
2149 2811
2150 2812
2151 2813
2152 2814
2153 2815
2154 2816
2155 2817
2156 2818
2157 2819
2158 282
2159 2820
2160 2821
2161 2822
2162 2823
2163 2824
2164 2825
2165 2826
2166 2827
2167 2828
2168 2829
2169 283
2170 2830
2171 2831
2172 2832
2173 2833
2174 2834
2175 2835
2176 2836
2177 2837
2178 2838
2179 2839
2180 284
2181 2840
2182 2841
2183 2842
2184 2843
2185 2844
2186 2845
2187 2846
2188 2847
2189 2848
2190 2849
2191 285
2192 2850
2193 2851
2194 2852
2195 2853
2196 3971
2197 2854
2198 2855
2199 2856
2200 2857
2201 2858
2202 2859
2203 286
2204 2860
2205 2861
2206 2862
2207 2863
2208 2864
2209 2865
2210 2866
2211 2867
2212 2868
2213 2869
2214 287
2215 2870
2216 2871
2217 2872
2218 2873
2219 2874
2220 2875
2221 2876
2222 2877
2223 2878
2224 2879
2225 288
2226 2880
2227 2881
2228 2882
2229 2883
2230 2884
2231 2886
2232 2887
2233 2888
2234 2889
2235 289
2236 2890
2237 2891
2238 2892
2239 2893
2240 2894
2241 2895
2242 2896
2243 2897
2244 2898
2245 2899
2246 29
2247 454
2248 816
2249 817
2250 818
2251 855
2252 856
2253 2900
2254 2901
2255 2902
2256 2903
2257 2904
2258 2905
2259 2906
2260 2907
2261 2908
2262 2909
2263 291
2264 2910
2265 2912
2266 2913
2267 2914
2268 2915
2269 2916
2270 2917
2271 2918
2272 2919
2273 292
2274 2920
2275 2921
2276 2922
2277 2923
2278 2924
2279 2925
2280 2926
2281 2927
2282 2928
2283 2929
2284 293
2285 2930
2286 2931
2287 2932
2288 2933
2289 2934
2290 2936
2291 2937
2292 2938
2293 2939
2294 294
2295 2940
2296 2941
2297 2942
2298 2943
2299 2944
2300 2945
2301 2946
2302 2947
2303 2948
2304 2949
2305 295
2306 2950
2307 2951
2308 2952
2309 2953
2310 2954
2311 2955
2312 2956
2313 2957
2314 2958
2315 2959
2316 296
2317 2960
2318 2961
2319 2962
2320 2963
2321 2964
2322 2965
2323 2966
2324 2967
2325 2968
2326 2969
2327 297
2328 2970
2329 2971
2330 2972
2331 2973
2332 2974
2333 2975
2334 2976
2335 2977
2336 2978
2337 2979
2338 298
2339 2980
2340 2981
2341 2982
2342 2983
2343 2984
2344 2985
2345 2986
2346 2987
2347 2988
2348 2989
2349 299
2350 2990
2351 2991
2352 2992
2353 2993
2354 2994
2355 2995
2356 2996
2357 2997
2358 2998
2359 2999
2360 30
2361 300
2362 3000
2363 3001
2364 3002
2365 3003
2366 3004
2367 3005
2368 3006
2369 3007
2370 3008
2371 3009
2372 301
2373 3010
2374 3011
2375 3012
2376 3013
2377 3014
2378 3015
2379 3016
2380 3017
2381 3018
2382 3019
2383 302
2384 3020
2385 3021
2386 3022
2387 3023
2388 3024
2389 3025
2390 3026
2391 3027
2392 3028
2393 3029
2394 303
2395 3030
2396 3031
2397 3032
2398 3033
2399 3034
2400 3035
2401 3036
2402 3037
2403 3038
2404 3039
2405 304
2406 3040
2407 3041
2408 3042
2409 3043
2410 3044
2411 3046
2412 3047
2413 3048
2414 3049
2415 305
2416 3050
2417 3051
2418 3052
2419 3053
2420 3054
2421 3055
2422 3056
2423 3057
2424 3058
2425 3059
2426 306
2427 3060
2428 3061
2429 3062
2430 3063
2431 3064
2432 3065
2433 3066
2434 3067
2435 3068
2436 3069
2437 307
2438 3070
2439 3072
2440 3073
2441 3074
2442 3075
2443 3076
2444 3077
2445 3078
2446 3079
2447 308
2448 3080
2449 3081
2450 3082
2451 3083
2452 3084
2453 3085
2454 3086
2455 3087
2456 3088
2457 3089
2458 309
2459 310
2460 3090
2461 3091
2462 3092
2463 3093
2464 3094
2465 3095
2466 3096
2467 3097
2468 3098
2469 3099
2470 3100
2471 3101
2472 3102
2473 5406
2474 3103
2475 3104
2476 3105
2477 3106
2478 3107
2479 3108
2480 3109
2481 311
2482 3110
2483 3111
2484 3112
2485 3113
2486 3114
2487 3115
2488 3116
2489 3117
2490 3118
2491 3119
2492 312
2493 3120
2494 3121
2495 3122
2496 3123
2497 3124
2498 3125
2499 3126
2500 3127
2501 3128
2502 3129
2503 313
2504 3130
2505 3131
2506 3132
2507 3133
2508 3134
2509 3135
2510 3136
2511 3137
2512 3138
2513 3139
2514 314
2515 315
2516 317
2517 3140
2518 3141
2519 3142
2520 3143
2521 3144
2522 3145
2523 3146
2524 3147
2525 3148
2526 3149
2527 3150
2528 3151
2529 3152
2530 3153
2531 3154
2532 3155
2533 3156
2534 3157
2535 3158
2536 3159
2537 3160
2538 3161
2539 3162
2540 3163
2541 3164
2542 3165
2543 3166
2544 3167
2545 3168
2546 3169
2547 3170
2548 3171
2549 3172
2550 3173
2551 3174
2552 3175
2553 3176
2554 3177
2555 3178
2556 3179
2557 3180
2558 3181
2559 3182
2560 3183
2561 3184
2562 3185
2563 3186
2564 3187
2565 3188
2566 3189
2567 319
2568 3190
2569 3191
2570 3192
2571 3193
2572 3194
2573 3195
2574 3196
2575 3197
2576 3198
2577 3199
2578 3200
2579 32
2580 320
2581 3201
2582 3202
2583 3203
2584 3204
2585 3205
2586 4765
2587 3206
2588 3207
2589 3208
2590 3209
2591 321
2592 3210
2593 3211
2594 3212
2595 3213
2596 3214
2597 3215
2598 3216
2599 3217
2600 3218
2601 3219
2602 322
2603 3220
2604 3221
2605 3222
2606 3223
2607 3224
2608 3225
2609 3226
2610 3227
2611 3228
2612 3229
2613 323
2614 3230
2615 3231
2616 3232
2617 3233
2618 3234
2619 3235
2620 3236
2621 3237
2622 3238
2623 3239
2624 324
2625 3240
2626 3241
2627 3242
2628 3243
2629 3244
2630 3245
2631 3246
2632 3247
2633 3248
2634 5720
2635 3249
2636 325
2637 3250
2638 3251
2639 3252
2640 3253
2641 3254
2642 3255
2643 3256
2644 3257
2645 3258
2646 3259
2647 326
2648 3260
2649 3261
2650 3262
2651 3263
2652 3264
2653 3265
2654 3266
2655 3267
2656 3268
2657 3269
2658 327
2659 3270
2660 3271
2661 3272
2662 3273
2663 3274
2664 3275
2665 3276
2666 3277
2667 3278
2668 3279
2669 328
2670 3280
2671 3281
2672 3282
2673 3283
2674 3284
2675 3285
2676 3286
2677 3287
2678 3288
2679 3289
2680 329
2681 3290
2682 3291
2683 3292
2684 3293
2685 3294
2686 3295
2687 3296
2688 3297
2689 3298
2690 3299
2691 33
2692 330
2693 3300
2694 3301
2695 3302
2696 3303
2697 3304
2698 3305
2699 3306
2700 3307
2701 3308
2702 3309
2703 331
2704 3310
2705 3311
2706 3312
2707 3313
2708 3314
2709 3315
2710 3316
2711 3317
2712 3318
2713 3319
2714 332
2715 3320
2716 3321
2717 3322
2718 3323
2719 3324
2720 7038
2721 3326
2722 3327
2723 3328
2724 3329
2725 333
2726 3330
2727 3331
2728 3332
2729 3333
2730 3334
2731 3335
2732 3336
2733 3337
2734 3338
2735 3339
2736 334
2737 3340
2738 3341
2739 3342
2740 3343
2741 3344
2742 3345
2743 3346
2744 3347
2745 3348
2746 3349
2747 335
2748 3350
2749 3351
2750 3352
2751 3353
2752 3354
2753 3355
2754 3356
2755 3357
2756 3358
2757 3359
2758 336
2759 3360
2760 3361
2761 3362
2762 3363
2763 3364
2764 3365
2765 3874
2766 3366
2767 3367
2768 3368
2769 3369
2770 3370
2771 3371
2772 3372
2773 3373
2774 3374
2775 3375
2776 3376
2777 3377
2778 3378
2779 3379
2780 3380
2781 3381
2782 3382
2783 3383
2784 3384
2785 3385
2786 616
2787 3386
2788 3387
2789 3388
2790 3389
2791 339
2792 3390
2793 3391
2794 3392
2795 3393
2796 3394
2797 3395
2798 3396
2799 3397
2800 3398
2801 3399
2802 340
2803 3400
2804 3401
2805 3402
2806 3403
2807 3404
2808 3405
2809 3406
2810 3407
2811 4097
2812 3408
2813 3409
2814 341
2815 3410
2816 3412
2817 3413
2818 3414
2819 3415
2820 3416
2821 3417
2822 3418
2823 3419
2824 342
2825 3420
2826 3421
2827 3422
2828 3424
2829 3425
2830 3426
2831 3427
2832 3428
2833 3429
2834 3430
2835 3431
2836 3432
2837 3433
2838 3434
2839 3435
2840 3436
2841 3437
2842 3438
2843 3439
2844 4732
2845 4733
2846 4734
2847 5651
2848 3440
2849 3441
2850 3442
2851 3443
2852 3444
2853 3445
2854 3446
2855 3447
2856 3448
2857 3449
2858 345
2859 3450
2860 3451
2861 3452
2862 3453
2863 3454
2864 3455
2865 3456
2866 3457
2867 3458
2868 3459
2869 346
2870 3460
2871 3461
2872 3462
2873 3463
2874 3465
2875 3466
2876 3467
2877 3468
2878 3469
2879 347
2880 3470
2881 3471
2882 3472
2883 3473
2884 3474
2885 3475
2886 3476
2887 3477
2888 3478
2889 3479
2890 348
2891 3480
2892 3481
2893 3482
2894 3483
2895 3484
2896 3485
2897 3486
2898 3487
2899 3488
2900 3489
2901 3490
2902 3491
2903 3492
2904 3493
2905 3494
2906 349
2907 350
2908 3495
2909 3496
2910 3497
2911 3498
2912 3499
2913 3500
2914 3501
2915 3502
2916 3503
2917 3504
2918 3505
2919 3506
2920 3507
2921 3508
2922 3509
2923 351
2924 3510
2925 3511
2926 3512
2927 3513
2928 3514
2929 3515
2930 3516
2931 3517
2932 3518
2933 3519
2934 352
2935 3520
2936 3521
2937 3522
2938 3523
2939 3524
2940 3525
2941 3526
2942 3527
2943 3528
2944 3529
2945 353
2946 3530
2947 3531
2948 3532
2949 3533
2950 3534
2951 3535
2952 3536
2953 3537
2954 3538
2955 3539
2956 354
2957 3540
2958 3541
2959 3542
2960 3543
2961 3544
2962 3545
2963 3546
2964 3547
2965 3548
2966 3549
2967 355
2968 3550
2969 3551
2970 3552
2971 3553
2972 3554
2973 3555
2974 3556
2975 3557
2976 3558
2977 3559
2978 356
2979 3560
2980 3561
2981 3562
2982 3563
2983 3564
2984 3565
2985 3566
2986 3567
2987 3568
2988 3569
2989 357
2990 3570
2991 3571
2992 3572
2993 3573
2994 3574
2995 3575
2996 3576
2997 3577
2998 3578
2999 3579
3000 358
3001 3580
3002 3581
3003 3582
3004 3583
3005 3584
3006 3585
3007 3586
3008 3587
3009 3588
3010 3589
3011 359
3012 3590
3013 3591
3014 3592
3015 3593
3016 3594
3017 3595
3018 3596
3019 3597
3020 3598
3021 3599
3022 360
3023 3600
3024 3601
3025 3602
3026 3603
3027 3604
3028 3605
3029 3606
3030 3607
3031 3608
3032 3609
3033 361
3034 3610
3035 3611
3036 3612
3037 3613
3038 3614
3039 3615
3040 3616
3041 3617
3042 3618
3043 4447
3044 3619
3045 362
3046 3620
3047 3621
3048 3622
3049 3623
3050 3624
3051 3625
3052 3626
3053 5126
3054 5331
3055 5332
3056 3628
3057 3629
3058 363
3059 3630
3060 3631
3061 3632
3062 3633
3063 3634
3064 3635
3065 3636
3066 3637
3067 3638
3068 3639
3069 364
3070 3640
3071 3642
3072 3643
3073 3644
3074 3645
3075 3646
3076 3647
3077 3648
3078 3649
3079 365
3080 3650
3081 3651
3082 3652
3083 3653
3084 3654
3085 3655
3086 3656
3087 3657
3088 3658
3089 3659
3090 366
3091 3660
3092 3661
3093 3662
3094 3663
3095 3664
3096 3665
3097 3666
3098 3667
3099 3668
3100 3669
3101 367
3102 3670
3103 3671
3104 3672
3105 3673
3106 3674
3107 3675
3108 3676
3109 3677
3110 3678
3111 3679
3112 368
3113 3680
3114 3681
3115 3682
3116 3683
3117 3684
3118 3685
3119 3686
3120 3687
3121 3688
3122 3689
3123 369
3124 3690
3125 3691
3126 3692
3127 3693
3128 3694
3129 3695
3130 3696
3131 3697
3132 3698
3133 3699
3134 370
3135 3700
3136 3701
3137 3702
3138 3703
3139 3704
3140 3705
3141 3706
3142 3707
3143 3708
3144 3709
3145 371
3146 3710
3147 3711
3148 3712
3149 3713
3150 3714
3151 3715
3152 3716
3153 3717
3154 3718
3155 3719
3156 372
3157 3720
3158 3721
3159 3722
3160 5989
3161 3723
3162 3724
3163 3725
3164 3726
3165 3727
3166 3728
3167 3729
3168 373
3169 3730
3170 3731
3171 3732
3172 3733
3173 3734
3174 3735
3175 4241
3176 3736
3177 3737
3178 3738
3179 3739
3180 374
3181 3740
3182 3741
3183 3742
3184 3743
3185 3744
3186 3745
3187 3746
3188 3747
3189 3748
3190 3749
3191 375
3192 3750
3193 3751
3194 3752
3195 3753
3196 3754
3197 3755
3198 3756
3199 3757
3200 3758
3201 3759
3202 376
3203 3760
3204 3761
3205 3762
3206 3763
3207 3764
3208 3765
3209 3766
3210 3767
3211 3768
3212 3769
3213 377
3214 3770
3215 3771
3216 3772
3217 3773
3218 3774
3219 3775
3220 3776
3221 3777
3222 3778
3223 3779
3224 378
3225 3780
3226 3781
3227 3782
3228 3783
3229 3784
3230 3785
3231 3786
3232 3787
3233 3788
3234 3789
3235 379
3236 3790
3237 3791
3238 3792
3239 3793
3240 3794
3241 3795
3242 3796
3243 3797
3244 3798
3245 3799
3246 380
3247 3800
3248 3801
3249 3802
3250 3803
3251 3804
3252 3805
3253 3806
3254 3807
3255 3808
3256 3809
3257 381
3258 3810
3259 3811
3260 3812
3261 3813
3262 3814
3263 3815
3264 3816
3265 3817
3266 3818
3267 3819
3268 382
3269 3820
3270 3821
3271 3822
3272 3823
3273 3824
3274 4963
3275 3825
3276 3826
3277 3827
3278 3828
3279 3829
3280 383
3281 3830
3282 3831
3283 3832
3284 3833
3285 3834
3286 3835
3287 3836
3288 3837
3289 3838
3290 3839
3291 384
3292 3840
3293 3841
3294 3842
3295 3843
3296 3844
3297 3845
3298 3846
3299 3847
3300 3848
3301 3849
3302 385
3303 3850
3304 3851
3305 3852
3306 3853
3307 3854
3308 3855
3309 3856
3310 3857
3311 3858
3312 3859
3313 386
3314 3860
3315 3861
3316 3862
3317 3863
3318 3864
3319 3865
3320 3866
3321 3867
3322 3868
3323 3869
3324 387
3325 3870
3326 3871
3327 3872
3328 3873
3329 3875
3330 3876
3331 3877
3332 3878
3333 3879
3334 3880
3335 3881
3336 3882
3337 3883
3338 3884
3339 3885
3340 7906
3341 7907
3342 7908
3343 7909
3344 7910
3345 7911
3346 388
3347 3886
3348 3887
3349 3888
3350 3889
3351 389
3352 3890
3353 3891
3354 3892
3355 3893
3356 3894
3357 3895
3358 3896
3359 3897
3360 3898
3361 3899
3362 390
3363 3900
3364 3901
3365 3902
3366 3903
3367 3904
3368 3905
3369 3906
3370 3907
3371 3908
3372 3909
3373 391
3374 3910
3375 3911
3376 3912
3377 3913
3378 3914
3379 3915
3380 3916
3381 3917
3382 3918
3383 3919
3384 392
3385 3920
3386 3921
3387 3922
3388 3923
3389 3924
3390 3925
3391 3926
3392 3927
3393 3928
3394 3929
3395 393
3396 3930
3397 3931
3398 3932
3399 3933
3400 3934
3401 3935
3402 3936
3403 3937
3404 3938
3405 3939
3406 3940
3407 3941
3408 394
3409 3942
3410 3943
3411 3944
3412 3945
3413 3946
3414 3947
3415 3948
3416 3949
3417 3950
3418 3951
3419 3952
3420 4835
3421 4836
3422 395
3423 3953
3424 3954
3425 3955
3426 3956
3427 3957
3428 3958
3429 3959
3430 396
3431 3960
3432 3961
3433 3962
3434 3963
3435 3964
3436 3965
3437 3966
3438 3967
3439 3968
3440 3969
3441 3970
3442 397
3443 3972
3444 3973
3445 3974
3446 3975
3447 3976
3448 3977
3449 3978
3450 3979
3451 398
3452 3980
3453 3981
3454 3982
3455 3983
3456 3984
3457 3985
3458 3986
3459 3987
3460 3988
3461 3989
3462 399
3463 3990
3464 3991
3465 3992
3466 3993
3467 3994
3468 3995
3469 3996
3470 3997
3471 3998
3472 3999
3473 4058
3474 400
3475 4000
3476 4001
3477 4002
3478 4003
3479 4004
3480 4005
3481 4006
3482 4007
3483 4008
3484 4009
3485 401
3486 4010
3487 4011
3488 4012
3489 4013
3490 4014
3491 4015
3492 4016
3493 4017
3494 4018
3495 4019
3496 402
3497 4020
3498 4021
3499 4022
3500 4023
3501 4024
3502 4025
3503 4026
3504 4027
3505 4028
3506 4029
3507 403
3508 4030
3509 4031
3510 4032
3511 4033
3512 4034
3513 4035
3514 4036
3515 4037
3516 4038
3517 4039
3518 404
3519 4040
3520 4041
3521 4042
3522 4043
3523 4044
3524 4045
3525 4046
3526 4047
3527 4048
3528 4049
3529 405
3530 4050
3531 4051
3532 4052
3533 4053
3534 4054
3535 4055
3536 4056
3537 4057
3538 4059
3539 5021
3540 406
3541 4060
3542 4061
3543 4062
3544 4063
3545 4064
3546 4065
3547 4066
3548 4067
3549 4068
3550 4069
3551 407
3552 4070
3553 4071
3554 4072
3555 4073
3556 4074
3557 4075
3558 4076
3559 4077
3560 4078
3561 4079
3562 408
3563 4080
3564 4081
3565 4082
3566 4083
3567 4084
3568 4085
3569 4086
3570 4087
3571 4088
3572 4089
3573 409
3574 4090
3575 4091
3576 4092
3577 4093
3578 4094
3579 4095
3580 4096
3581 4098
3582 4099
3583 41
3584 410
3585 4100
3586 4101
3587 4102
3588 4103
3589 4104
3590 4105
3591 4106
3592 4107
3593 4108
3594 4109
3595 411
3596 4110
3597 4111
3598 4112
3599 4113
3600 4114
3601 4115
3602 4116
3603 4117
3604 4118
3605 4119
3606 412
3607 4120
3608 4121
3609 4122
3610 4123
3611 4124
3612 4125
3613 4126
3614 4127
3615 4128
3616 4129
3617 413
3618 4130
3619 4131
3620 4132
3621 4133
3622 4134
3623 4135
3624 4136
3625 4137
3626 4138
3627 4139
3628 414
3629 4140
3630 4141
3631 4142
3632 4143
3633 4144
3634 4145
3635 4146
3636 4147
3637 4148
3638 4149
3639 415
3640 4150
3641 4151
3642 4152
3643 4153
3644 4154
3645 4155
3646 4156
3647 4157
3648 4158
3649 4159
3650 416
3651 4160
3652 4161
3653 4162
3654 4163
3655 4164
3656 4165
3657 4166
3658 4167
3659 4168
3660 4498
3661 4169
3662 417
3663 4170
3664 4171
3665 4172
3666 4173
3667 4174
3668 4175
3669 4176
3670 4177
3671 4178
3672 4179
3673 418
3674 4180
3675 4181
3676 4182
3677 4183
3678 4184
3679 4185
3680 4186
3681 4187
3682 4188
3683 4189
3684 419
3685 4190
3686 4191
3687 4192
3688 4193
3689 4194
3690 4195
3691 5863
3692 5891
3693 5907
3694 6369
3695 7914
3696 7932
3697 8676
3698 4197
3699 4198
3700 4199
3701 42
3702 420
3703 4200
3704 4201
3705 4202
3706 4203
3707 4204
3708 4205
3709 4206
3710 4207
3711 4208
3712 4209
3713 421
3714 4210
3715 4211
3716 4212
3717 4213
3718 4214
3719 4215
3720 4216
3721 4217
3722 4218
3723 4219
3724 422
3725 4220
3726 4221
3727 4222
3728 4223
3729 4224
3730 4225
3731 4226
3732 4227
3733 4228
3734 4229
3735 423
3736 4230
3737 4231
3738 4232
3739 4233
3740 4234
3741 4235
3742 4236
3743 4237
3744 4238
3745 4239
3746 424
3747 4240
3748 4243
3749 4245
3750 4246
3751 4247
3752 4248
3753 4249
3754 425
3755 4250
3756 4251
3757 4252
3758 4253
3759 4254
3760 4255
3761 4256
3762 4257
3763 4258
3764 4259
3765 426
3766 4260
3767 4261
3768 4262
3769 4263
3770 4264
3771 4265
3772 4266
3773 4267
3774 4268
3775 4269
3776 427
3777 4270
3778 4271
3779 4272
3780 4273
3781 4274
3782 4275
3783 4276
3784 4277
3785 4278
3786 4279
3787 428
3788 4280
3789 4281
3790 4282
3791 4283
3792 4284
3793 4285
3794 4286
3795 4287
3796 4288
3797 4289
3798 429
3799 430
3800 4290
3801 4291
3802 4292
3803 4293
3804 4294
3805 4295
3806 4296
3807 4297
3808 4298
3809 4299
3810 43
3811 45
3812 4300
3813 4301
3814 4302
3815 4303
3816 4304
3817 4305
3818 4306
3819 4307
3820 4308
3821 4309
3822 431
3823 4310
3824 4311
3825 4312
3826 4313
3827 4314
3828 4315
3829 4316
3830 4317
3831 4318
3832 6895
3833 4319
3834 432
3835 4320
3836 4321
3837 4322
3838 4323
3839 4324
3840 4325
3841 4326
3842 4327
3843 4328
3844 4329
3845 433
3846 4330
3847 4331
3848 4332
3849 4333
3850 4334
3851 4335
3852 4336
3853 4337
3854 4338
3855 4339
3856 434
3857 4340
3858 4341
3859 4342
3860 4343
3861 4344
3862 4345
3863 4346
3864 4347
3865 4348
3866 4349
3867 640
3868 435
3869 4350
3870 4351
3871 4352
3872 4353
3873 4354
3874 4355
3875 4356
3876 4357
3877 4358
3878 4359
3879 436
3880 4360
3881 4361
3882 4362
3883 4363
3884 4364
3885 4365
3886 4366
3887 4367
3888 4368
3889 4369
3890 437
3891 4370
3892 4371
3893 4372
3894 4373
3895 4374
3896 4375
3897 4376
3898 4377
3899 4378
3900 4379
3901 438
3902 4380
3903 4604
3904 8016
3905 4382
3906 4383
3907 4384
3908 4385
3909 4386
3910 4387
3911 4388
3912 4389
3913 4390
3914 439
3915 4391
3916 4392
3917 4393
3918 4394
3919 4395
3920 4396
3921 4397
3922 4398
3923 4399
3924 440
3925 4400
3926 4401
3927 4402
3928 4403
3929 4404
3930 4405
3931 4406
3932 4407
3933 4408
3934 4409
3935 441
3936 8684
3937 4411
3938 4412
3939 4413
3940 4414
3941 4415
3942 4416
3943 4417
3944 4418
3945 4419
3946 442
3947 4420
3948 4421
3949 4422
3950 4423
3951 4424
3952 4425
3953 4426
3954 4427
3955 4428
3956 4429
3957 443
3958 4430
3959 4431
3960 4432
3961 4433
3962 4434
3963 4435
3964 4436
3965 4437
3966 4438
3967 4439
3968 444
3969 4440
3970 4441
3971 4442
3972 4443
3973 4444
3974 4445
3975 4446
3976 4448
3977 4449
3978 445
3979 4450
3980 4451
3981 4452
3982 4453
3983 4454
3984 4455
3985 4456
3986 4457
3987 4458
3988 4459
3989 446
3990 4460
3991 4461
3992 4462
3993 4463
3994 4464
3995 4465
3996 4466
3997 4467
3998 4468
3999 4469
4000 447
4001 4470
4002 4471
4003 4472
4004 4473
4005 4474
4006 4475
4007 4476
4008 4477
4009 4478
4010 4479
4011 448
4012 4480
4013 4481
4014 4482
4015 4483
4016 4484
4017 4485
4018 4486
4019 4487
4020 4488
4021 4489
4022 449
4023 4490
4024 4491
4025 4492
4026 4493
4027 4494
4028 4495
4029 4496
4030 4497
4031 4499
4032 450
4033 4500
4034 4501
4035 4502
4036 4503
4037 4504
4038 4505
4039 4506
4040 4507
4041 4508
4042 4509
4043 4510
4044 451
4045 4511
4046 4512
4047 4513
4048 4514
4049 4515
4050 4516
4051 4517
4052 4518
4053 4519
4054 4520
4055 6764
4056 452
4057 4521
4058 4522
4059 4523
4060 4524
4061 4525
4062 4526
4063 4527
4064 4528
4065 4529
4066 453
4067 4530
4068 4531
4069 4532
4070 4533
4071 4534
4072 4535
4073 4536
4074 4537
4075 4538
4076 4539
4077 4540
4078 4541
4079 4542
4080 4543
4081 4544
4082 4545
4083 4546
4084 4547
4085 4548
4086 4549
4087 455
4088 456
4089 4550
4090 4551
4091 4552
4092 4553
4093 4554
4094 4555
4095 4556
4096 4557
4097 4558
4098 4559
4099 4560
4100 4561
4101 4562
4102 4563
4103 4564
4104 4565
4105 4566
4106 4567
4107 4568
4108 4569
4109 457
4110 4570
4111 4571
4112 4572
4113 4573
4114 4574
4115 4575
4116 4576
4117 4577
4118 4578
4119 4579
4120 458
4121 4580
4122 4581
4123 4582
4124 4583
4125 4584
4126 4585
4127 4586
4128 4587
4129 4588
4130 4589
4131 459
4132 4590
4133 4591
4134 4592
4135 4593
4136 4594
4137 4595
4138 4596
4139 4597
4140 4598
4141 4599
4142 46
4143 460
4144 461
4145 462
4146 4600
4147 4601
4148 4602
4149 4603
4150 4605
4151 4606
4152 4607
4153 4608
4154 4609
4155 4610
4156 4611
4157 4612
4158 4613
4159 4614
4160 4615
4161 4616
4162 4617
4163 4618
4164 4619
4165 4620
4166 4621
4167 4622
4168 4623
4169 4624
4170 4625
4171 4626
4172 4627
4173 4628
4174 4629
4175 4630
4176 4631
4177 4632
4178 463
4179 7168
4180 4633
4181 4634
4182 4635
4183 4636
4184 4637
4185 4638
4186 4639
4187 464
4188 4640
4189 4641
4190 4642
4191 4643
4192 4644
4193 4645
4194 4646
4195 4647
4196 4648
4197 4649
4198 465
4199 4650
4200 4651
4201 4652
4202 4653
4203 4654
4204 4655
4205 4656
4206 4657
4207 4658
4208 4659
4209 466
4210 4660
4211 4661
4212 4662
4213 4663
4214 4664
4215 4665
4216 4666
4217 4667
4218 4668
4219 4669
4220 467
4221 4670
4222 4671
4223 4672
4224 4673
4225 4674
4226 4675
4227 4676
4228 4677
4229 4678
4230 4679
4231 468
4232 4680
4233 4681
4234 4682
4235 4683
4236 4684
4237 4685
4238 4686
4239 4687
4240 4688
4241 4689
4242 469
4243 4690
4244 4691
4245 4692
4246 4693
4247 4694
4248 4695
4249 4696
4250 4697
4251 4698
4252 4699
4253 470
4254 4700
4255 4701
4256 4702
4257 4703
4258 4704
4259 4705
4260 4706
4261 4707
4262 4708
4263 4709
4264 471
4265 4710
4266 4711
4267 4712
4268 4713
4269 4714
4270 4715
4271 4716
4272 4717
4273 4718
4274 4719
4275 472
4276 4720
4277 4721
4278 4722
4279 4723
4280 4724
4281 4725
4282 4726
4283 4727
4284 4728
4285 4729
4286 473
4287 4730
4288 4731
4289 4735
4290 4736
4291 4737
4292 4738
4293 4739
4294 474
4295 4740
4296 4741
4297 4742
4298 4743
4299 4744
4300 4745
4301 4746
4302 4747
4303 4748
4304 4749
4305 475
4306 4750
4307 4751
4308 4752
4309 4753
4310 4754
4311 4755
4312 4756
4313 4757
4314 4758
4315 4759
4316 476
4317 4760
4318 4761
4319 4762
4320 4763
4321 4764
4322 4766
4323 4767
4324 4768
4325 4769
4326 477
4327 4770
4328 4771
4329 4772
4330 4773
4331 4774
4332 4775
4333 4776
4334 4777
4335 4778
4336 4779
4337 478
4338 4780
4339 4781
4340 4782
4341 4783
4342 4784
4343 4785
4344 4786
4345 4787
4346 4788
4347 4789
4348 479
4349 4790
4350 4791
4351 4792
4352 4793
4353 4794
4354 4795
4355 4796
4356 4797
4357 4798
4358 4799
4359 48
4360 480
4361 4800
4362 4801
4363 4802
4364 4803
4365 4804
4366 4805
4367 4806
4368 4807
4369 4808
4370 4809
4371 4810
4372 481
4373 4811
4374 4812
4375 4813
4376 4814
4377 4815
4378 4816
4379 4817
4380 4818
4381 4819
4382 482
4383 4820
4384 4821
4385 4822
4386 4823
4387 4824
4388 4825
4389 4826
4390 4827
4391 4828
4392 4829
4393 483
4394 4830
4395 4831
4396 4832
4397 4833
4398 4834
4399 4837
4400 4838
4401 4839
4402 484
4403 4840
4404 4841
4405 4842
4406 4843
4407 4844
4408 4845
4409 4846
4410 4847
4411 4848
4412 4849
4413 4850
4414 485
4415 4851
4416 4852
4417 4853
4418 4854
4419 4855
4420 4856
4421 4857
4422 4858
4423 4859
4424 486
4425 4860
4426 4861
4427 4862
4428 4863
4429 4864
4430 4865
4431 4866
4432 4867
4433 4868
4434 4869
4435 487
4436 4870
4437 4871
4438 4872
4439 4873
4440 4874
4441 4875
4442 4876
4443 4877
4444 4878
4445 4879
4446 488
4447 489
4448 490
4449 491
4450 492
4451 493
4452 494
4453 495
4454 496
4455 497
4456 498
4457 499
4458 500
4459 4880
4460 4881
4461 4882
4462 4883
4463 4884
4464 4885
4465 4886
4466 4887
4467 4888
4468 4889
4469 4890
4470 4891
4471 4892
4472 4893
4473 4894
4474 4895
4475 4896
4476 4897
4477 4898
4478 4899
4479 49
4480 4900
4481 4901
4482 4902
4483 4903
4484 4904
4485 4905
4486 4906
4487 4907
4488 4908
4489 4909
4490 4910
4491 4911
4492 4912
4493 4913
4494 4914
4495 4915
4496 4916
4497 4917
4498 4918
4499 4919
4500 4920
4501 4921
4502 4922
4503 4923
4504 4924
4505 4925
4506 4926
4507 4927
4508 4928
4509 4929
4510 4930
4511 4931
4512 4932
4513 4934
4514 4935
4515 4936
4516 4937
4517 4938
4518 4939
4519 4940
4520 4941
4521 4942
4522 4943
4523 4944
4524 4945
4525 4946
4526 4947
4527 4948
4528 4949
4529 4950
4530 4951
4531 4952
4532 4953
4533 4954
4534 4955
4535 4956
4536 4957
4537 4958
4538 4959
4539 4960
4540 4961
4541 4962
4542 5472
4543 5473
4544 5474
4545 4964
4546 4965
4547 4966
4548 4967
4549 4968
4550 4969
4551 4970
4552 4971
4553 4972
4554 4973
4555 4974
4556 4975
4557 4976
4558 4977
4559 4978
4560 4979
4561 4980
4562 4981
4563 4982
4564 4983
4565 4984
4566 4985
4567 4986
4568 4987
4569 4988
4570 4989
4571 4990
4572 4991
4573 4992
4574 4993
4575 4994
4576 4995
4577 4996
4578 4997
4579 4998
4580 4999
4581 50
4582 5000
4583 5001
4584 5002
4585 5003
4586 5004
4587 5005
4588 5006
4589 5007
4590 5008
4591 5009
4592 501
4593 5010
4594 5011
4595 5012
4596 5013
4597 5014
4598 5015
4599 5016
4600 5017
4601 5018
4602 5019
4603 5020
4604 5022
4605 5023
4606 5024
4607 5025
4608 5026
4609 5027
4610 5028
4611 5029
4612 5030
4613 5031
4614 5032
4615 5033
4616 5034
4617 5035
4618 5036
4619 5037
4620 5038
4621 5039
4622 5040
4623 5041
4624 5042
4625 5043
4626 5044
4627 5045
4628 5046
4629 5047
4630 5048
4631 5049
4632 5050
4633 5051
4634 5052
4635 5053
4636 5054
4637 5055
4638 5056
4639 5057
4640 5058
4641 5059
4642 6952
4643 7892
4644 7893
4645 7894
4646 7895
4647 7896
4648 7897
4649 5060
4650 5061
4651 5062
4652 5063
4653 5064
4654 5065
4655 5066
4656 5067
4657 5068
4658 5069
4659 5070
4660 5071
4661 5072
4662 5073
4663 5074
4664 5075
4665 5076
4666 5077
4667 5078
4668 5079
4669 5080
4670 5081
4671 5082
4672 5083
4673 5084
4674 5085
4675 5086
4676 5087
4677 5088
4678 5089
4679 5090
4680 5091
4681 5092
4682 5093
4683 5094
4684 5095
4685 5096
4686 5097
4687 5098
4688 5099
4689 51
4690 5100
4691 5101
4692 5102
4693 5103
4694 5104
4695 5105
4696 5106
4697 5107
4698 5108
4699 5109
4700 5491
4701 5492
4702 5493
4703 5494
4704 5495
4705 5496
4706 5497
4707 5498
4708 5499
4709 8670
4710 5110
4711 5111
4712 5112
4713 5113
4714 5114
4715 5115
4716 5116
4717 5117
4718 5118
4719 5119
4720 5120
4721 5121
4722 5122
4723 5123
4724 5124
4725 5125
4726 5127
4727 5128
4728 5129
4729 513
4730 5130
4731 5131
4732 5132
4733 5133
4734 5134
4735 5135
4736 5136
4737 5137
4738 5138
4739 5139
4740 514
4741 5140
4742 5141
4743 5142
4744 5143
4745 5144
4746 5145
4747 5146
4748 5147
4749 5148
4750 5149
4751 515
4752 5150
4753 5151
4754 5152
4755 5153
4756 5154
4757 5155
4758 5156
4759 5157
4760 5158
4761 5159
4762 5160
4763 516
4764 5161
4765 5162
4766 5163
4767 5164
4768 5165
4769 5166
4770 5167
4771 5168
4772 5169
4773 517
4774 5170
4775 5172
4776 5173
4777 5174
4778 5175
4779 5176
4780 5177
4781 5178
4782 5179
4783 518
4784 5180
4785 5181
4786 5182
4787 5183
4788 5185
4789 5186
4790 5187
4791 5188
4792 5189
4793 519
4794 5190
4795 5191
4796 5192
4797 5193
4798 5194
4799 5195
4800 5196
4801 5197
4802 5198
4803 5199
4804 665
4805 520
4806 5200
4807 5201
4808 5202
4809 5203
4810 5204
4811 5205
4812 5206
4813 5207
4814 5208
4815 5209
4816 521
4817 5210
4818 5211
4819 5212
4820 5213
4821 5214
4822 5215
4823 5216
4824 5217
4825 5218
4826 5219
4827 522
4828 5220
4829 5221
4830 5222
4831 5223
4832 5224
4833 5225
4834 5226
4835 5227
4836 5228
4837 5229
4838 523
4839 5230
4840 5231
4841 5232
4842 5233
4843 5234
4844 5235
4845 5236
4846 5237
4847 5238
4848 5239
4849 524
4850 5240
4851 5241
4852 5242
4853 5243
4854 5244
4855 5245
4856 5246
4857 5247
4858 5248
4859 5249
4860 525
4861 5250
4862 5251
4863 5252
4864 5253
4865 5254
4866 5255
4867 5256
4868 5257
4869 5258
4870 5259
4871 526
4872 5260
4873 5261
4874 5262
4875 5263
4876 5264
4877 5265
4878 5266
4879 5267
4880 5268
4881 5269
4882 527
4883 5270
4884 5271
4885 5272
4886 5273
4887 5274
4888 5275
4889 5276
4890 5277
4891 5278
4892 5279
4893 528
4894 5280
4895 5281
4896 5282
4897 5283
4898 5284
4899 5285
4900 5286
4901 5287
4902 5288
4903 5289
4904 529
4905 5290
4906 5291
4907 5292
4908 5293
4909 5294
4910 5295
4911 5296
4912 5297
4913 5298
4914 5299
4915 53
4916 530
4917 5300
4918 5301
4919 5302
4920 5303
4921 5304
4922 5305
4923 5306
4924 5307
4925 5308
4926 5309
4927 531
4928 5310
4929 5311
4930 5312
4931 5313
4932 5314
4933 5315
4934 5316
4935 5317
4936 5318
4937 5319
4938 532
4939 5320
4940 5321
4941 5322
4942 5323
4943 5324
4944 5325
4945 5326
4946 5327
4947 5328
4948 5329
4949 533
4950 5330
4951 5333
4952 5334
4953 5335
4954 5336
4955 5337
4956 5338
4957 5339
4958 534
4959 5340
4960 5341
4961 5342
4962 5343
4963 5344
4964 5345
4965 5346
4966 5347
4967 5348
4968 5349
4969 535
4970 5350
4971 5351
4972 5352
4973 5353
4974 5354
4975 5355
4976 5356
4977 5357
4978 5358
4979 5359
4980 536
4981 5360
4982 5361
4983 5362
4984 5363
4985 5364
4986 5365
4987 5366
4988 5367
4989 5368
4990 5369
4991 537
4992 5370
4993 5371
4994 5372
4995 5373
4996 5374
4997 5375
4998 5376
4999 5379
5000 538
5001 5380
5002 5381
5003 5382
5004 5383
5005 5384
5006 5385
5007 5386
5008 5387
5009 5388
5010 5389
5011 539
5012 5390
5013 5391
5014 5392
5015 5393
5016 5394
5017 5395
5018 5396
5019 5397
5020 5398
5021 5399
5022 540
5023 5400
5024 5401
5025 5402
5026 5403
5027 5404
5028 5405
5029 5407
5030 5408
5031 5409
5032 541
5033 5410
5034 5411
5035 5412
5036 5413
5037 5414
5038 5415
5039 5416
5040 5417
5041 5418
5042 5419
5043 5420
5044 5421
5045 5422
5046 5423
5047 5424
5048 5425
5049 5426
5050 5427
5051 5428
5052 5429
5053 543
5054 5430
5055 5431
5056 5432
5057 5433
5058 5434
5059 5435
5060 5437
5061 5438
5062 5439
5063 544
5064 5440
5065 5441
5066 5442
5067 5443
5068 5444
5069 5445
5070 5446
5071 5447
5072 5448
5073 5449
5074 545
5075 5450
5076 5451
5077 5452
5078 5453
5079 5454
5080 5455
5081 5456
5082 5457
5083 5458
5084 5459
5085 546
5086 5460
5087 5461
5088 5462
5089 5463
5090 6178
5091 5464
5092 5465
5093 5466
5094 5467
5095 5468
5096 5469
5097 547
5098 5470
5099 5471
5100 5475
5101 5476
5102 5477
5103 5478
5104 5479
5105 548
5106 5480
5107 5481
5108 5482
5109 5483
5110 5484
5111 5485
5112 5486
5113 5487
5114 5488
5115 5489
5116 549
5117 5490
5118 550
5119 5500
5120 5501
5121 5502
5122 5503
5123 5504
5124 5505
5125 5506
5126 5507
5127 5508
5128 5509
5129 551
5130 5510
5131 5511
5132 5512
5133 5513
5134 5514
5135 5515
5136 5516
5137 5517
5138 5518
5139 5519
5140 552
5141 5520
5142 5521
5143 5522
5144 5523
5145 5524
5146 5525
5147 5526
5148 5527
5149 5528
5150 5529
5151 5530
5152 553
5153 5531
5154 5532
5155 5533
5156 5534
5157 5535
5158 5536
5159 5537
5160 5538
5161 5539
5162 554
5163 5540
5164 5541
5165 5542
5166 5543
5167 5544
5168 5545
5169 5546
5170 5547
5171 5548
5172 5549
5173 5550
5174 555
5175 5551
5176 5552
5177 5553
5178 5554
5179 5555
5180 5556
5181 5557
5182 5558
5183 5559
5184 556
5185 5560
5186 5561
5187 5562
5188 5563
5189 5564
5190 5565
5191 5566
5192 5567
5193 5568
5194 5569
5195 557
5196 558
5197 5570
5198 5571
5199 5572
5200 5573
5201 5574
5202 5575
5203 5576
5204 5577
5205 5578
5206 5579
5207 5580
5208 5581
5209 5582
5210 5583
5211 5584
5212 5585
5213 5586
5214 5587
5215 5588
5216 5589
5217 559
5218 5590
5219 5591
5220 5592
5221 5593
5222 5594
5223 5595
5224 5596
5225 5597
5226 5598
5227 5599
5228 560
5229 5600
5230 5601
5231 5602
5232 5603
5233 5604
5234 5605
5235 5606
5236 5607
5237 5608
5238 5609
5239 561
5240 5610
5241 5611
5242 5612
5243 5613
5244 5614
5245 5615
5246 5616
5247 5617
5248 5618
5249 5619
5250 562
5251 5620
5252 5621
5253 5622
5254 5623
5255 5624
5256 5625
5257 5626
5258 5627
5259 5628
5260 5629
5261 563
5262 5630
5263 5631
5264 5632
5265 5633
5266 5634
5267 5635
5268 5636
5269 5637
5270 5638
5271 564
5272 5640
5273 5641
5274 5642
5275 5643
5276 5644
5277 5645
5278 5646
5279 5647
5280 5648
5281 5649
5282 7423
5283 565
5284 5650
5285 5652
5286 5653
5287 5654
5288 5655
5289 5656
5290 5657
5291 5658
5292 5659
5293 566
5294 5660
5295 5661
5296 5662
5297 5663
5298 5664
5299 5665
5300 5666
5301 5667
5302 5668
5303 5669
5304 567
5305 5670
5306 5671
5307 5672
5308 5673
5309 5674
5310 5675
5311 5676
5312 5677
5313 5678
5314 5679
5315 568
5316 5680
5317 5681
5318 5682
5319 5683
5320 5684
5321 5685
5322 5687
5323 5688
5324 5689
5325 569
5326 5690
5327 5691
5328 5692
5329 5693
5330 5694
5331 5695
5332 5696
5333 5697
5334 5698
5335 5699
5336 849
5337 570
5338 5700
5339 5701
5340 5702
5341 5703
5342 5704
5343 5705
5344 5706
5345 5707
5346 5708
5347 5709
5348 571
5349 5710
5350 5711
5351 5712
5352 5713
5353 5714
5354 5715
5355 5716
5356 5717
5357 5718
5358 5719
5359 572
5360 5721
5361 5722
5362 5723
5363 5724
5364 5725
5365 639
5366 5726
5367 5727
5368 5728
5369 5729
5370 573
5371 5730
5372 5731
5373 5732
5374 5733
5375 5734
5376 5735
5377 5736
5378 5737
5379 5738
5380 5739
5381 574
5382 5740
5383 5741
5384 5742
5385 5743
5386 5744
5387 5745
5388 5746
5389 5747
5390 5748
5391 5749
5392 575
5393 5750
5394 5751
5395 5752
5396 5753
5397 5754
5398 5755
5399 5756
5400 5757
5401 5758
5402 5759
5403 576
5404 5760
5405 5761
5406 5762
5407 5763
5408 5764
5409 5765
5410 5766
5411 5767
5412 5768
5413 5769
5414 577
5415 5770
5416 5771
5417 5772
5418 5773
5419 5774
5420 5775
5421 5776
5422 5777
5423 5778
5424 5779
5425 578
5426 5780
5427 5781
5428 5782
5429 5783
5430 5784
5431 5785
5432 5786
5433 5787
5434 5788
5435 5789
5436 579
5437 5790
5438 5791
5439 5792
5440 5793
5441 5794
5442 5795
5443 5796
5444 5797
5445 5798
5446 5799
5447 580
5448 5800
5449 5801
5450 5802
5451 5803
5452 5804
5453 5805
5454 5806
5455 5807
5456 5808
5457 5809
5458 581
5459 5810
5460 5811
5461 5812
5462 5813
5463 5814
5464 5815
5465 5816
5466 5817
5467 5818
5468 5819
5469 582
5470 5820
5471 5821
5472 5822
5473 5823
5474 5824
5475 5825
5476 5826
5477 5827
5478 5828
5479 5829
5480 583
5481 5830
5482 5831
5483 5832
5484 5833
5485 5834
5486 5835
5487 5836
5488 5837
5489 5838
5490 5839
5491 584
5492 5840
5493 5841
5494 5842
5495 5843
5496 5844
5497 5845
5498 5846
5499 5847
5500 5848
5501 5849
5502 7005
5503 7006
5504 7007
5505 7008
5506 7009
5507 7010
5508 7011
5509 585
5510 586
5511 587
5512 5850
5513 5851
5514 5852
5515 5853
5516 5854
5517 5855
5518 5856
5519 5857
5520 5858
5521 5859
5522 5860
5523 5861
5524 5862
5525 5864
5526 5865
5527 5866
5528 5867
5529 5868
5530 5869
5531 5870
5532 5871
5533 5872
5534 5873
5535 5874
5536 5875
5537 5876
5538 5877
5539 5878
5540 5879
5541 588
5542 5880
5543 5881
5544 5882
5545 5883
5546 5884
5547 5885
5548 5886
5549 5887
5550 5888
5551 5889
5552 589
5553 5890
5554 5892
5555 5893
5556 5894
5557 5895
5558 5896
5559 5897
5560 5898
5561 5899
5562 590
5563 5900
5564 5901
5565 5902
5566 5903
5567 5904
5568 5905
5569 5906
5570 5908
5571 5909
5572 591
5573 5910
5574 5911
5575 5912
5576 5913
5577 5914
5578 5915
5579 5916
5580 5917
5581 5918
5582 5919
5583 592
5584 5920
5585 5921
5586 5922
5587 5923
5588 5924
5589 5925
5590 5926
5591 5927
5592 5928
5593 5929
5594 593
5595 5930
5596 5931
5597 5932
5598 5933
5599 5934
5600 5935
5601 5936
5602 5937
5603 5938
5604 5939
5605 5940
5606 5941
5607 5942
5608 5943
5609 5944
5610 5945
5611 5946
5612 5947
5613 5948
5614 594
5615 5949
5616 595
5617 5950
5618 5951
5619 5952
5620 5953
5621 5954
5622 5955
5623 5956
5624 5957
5625 5958
5626 5959
5627 596
5628 5960
5629 5961
5630 5962
5631 5963
5632 5964
5633 5965
5634 5966
5635 5967
5636 5968
5637 5969
5638 597
5639 5970
5640 5971
5641 5972
5642 5973
5643 5974
5644 5975
5645 5976
5646 5977
5647 5978
5648 5979
5649 598
5650 5980
5651 5981
5652 5982
5653 5983
5654 5984
5655 5985
5656 5986
5657 5987
5658 5988
5659 599
5660 5990
5661 5991
5662 5992
5663 5993
5664 5994
5665 5995
5666 5996
5667 5997
5668 5998
5669 5999
5670 6000
5671 6
5672 60
5673 600
5674 6001
5675 6002
5676 6003
5677 6004
5678 6005
5679 6006
5680 6007
5681 6008
5682 6009
5683 601
5684 6010
5685 6011
5686 6012
5687 6013
5688 6014
5689 6015
5690 6016
5691 6017
5692 6018
5693 6019
5694 602
5695 6020
5696 6021
5697 6022
5698 6023
5699 6024
5700 6025
5701 6026
5702 6027
5703 6028
5704 6029
5705 603
5706 6030
5707 6031
5708 6032
5709 6033
5710 6034
5711 6035
5712 6036
5713 6037
5714 6038
5715 6039
5716 604
5717 6040
5718 6041
5719 6042
5720 6043
5721 6044
5722 6045
5723 6046
5724 6047
5725 6048
5726 6049
5727 605
5728 6050
5729 6051
5730 6052
5731 6053
5732 6054
5733 6055
5734 6056
5735 6057
5736 6058
5737 6059
5738 606
5739 6060
5740 6061
5741 6062
5742 6063
5743 6064
5744 6065
5745 6066
5746 6067
5747 6068
5748 6069
5749 607
5750 6070
5751 6071
5752 6072
5753 6073
5754 6074
5755 6075
5756 6076
5757 6077
5758 6078
5759 6079
5760 608
5761 6080
5762 6081
5763 6082
5764 6083
5765 6084
5766 6085
5767 6086
5768 6087
5769 6088
5770 6089
5771 609
5772 6090
5773 6091
5774 6092
5775 6093
5776 6094
5777 6095
5778 6096
5779 6097
5780 6098
5781 6099
5782 61
5783 610
5784 6100
5785 6101
5786 6102
5787 6103
5788 6104
5789 6105
5790 6106
5791 6107
5792 6108
5793 6109
5794 611
5795 6110
5796 6111
5797 6112
5798 6113
5799 6114
5800 6115
5801 6116
5802 6117
5803 6118
5804 6119
5805 612
5806 6120
5807 6121
5808 6122
5809 6123
5810 6124
5811 6125
5812 6126
5813 6127
5814 6128
5815 6129
5816 613
5817 6130
5818 6131
5819 6132
5820 6133
5821 6134
5822 6135
5823 6136
5824 6137
5825 6138
5826 6139
5827 614
5828 6140
5829 6141
5830 6142
5831 6143
5832 6144
5833 6145
5834 6146
5835 6147
5836 6148
5837 6149
5838 615
5839 6150
5840 6151
5841 6152
5842 6153
5843 6154
5844 6155
5845 6156
5846 6157
5847 6158
5848 6159
5849 6160
5850 6161
5851 6162
5852 6163
5853 6164
5854 6165
5855 6166
5856 6167
5857 6168
5858 6169
5859 617
5860 6170
5861 6171
5862 6172
5863 6173
5864 6174
5865 6175
5866 6176
5867 6177
5868 6179
5869 618
5870 6180
5871 6181
5872 6182
5873 6183
5874 6184
5875 6185
5876 6186
5877 6187
5878 6188
5879 6189
5880 619
5881 6190
5882 6191
5883 6192
5884 6193
5885 6194
5886 6195
5887 6196
5888 6197
5889 6198
5890 6199
5891 62
5892 6200
5893 6201
5894 6202
5895 6203
5896 6204
5897 6205
5898 6206
5899 6207
5900 6208
5901 6209
5902 621
5903 6210
5904 6211
5905 6212
5906 6213
5907 6214
5908 6215
5909 6216
5910 6217
5911 6218
5912 6219
5913 6220
5914 6221
5915 6222
5916 6223
5917 6224
5918 6225
5919 6226
5920 6227
5921 6228
5922 6229
5923 623
5924 6230
5925 6231
5926 6232
5927 6233
5928 6234
5929 6235
5930 6236
5931 6237
5932 6238
5933 6239
5934 624
5935 6240
5936 6241
5937 6242
5938 6243
5939 6244
5940 6245
5941 6246
5942 6247
5943 6248
5944 6249
5945 625
5946 6250
5947 6251
5948 6252
5949 6253
5950 6254
5951 6255
5952 6256
5953 6257
5954 6258
5955 6259
5956 626
5957 6260
5958 6261
5959 6262
5960 6263
5961 6264
5962 6265
5963 6266
5964 6267
5965 6268
5966 6269
5967 627
5968 6270
5969 6271
5970 6272
5971 6273
5972 6274
5973 6275
5974 6276
5975 6277
5976 6278
5977 6279
5978 628
5979 6280
5980 6281
5981 6282
5982 6283
5983 6284
5984 6285
5985 6286
5986 6287
5987 6288
5988 6289
5989 629
5990 6290
5991 6291
5992 6292
5993 6293
5994 6294
5995 6295
5996 6296
5997 6297
5998 6298
5999 6299
6000 63
6001 630
6002 6300
6003 6301
6004 6302
6005 6303
6006 6304
6007 6305
6008 6306
6009 6307
6010 6308
6011 6309
6012 631
6013 6310
6014 6311
6015 6312
6016 6313
6017 6314
6018 6315
6019 6316
6020 6317
6021 6318
6022 6319
6023 632
6024 6320
6025 6321
6026 6322
6027 6323
6028 6324
6029 6325
6030 6326
6031 6327
6032 6328
6033 6329
6034 633
6035 6330
6036 6331
6037 6332
6038 6333
6039 6334
6040 6335
6041 6336
6042 6337
6043 6338
6044 6339
6045 634
6046 6340
6047 6341
6048 6342
6049 6343
6050 6344
6051 6345
6052 6346
6053 6347
6054 6348
6055 6349
6056 635
6057 6350
6058 6351
6059 6352
6060 6353
6061 6354
6062 6355
6063 6356
6064 6357
6065 6358
6066 6359
6067 636
6068 6360
6069 6361
6070 6362
6071 6363
6072 6364
6073 6365
6074 6366
6075 6367
6076 6368
6077 637
6078 6370
6079 6371
6080 6372
6081 6373
6082 6374
6083 6375
6084 6376
6085 6377
6086 6378
6087 6379
6088 6380
6089 6381
6090 6382
6091 6383
6092 6384
6093 6385
6094 6386
6095 6387
6096 6388
6097 6389
6098 6390
6099 6391
6100 6392
6101 6393
6102 6394
6103 6395
6104 6396
6105 6397
6106 6398
6107 6399
6108 6400
6109 6401
6110 6402
6111 6403
6112 6404
6113 6405
6114 6406
6115 6407
6116 6408
6117 6409
6118 641
6119 642
6120 6410
6121 6411
6122 6412
6123 6413
6124 6414
6125 6415
6126 6416
6127 6417
6128 6418
6129 6419
6130 6420
6131 6421
6132 6422
6133 6423
6134 6424
6135 6425
6136 6426
6137 6427
6138 6428
6139 6429
6140 643
6141 6430
6142 6431
6143 6432
6144 6434
6145 6435
6146 6436
6147 6437
6148 6438
6149 6439
6150 644
6151 6440
6152 6441
6153 6442
6154 6443
6155 6444
6156 6445
6157 6446
6158 6447
6159 6448
6160 6449
6161 645
6162 646
6163 647
6164 648
6165 649
6166 6450
6167 6451
6168 6452
6169 6453
6170 6454
6171 6455
6172 6456
6173 6457
6174 6458
6175 6459
6176 6460
6177 6461
6178 6462
6179 6463
6180 6464
6181 6465
6182 6466
6183 6467
6184 6468
6185 6469
6186 6470
6187 6480
6188 6481
6189 6482
6190 6483
6191 6484
6192 6485
6193 6486
6194 6487
6195 6488
6196 6489
6197 6490
6198 6491
6199 6492
6200 6493
6201 6494
6202 6495
6203 6496
6204 6497
6205 6498
6206 6499
6207 650
6208 6500
6209 6501
6210 6502
6211 6503
6212 6504
6213 6505
6214 6506
6215 6507
6216 6508
6217 6509
6218 651
6219 6510
6220 6511
6221 6512
6222 6513
6223 6514
6224 6515
6225 6516
6226 6517
6227 6518
6228 6519
6229 652
6230 6520
6231 6521
6232 6522
6233 6523
6234 6524
6235 6525
6236 6526
6237 6527
6238 6528
6239 6529
6240 653
6241 6530
6242 6531
6243 6532
6244 6533
6245 6534
6246 6535
6247 6536
6248 6537
6249 6538
6250 6539
6251 654
6252 6540
6253 6541
6254 6542
6255 6543
6256 6544
6257 6545
6258 6546
6259 6547
6260 6548
6261 6549
6262 655
6263 6550
6264 6551
6265 6552
6266 6553
6267 6554
6268 6555
6269 6556
6270 6557
6271 6558
6272 6559
6273 656
6274 6560
6275 6561
6276 6562
6277 6563
6278 6564
6279 6565
6280 6566
6281 6567
6282 6568
6283 6569
6284 657
6285 6570
6286 6571
6287 6572
6288 6573
6289 6574
6290 6575
6291 6576
6292 6577
6293 6578
6294 6579
6295 658
6296 6580
6297 6581
6298 6582
6299 6583
6300 6584
6301 6585
6302 6586
6303 6587
6304 6588
6305 6589
6306 659
6307 6590
6308 6591
6309 6592
6310 6593
6311 6594
6312 6595
6313 6596
6314 6597
6315 6598
6316 6599
6317 66
6318 660
6319 6600
6320 6601
6321 6603
6322 6604
6323 6605
6324 6606
6325 6607
6326 6608
6327 6609
6328 661
6329 6610
6330 6611
6331 6612
6332 6613
6333 6614
6334 6615
6335 6616
6336 6617
6337 6618
6338 6619
6339 662
6340 6620
6341 6621
6342 6622
6343 6623
6344 6624
6345 6625
6346 6626
6347 6627
6348 6628
6349 6629
6350 663
6351 6630
6352 6631
6353 6632
6354 6633
6355 6634
6356 6635
6357 6636
6358 6637
6359 6638
6360 6639
6361 664
6362 6640
6363 6641
6364 6642
6365 6643
6366 6644
6367 6645
6368 6646
6369 6647
6370 6648
6371 6649
6372 6650
6373 6651
6374 6652
6375 6653
6376 6654
6377 6655
6378 6656
6379 666
6380 6665
6381 6666
6382 6667
6383 6668
6384 6669
6385 667
6386 6670
6387 6671
6388 6672
6389 6673
6390 6674
6391 6675
6392 6676
6393 6677
6394 6678
6395 6679
6396 668
6397 6680
6398 6681
6399 6682
6400 6683
6401 6684
6402 6685
6403 6686
6404 6687
6405 6688
6406 6689
6407 669
6408 6690
6409 6691
6410 6692
6411 6693
6412 6694
6413 6695
6414 6696
6415 6697
6416 6698
6417 6699
6418 67
6419 670
6420 6700
6421 6701
6422 6702
6423 6703
6424 6704
6425 6705
6426 6706
6427 6707
6428 6708
6429 6709
6430 671
6431 6710
6432 6711
6433 6712
6434 6713
6435 6714
6436 6715
6437 6716
6438 6717
6439 6718
6440 6719
6441 672
6442 6720
6443 6721
6444 6722
6445 6723
6446 6724
6447 6725
6448 6726
6449 6727
6450 6728
6451 6729
6452 673
6453 6730
6454 6731
6455 6732
6456 6733
6457 6734
6458 6735
6459 6736
6460 6737
6461 6738
6462 6739
6463 674
6464 6740
6465 6741
6466 6742
6467 6743
6468 6744
6469 6745
6470 6746
6471 6747
6472 6748
6473 6749
6474 675
6475 6750
6476 6751
6477 6752
6478 6753
6479 6754
6480 6755
6481 6756
6482 6757
6483 6758
6484 6759
6485 676
6486 6760
6487 6761
6488 6762
6489 6763
6490 6765
6491 6766
6492 6767
6493 6768
6494 6769
6495 677
6496 6770
6497 6771
6498 6772
6499 6773
6500 6774
6501 6775
6502 6776
6503 6777
6504 6778
6505 6779
6506 678
6507 6780
6508 6781
6509 6782
6510 6783
6511 6784
6512 6785
6513 6786
6514 6787
6515 6788
6516 6789
6517 679
6518 6790
6519 6791
6520 6792
6521 6793
6522 6794
6523 6795
6524 6796
6525 6797
6526 6798
6527 6799
6528 68
6529 680
6530 6800
6531 6801
6532 6802
6533 6803
6534 6805
6535 6806
6536 6807
6537 6808
6538 6809
6539 681
6540 6810
6541 6811
6542 6812
6543 6813
6544 6814
6545 6815
6546 6816
6547 6817
6548 6818
6549 6819
6550 682
6551 6820
6552 6821
6553 6822
6554 6823
6555 6824
6556 6825
6557 6826
6558 6827
6559 6828
6560 6829
6561 6830
6562 6831
6563 6832
6564 6833
6565 6834
6566 6835
6567 6836
6568 6837
6569 6838
6570 6839
6571 6840
6572 6841
6573 6842
6574 6843
6575 6844
6576 6845
6577 6846
6578 6847
6579 6848
6580 6849
6581 6850
6582 6851
6583 6852
6584 6853
6585 6854
6586 6855
6587 6856
6588 6857
6589 6858
6590 6859
6591 6860
6592 6861
6593 6862
6594 6863
6595 6864
6596 6865
6597 6866
6598 6867
6599 6868
6600 6869
6601 6870
6602 687
6603 6871
6604 6872
6605 6873
6606 6874
6607 6875
6608 6876
6609 6877
6610 6878
6611 6879
6612 6880
6613 6881
6614 6882
6615 6883
6616 6884
6617 6885
6618 7082
6619 6886
6620 6887
6621 6888
6622 6889
6623 689
6624 6890
6625 6891
6626 6892
6627 6893
6628 6894
6629 6896
6630 6897
6631 6898
6632 6899
6633 69
6634 690
6635 6900
6636 6901
6637 6902
6638 6903
6639 6904
6640 6905
6641 6906
6642 6907
6643 6908
6644 6909
6645 691
6646 6910
6647 6911
6648 6912
6649 6913
6650 6914
6651 6915
6652 6916
6653 6917
6654 6918
6655 6919
6656 692
6657 6920
6658 6921
6659 6922
6660 6923
6661 6924
6662 6925
6663 6926
6664 6927
6665 6928
6666 6929
6667 693
6668 6930
6669 6931
6670 6932
6671 6933
6672 6934
6673 6935
6674 6936
6675 6937
6676 6938
6677 6939
6678 694
6679 6940
6680 6941
6681 6942
6682 6943
6683 6944
6684 6945
6685 6946
6686 6948
6687 6949
6688 6950
6689 6951
6690 6953
6691 6954
6692 878
6693 966
6694 6947
6695 695
6696 6955
6697 6956
6698 6957
6699 6958
6700 6959
6701 696
6702 6960
6703 6961
6704 6962
6705 6963
6706 6964
6707 6965
6708 6966
6709 6967
6710 6968
6711 6969
6712 697
6713 6970
6714 6971
6715 6972
6716 6973
6717 6974
6718 6975
6719 6976
6720 6977
6721 6978
6722 6979
6723 698
6724 6980
6725 6981
6726 6982
6727 6983
6728 6984
6729 6985
6730 6986
6731 6987
6732 6988
6733 6989
6734 699
6735 6990
6736 6991
6737 6992
6738 6993
6739 6994
6740 6995
6741 6996
6742 6997
6743 6998
6744 6999
6745 7
6746 70
6747 700
6748 7000
6749 7001
6750 7002
6751 7003
6752 7004
6753 7012
6754 8375
6755 8376
6756 701
6757 7013
6758 7014
6759 7015
6760 7016
6761 7017
6762 7018
6763 7019
6764 702
6765 7020
6766 7021
6767 7022
6768 7023
6769 7024
6770 7025
6771 7026
6772 7027
6773 7028
6774 7029
6775 703
6776 7030
6777 7031
6778 7032
6779 7033
6780 7034
6781 7035
6782 7036
6783 7037
6784 7039
6785 704
6786 7040
6787 7041
6788 7042
6789 7043
6790 7044
6791 7045
6792 7046
6793 7047
6794 7048
6795 7049
6796 705
6797 7050
6798 7051
6799 7052
6800 7053
6801 7054
6802 7055
6803 7056
6804 7057
6805 7058
6806 7059
6807 706
6808 7060
6809 7061
6810 7062
6811 7063
6812 7064
6813 7065
6814 7066
6815 7067
6816 7068
6817 7069
6818 707
6819 7070
6820 7071
6821 7072
6822 7073
6823 7074
6824 7075
6825 7076
6826 7077
6827 7078
6828 7079
6829 708
6830 7080
6831 7081
6832 7083
6833 7084
6834 7085
6835 7086
6836 7087
6837 7088
6838 7089
6839 709
6840 7090
6841 7091
6842 7092
6843 7093
6844 7094
6845 7095
6846 7096
6847 7097
6848 7098
6849 7099
6850 71
6851 710
6852 7100
6853 7101
6854 7102
6855 7103
6856 7104
6857 7105
6858 7106
6859 7107
6860 7108
6861 7109
6862 711
6863 7110
6864 7111
6865 7112
6866 7113
6867 7114
6868 7115
6869 7116
6870 7117
6871 7118
6872 7119
6873 712
6874 7120
6875 7121
6876 7122
6877 7123
6878 7124
6879 7125
6880 7126
6881 7127
6882 7128
6883 7129
6884 713
6885 714
6886 7130
6887 7131
6888 7132
6889 7133
6890 7134
6891 7135
6892 7136
6893 7137
6894 7138
6895 7139
6896 813
6897 814
6898 7140
6899 7141
6900 7142
6901 7143
6902 7144
6903 7145
6904 7146
6905 7147
6906 7148
6907 7149
6908 715
6909 7150
6910 7151
6911 7152
6912 7153
6913 7154
6914 7155
6915 7156
6916 7157
6917 7158
6918 7159
6919 716
6920 717
6921 7160
6922 7161
6923 7162
6924 7163
6925 7164
6926 7165
6927 7166
6928 7167
6929 7169
6930 7170
6931 7171
6932 7172
6933 7173
6934 7174
6935 7175
6936 7176
6937 7177
6938 7178
6939 7179
6940 718
6941 7180
6942 7181
6943 7182
6944 7183
6945 7184
6946 7185
6947 7186
6948 7187
6949 7188
6950 7189
6951 719
6952 7190
6953 7191
6954 7192
6955 7193
6956 7194
6957 7195
6958 7196
6959 7197
6960 7198
6961 7199
6962 72
6963 720
6964 7200
6965 7201
6966 7202
6967 7203
6968 7204
6969 7205
6970 7206
6971 7207
6972 7208
6973 7209
6974 721
6975 7210
6976 7211
6977 7212
6978 7213
6979 7214
6980 7215
6981 7216
6982 7217
6983 7218
6984 7219
6985 722
6986 7220
6987 7221
6988 7222
6989 7223
6990 7224
6991 7225
6992 7226
6993 7227
6994 7228
6995 7229
6996 723
6997 7230
6998 7231
6999 7232
7000 7233
7001 7234
7002 7235
7003 7236
7004 7237
7005 7238
7006 7239
7007 724
7008 7240
7009 7241
7010 7242
7011 7243
7012 7244
7013 7245
7014 7246
7015 7247
7016 7248
7017 7249
7018 725
7019 7250
7020 7251
7021 7252
7022 7253
7023 7254
7024 7255
7025 7256
7026 7257
7027 7258
7028 7259
7029 726
7030 727
7031 728
7032 7260
7033 7261
7034 7262
7035 7263
7036 7264
7037 7265
7038 7266
7039 7267
7040 7268
7041 7269
7042 7270
7043 7271
7044 7272
7045 7273
7046 7274
7047 7275
7048 7276
7049 7277
7050 7278
7051 7279
7052 7280
7053 7281
7054 7282
7055 7283
7056 7284
7057 7285
7058 7286
7059 7287
7060 7288
7061 7289
7062 729
7063 7290
7064 7291
7065 7292
7066 7293
7067 7294
7068 7295
7069 7296
7070 7297
7071 7298
7072 7589
7073 7299
7074 73
7075 730
7076 7300
7077 7301
7078 7302
7079 7303
7080 7304
7081 7305
7082 7306
7083 7307
7084 7308
7085 7309
7086 731
7087 7310
7088 7311
7089 7312
7090 7313
7091 7314
7092 7315
7093 7316
7094 7317
7095 7318
7096 7319
7097 732
7098 7320
7099 7321
7100 7322
7101 7323
7102 7324
7103 7325
7104 7326
7105 7327
7106 7329
7107 733
7108 7330
7109 7331
7110 7332
7111 7333
7112 7334
7113 7335
7114 7336
7115 7337
7116 7338
7117 7339
7118 734
7119 7340
7120 7341
7121 7342
7122 7343
7123 7344
7124 7345
7125 7346
7126 7347
7127 7348
7128 7349
7129 735
7130 7350
7131 7351
7132 7352
7133 7353
7134 7354
7135 7355
7136 7356
7137 7357
7138 7358
7139 7359
7140 736
7141 7360
7142 7361
7143 7362
7144 7363
7145 7364
7146 7365
7147 7366
7148 7367
7149 7368
7150 7369
7151 7370
7152 737
7153 7371
7154 7372
7155 7374
7156 7375
7157 7656
7158 7376
7159 7377
7160 7378
7161 7379
7162 738
7163 7380
7164 7381
7165 7382
7166 7383
7167 7384
7168 7385
7169 7386
7170 7387
7171 7388
7172 7389
7173 739
7174 7390
7175 7391
7176 7392
7177 7393
7178 7394
7179 7395
7180 7396
7181 7397
7182 7398
7183 7399
7184 74
7185 740
7186 7400
7187 7401
7188 7402
7189 7403
7190 7404
7191 7405
7192 7406
7193 7407
7194 7408
7195 7409
7196 741
7197 7410
7198 7411
7199 7412
7200 7413
7201 7414
7202 7415
7203 7416
7204 7417
7205 7418
7206 7419
7207 742
7208 7420
7209 7421
7210 7422
7211 7424
7212 7425
7213 7426
7214 7427
7215 7428
7216 7429
7217 743
7218 7430
7219 7431
7220 7432
7221 7433
7222 7434
7223 7435
7224 7436
7225 7437
7226 7438
7227 7439
7228 744
7229 7440
7230 7441
7231 7442
7232 7443
7233 7444
7234 7445
7235 7446
7236 7447
7237 7448
7238 7449
7239 745
7240 7450
7241 7451
7242 7452
7243 7453
7244 7454
7245 7455
7246 7456
7247 7457
7248 7458
7249 7459
7250 746
7251 7460
7252 7461
7253 7462
7254 7463
7255 7464
7256 7465
7257 7466
7258 7467
7259 7468
7260 7469
7261 747
7262 7470
7263 7471
7264 7472
7265 7473
7266 7474
7267 7475
7268 7476
7269 7477
7270 7478
7271 7479
7272 748
7273 7480
7274 7481
7275 7482
7276 7483
7277 7484
7278 7485
7279 7486
7280 7487
7281 7488
7282 7489
7283 7490
7284 749
7285 7491
7286 7492
7287 7493
7288 7494
7289 7495
7290 7498
7291 7499
7292 75
7293 750
7294 7500
7295 7501
7296 7502
7297 7503
7298 7504
7299 7505
7300 7506
7301 7507
7302 7508
7303 7509
7304 751
7305 7510
7306 7511
7307 7512
7308 7513
7309 7514
7310 7515
7311 7516
7312 7517
7313 7518
7314 7519
7315 752
7316 7520
7317 7521
7318 7522
7319 7523
7320 7524
7321 7525
7322 7526
7323 7527
7324 7528
7325 7529
7326 7530
7327 753
7328 7532
7329 7533
7330 7534
7331 7535
7332 7536
7333 7537
7334 7538
7335 7539
7336 754
7337 7540
7338 7541
7339 7542
7340 7543
7341 7544
7342 7545
7343 7546
7344 7547
7345 7548
7346 7549
7347 755
7348 7550
7349 7551
7350 7552
7351 7553
7352 7554
7353 7555
7354 7556
7355 7557
7356 7558
7357 7559
7358 756
7359 7560
7360 7561
7361 7562
7362 7563
7363 7564
7364 7565
7365 7566
7366 7567
7367 7568
7368 7569
7369 757
7370 7570
7371 7571
7372 7572
7373 7573
7374 7574
7375 7575
7376 7576
7377 7577
7378 7578
7379 7579
7380 758
7381 7580
7382 7581
7383 7582
7384 7583
7385 7584
7386 7585
7387 7586
7388 7587
7389 7588
7390 759
7391 7590
7392 7591
7393 7592
7394 7593
7395 7594
7396 7595
7397 7596
7398 7597
7399 7598
7400 7599
7401 760
7402 761
7403 7600
7404 7601
7405 7602
7406 7603
7407 7604
7408 7605
7409 7606
7410 7607
7411 7608
7412 7609
7413 7610
7414 7611
7415 7612
7416 7613
7417 7614
7418 7615
7419 7616
7420 7617
7421 7618
7422 7619
7423 762
7424 7620
7425 7621
7426 7622
7427 7623
7428 7624
7429 7625
7430 7626
7431 7627
7432 7628
7433 7629
7434 763
7435 764
7436 7630
7437 7631
7438 7632
7439 7633
7440 7634
7441 7635
7442 7636
7443 7637
7444 7638
7445 7639
7446 7640
7447 7641
7448 7642
7449 7643
7450 7644
7451 7645
7452 7646
7453 7647
7454 7648
7455 7649
7456 765
7457 7650
7458 7651
7459 7652
7460 7653
7461 7654
7462 7655
7463 8662
7464 7657
7465 7658
7466 7659
7467 766
7468 7661
7469 7662
7470 7663
7471 7664
7472 7665
7473 7666
7474 7667
7475 7668
7476 7669
7477 767
7478 768
7479 769
7480 770
7481 771
7482 772
7483 773
7484 774
7485 775
7486 776
7487 777
7488 778
7489 779
7490 780
7491 781
7492 782
7493 783
7494 784
7495 7670
7496 7671
7497 7672
7498 7673
7499 7674
7500 7675
7501 7676
7502 7677
7503 7678
7504 7679
7505 7680
7506 7681
7507 7682
7508 7683
7509 7684
7510 7685
7511 7686
7512 7687
7513 7688
7514 7689
7515 7690
7516 7691
7517 7692
7518 7693
7519 7694
7520 7695
7521 7696
7522 7697
7523 7698
7524 7699
7525 77
7526 7700
7527 7701
7528 7702
7529 7703
7530 7704
7531 7705
7532 7706
7533 7707
7534 7708
7535 7709
7536 7710
7537 7711
7538 7712
7539 7713
7540 7714
7541 7715
7542 7716
7543 7717
7544 7718
7545 7719
7546 7720
7547 7721
7548 7722
7549 7723
7550 7724
7551 7725
7552 7726
7553 7727
7554 7728
7555 7729
7556 7730
7557 7731
7558 7732
7559 7733
7560 7734
7561 7735
7562 7736
7563 7737
7564 7738
7565 7739
7566 7740
7567 7741
7568 7742
7569 7743
7570 7744
7571 7745
7572 7746
7573 7747
7574 7748
7575 7749
7576 7750
7577 7751
7578 7752
7579 7753
7580 7754
7581 7755
7582 7756
7583 7757
7584 7758
7585 7759
7586 7760
7587 7761
7588 7762
7589 7763
7590 7764
7591 7765
7592 7766
7593 7767
7594 7768
7595 7769
7596 7770
7597 7771
7598 7772
7599 7773
7600 7774
7601 7775
7602 7776
7603 7777
7604 7778
7605 7779
7606 7780
7607 7781
7608 7782
7609 7783
7610 7784
7611 7785
7612 7786
7613 7787
7614 7788
7615 7789
7616 7790
7617 7791
7618 7792
7619 7793
7620 7794
7621 7795
7622 7796
7623 7797
7624 7798
7625 7799
7626 7800
7627 7801
7628 7802
7629 7803
7630 7804
7631 7805
7632 7806
7633 7807
7634 7808
7635 7809
7636 7810
7637 7811
7638 7812
7639 7813
7640 7814
7641 7815
7642 7816
7643 7817
7644 7818
7645 7819
7646 7820
7647 7821
7648 7822
7649 7823
7650 7824
7651 7825
7652 7826
7653 7827
7654 7828
7655 7829
7656 7830
7657 7831
7658 7832
7659 7833
7660 7834
7661 7835
7662 7836
7663 7837
7664 7838
7665 7839
7666 7840
7667 7841
7668 7842
7669 7843
7670 7844
7671 7845
7672 7846
7673 7847
7674 7848
7675 7849
7676 785
7677 7850
7678 7851
7679 7852
7680 7853
7681 7854
7682 7855
7683 7856
7684 7857
7685 7858
7686 7859
7687 786
7688 7860
7689 7861
7690 7862
7691 7863
7692 7864
7693 7865
7694 7866
7695 7867
7696 7868
7697 7869
7698 787
7699 7870
7700 7871
7701 7872
7702 7873
7703 7874
7704 7875
7705 7876
7706 7877
7707 7878
7708 7879
7709 7880
7710 7881
7711 7882
7712 7883
7713 7884
7714 7885
7715 7886
7716 7887
7717 7888
7718 7889
7719 789
7720 7890
7721 7891
7722 7898
7723 7899
7724 79
7725 790
7726 7900
7727 7901
7728 7902
7729 7903
7730 7904
7731 7905
7732 791
7733 7912
7734 7913
7735 7915
7736 7916
7737 7917
7738 7918
7739 7919
7740 792
7741 7920
7742 7921
7743 7922
7744 7923
7745 7924
7746 7925
7747 7926
7748 7927
7749 7928
7750 7929
7751 793
7752 7930
7753 7931
7754 7933
7755 7934
7756 7935
7757 7936
7758 7937
7759 7938
7760 7939
7761 794
7762 7940
7763 7941
7764 7942
7765 7943
7766 7944
7767 7945
7768 7946
7769 7947
7770 7948
7771 7949
7772 795
7773 7951
7774 7952
7775 7953
7776 7954
7777 7955
7778 7956
7779 7957
7780 7958
7781 7959
7782 796
7783 7960
7784 7961
7785 7962
7786 7963
7787 7964
7788 7965
7789 7966
7790 7967
7791 7968
7792 7969
7793 797
7794 7970
7795 7971
7796 7972
7797 7973
7798 7974
7799 7975
7800 7976
7801 7977
7802 7978
7803 7979
7804 798
7805 7980
7806 7981
7807 7982
7808 7983
7809 7984
7810 7985
7811 7986
7812 7987
7813 7988
7814 7989
7815 799
7816 7990
7817 7991
7818 7992
7819 7993
7820 7994
7821 7995
7822 7996
7823 7997
7824 7998
7825 7999
7826 8
7827 80
7828 800
7829 8000
7830 8001
7831 8002
7832 8003
7833 8004
7834 8005
7835 8006
7836 8007
7837 8008
7838 8009
7839 801
7840 8010
7841 8011
7842 8012
7843 8013
7844 8014
7845 8015
7846 8017
7847 8018
7848 8019
7849 802
7850 8020
7851 8021
7852 8022
7853 8023
7854 8024
7855 8025
7856 8026
7857 8027
7858 8028
7859 8029
7860 803
7861 8030
7862 8031
7863 8032
7864 8033
7865 8034
7866 8035
7867 8036
7868 8037
7869 8038
7870 8039
7871 804
7872 8040
7873 8041
7874 8042
7875 8043
7876 8044
7877 8045
7878 8046
7879 8047
7880 8048
7881 8049
7882 805
7883 8050
7884 8051
7885 8052
7886 8053
7887 8054
7888 8055
7889 8056
7890 8057
7891 8058
7892 8059
7893 806
7894 8060
7895 8061
7896 8062
7897 8063
7898 8064
7899 8065
7900 8066
7901 8067
7902 8068
7903 8069
7904 807
7905 8070
7906 8071
7907 8072
7908 8073
7909 8074
7910 8075
7911 8076
7912 8077
7913 8078
7914 8079
7915 8080
7916 808
7917 8437
7918 8081
7919 8082
7920 8083
7921 8084
7922 8085
7923 8086
7924 8087
7925 8088
7926 8089
7927 8090
7928 8091
7929 8092
7930 8093
7931 809
7932 8387
7933 8388
7934 8389
7935 8390
7936 8391
7937 8392
7938 8393
7939 8394
7940 8395
7941 8396
7942 8397
7943 8398
7944 8399
7945 8400
7946 8401
7947 8402
7948 8403
7949 8404
7950 8405
7951 8406
7952 8408
7953 8409
7954 8410
7955 8094
7956 8095
7957 8096
7958 8097
7959 8098
7960 8099
7961 81
7962 810
7963 8100
7964 8101
7965 8102
7966 8103
7967 8104
7968 8105
7969 8106
7970 8107
7971 8108
7972 8109
7973 811
7974 8110
7975 8111
7976 8112
7977 8113
7978 8114
7979 8115
7980 8116
7981 8117
7982 8118
7983 8119
7984 812
7985 8120
7986 8121
7987 8122
7988 8123
7989 8124
7990 8125
7991 8126
7992 8127
7993 8128
7994 8129
7995 8130
7996 8131
7997 8132
7998 8133
7999 8134
8000 8135
8001 8136
8002 8137
8003 8138
8004 8139
8005 8140
8006 8141
8007 8142
8008 8143
8009 8144
8010 8145
8011 8146
8012 8147
8013 8148
8014 8149
8015 815
8016 8150
8017 8151
8018 8152
8019 8153
8020 8154
8021 8155
8022 8156
8023 8157
8024 8158
8025 8159
8026 8160
8027 8161
8028 8162
8029 8163
8030 8164
8031 8165
8032 8166
8033 8167
8034 8168
8035 8169
8036 8170
8037 8171
8038 8172
8039 8173
8040 8174
8041 8175
8042 8176
8043 8177
8044 8178
8045 8179
8046 8180
8047 8181
8048 8182
8049 8183
8050 8184
8051 8185
8052 8186
8053 8187
8054 8188
8055 8189
8056 819
8057 8190
8058 8191
8059 8192
8060 8193
8061 8194
8062 8195
8063 8196
8064 8197
8065 8198
8066 8199
8067 82
8068 820
8069 8200
8070 8201
8071 8202
8072 8203
8073 8204
8074 8205
8075 8206
8076 8207
8077 8208
8078 8209
8079 821
8080 8210
8081 8211
8082 8212
8083 8213
8084 8214
8085 8215
8086 8216
8087 8217
8088 8218
8089 8219
8090 8738
8091 822
8092 8220
8093 8221
8094 8222
8095 8223
8096 8224
8097 8225
8098 8226
8099 8227
8100 8228
8101 8229
8102 823
8103 8230
8104 8231
8105 8232
8106 8233
8107 8234
8108 8235
8109 8236
8110 8237
8111 8238
8112 8239
8113 824
8114 8240
8115 8241
8116 8242
8117 8243
8118 8244
8119 8245
8120 8246
8121 8247
8122 8248
8123 8249
8124 825
8125 8250
8126 8251
8127 8252
8128 8253
8129 8254
8130 8255
8131 8256
8132 8257
8133 8258
8134 8259
8135 826
8136 8260
8137 8261
8138 8262
8139 8263
8140 8264
8141 8265
8142 8266
8143 8267
8144 8268
8145 8269
8146 827
8147 828
8148 829
8149 8270
8150 8271
8151 8272
8152 8273
8153 8274
8154 8275
8155 8276
8156 8277
8157 8278
8158 8279
8159 8280
8160 8281
8161 8282
8162 8283
8163 8284
8164 8285
8165 8286
8166 8287
8167 8288
8168 8289
8169 8290
8170 8291
8171 8292
8172 8293
8173 8294
8174 8295
8175 8296
8176 8297
8177 8298
8178 8299
8179 83
8180 830
8181 8300
8182 8301
8183 8302
8184 8303
8185 8304
8186 8305
8187 8306
8188 8307
8189 8308
8190 8309
8191 831
8192 8310
8193 8311
8194 8312
8195 8313
8196 8314
8197 8315
8198 8316
8199 8317
8200 8318
8201 8319
8202 832
8203 8320
8204 8321
8205 8322
8206 8323
8207 8324
8208 8325
8209 8326
8210 8327
8211 8328
8212 8329
8213 833
8214 8330
8215 8331
8216 8332
8217 8333
8218 8334
8219 8335
8220 8336
8221 8337
8222 8338
8223 8339
8224 834
8225 8340
8226 8341
8227 8342
8228 8343
8229 8344
8230 8345
8231 8346
8232 8347
8233 8348
8234 8349
8235 835
8236 8350
8237 8351
8238 8352
8239 8353
8240 8354
8241 8355
8242 8356
8243 8357
8244 8358
8245 8359
8246 836
8247 8360
8248 8361
8249 8362
8250 8363
8251 8364
8252 8365
8253 8366
8254 8367
8255 8368
8256 8369
8257 837
8258 8370
8259 8371
8260 8372
8261 8373
8262 8374
8263 8377
8264 8378
8265 8379
8266 838
8267 8380
8268 8381
8269 8382
8270 8385
8271 8386
8272 839
8273 84
8274 840
8275 841
8276 8411
8277 8412
8278 8413
8279 8414
8280 8415
8281 8416
8282 8417
8283 8418
8284 8419
8285 842
8286 843
8287 844
8288 8420
8289 8421
8290 8422
8291 8423
8292 8424
8293 8425
8294 8426
8295 8427
8296 8428
8297 8429
8298 8430
8299 8431
8300 8432
8301 8433
8302 8434
8303 8435
8304 8436
8305 8438
8306 8439
8307 8440
8308 8441
8309 8442
8310 8443
8311 8444
8312 8445
8313 8446
8314 8447
8315 8448
8316 8449
8317 845
8318 8450
8319 8451
8320 8452
8321 8453
8322 8454
8323 8455
8324 8456
8325 8457
8326 8458
8327 8459
8328 846
8329 8460
8330 8461
8331 8462
8332 8463
8333 8464
8334 8465
8335 8466
8336 8467
8337 8468
8338 8469
8339 847
8340 8470
8341 8471
8342 8472
8343 8473
8344 8474
8345 8475
8346 8476
8347 8477
8348 8478
8349 8479
8350 848
8351 8480
8352 8481
8353 8482
8354 8483
8355 8484
8356 8485
8357 8486
8358 8487
8359 8488
8360 8489
8361 8490
8362 8491
8363 8492
8364 8493
8365 8494
8366 8495
8367 8496
8368 8497
8369 8498
8370 8499
8371 85
8372 850
8373 8500
8374 8501
8375 8502
8376 8503
8377 8504
8378 8505
8379 8506
8380 8507
8381 8508
8382 8509
8383 851
8384 8510
8385 8511
8386 8512
8387 8513
8388 8514
8389 8515
8390 8516
8391 8517
8392 8518
8393 8519
8394 852
8395 8529
8396 853
8397 8530
8398 8531
8399 8532
8400 8533
8401 8534
8402 8535
8403 8536
8404 8537
8405 8538
8406 8539
8407 854
8408 8540
8409 8541
8410 8542
8411 8543
8412 8544
8413 8545
8414 8546
8415 8547
8416 8548
8417 8549
8418 8550
8419 8551
8420 8552
8421 8553
8422 8554
8423 8555
8424 8556
8425 8557
8426 8558
8427 8559
8428 8560
8429 8561
8430 8562
8431 8563
8432 8564
8433 8565
8434 8566
8435 8567
8436 8568
8437 8569
8438 857
8439 8570
8440 8571
8441 8572
8442 8573
8443 8574
8444 8575
8445 8576
8446 8577
8447 8578
8448 8579
8449 858
8450 8580
8451 8581
8452 8582
8453 8583
8454 8584
8455 8585
8456 8586
8457 8587
8458 8588
8459 8589
8460 8590
8461 8591
8462 8592
8463 8593
8464 8594
8465 8595
8466 8596
8467 8597
8468 8598
8469 8599
8470 86
8471 860
8472 8600
8473 8601
8474 8602
8475 8603
8476 8604
8477 8606
8478 8607
8479 8608
8480 8609
8481 861
8482 8610
8483 8611
8484 8612
8485 8613
8486 8614
8487 8615
8488 8616
8489 8617
8490 8618
8491 8619
8492 8620
8493 862
8494 8621
8495 8622
8496 8623
8497 8624
8498 8625
8499 8626
8500 8627
8501 8628
8502 8629
8503 863
8504 8630
8505 8631
8506 8632
8507 8633
8508 8634
8509 8635
8510 8636
8511 8637
8512 8638
8513 8639
8514 864
8515 8640
8516 8641
8517 8642
8518 8643
8519 8644
8520 8645
8521 8646
8522 8647
8523 8648
8524 8649
8525 865
8526 8650
8527 8651
8528 8652
8529 8653
8530 8654
8531 8655
8532 8656
8533 8657
8534 8658
8535 8659
8536 866
8537 8660
8538 8661
8539 8663
8540 8664
8541 8665
8542 8666
8543 8667
8544 8668
8545 8669
8546 867
8547 8671
8548 8672
8549 8673
8550 8674
8551 8675
8552 8677
8553 8678
8554 8679
8555 868
8556 8680
8557 8681
8558 8682
8559 8683
8560 8685
8561 8686
8562 8687
8563 8688
8564 8689
8565 869
8566 8690
8567 8691
8568 8692
8569 8693
8570 8694
8571 8695
8572 8696
8573 8697
8574 8698
8575 8699
8576 87
8577 870
8578 8700
8579 8702
8580 8703
8581 8704
8582 8705
8583 8706
8584 8707
8585 8708
8586 8709
8587 871
8588 8710
8589 8711
8590 8712
8591 8713
8592 8714
8593 8715
8594 8716
8595 8717
8596 8718
8597 8719
8598 8720
8599 8721
8600 8722
8601 8723
8602 8724
8603 8725
8604 8726
8605 8727
8606 8728
8607 8729
8608 873
8609 8730
8610 8731
8611 8732
8612 8733
8613 8734
8614 8735
8615 8736
8616 8737
8617 8739
8618 874
8619 8740
8620 8741
8621 8742
8622 8743
8623 8744
8624 8745
8625 8746
8626 8747
8627 8748
8628 8749
8629 875
8630 8750
8631 8751
8632 8752
8633 8753
8634 8754
8635 8755
8636 8756
8637 8757
8638 8758
8639 8759
8640 876
8641 8760
8642 8761
8643 8762
8644 8763
8645 8764
8646 8765
8647 8766
8648 8767
8649 8768
8650 8769
8651 8770
8652 877
8653 8771
8654 8772
8655 8773
8656 8774
8657 8775
8658 8776
8659 8777
8660 8778
8661 8779
8662 8780
8663 8781
8664 8782
8665 8783
8666 8784
8667 8785
8668 8786
8669 8787
8670 8788
8671 8789
8672 879
8673 8790
8674 8791
8675 8792
8676 8793
8677 8794
8678 8795
8679 8796
8680 8797
8681 8798
8682 8799
8683 88
8684 880
8685 8800
8686 8801
8687 8802
8688 8803
8689 8804
8690 8805
8691 8806
8692 8807
8693 8808
8694 8809
8695 8810
8696 8811
8697 8812
8698 8813
8699 8814
8700 8815
8701 8816
8702 8817
8703 8818
8704 8819
8705 882
8706 8820
8707 8821
8708 8822
8709 8823
8710 8824
8711 8825
8712 8826
8713 8827
8714 8828
8715 8829
8716 883
8717 8830
8718 8831
8719 8832
8720 8833
8721 8834
8722 8835
8723 8836
8724 8837
8725 8838
8726 8839
8727 884
8728 8840
8729 8841
8730 8842
8731 8843
8732 8844
8733 8845
8734 8846
8735 8847
8736 8848
8737 8849
8738 8850
8739 8851
8740 8852
8741 8853
8742 8854
8743 8855
8744 8856
8745 8857
8746 8858
8747 8859
8748 886
8749 8860
8750 8861
8751 8862
8752 8863
8753 8864
8754 8865
8755 8866
8756 8867
8757 8868
8758 8869
8759 887
8760 8870
8761 8871
8762 8872
8763 8873
8764 8874
8765 8875
8766 8876
8767 8877
8768 8878
8769 8879
8770 888
8771 8880
8772 8881
8773 8882
8774 8883
8775 8884
8776 8885
8777 8886
8778 8887
8779 8888
8780 8889
8781 889
8782 8890
8783 8891
8784 8892
8785 8893
8786 8894
8787 8895
8788 89
8789 890
8790 891
8791 892
8792 893
8793 895
8794 896
8795 897
8796 898
8797 899
8798 9
8799 90
8800 900
8801 901
8802 902
8803 903
8804 904
8805 905
8806 906
8807 907
8808 908
8809 909
8810 91
8811 910
8812 911
8813 912
8814 913
8815 914
8816 915
8817 916
8818 917
8819 918
8820 919
8821 92
8822 920
8823 921
8824 922
8825 923
8826 924
8827 925
8828 926
8829 927
8830 928
8831 929
8832 93
8833 930
8834 931
8835 932
8836 933
8837 934
8838 935
8839 936
8840 937
8841 938
8842 939
8843 94
8844 940
8845 941
8846 942
8847 945
8848 946
8849 947
8850 948
8851 949
8852 95
8853 950
8854 951
8855 952
8856 953
8857 96
8858 960
8859 961
8860 962
8861 963
8862 964
8863 965
8864 967
8865 968
8866 969
8867 97
8868 970
8869 971
8870 972
8871 973
8872 974
8873 975
8874 976
8875 978
8876 979
8877 98
8878 980
8879 981
8880 982
8881 983
8882 984
8883 988
8884 989
8885 99
8886 990
8887 991
8888 992
8889 993
8890 994
8891 995
8892 996
8893 997
8894 998
8895 999
