0 0
1 1
2 2
3 3
4 2258
5 2501
6 2502
7 2544
8 2691
9 2701
10 2702
11 2703
12 2704
13 2705
14 376
15 494
16 801
17 802
18 835
19 10
20 5
21 6
22 100
23 73
24 1001
25 501
26 1002
27 808
28 1003
29 1004
30 1080
31 1081
32 1082
33 1083
34 1084
35 1085
36 1086
37 1087
38 1088
39 1089
40 1638
41 1671
42 1005
43 1006
44 562
45 1060
46 1061
47 1062
48 1063
49 1071
50 1182
51 1387
52 184
53 2852
54 589
55 1007
56 178
57 480
58 1008
59 120
60 1009
61 105
62 101
63 1010
64 1011
65 8
66 1012
67 847
68 1013
69 1014
70 328
71 77
72 1015
73 1016
74 1017
75 171
76 188
77 366
78 459
79 57
80 1018
81 1019
82 12
83 102
84 1020
85 1021
86 1022
87 135
88 333
89 2116
90 1023
91 1024
92 1025
93 1026
94 1027
95 1028
96 1029
97 103
98 1030
99 336
100 1031
101 1032
102 1033
103 115
104 1034
105 207
106 208
107 1035
108 1036
109 1037
110 1038
111 1039
112 1040
113 104
114 1093
115 1131
116 1188
117 1203
118 1204
119 1208
120 1334
121 1335
122 1354
123 1357
124 1372
125 1386
126 1464
127 1465
128 1466
129 1467
130 1468
131 1469
132 1470
133 1518
134 1519
135 1523
136 1590
137 1674
138 1698
139 1699
140 1700
141 1725
142 1733
143 1734
144 1802
145 1803
146 1940
147 1971
148 2060
149 2139
150 2168
151 2201
152 2237
153 2289
154 2360
155 2481
156 2482
157 2483
158 2484
159 2485
160 2486
161 2487
162 2488
163 2489
164 2490
165 2491
166 2492
167 2507
168 2539
169 2540
170 2722
171 2723
172 2724
173 2725
174 2726
175 2727
176 2728
177 2729
178 2730
179 2762
180 2763
181 2764
182 2765
183 2766
184 2767
185 2768
186 397
187 576
188 67
189 681
190 96
191 1041
192 1042
193 194
194 1043
195 1044
196 821
197 822
198 1045
199 1046
200 1047
201 1048
202 1049
203 1110
204 1181
205 1183
206 1231
207 136
208 137
209 1496
210 1521
211 1604
212 1644
213 1645
214 1646
215 172
216 1839
217 1840
218 1841
219 1898
220 1899
221 1967
222 2181
223 235
224 2430
225 2922
226 377
227 482
228 635
229 956
230 1050
231 1051
232 1052
233 296
234 766
235 1053
236 1054
237 1055
238 1056
239 1057
240 516
241 875
242 1058
243 1059
244 106
245 176
246 1064
247 1065
248 874
249 1066
250 1067
251 1068
252 1069
253 107
254 1070
255 1072
256 433
257 1073
258 1074
259 1075
260 1076
261 1077
262 1078
263 1079
264 108
265 109
266 1090
267 1091
268 1092
269 429
270 1094
271 1095
272 1096
273 1097
274 1098
275 1099
276 11
277 110
278 1100
279 1101
280 1102
281 1103
282 1104
283 1105
284 1106
285 1107
286 1108
287 1109
288 185
289 334
290 111
291 1111
292 1112
293 1113
294 1114
295 1115
296 1116
297 1117
298 1118
299 389
300 515
301 579
302 1119
303 112
304 1120
305 1121
306 1122
307 1123
308 1124
309 1125
310 1126
311 1127
312 1128
313 1129
314 1130
315 113
316 1132
317 1133
318 575
319 60
320 1134
321 1135
322 1136
323 1137
324 1138
325 1139
326 114
327 1140
328 1141
329 1142
330 1143
331 1144
332 1145
333 1146
334 1147
335 1148
336 1149
337 242
338 637
339 1150
340 1151
341 580
342 1152
343 1153
344 1154
345 1155
346 1156
347 1157
348 1158
349 1159
350 116
351 1160
352 1161
353 1162
354 1163
355 1164
356 1165
357 1166
358 1167
359 1168
360 1169
361 19
362 117
363 118
364 1170
365 1274
366 189
367 1960
368 2476
369 2499
370 2581
371 2645
372 326
373 335
374 517
375 556
376 577
377 578
378 739
379 756
380 764
381 786
382 955
383 1171
384 1172
385 1173
386 1174
387 1175
388 1176
389 1177
390 1178
391 1179
392 1180
393 952
394 1184
395 1185
396 1186
397 1187
398 1189
399 119
400 1190
401 1191
402 1192
403 1193
404 1194
405 1195
406 1196
407 1197
408 1198
409 1199
410 173
411 630
412 1200
413 1201
414 1202
415 1205
416 1206
417 1207
418 1209
419 121
420 1210
421 1211
422 1212
423 1213
424 1214
425 1215
426 1216
427 1217
428 1218
429 1219
430 122
431 1220
432 1221
433 1222
434 1223
435 1224
436 1225
437 1226
438 1227
439 1228
440 1229
441 1230
442 1232
443 877
444 123
445 1233
446 1234
447 1235
448 1236
449 1237
450 1238
451 1239
452 124
453 1240
454 1241
455 1242
456 1243
457 1244
458 1245
459 1246
460 1247
461 1248
462 1249
463 125
464 1250
465 1251
466 1252
467 1253
468 1254
469 1255
470 1256
471 1257
472 1258
473 1259
474 126
475 1260
476 1261
477 1262
478 1263
479 1264
480 1265
481 1266
482 1267
483 1268
484 1269
485 127
486 1270
487 1271
488 1272
489 1273
490 1275
491 1276
492 1277
493 1278
494 1279
495 128
496 1280
497 1281
498 1282
499 659
500 1283
501 1284
502 1285
503 1286
504 1287
505 1288
506 1289
507 18
508 129
509 1290
510 1291
511 1292
512 1293
513 1294
514 1295
515 1296
516 1297
517 1298
518 1299
519 1300
520 13
521 130
522 1301
523 1302
524 1303
525 1304
526 1305
527 1306
528 1307
529 1308
530 1309
531 131
532 1310
533 1311
534 1312
535 1313
536 1314
537 1315
538 1316
539 1317
540 1318
541 1319
542 132
543 1320
544 1321
545 1322
546 1323
547 1324
548 1325
549 1326
550 1327
551 1328
552 1329
553 133
554 1330
555 1331
556 1332
557 1333
558 1422
559 2209
560 2759
561 2760
562 1336
563 1337
564 1338
565 1339
566 134
567 1340
568 1341
569 1342
570 1343
571 1344
572 1345
573 1346
574 1347
575 1348
576 1349
577 1350
578 1351
579 1352
580 1353
581 1355
582 1356
583 1358
584 332
585 396
586 416
587 478
588 2658
589 1485
590 2066
591 587
592 1462
593 1647
594 2288
595 2611
596 2612
597 2613
598 2614
599 2615
600 2616
601 2720
602 2721
603 719
604 1509
605 1993
606 1359
607 1360
608 1361
609 1362
610 1363
611 1364
612 1365
613 1366
614 1367
615 1368
616 1369
617 1370
618 1371
619 1880
620 1373
621 1374
622 1375
623 1376
624 1377
625 1378
626 1379
627 347
628 138
629 1380
630 1381
631 1382
632 1383
633 1384
634 560
635 1385
636 1388
637 1649
638 1883
639 2044
640 2242
641 2735
642 2849
643 2850
644 2851
645 1389
646 139
647 1390
648 1391
649 1392
650 1393
651 1394
652 1395
653 1396
654 1397
655 1398
656 1399
657 14
658 140
659 1400
660 1401
661 1402
662 1403
663 1404
664 1405
665 1406
666 1407
667 1408
668 1409
669 141
670 1410
671 1411
672 1412
673 1413
674 1414
675 1415
676 1416
677 1417
678 1418
679 1419
680 142
681 1420
682 1421
683 1423
684 1424
685 1425
686 1426
687 1427
688 1428
689 1429
690 794
691 143
692 1430
693 1431
694 446
695 513
696 1432
697 1433
698 1434
699 1435
700 1436
701 1437
702 1438
703 1439
704 144
705 1440
706 1441
707 1442
708 1443
709 1444
710 1445
711 1446
712 1447
713 1448
714 1449
715 145
716 1450
717 1451
718 1452
719 2063
720 2509
721 2531
722 2532
723 1453
724 1454
725 1455
726 1456
727 1457
728 1458
729 1459
730 146
731 1460
732 1461
733 1463
734 2387
735 2389
736 147
737 1471
738 1472
739 1473
740 1474
741 1475
742 1476
743 1477
744 1478
745 1479
746 148
747 1480
748 1481
749 1482
750 1483
751 1484
752 856
753 1486
754 1487
755 1488
756 1489
757 149
758 1490
759 1491
760 1492
761 1493
762 1494
763 1495
764 1497
765 1498
766 1499
767 15
768 150
769 1500
770 1501
771 1502
772 859
773 1720
774 1721
775 1722
776 1723
777 1724
778 1726
779 1727
780 1728
781 1729
782 1730
783 1731
784 1732
785 1735
786 1736
787 1888
788 2065
789 2097
790 2098
791 2099
792 2100
793 2101
794 2102
795 2103
796 2106
797 2107
798 2108
799 2313
800 2420
801 2656
802 2740
803 2742
804 2785
805 2793
806 1503
807 1504
808 1505
809 1506
810 1507
811 1508
812 796
813 797
814 151
815 1510
816 1511
817 1512
818 1513
819 1514
820 1515
821 1516
822 1517
823 2504
824 2797
825 152
826 1520
827 1522
828 1524
829 1525
830 1591
831 1526
832 1527
833 1528
834 1529
835 153
836 1530
837 1531
838 1532
839 1533
840 1534
841 1535
842 1536
843 1537
844 1538
845 1539
846 154
847 1540
848 1541
849 1542
850 1543
851 1544
852 1545
853 1546
854 1547
855 1548
856 1549
857 155
858 1550
859 1551
860 1552
861 1553
862 1554
863 1555
864 1556
865 1557
866 1558
867 1559
868 156
869 1560
870 1561
871 1562
872 1563
873 1564
874 1565
875 1566
876 1567
877 1568
878 1569
879 157
880 1570
881 1571
882 1572
883 1573
884 1574
885 1579
886 158
887 1583
888 1584
889 1585
890 1586
891 1587
892 1588
893 1589
894 159
895 1643
896 1592
897 1593
898 1594
899 1595
900 1596
901 1597
902 1598
903 1599
904 16
905 160
906 1600
907 1601
908 1602
909 1603
910 2342
911 2820
912 1605
913 1606
914 1607
915 1608
916 1609
917 161
918 1610
919 1611
920 1612
921 1613
922 1614
923 1615
924 1616
925 1617
926 1618
927 1619
928 162
929 1620
930 1621
931 1622
932 1623
933 1624
934 1625
935 1626
936 968
937 1627
938 1628
939 1629
940 163
941 1630
942 1631
943 1632
944 1633
945 1634
946 1635
947 1636
948 1637
949 1639
950 164
951 1640
952 1641
953 1642
954 1772
955 1992
956 1648
957 165
958 1650
959 1651
960 1652
961 1653
962 1654
963 1655
964 1656
965 1657
966 1658
967 1659
968 166
969 1660
970 1661
971 1662
972 1663
973 1664
974 1665
975 1666
976 1667
977 1668
978 1669
979 167
980 1670
981 1672
982 1673
983 1675
984 1676
985 1677
986 1678
987 1679
988 168
989 1680
990 1681
991 1682
992 1683
993 1684
994 1685
995 1686
996 1687
997 1688
998 1689
999 169
1000 1690
1001 1691
1002 1692
1003 1693
1004 1694
1005 1695
1006 1696
1007 1697
1008 2105
1009 2124
1010 2125
1011 2126
1012 2127
1013 2128
1014 2129
1015 2170
1016 2171
1017 2172
1018 2173
1019 2174
1020 2175
1021 2176
1022 2177
1023 2365
1024 2366
1025 2367
1026 2368
1027 2369
1028 2370
1029 2371
1030 2372
1031 2373
1032 2374
1033 2375
1034 2376
1035 2377
1036 17
1037 170
1038 1701
1039 1702
1040 1703
1041 1704
1042 1705
1043 1706
1044 1707
1045 1708
1046 1709
1047 1710
1048 1711
1049 1712
1050 1713
1051 1714
1052 1715
1053 1716
1054 1717
1055 1718
1056 1719
1057 1913
1058 1575
1059 1576
1060 1577
1061 1578
1062 1580
1063 1581
1064 1582
1065 2008
1066 2180
1067 2521
1068 2872
1069 2962
1070 1737
1071 1738
1072 1739
1073 174
1074 1740
1075 1741
1076 1742
1077 1743
1078 1744
1079 1745
1080 1746
1081 1747
1082 1748
1083 1749
1084 2094
1085 2262
1086 2591
1087 2681
1088 175
1089 177
1090 179
1091 1750
1092 1751
1093 1752
1094 1753
1095 1754
1096 1755
1097 1756
1098 1757
1099 1758
1100 1759
1101 3018
1102 1760
1103 1761
1104 1762
1105 1763
1106 1764
1107 1765
1108 1766
1109 1767
1110 1768
1111 1769
1112 1770
1113 1771
1114 1773
1115 1774
1116 1775
1117 1776
1118 1777
1119 1778
1120 1779
1121 1780
1122 2034
1123 2035
1124 2036
1125 2037
1126 2038
1127 2422
1128 528
1129 727
1130 1781
1131 1782
1132 1783
1133 1784
1134 1785
1135 1786
1136 1787
1137 1788
1138 1789
1139 1790
1140 1791
1141 1792
1142 1793
1143 1794
1144 1795
1145 1796
1146 1797
1147 1798
1148 1799
1149 180
1150 181
1151 182
1152 183
1153 186
1154 187
1155 1800
1156 1801
1157 1804
1158 1805
1159 1806
1160 1807
1161 1808
1162 1809
1163 1810
1164 1811
1165 1812
1166 1813
1167 1814
1168 1815
1169 1816
1170 1817
1171 1818
1172 1819
1173 1820
1174 1821
1175 1822
1176 1823
1177 1824
1178 1825
1179 1826
1180 1827
1181 1828
1182 1829
1183 1830
1184 1831
1185 1832
1186 1833
1187 1834
1188 1835
1189 1836
1190 1837
1191 1838
1192 1842
1193 1843
1194 1844
1195 1845
1196 1846
1197 1847
1198 1848
1199 1849
1200 1850
1201 1851
1202 1852
1203 1853
1204 1854
1205 1855
1206 854
1207 1856
1208 1857
1209 1858
1210 1859
1211 1860
1212 1861
1213 1862
1214 1863
1215 1864
1216 1865
1217 1866
1218 1867
1219 1868
1220 1869
1221 1870
1222 1871
1223 1872
1224 1873
1225 1874
1226 1875
1227 2068
1228 2069
1229 1876
1230 1877
1231 1878
1232 1879
1233 1881
1234 1882
1235 1884
1236 1885
1237 1886
1238 1887
1239 1889
1240 1890
1241 1891
1242 1892
1243 1893
1244 1894
1245 1895
1246 1896
1247 2104
1248 2310
1249 2311
1250 2312
1251 2314
1252 2315
1253 2316
1254 2317
1255 2318
1256 2319
1257 2320
1258 2321
1259 2322
1260 2323
1261 2324
1262 2325
1263 2326
1264 2327
1265 2328
1266 2329
1267 2330
1268 2331
1269 2332
1270 2333
1271 2334
1272 572
1273 1897
1274 190
1275 1900
1276 1901
1277 1902
1278 1903
1279 1904
1280 1905
1281 1906
1282 1907
1283 1908
1284 1909
1285 191
1286 1910
1287 1911
1288 1912
1289 1914
1290 1915
1291 1916
1292 1917
1293 1918
1294 1919
1295 192
1296 1920
1297 1921
1298 1922
1299 1923
1300 1924
1301 1925
1302 1926
1303 1927
1304 1928
1305 1929
1306 193
1307 1930
1308 1931
1309 1932
1310 1933
1311 1934
1312 1935
1313 1936
1314 1937
1315 1938
1316 1939
1317 1941
1318 1942
1319 1943
1320 1944
1321 1945
1322 1946
1323 1947
1324 1948
1325 1949
1326 1950
1327 1951
1328 2064
1329 2067
1330 195
1331 1952
1332 1953
1333 1954
1334 1955
1335 2081
1336 2132
1337 234
1338 2448
1339 2777
1340 2778
1341 2779
1342 2780
1343 2781
1344 2782
1345 2783
1346 2784
1347 2786
1348 2787
1349 2788
1350 2789
1351 2790
1352 2791
1353 2792
1354 2794
1355 2795
1356 2796
1357 285
1358 461
1359 629
1360 1956
1361 1957
1362 1958
1363 1959
1364 866
1365 196
1366 1961
1367 1962
1368 1963
1369 1964
1370 1965
1371 1966
1372 1968
1373 1969
1374 197
1375 1970
1376 1972
1377 1973
1378 1974
1379 1975
1380 1976
1381 1977
1382 1978
1383 1979
1384 198
1385 1980
1386 1981
1387 1982
1388 1983
1389 1984
1390 1985
1391 1986
1392 1987
1393 1988
1394 1989
1395 1990
1396 199
1397 1991
1398 1994
1399 1995
1400 1996
1401 1997
1402 1998
1403 1999
1404 20
1405 200
1406 2000
1407 2001
1408 2002
1409 2003
1410 2004
1411 2005
1412 2006
1413 2007
1414 2009
1415 201
1416 2010
1417 2011
1418 2012
1419 2013
1420 2014
1421 2015
1422 2016
1423 2017
1424 2018
1425 2019
1426 2020
1427 202
1428 2021
1429 2022
1430 2023
1431 2024
1432 2025
1433 2026
1434 2027
1435 2028
1436 2029
1437 203
1438 2030
1439 2031
1440 2032
1441 2033
1442 2039
1443 204
1444 2040
1445 2041
1446 2042
1447 2043
1448 2804
1449 2045
1450 2046
1451 2047
1452 2048
1453 2049
1454 205
1455 2050
1456 2051
1457 2052
1458 2053
1459 2054
1460 2055
1461 2056
1462 2057
1463 2058
1464 2059
1465 206
1466 2061
1467 2062
1468 2070
1469 2071
1470 2072
1471 2073
1472 2074
1473 2075
1474 2076
1475 2077
1476 2078
1477 2079
1478 2080
1479 2277
1480 2577
1481 2082
1482 2083
1483 2084
1484 2085
1485 2086
1486 2087
1487 2088
1488 2089
1489 2090
1490 209
1491 2091
1492 2092
1493 2093
1494 795
1495 2095
1496 2096
1497 21
1498 210
1499 2109
1500 211
1501 2110
1502 2111
1503 2112
1504 2113
1505 2114
1506 2115
1507 2117
1508 2118
1509 2119
1510 212
1511 2120
1512 2121
1513 2122
1514 2123
1515 213
1516 2130
1517 2131
1518 2133
1519 2134
1520 2135
1521 2136
1522 2137
1523 2138
1524 214
1525 2140
1526 2141
1527 2142
1528 2143
1529 2144
1530 2145
1531 2146
1532 2147
1533 2148
1534 2149
1535 215
1536 2150
1537 2151
1538 2152
1539 2153
1540 2154
1541 2155
1542 2156
1543 2157
1544 2158
1545 2159
1546 216
1547 217
1548 2160
1549 2161
1550 2162
1551 2163
1552 2164
1553 2165
1554 2166
1555 2167
1556 2169
1557 2178
1558 2179
1559 2182
1560 218
1561 2183
1562 2184
1563 2185
1564 2186
1565 2187
1566 2188
1567 2189
1568 2190
1569 2191
1570 2192
1571 2193
1572 2194
1573 219
1574 2195
1575 2196
1576 2197
1577 2198
1578 2199
1579 22
1580 220
1581 2200
1582 2202
1583 2203
1584 2204
1585 2205
1586 2206
1587 2207
1588 2208
1589 221
1590 2210
1591 2211
1592 2212
1593 2213
1594 2214
1595 2215
1596 2216
1597 2217
1598 2218
1599 2219
1600 222
1601 2220
1602 2221
1603 2222
1604 2223
1605 2224
1606 2225
1607 2226
1608 2227
1609 2228
1610 2229
1611 223
1612 2230
1613 2231
1614 2232
1615 2233
1616 2234
1617 2235
1618 2236
1619 2238
1620 2239
1621 224
1622 2240
1623 2241
1624 2243
1625 2244
1626 2245
1627 2246
1628 2247
1629 2249
1630 225
1631 2250
1632 2251
1633 2252
1634 2253
1635 2254
1636 2255
1637 2256
1638 2257
1639 2259
1640 2260
1641 2261
1642 226
1643 2264
1644 2265
1645 2266
1646 2267
1647 2268
1648 2269
1649 227
1650 2270
1651 2272
1652 2271
1653 2273
1654 2274
1655 2275
1656 2276
1657 2278
1658 2279
1659 228
1660 2280
1661 2281
1662 2282
1663 2283
1664 2284
1665 2285
1666 2286
1667 2287
1668 229
1669 2290
1670 2291
1671 2292
1672 2293
1673 2294
1674 2295
1675 2296
1676 2297
1677 824
1678 2298
1679 2299
1680 23
1681 230
1682 2300
1683 2301
1684 2302
1685 2303
1686 2304
1687 2305
1688 2306
1689 2307
1690 2308
1691 2309
1692 231
1693 232
1694 233
1695 2530
1696 2907
1697 2997
1698 3002
1699 3003
1700 3004
1701 3005
1702 3006
1703 3007
1704 3008
1705 2335
1706 2336
1707 2337
1708 2338
1709 2339
1710 2340
1711 2341
1712 2343
1713 2344
1714 2345
1715 2346
1716 2347
1717 2348
1718 2349
1719 2902
1720 2903
1721 2921
1722 634
1723 2350
1724 2351
1725 2352
1726 2353
1727 2354
1728 2355
1729 2356
1730 2357
1731 2358
1732 2359
1733 236
1734 2361
1735 2362
1736 2363
1737 2364
1738 237
1739 2378
1740 2379
1741 238
1742 2380
1743 2381
1744 2382
1745 2383
1746 2384
1747 2385
1748 2386
1749 2388
1750 2390
1751 2391
1752 2392
1753 239
1754 2393
1755 2394
1756 2395
1757 2396
1758 2397
1759 2398
1760 2399
1761 24
1762 240
1763 2400
1764 2401
1765 2402
1766 2403
1767 2404
1768 2405
1769 2406
1770 2407
1771 2408
1772 2409
1773 241
1774 2410
1775 2411
1776 2412
1777 2413
1778 2414
1779 2415
1780 2416
1781 2417
1782 2418
1783 2419
1784 243
1785 244
1786 245
1787 246
1788 793
1789 2421
1790 2423
1791 2424
1792 2425
1793 2426
1794 2427
1795 2428
1796 2429
1797 2431
1798 2432
1799 2433
1800 2434
1801 2435
1802 2436
1803 2437
1804 2438
1805 2439
1806 2440
1807 2441
1808 2442
1809 2443
1810 2444
1811 2445
1812 2446
1813 2447
1814 2449
1815 2450
1816 2451
1817 2452
1818 2453
1819 2454
1820 2455
1821 2456
1822 2457
1823 2458
1824 2459
1825 2460
1826 2461
1827 2462
1828 2463
1829 2464
1830 2465
1831 2466
1832 2467
1833 2468
1834 2469
1835 247
1836 2470
1837 2471
1838 2472
1839 2473
1840 2474
1841 2475
1842 2478
1843 2479
1844 248
1845 2480
1846 249
1847 2493
1848 2494
1849 2495
1850 2496
1851 2497
1852 2498
1853 2500
1854 2503
1855 2505
1856 38
1857 25
1858 250
1859 2506
1860 2508
1861 2510
1862 251
1863 2511
1864 2512
1865 2513
1866 2514
1867 2515
1868 2516
1869 2517
1870 2518
1871 2519
1872 252
1873 2520
1874 2522
1875 2523
1876 2524
1877 2525
1878 2526
1879 2527
1880 2528
1881 2529
1882 253
1883 2533
1884 2534
1885 2535
1886 2536
1887 2537
1888 2538
1889 2772
1890 2773
1891 2977
1892 254
1893 2541
1894 2542
1895 2543
1896 2545
1897 2546
1898 2547
1899 255
1900 2550
1901 2551
1902 2552
1903 2553
1904 2554
1905 2555
1906 2556
1907 2557
1908 2558
1909 2559
1910 256
1911 2560
1912 2561
1913 2562
1914 2563
1915 2564
1916 2565
1917 2566
1918 2567
1919 2568
1920 2569
1921 257
1922 2570
1923 2571
1924 2572
1925 2573
1926 2574
1927 2575
1928 2576
1929 2578
1930 3029
1931 3030
1932 3031
1933 3032
1934 3033
1935 3034
1936 3035
1937 2579
1938 258
1939 2580
1940 2582
1941 2583
1942 2584
1943 2585
1944 2586
1945 2587
1946 2588
1947 2589
1948 259
1949 2590
1950 2592
1951 2593
1952 2594
1953 2595
1954 2596
1955 2597
1956 2598
1957 2599
1958 26
1959 27
1960 260
1961 2600
1962 2601
1963 2602
1964 2603
1965 2604
1966 2605
1967 2606
1968 2607
1969 2608
1970 2609
1971 261
1972 2610
1973 2617
1974 2618
1975 2619
1976 262
1977 2620
1978 2621
1979 2622
1980 2623
1981 2624
1982 2625
1983 2626
1984 2627
1985 2628
1986 2629
1987 263
1988 2630
1989 2631
1990 2632
1991 2633
1992 2634
1993 2635
1994 2636
1995 2637
1996 2638
1997 2639
1998 264
1999 2640
2000 2641
2001 2642
2002 2643
2003 2644
2004 2646
2005 2647
2006 2648
2007 2649
2008 265
2009 2650
2010 2651
2011 2652
2012 2653
2013 2654
2014 2655
2015 2657
2016 2659
2017 266
2018 2660
2019 2661
2020 2662
2021 2663
2022 2664
2023 2665
2024 2666
2025 2667
2026 2668
2027 2669
2028 267
2029 2670
2030 2671
2031 2672
2032 2673
2033 2674
2034 2675
2035 2676
2036 2677
2037 2678
2038 2679
2039 268
2040 2680
2041 2682
2042 2683
2043 2684
2044 2685
2045 2686
2046 2687
2047 2688
2048 2689
2049 269
2050 2690
2051 3013
2052 2692
2053 2693
2054 2694
2055 2695
2056 2696
2057 2697
2058 2698
2059 643
2060 2699
2061 270
2062 2700
2063 2706
2064 2707
2065 2708
2066 2709
2067 271
2068 2710
2069 2711
2070 2712
2071 2713
2072 2714
2073 2715
2074 2716
2075 2717
2076 2718
2077 2719
2078 272
2079 2934
2080 273
2081 2731
2082 2732
2083 2733
2084 2734
2085 2736
2086 2737
2087 2738
2088 2739
2089 274
2090 2741
2091 2743
2092 2744
2093 2745
2094 2746
2095 2747
2096 2748
2097 2749
2098 275
2099 2750
2100 2751
2101 2752
2102 2753
2103 2754
2104 2755
2105 2756
2106 2757
2107 2758
2108 276
2109 2761
2110 2769
2111 277
2112 2770
2113 2771
2114 2774
2115 2775
2116 2776
2117 278
2118 2860
2119 2861
2120 2862
2121 2863
2122 2864
2123 2865
2124 2866
2125 2867
2126 2868
2127 279
2128 2798
2129 28
2130 280
2131 2800
2132 2801
2133 574
2134 2802
2135 2803
2136 2805
2137 2806
2138 2807
2139 2808
2140 2809
2141 2810
2142 281
2143 2811
2144 2812
2145 2813
2146 2814
2147 2815
2148 2816
2149 2817
2150 2818
2151 2819
2152 282
2153 2821
2154 2822
2155 2823
2156 2824
2157 2825
2158 2826
2159 2827
2160 2828
2161 2829
2162 283
2163 2830
2164 2831
2165 2832
2166 2833
2167 2834
2168 2835
2169 2836
2170 2837
2171 2838
2172 2839
2173 284
2174 2841
2175 2842
2176 2843
2177 2844
2178 2845
2179 2846
2180 2847
2181 2848
2182 2854
2183 2855
2184 2856
2185 2857
2186 2858
2187 2859
2188 2869
2189 2870
2190 2871
2191 2873
2192 2874
2193 2890
2194 571
2195 286
2196 287
2197 2875
2198 2876
2199 2877
2200 2878
2201 2879
2202 2880
2203 2881
2204 288
2205 2882
2206 2883
2207 2884
2208 2885
2209 2886
2210 2887
2211 2888
2212 2889
2213 289
2214 2891
2215 2892
2216 2893
2217 2894
2218 2895
2219 2896
2220 2897
2221 2898
2222 2899
2223 29
2224 290
2225 2900
2226 2901
2227 2904
2228 2905
2229 2906
2230 2908
2231 2909
2232 291
2233 2910
2234 2911
2235 2912
2236 2913
2237 2914
2238 2915
2239 2916
2240 2917
2241 2918
2242 2919
2243 2920
2244 292
2245 2923
2246 2924
2247 2925
2248 2926
2249 2927
2250 2928
2251 2929
2252 293
2253 2930
2254 2931
2255 2932
2256 2933
2257 2935
2258 2936
2259 2937
2260 2938
2261 2939
2262 294
2263 2940
2264 2941
2265 2942
2266 2943
2267 2944
2268 2945
2269 2946
2270 2948
2271 295
2272 2954
2273 2958
2274 2961
2275 297
2276 2974
2277 2975
2278 2976
2279 2978
2280 2979
2281 298
2282 2980
2283 2981
2284 2982
2285 2983
2286 2984
2287 2985
2288 2986
2289 2987
2290 2988
2291 2989
2292 299
2293 2990
2294 2991
2295 2992
2296 2993
2297 2994
2298 2995
2299 2996
2300 2998
2301 2999
2302 30
2303 300
2304 3000
2305 3001
2306 3009
2307 301
2308 3010
2309 3011
2310 3012
2311 3014
2312 3015
2313 3016
2314 3017
2315 3019
2316 302
2317 3020
2318 3021
2319 3022
2320 3023
2321 3024
2322 3025
2323 3026
2324 3027
2325 3028
2326 303
2327 3036
2328 3037
2329 3038
2330 3039
2331 304
2332 3040
2333 3041
2334 3042
2335 3043
2336 3044
2337 3045
2338 3046
2339 3047
2340 3048
2341 3049
2342 305
2343 3050
2344 306
2345 307
2346 308
2347 309
2348 31
2349 310
2350 311
2351 312
2352 313
2353 314
2354 315
2355 316
2356 317
2357 318
2358 319
2359 32
2360 320
2361 321
2362 322
2363 323
2364 324
2365 325
2366 327
2367 329
2368 33
2369 330
2370 331
2371 337
2372 338
2373 339
2374 34
2375 340
2376 341
2377 342
2378 343
2379 344
2380 345
2381 346
2382 348
2383 349
2384 35
2385 350
2386 351
2387 352
2388 353
2389 354
2390 355
2391 356
2392 357
2393 358
2394 359
2395 36
2396 360
2397 361
2398 362
2399 363
2400 364
2401 365
2402 367
2403 368
2404 369
2405 37
2406 370
2407 371
2408 372
2409 373
2410 374
2411 375
2412 378
2413 379
2414 380
2415 381
2416 382
2417 383
2418 384
2419 385
2420 386
2421 387
2422 388
2423 39
2424 390
2425 391
2426 392
2427 393
2428 394
2429 395
2430 2947
2431 2949
2432 2950
2433 2951
2434 2952
2435 2953
2436 2955
2437 2956
2438 2957
2439 2959
2440 2960
2441 2963
2442 2964
2443 2965
2444 2966
2445 2967
2446 2968
2447 2969
2448 2970
2449 2971
2450 2972
2451 2973
2452 398
2453 399
2454 4
2455 40
2456 400
2457 401
2458 402
2459 403
2460 404
2461 405
2462 406
2463 407
2464 408
2465 409
2466 41
2467 410
2468 411
2469 412
2470 413
2471 414
2472 415
2473 417
2474 418
2475 419
2476 42
2477 420
2478 421
2479 422
2480 423
2481 424
2482 425
2483 426
2484 427
2485 428
2486 43
2487 430
2488 431
2489 432
2490 434
2491 435
2492 436
2493 437
2494 438
2495 439
2496 44
2497 440
2498 441
2499 442
2500 443
2501 444
2502 445
2503 447
2504 448
2505 449
2506 45
2507 450
2508 451
2509 452
2510 453
2511 454
2512 455
2513 456
2514 457
2515 458
2516 46
2517 460
2518 462
2519 463
2520 464
2521 465
2522 466
2523 467
2524 468
2525 469
2526 47
2527 470
2528 471
2529 472
2530 473
2531 474
2532 475
2533 476
2534 477
2535 479
2536 48
2537 481
2538 483
2539 484
2540 485
2541 486
2542 487
2543 488
2544 489
2545 49
2546 490
2547 491
2548 492
2549 493
2550 495
2551 496
2552 497
2553 498
2554 499
2555 50
2556 500
2557 502
2558 503
2559 504
2560 505
2561 506
2562 507
2563 508
2564 509
2565 51
2566 510
2567 511
2568 512
2569 514
2570 981
2571 982
2572 518
2573 519
2574 52
2575 520
2576 521
2577 522
2578 523
2579 524
2580 525
2581 526
2582 527
2583 529
2584 53
2585 530
2586 531
2587 532
2588 533
2589 534
2590 535
2591 536
2592 537
2593 538
2594 539
2595 54
2596 540
2597 541
2598 542
2599 543
2600 544
2601 545
2602 546
2603 547
2604 548
2605 549
2606 55
2607 550
2608 551
2609 552
2610 553
2611 554
2612 555
2613 557
2614 558
2615 559
2616 56
2617 561
2618 563
2619 564
2620 565
2621 566
2622 567
2623 568
2624 569
2625 570
2626 573
2627 58
2628 581
2629 582
2630 583
2631 584
2632 585
2633 586
2634 588
2635 59
2636 590
2637 591
2638 592
2639 593
2640 594
2641 595
2642 596
2643 597
2644 598
2645 599
2646 2477
2647 600
2648 601
2649 602
2650 603
2651 604
2652 605
2653 606
2654 607
2655 608
2656 609
2657 61
2658 610
2659 611
2660 612
2661 613
2662 614
2663 615
2664 616
2665 617
2666 618
2667 619
2668 62
2669 620
2670 621
2671 622
2672 623
2673 624
2674 625
2675 626
2676 627
2677 628
2678 63
2679 631
2680 632
2681 633
2682 636
2683 638
2684 639
2685 64
2686 640
2687 641
2688 642
2689 644
2690 645
2691 646
2692 647
2693 648
2694 649
2695 65
2696 650
2697 651
2698 652
2699 653
2700 654
2701 655
2702 656
2703 657
2704 658
2705 66
2706 660
2707 661
2708 662
2709 663
2710 664
2711 665
2712 666
2713 667
2714 668
2715 669
2716 670
2717 671
2718 672
2719 673
2720 674
2721 675
2722 676
2723 677
2724 678
2725 679
2726 68
2727 680
2728 682
2729 683
2730 684
2731 685
2732 686
2733 687
2734 688
2735 689
2736 69
2737 690
2738 691
2739 692
2740 693
2741 694
2742 695
2743 696
2744 697
2745 698
2746 699
2747 7
2748 70
2749 700
2750 701
2751 702
2752 703
2753 704
2754 705
2755 706
2756 707
2757 708
2758 709
2759 71
2760 710
2761 711
2762 712
2763 713
2764 714
2765 715
2766 716
2767 717
2768 718
2769 72
2770 720
2771 721
2772 722
2773 723
2774 724
2775 725
2776 726
2777 728
2778 729
2779 2248
2780 730
2781 731
2782 732
2783 733
2784 734
2785 735
2786 736
2787 737
2788 738
2789 740
2790 74
2791 741
2792 742
2793 743
2794 744
2795 745
2796 746
2797 747
2798 748
2799 749
2800 75
2801 750
2802 751
2803 752
2804 753
2805 754
2806 755
2807 757
2808 758
2809 759
2810 76
2811 760
2812 761
2813 762
2814 763
2815 765
2816 767
2817 768
2818 769
2819 770
2820 771
2821 772
2822 773
2823 774
2824 775
2825 776
2826 777
2827 778
2828 779
2829 78
2830 780
2831 781
2832 782
2833 783
2834 784
2835 785
2836 787
2837 788
2838 789
2839 79
2840 790
2841 791
2842 792
2843 798
2844 799
2845 2799
2846 80
2847 800
2848 803
2849 804
2850 805
2851 806
2852 807
2853 2548
2854 2549
2855 809
2856 81
2857 810
2858 811
2859 812
2860 813
2861 814
2862 815
2863 816
2864 817
2865 818
2866 819
2867 82
2868 820
2869 823
2870 825
2871 826
2872 827
2873 828
2874 829
2875 83
2876 830
2877 831
2878 832
2879 833
2880 834
2881 836
2882 837
2883 838
2884 839
2885 84
2886 840
2887 841
2888 842
2889 843
2890 844
2891 845
2892 846
2893 848
2894 849
2895 85
2896 850
2897 851
2898 852
2899 853
2900 855
2901 857
2902 858
2903 86
2904 860
2905 861
2906 862
2907 863
2908 864
2909 865
2910 867
2911 868
2912 869
2913 87
2914 870
2915 871
2916 872
2917 873
2918 876
2919 2853
2920 878
2921 879
2922 880
2923 881
2924 88
2925 882
2926 883
2927 884
2928 885
2929 886
2930 887
2931 888
2932 889
2933 89
2934 890
2935 891
2936 892
2937 893
2938 894
2939 895
2940 896
2941 897
2942 898
2943 899
2944 9
2945 90
2946 900
2947 901
2948 902
2949 903
2950 904
2951 905
2952 906
2953 907
2954 908
2955 909
2956 91
2957 910
2958 911
2959 912
2960 913
2961 914
2962 915
2963 916
2964 917
2965 918
2966 919
2967 92
2968 920
2969 921
2970 922
2971 923
2972 924
2973 925
2974 926
2975 927
2976 928
2977 929
2978 93
2979 930
2980 931
2981 932
2982 933
2983 934
2984 935
2985 936
2986 937
2987 938
2988 939
2989 94
2990 940
2991 941
2992 942
2993 943
2994 944
2995 945
2996 946
2997 947
2998 948
2999 949
3000 95
3001 950
3002 951
3003 2840
3004 953
3005 954
3006 957
3007 958
3008 959
3009 2263
3010 960
3011 961
3012 962
3013 963
3014 964
3015 965
3016 966
3017 967
3018 969
3019 97
3020 970
3021 971
3022 972
3023 973
3024 974
3025 975
3026 976
3027 977
3028 978
3029 979
3030 98
3031 980
3032 983
3033 984
3034 985
3035 986
3036 987
3037 988
3038 989
3039 99
3040 990
3041 991
3042 992
3043 993
3044 994
3045 995
3046 996
3047 997
3048 998
3049 1000
3050 999
