0 "Blog2Social
1 APP"
2 Buffer
3 5281
4 "Fenix
5 2"
6 "Hootsuite
7 Inc."
8 IFTTT
9 3782
10 3814
11 3944
12 3957
13 3973
14 3981
15 4008
16 4048
17 4071
18 Instagram
19 1198
20 OjalaBot
21 1021
22 OxfordBlue-Twitter
23 7906
24 "Postcron
25 App"
26 "TweetCaster
27 for
28 TweetDeck
29 1033
30 1036
31 1081
32 1182
33 154
34 157
35 1730
36 1779
37 1902
38 1991
39 2100
40 2103
41 2109
42 2335
43 2621
44 2659
45 271
46 2803
47 3340
48 3381
49 35
50 3516
51 3533
52 3586
53 3622
54 3764
55 3863
56 392
57 4200
58 4273
59 465
60 4747
61 4764
62 4794
63 4823
64 498
65 543
66 5539
67 5694
68 570
69 5745
70 5840
71 6
72 61
73 6171
74 6421
75 6621
76 6650
77 6698
78 6760
79 6786
80 7011
81 7216
82 7218
83 727
84 7368
85 7521
86 7565
87 7878
88 8125
89 824
90 9331
91 9553
92 "Tweetbot
93 "Twitter
94 Media
95 Web
96 WordPress.com
97 2960
98 9658
99 "ZT
100 Social
101 dlvr.it
102 6826
