0 0
1 1
2 1012
3 1096
4 11
5 1209
6 1411
7 1417
8 18
9 4
10 449
11 50
12 6
13 78
14 8
15 9
16 10
17 100
18 28
19 32
20 58
21 1002
22 1003
23 1004
24 1005
25 290
26 113
27 177
28 305
29 345
30 439
31 77
32 847
33 1006
34 1007
35 1008
36 296
37 3
38 59
39 81
40 86
41 352
42 1009
43 79
44 101
45 1010
46 1011
47 1013
48 1014
49 819
50 1015
51 782
52 1016
53 1017
54 112
55 489
56 637
57 1018
58 1019
59 102
60 1020
61 1021
62 773
63 1022
64 1023
65 1024
66 923
67 1025
68 1026
69 1027
70 1028
71 229
72 48
73 538
74 644
75 645
76 836
77 1077
78 1408
79 264
80 434
81 676
82 1066
83 1173
84 1539
85 508
86 509
87 510
88 528
89 558
90 613
91 666
92 966
93 1029
94 103
95 1030
96 1031
97 1032
98 1033
99 16
100 190
101 206
102 224
103 247
104 271
105 302
106 340
107 362
108 392
109 394
110 485
111 486
112 503
113 505
114 507
115 511
116 587
117 867
118 87
119 967
120 969
121 1279
122 473
123 474
124 506
125 513
126 536
127 567
128 1034
129 1035
130 594
131 1036
132 1037
133 1038
134 286
135 1039
136 104
137 1040
138 1041
139 1042
140 1075
141 1161
142 1171
143 1634
144 217
145 228
146 523
147 754
148 810
149 1043
150 1044
151 1045
152 1046
153 1047
154 1048
155 411
156 412
157 1049
158 105
159 1050
160 1051
161 1052
162 1053
163 1054
164 1055
165 1056
166 1057
167 1058
168 1059
169 57
170 106
171 1060
172 1061
173 326
174 1062
175 1063
176 1064
177 1065
178 1067
179 1068
180 1069
181 1070
182 1071
183 1072
184 1073
185 1074
186 1076
187 301
188 465
189 1187
190 1332
191 1333
192 1597
193 1641
194 797
195 1254
196 1265
197 135
198 107
199 1432
200 1502
201 1082
202 1116
203 1141
204 1166
205 1264
206 1414
207 1495
208 1542
209 1543
210 1544
211 1545
212 1546
213 1547
214 1548
215 1549
216 26
217 306
218 529
219 530
220 60
221 675
222 1167
223 1336
224 1555
225 720
226 1158
227 1509
228 1640
229 1686
230 1687
231 194
232 1078
233 1079
234 1080
235 736
236 108
237 1081
238 1083
239 1084
240 1085
241 1086
242 1087
243 1088
244 1089
245 1090
246 662
247 737
248 900
249 109
250 1091
251 1092
252 1093
253 1094
254 988
255 1506
256 1095
257 1097
258 1098
259 1099
260 110
261 1100
262 1101
263 1102
264 1103
265 1104
266 1105
267 1106
268 1107
269 1108
270 1109
271 111
272 1110
273 1111
274 1112
275 1113
276 1114
277 1115
278 257
279 1633
280 291
281 430
282 431
283 432
284 622
285 1117
286 1118
287 1119
288 1120
289 1121
290 1122
291 1123
292 1124
293 1125
294 263
295 1126
296 1127
297 131
298 1128
299 1129
300 1159
301 1165
302 1175
303 1217
304 1228
305 1237
306 1266
307 1275
308 1284
309 1285
310 1286
311 1287
312 1288
313 1289
314 1290
315 1291
316 1348
317 1349
318 1455
319 1478
320 1479
321 1639
322 265
323 288
324 331
325 337
326 387
327 433
328 504
329 55
330 56
331 598
332 674
333 677
334 862
335 907
336 962
337 970
338 1130
339 1131
340 1132
341 1133
342 375
343 376
344 1134
345 1135
346 1136
347 1137
348 1138
349 1139
350 114
351 1140
352 1319
353 1643
354 1142
355 861
356 1143
357 1144
358 1145
359 1146
360 1000
361 1001
362 1147
363 1148
364 1149
365 1150
366 1151
367 1152
368 1153
369 1154
370 1155
371 1156
372 1157
373 1160
374 1162
375 1163
376 1164
377 1168
378 1169
379 1170
380 1172
381 1174
382 1176
383 76
384 860
385 871
386 872
387 876
388 893
389 894
390 895
391 896
392 961
393 996
394 997
395 998
396 999
397 170
398 171
399 175
400 115
401 1522
402 1523
403 1524
404 116
405 1626
406 117
407 282
408 1246
409 1350
410 1706
411 287
412 971
413 1227
414 1177
415 1178
416 1179
417 118
418 1180
419 1181
420 1182
421 978
422 1183
423 1184
424 1185
425 1186
426 1188
427 1189
428 119
429 1190
430 1191
431 1192
432 1193
433 1194
434 1195
435 1196
436 1197
437 1198
438 1199
439 12
440 120
441 1200
442 1201
443 1202
444 1203
445 1204
446 1205
447 1206
448 1207
449 1208
450 121
451 1210
452 1211
453 1212
454 1213
455 1214
456 808
457 1215
458 1216
459 1218
460 1219
461 122
462 1220
463 1221
464 1222
465 799
466 1223
467 1224
468 1225
469 1226
470 1229
471 1550
472 1551
473 1552
474 1553
475 123
476 1230
477 1231
478 1232
479 1233
480 1234
481 1235
482 1236
483 1238
484 1239
485 124
486 1241
487 1243
488 1244
489 1245
490 1247
491 1248
492 125
493 1255
494 1256
495 1257
496 1625
497 1258
498 1259
499 1260
500 126
501 1261
502 1276
503 1277
504 1278
505 273
506 628
507 1262
508 1263
509 1560
510 1561
511 1267
512 1268
513 127
514 1270
515 1271
516 1272
517 1273
518 1274
519 484
520 562
521 128
522 1280
523 1281
524 1282
525 1283
526 129
527 835
528 1292
529 1293
530 1294
531 1295
532 1296
533 1297
534 1298
535 899
536 1299
537 13
538 130
539 1300
540 1301
541 1302
542 1303
543 1304
544 1305
545 1306
546 1307
547 1308
548 1309
549 1310
550 1311
551 1312
552 1313
553 1314
554 1315
555 1316
556 1317
557 1318
558 132
559 1320
560 1321
561 1322
562 1323
563 1324
564 1325
565 1326
566 1327
567 1328
568 1329
569 133
570 1330
571 1331
572 1334
573 714
574 1335
575 1337
576 1338
577 1339
578 134
579 1340
580 1341
581 1342
582 1343
583 1344
584 1345
585 1346
586 1347
587 1351
588 1352
589 1353
590 1354
591 1355
592 1356
593 1357
594 1358
595 1359
596 136
597 1360
598 1628
599 1361
600 1362
601 1363
602 625
603 1364
604 1365
605 150
606 1366
607 1367
608 1368
609 1369
610 137
611 1370
612 1371
613 1373
614 1374
615 1375
616 1376
617 1377
618 1378
619 1379
620 138
621 1380
622 1381
623 1382
624 1383
625 1384
626 1385
627 1386
628 1387
629 1388
630 1389
631 1390
632 1391
633 139
634 1392
635 1393
636 1394
637 1396
638 1395
639 1397
640 1398
641 1399
642 1400
643 1401
644 14
645 140
646 1402
647 1403
648 1404
649 1269
650 1405
651 1406
652 1407
653 1638
654 1409
655 141
656 1410
657 1412
658 916
659 1413
660 1415
661 1416
662 1418
663 1419
664 142
665 1420
666 1421
667 1422
668 1423
669 1424
670 1425
671 1426
672 1427
673 1428
674 1429
675 143
676 1430
677 1431
678 1433
679 1434
680 1435
681 1436
682 1437
683 1490
684 1492
685 798
686 800
687 801
688 802
689 1438
690 1439
691 144
692 1440
693 1441
694 1442
695 1443
696 1444
697 1445
698 1446
699 612
700 1447
701 1448
702 1449
703 145
704 1450
705 1451
706 1452
707 1453
708 1454
709 1456
710 556
711 1594
712 1663
713 1457
714 1458
715 1459
716 146
717 1460
718 1461
719 1462
720 1463
721 1464
722 1465
723 1466
724 1467
725 1468
726 1469
727 147
728 1470
729 1471
730 1472
731 1474
732 1475
733 1476
734 1477
735 148
736 1480
737 1481
738 1482
739 1483
740 1484
741 1485
742 1486
743 1487
744 1488
745 1489
746 149
747 1491
748 1493
749 1494
750 1496
751 1497
752 1498
753 1499
754 15
755 1500
756 1501
757 1503
758 1504
759 1505
760 1507
761 1508
762 151
763 1510
764 1511
765 1512
766 1513
767 1514
768 1515
769 1516
770 1517
771 1518
772 1519
773 152
774 1520
775 1521
776 1525
777 1526
778 1527
779 1528
780 1529
781 153
782 1530
783 1531
784 1532
785 1533
786 1534
787 1535
788 1536
789 1537
790 1538
791 1540
792 1541
793 1554
794 1556
795 1557
796 1558
797 1559
798 178
799 259
800 154
801 155
802 156
803 1562
804 1563
805 1564
806 1565
807 1566
808 1567
809 1568
810 1569
811 157
812 1570
813 1571
814 1572
815 1574
816 1575
817 1576
818 1577
819 1578
820 1579
821 158
822 1580
823 1581
824 1582
825 1583
826 1584
827 1585
828 1586
829 1587
830 1588
831 1589
832 159
833 1590
834 1591
835 1592
836 1593
837 1595
838 1596
839 1598
840 1599
841 160
842 1600
843 1601
844 1602
845 1603
846 1604
847 1605
848 1606
849 1607
850 1608
851 1609
852 161
853 1610
854 1611
855 1612
856 1613
857 1614
858 1615
859 1616
860 1617
861 1618
862 1619
863 162
864 1620
865 1621
866 1622
867 1623
868 1624
869 1627
870 719
871 1692
872 1629
873 163
874 1630
875 1632
876 1635
877 1636
878 1637
879 164
880 1642
881 1644
882 1645
883 1646
884 1647
885 678
886 1673
887 1653
888 1648
889 1649
890 165
891 1650
892 1651
893 1652
894 1654
895 1655
896 1656
897 1657
898 1658
899 1659
900 166
901 1660
902 1661
903 1662
904 1664
905 1690
906 1691
907 1665
908 1666
909 1667
910 1668
911 1669
912 167
913 1670
914 1671
915 1672
916 1674
917 1675
918 1676
919 1677
920 1678
921 1679
922 168
923 1680
924 1681
925 1682
926 1683
927 1684
928 1685
929 1688
930 1689
931 169
932 1693
933 1694
934 1695
935 1696
936 1697
937 1698
938 1699
939 17
940 1700
941 1701
942 1702
943 1703
944 1704
945 1705
946 1707
947 1708
948 1709
949 1710
950 1711
951 1712
952 1713
953 1714
954 1715
955 1716
956 172
957 173
958 174
959 176
960 1473
961 179
962 180
963 181
964 182
965 183
966 184
967 185
968 186
969 187
970 188
971 189
972 19
973 191
974 192
975 193
976 195
977 196
978 197
979 198
980 199
981 2
982 20
983 200
984 201
985 202
986 203
987 204
988 205
989 207
990 208
991 209
992 21
993 210
994 211
995 212
996 213
997 214
998 215
999 216
1000 218
1001 219
1002 22
1003 220
1004 221
1005 222
1006 223
1007 225
1008 226
1009 227
1010 357
1011 23
1012 230
1013 231
1014 232
1015 233
1016 234
1017 235
1018 236
1019 237
1020 238
1021 239
1022 24
1023 240
1024 241
1025 242
1026 243
1027 244
1028 245
1029 246
1030 248
1031 249
1032 25
1033 250
1034 251
1035 252
1036 253
1037 254
1038 255
1039 256
1040 258
1041 260
1042 261
1043 262
1044 266
1045 267
1046 268
1047 269
1048 27
1049 270
1050 272
1051 274
1052 275
1053 276
1054 277
1055 278
1056 279
1057 280
1058 281
1059 283
1060 284
1061 285
1062 456
1063 289
1064 29
1065 292
1066 293
1067 294
1068 295
1069 297
1070 298
1071 299
1072 30
1073 300
1074 303
1075 304
1076 307
1077 308
1078 309
1079 31
1080 310
1081 311
1082 312
1083 313
1084 314
1085 315
1086 316
1087 317
1088 318
1089 319
1090 320
1091 321
1092 322
1093 323
1094 324
1095 325
1096 327
1097 328
1098 329
1099 33
1100 330
1101 332
1102 333
1103 334
1104 335
1105 336
1106 338
1107 339
1108 34
1109 341
1110 342
1111 343
1112 344
1113 346
1114 347
1115 348
1116 349
1117 35
1118 350
1119 351
1120 353
1121 354
1122 355
1123 356
1124 358
1125 359
1126 36
1127 360
1128 361
1129 363
1130 364
1131 365
1132 366
1133 367
1134 368
1135 369
1136 37
1137 370
1138 371
1139 372
1140 373
1141 374
1142 377
1143 378
1144 379
1145 38
1146 380
1147 381
1148 382
1149 383
1150 384
1151 385
1152 386
1153 388
1154 389
1155 39
1156 390
1157 391
1158 393
1159 395
1160 396
1161 397
1162 398
1163 399
1164 40
1165 400
1166 401
1167 402
1168 403
1169 404
1170 405
1171 406
1172 407
1173 408
1174 409
1175 41
1176 410
1177 413
1178 414
1179 415
1180 416
1181 417
1182 418
1183 419
1184 42
1185 420
1186 421
1187 422
1188 423
1189 424
1190 425
1191 426
1192 427
1193 428
1194 429
1195 43
1196 435
1197 436
1198 437
1199 438
1200 44
1201 440
1202 441
1203 442
1204 443
1205 444
1206 445
1207 446
1208 447
1209 448
1210 45
1211 450
1212 451
1213 452
1214 453
1215 454
1216 455
1217 457
1218 458
1219 459
1220 46
1221 460
1222 461
1223 462
1224 463
1225 464
1226 466
1227 467
1228 468
1229 469
1230 47
1231 470
1232 471
1233 472
1234 475
1235 476
1236 477
1237 478
1238 479
1239 480
1240 481
1241 482
1242 483
1243 487
1244 488
1245 49
1246 490
1247 491
1248 492
1249 493
1250 494
1251 495
1252 496
1253 497
1254 498
1255 499
1256 5
1257 500
1258 501
1259 502
1260 51
1261 512
1262 514
1263 515
1264 516
1265 517
1266 518
1267 519
1268 52
1269 520
1270 521
1271 522
1272 524
1273 525
1274 526
1275 527
1276 53
1277 531
1278 532
1279 533
1280 534
1281 535
1282 537
1283 539
1284 54
1285 540
1286 541
1287 542
1288 543
1289 544
1290 545
1291 546
1292 547
1293 548
1294 549
1295 550
1296 551
1297 552
1298 553
1299 554
1300 555
1301 557
1302 1631
1303 559
1304 560
1305 561
1306 563
1307 564
1308 565
1309 566
1310 568
1311 569
1312 570
1313 571
1314 572
1315 573
1316 574
1317 575
1318 576
1319 577
1320 578
1321 579
1322 580
1323 581
1324 582
1325 583
1326 584
1327 585
1328 586
1329 588
1330 589
1331 590
1332 591
1333 592
1334 593
1335 595
1336 596
1337 597
1338 599
1339 600
1340 601
1341 602
1342 603
1343 604
1344 605
1345 606
1346 607
1347 608
1348 609
1349 61
1350 610
1351 611
1352 614
1353 615
1354 616
1355 617
1356 618
1357 619
1358 62
1359 620
1360 621
1361 1573
1362 623
1363 624
1364 626
1365 627
1366 629
1367 63
1368 630
1369 631
1370 632
1371 633
1372 634
1373 635
1374 636
1375 638
1376 639
1377 64
1378 640
1379 641
1380 642
1381 643
1382 646
1383 647
1384 648
1385 649
1386 65
1387 650
1388 651
1389 652
1390 653
1391 654
1392 655
1393 656
1394 657
1395 658
1396 659
1397 66
1398 660
1399 661
1400 663
1401 664
1402 665
1403 667
1404 668
1405 669
1406 67
1407 670
1408 671
1409 672
1410 673
1411 679
1412 68
1413 680
1414 681
1415 682
1416 683
1417 684
1418 685
1419 686
1420 687
1421 688
1422 689
1423 690
1424 69
1425 691
1426 692
1427 693
1428 694
1429 695
1430 696
1431 697
1432 698
1433 699
1434 7
1435 70
1436 700
1437 701
1438 702
1439 703
1440 704
1441 705
1442 706
1443 707
1444 708
1445 709
1446 71
1447 710
1448 711
1449 712
1450 713
1451 715
1452 716
1453 717
1454 718
1455 72
1456 721
1457 722
1458 723
1459 724
1460 725
1461 726
1462 727
1463 728
1464 729
1465 73
1466 730
1467 731
1468 732
1469 733
1470 734
1471 735
1472 738
1473 739
1474 74
1475 740
1476 741
1477 742
1478 743
1479 744
1480 745
1481 746
1482 747
1483 748
1484 749
1485 75
1486 750
1487 751
1488 752
1489 753
1490 755
1491 756
1492 757
1493 758
1494 759
1495 760
1496 761
1497 762
1498 763
1499 764
1500 765
1501 766
1502 767
1503 768
1504 769
1505 770
1506 771
1507 772
1508 774
1509 775
1510 776
1511 777
1512 778
1513 779
1514 780
1515 781
1516 783
1517 784
1518 785
1519 786
1520 787
1521 788
1522 789
1523 790
1524 791
1525 792
1526 793
1527 794
1528 795
1529 796
1530 80
1531 803
1532 804
1533 805
1534 806
1535 807
1536 809
1537 811
1538 812
1539 813
1540 814
1541 815
1542 816
1543 817
1544 818
1545 82
1546 820
1547 821
1548 822
1549 823
1550 824
1551 825
1552 826
1553 827
1554 828
1555 829
1556 83
1557 830
1558 831
1559 832
1560 833
1561 834
1562 837
1563 838
1564 839
1565 84
1566 840
1567 841
1568 842
1569 843
1570 844
1571 845
1572 846
1573 848
1574 849
1575 85
1576 850
1577 851
1578 852
1579 853
1580 854
1581 855
1582 856
1583 857
1584 858
1585 859
1586 863
1587 864
1588 865
1589 866
1590 868
1591 869
1592 870
1593 873
1594 874
1595 875
1596 877
1597 878
1598 879
1599 88
1600 880
1601 881
1602 882
1603 883
1604 884
1605 885
1606 886
1607 887
1608 888
1609 889
1610 89
1611 890
1612 891
1613 892
1614 897
1615 898
1616 90
1617 901
1618 902
1619 903
1620 904
1621 905
1622 906
1623 908
1624 909
1625 91
1626 910
1627 911
1628 912
1629 913
1630 914
1631 915
1632 917
1633 918
1634 919
1635 92
1636 920
1637 921
1638 922
1639 924
1640 925
1641 926
1642 927
1643 928
1644 929
1645 93
1646 930
1647 931
1648 932
1649 933
1650 934
1651 935
1652 936
1653 937
1654 938
1655 939
1656 94
1657 940
1658 941
1659 942
1660 943
1661 944
1662 945
1663 946
1664 947
1665 948
1666 949
1667 95
1668 950
1669 951
1670 952
1671 953
1672 954
1673 955
1674 956
1675 957
1676 958
1677 959
1678 96
1679 960
1680 1372
1681 963
1682 964
1683 965
1684 968
1685 97
1686 972
1687 973
1688 974
1689 975
1690 976
1691 977
1692 979
1693 98
1694 980
1695 981
1696 982
1697 983
1698 984
1699 985
1700 986
1701 987
1702 989
1703 99
1704 990
1705 991
1706 992
1707 993
1708 994
1709 995
1710 1240
1711 1242
1712 1249
1713 1250
1714 1251
1715 1252
1716 1253
