0 0
1 1
2 2
3 3
4 4
5 14
6 15
7 10
8 12
9 8
10 9
11 100
12 20
13 42
14 1000
15 217
16 278
17 32
18 33
19 34
20 35
21 1001
22 710
23 1002
24 581
25 1003
26 307
27 1004
28 1005
29 1006
30 1007
31 341
32 37
33 421
34 433
35 1008
36 1009
37 101
38 1010
39 375
40 943
41 1011
42 1012
43 964
44 1013
45 1014
46 1015
47 166
48 1016
49 1017
50 131
51 1018
52 1019
53 102
54 1020
55 1021
56 617
57 1022
58 1023
59 1024
60 1025
61 1026
62 1027
63 332
64 584
65 1028
66 1029
67 103
68 1030
69 1031
70 1032
71 1033
72 1034
73 1035
74 1036
75 17
76 1037
77 107
78 1038
79 1039
80 104
81 1040
82 1041
83 1042
84 1043
85 979
86 1044
87 1045
88 346
89 1046
90 1047
91 1048
92 1049
93 105
94 1050
95 1051
96 1052
97 1053
98 1054
99 1055
100 1056
101 1057
102 1058
103 1059
104 106
105 1060
106 1061
107 1062
108 1063
109 1064
110 1065
111 1066
112 1067
113 805
114 1068
115 1069
116 1070
117 1071
118 1072
119 1073
120 1074
121 1075
122 1076
123 1077
124 1078
125 1079
126 662
127 108
128 1080
129 1081
130 1082
131 1083
132 1084
133 1085
134 1086
135 1087
136 1088
137 1089
138 109
139 1090
140 1091
141 1092
142 1093
143 1094
144 1095
145 1096
146 1097
147 1098
148 1099
149 11
150 7
151 110
152 38
153 1100
154 1101
155 1102
156 1103
157 1104
158 1105
159 1106
160 1107
161 1108
162 1109
163 111
164 1110
165 1111
166 1112
167 1113
168 1114
169 1115
170 858
171 1116
172 1117
173 1118
174 1119
175 112
176 1120
177 1121
178 1122
179 1123
180 1124
181 1125
182 1126
183 1127
184 1128
185 1129
186 1130
187 1131
188 1132
189 113
190 1133
191 1134
192 1135
193 1136
194 1137
195 1138
196 750
197 1139
198 114
199 1140
200 1141
201 1142
202 1143
203 1144
204 1145
205 1146
206 1147
207 1148
208 1149
209 115
210 1150
211 1151
212 1152
213 1153
214 1154
215 1155
216 334
217 1156
218 1157
219 1158
220 1159
221 116
222 1160
223 1161
224 1162
225 1163
226 1164
227 1165
228 1166
229 1167
230 1168
231 1169
232 572
233 117
234 1170
235 1171
236 1172
237 1173
238 1174
239 1175
240 1176
241 1177
242 1178
243 1179
244 118
245 1180
246 1181
247 1182
248 1183
249 1184
250 1185
251 1186
252 1189
253 119
254 1190
255 1191
256 1192
257 1193
258 1194
259 1195
260 321
261 1196
262 1197
263 1198
264 1199
265 120
266 1200
267 1201
268 1202
269 1203
270 1204
271 1205
272 1206
273 1207
274 1208
275 1209
276 121
277 1210
278 1211
279 1212
280 1213
281 1214
282 1215
283 1216
284 1217
285 1218
286 1219
287 122
288 1220
289 1221
290 1222
291 1223
292 1224
293 1225
294 1226
295 1227
296 1228
297 1229
298 123
299 1230
300 1231
301 1232
302 1233
303 1234
304 1235
305 1236
306 1237
307 1238
308 1239
309 124
310 1240
311 1241
312 1242
313 1243
314 1244
315 1245
316 1246
317 1247
318 1248
319 1249
320 125
321 1250
322 1251
323 1252
324 1253
325 1254
326 1255
327 1256
328 1257
329 1258
330 1259
331 1260
332 1261
333 1262
334 1263
335 1264
336 416
337 73
338 126
339 1265
340 1266
341 1267
342 1268
343 1269
344 127
345 1270
346 1271
347 1272
348 1273
349 1274
350 1275
351 3382
352 3383
353 1276
354 1277
355 1278
356 1279
357 1280
358 1664
359 1996
360 2050
361 3347
362 3592
363 3959
364 3979
365 4679
366 5181
367 5298
368 6500
369 6695
370 6776
371 128
372 1281
373 1282
374 1283
375 1284
376 1285
377 3906
378 3907
379 3908
380 1286
381 1287
382 1288
383 1289
384 129
385 1290
386 1291
387 1292
388 1293
389 1294
390 1295
391 1296
392 1297
393 1298
394 1299
395 13
396 130
397 1300
398 1301
399 1302
400 1303
401 1304
402 1305
403 1306
404 1307
405 1308
406 1309
407 19
408 286
409 1310
410 1311
411 1312
412 1313
413 1314
414 1315
415 1316
416 1317
417 1318
418 1319
419 132
420 1320
421 1321
422 1322
423 1323
424 1324
425 1325
426 1326
427 1327
428 1328
429 1329
430 133
431 1330
432 1331
433 1332
434 1333
435 1334
436 1335
437 1336
438 1337
439 1338
440 1339
441 134
442 1340
443 1341
444 1342
445 1343
446 1344
447 1345
448 1346
449 1347
450 1348
451 1349
452 135
453 1350
454 1351
455 1352
456 1353
457 1354
458 1355
459 1356
460 1357
461 1358
462 1359
463 136
464 1360
465 1361
466 1362
467 1363
468 1364
469 1365
470 1366
471 1367
472 1368
473 1369
474 137
475 1370
476 1371
477 1372
478 1373
479 1374
480 1375
481 1376
482 1377
483 1378
484 1379
485 138
486 1380
487 1381
488 1382
489 1383
490 1384
491 1385
492 1386
493 1387
494 1388
495 1389
496 139
497 1390
498 1391
499 1392
500 1393
501 1394
502 1395
503 1396
504 1397
505 1398
506 1399
507 140
508 1400
509 1401
510 1402
511 1403
512 1404
513 1405
514 1406
515 1407
516 1408
517 1409
518 141
519 1410
520 1411
521 1412
522 1413
523 1414
524 1415
525 1416
526 1417
527 1418
528 1419
529 142
530 143
531 1420
532 1421
533 1422
534 1423
535 1424
536 1425
537 1426
538 1427
539 1428
540 1429
541 1430
542 1431
543 3505
544 1432
545 1433
546 1434
547 1435
548 1436
549 1437
550 1438
551 1439
552 144
553 1440
554 1441
555 1442
556 1443
557 1444
558 1445
559 1446
560 1447
561 1448
562 1449
563 145
564 1450
565 1451
566 1452
567 1453
568 1454
569 1455
570 1456
571 1457
572 1458
573 1459
574 146
575 1460
576 1461
577 1462
578 1463
579 1464
580 1465
581 1466
582 1467
583 1468
584 1469
585 147
586 1470
587 1471
588 1472
589 1473
590 1474
591 394
592 1475
593 1476
594 1477
595 1478
596 1479
597 148
598 1480
599 1481
600 1482
601 1483
602 1484
603 1485
604 1486
605 1487
606 1488
607 1489
608 149
609 1490
610 1491
611 1492
612 1493
613 1533
614 2316
615 436
616 476
617 6772
618 1494
619 1495
620 1496
621 1497
622 1498
623 1499
624 150
625 1500
626 1501
627 1502
628 1503
629 1504
630 1505
631 1506
632 1507
633 1508
634 1509
635 151
636 1510
637 1511
638 1512
639 1513
640 1514
641 1515
642 1516
643 1517
644 1518
645 1519
646 152
647 1520
648 1521
649 1522
650 1523
651 1524
652 1525
653 1526
654 1527
655 1528
656 1529
657 1530
658 153
659 1531
660 1532
661 1534
662 1535
663 1536
664 1537
665 1538
666 1539
667 154
668 1540
669 1541
670 1542
671 1543
672 1544
673 1545
674 1546
675 1547
676 1548
677 1549
678 155
679 1550
680 1551
681 1552
682 1553
683 1554
684 1555
685 1556
686 1557
687 1558
688 1559
689 156
690 1560
691 1561
692 1562
693 1563
694 1564
695 1565
696 1566
697 1567
698 1568
699 1569
700 157
701 1570
702 1571
703 1572
704 1573
705 1574
706 1575
707 1576
708 1577
709 1578
710 1579
711 158
712 1580
713 1581
714 1582
715 1583
716 1584
717 1585
718 1586
719 1587
720 1588
721 1589
722 159
723 1590
724 1591
725 1592
726 1593
727 1594
728 1595
729 1596
730 1597
731 1598
732 1599
733 16
734 160
735 1600
736 1601
737 1602
738 1603
739 1604
740 1605
741 1606
742 1607
743 1608
744 1609
745 1610
746 285
747 161
748 1611
749 1612
750 1613
751 1614
752 1615
753 1616
754 1617
755 1618
756 1619
757 162
758 1620
759 1621
760 1622
761 1623
762 1624
763 1625
764 1626
765 1627
766 1628
767 1629
768 163
769 1630
770 1631
771 1632
772 1633
773 1634
774 1635
775 1636
776 1637
777 1638
778 1639
779 164
780 1640
781 1641
782 1642
783 1643
784 1644
785 1645
786 1646
787 1647
788 1648
789 1649
790 165
791 1650
792 1651
793 1652
794 1653
795 1654
796 1655
797 1656
798 1657
799 1658
800 1659
801 1660
802 1661
803 1662
804 1663
805 1665
806 1666
807 1667
808 1668
809 1669
810 167
811 1670
812 1671
813 1672
814 1673
815 1674
816 1675
817 1676
818 1677
819 1678
820 1679
821 168
822 1680
823 1681
824 1682
825 1683
826 1684
827 1685
828 1686
829 1687
830 1688
831 1689
832 169
833 1690
834 1691
835 1692
836 1693
837 1694
838 1695
839 1696
840 1697
841 1698
842 1699
843 4403
844 462
845 463
846 464
847 170
848 1700
849 1701
850 1702
851 1703
852 1704
853 1705
854 1706
855 1707
856 1708
857 1709
858 171
859 1710
860 1711
861 1712
862 1713
863 1714
864 1715
865 1716
866 1717
867 1718
868 1719
869 172
870 1720
871 1721
872 1722
873 1723
874 1724
875 1725
876 1726
877 1727
878 1728
879 1729
880 173
881 1730
882 1731
883 1732
884 1733
885 1734
886 1735
887 1736
888 1737
889 1738
890 1739
891 174
892 1740
893 1741
894 1742
895 1743
896 1744
897 1745
898 1746
899 1747
900 1748
901 1749
902 175
903 1750
904 1751
905 1752
906 1753
907 1754
908 1755
909 1756
910 1757
911 1758
912 1759
913 176
914 1760
915 1761
916 1762
917 1763
918 1764
919 1765
920 1766
921 1767
922 1768
923 1769
924 1770
925 177
926 1771
927 1772
928 1773
929 1774
930 1775
931 1776
932 1777
933 1778
934 1779
935 178
936 1780
937 1781
938 1782
939 1783
940 1784
941 1785
942 1786
943 1787
944 1788
945 1789
946 179
947 1790
948 1791
949 1792
950 1793
951 1794
952 1795
953 1796
954 1797
955 1798
956 1799
957 18
958 180
959 1800
960 1801
961 1802
962 1803
963 1804
964 1805
965 1806
966 1807
967 1808
968 1809
969 181
970 1810
971 1811
972 1812
973 1813
974 1814
975 1815
976 1816
977 1817
978 1818
979 1819
980 182
981 1820
982 1821
983 1822
984 1823
985 1824
986 1825
987 1826
988 1827
989 1828
990 1829
991 1830
992 183
993 184
994 1831
995 1832
996 1833
997 1834
998 1835
999 1836
1000 1837
1001 1838
1002 1839
1003 1840
1004 1841
1005 1842
1006 1843
1007 1844
1008 1845
1009 1846
1010 1847
1011 1848
1012 1849
1013 185
1014 1850
1015 1851
1016 1852
1017 1853
1018 1854
1019 1855
1020 1856
1021 1857
1022 1858
1023 1859
1024 186
1025 1860
1026 891
1027 1861
1028 1862
1029 1863
1030 1864
1031 1865
1032 1866
1033 1867
1034 1868
1035 1869
1036 187
1037 1870
1038 1871
1039 1872
1040 1873
1041 1874
1042 1875
1043 1876
1044 1877
1045 1878
1046 1879
1047 188
1048 1880
1049 1881
1050 1882
1051 1883
1052 1884
1053 1885
1054 1886
1055 1887
1056 1888
1057 1889
1058 189
1059 1890
1060 1891
1061 1892
1062 1893
1063 1894
1064 1895
1065 1896
1066 1897
1067 1898
1068 1899
1069 190
1070 1900
1071 1901
1072 1902
1073 1903
1074 1904
1075 1905
1076 1906
1077 1907
1078 1908
1079 1909
1080 191
1081 1910
1082 1911
1083 1912
1084 1913
1085 1914
1086 1915
1087 1916
1088 1917
1089 1918
1090 1919
1091 192
1092 1920
1093 1921
1094 1922
1095 1923
1096 1924
1097 1925
1098 1926
1099 1927
1100 1928
1101 1929
1102 193
1103 1930
1104 1931
1105 1932
1106 1933
1107 1934
1108 1935
1109 1936
1110 1937
1111 1938
1112 1939
1113 194
1114 1940
1115 1941
1116 1942
1117 1943
1118 1944
1119 1945
1120 1946
1121 1947
1122 1948
1123 1949
1124 195
1125 1950
1126 1951
1127 1952
1128 1953
1129 1954
1130 1955
1131 1956
1132 1957
1133 1958
1134 1959
1135 196
1136 197
1137 1960
1138 1961
1139 1962
1140 1963
1141 1964
1142 1965
1143 1966
1144 1967
1145 1968
1146 1969
1147 1970
1148 1971
1149 1972
1150 1973
1151 1974
1152 1975
1153 1976
1154 1977
1155 1978
1156 1979
1157 198
1158 1980
1159 1981
1160 1982
1161 1983
1162 1984
1163 1985
1164 1986
1165 1987
1166 1988
1167 1989
1168 199
1169 1990
1170 1991
1171 1992
1172 1993
1173 1994
1174 1995
1175 2075
1176 2076
1177 2080
1178 2158
1179 4713
1180 1997
1181 1998
1182 1999
1183 8038
1184 200
1185 2000
1186 2001
1187 2002
1188 2003
1189 2004
1190 2005
1191 2006
1192 2007
1193 2008
1194 2009
1195 201
1196 2010
1197 2011
1198 2012
1199 2013
1200 884
1201 2014
1202 2015
1203 2016
1204 2017
1205 2018
1206 2019
1207 202
1208 2020
1209 2021
1210 2022
1211 2023
1212 2024
1213 2025
1214 2026
1215 2027
1216 2028
1217 2029
1218 203
1219 2030
1220 2031
1221 2032
1222 2033
1223 2034
1224 2035
1225 2036
1226 2037
1227 2038
1228 2039
1229 204
1230 2040
1231 2041
1232 2042
1233 2043
1234 2044
1235 2045
1236 2046
1237 2047
1238 2048
1239 2049
1240 820
1241 205
1242 2051
1243 2052
1244 2053
1245 2054
1246 2055
1247 2056
1248 2057
1249 2058
1250 2059
1251 206
1252 2060
1253 2061
1254 2062
1255 2063
1256 2064
1257 2065
1258 2066
1259 2067
1260 2068
1261 2069
1262 2070
1263 2071
1264 2072
1265 2073
1266 2074
1267 2077
1268 2078
1269 2079
1270 207
1271 2236
1272 2413
1273 2414
1274 2415
1275 2416
1276 2417
1277 208
1278 2081
1279 2082
1280 2083
1281 2084
1282 2085
1283 2086
1284 2087
1285 2088
1286 2089
1287 209
1288 2090
1289 2091
1290 2092
1291 2093
1292 2094
1293 2095
1294 2096
1295 2097
1296 2098
1297 2099
1298 21
1299 210
1300 2100
1301 2101
1302 2102
1303 2103
1304 2104
1305 2105
1306 2106
1307 2107
1308 2108
1309 2109
1310 211
1311 2110
1312 2111
1313 2112
1314 2113
1315 2114
1316 2115
1317 2116
1318 2117
1319 2118
1320 2119
1321 212
1322 2120
1323 2121
1324 2122
1325 2123
1326 2124
1327 2125
1328 2126
1329 2127
1330 2128
1331 2129
1332 213
1333 2130
1334 2131
1335 2132
1336 2133
1337 2134
1338 2135
1339 2136
1340 2137
1341 2138
1342 2139
1343 214
1344 2140
1345 2141
1346 2142
1347 2143
1348 2144
1349 2145
1350 2146
1351 2147
1352 2148
1353 2149
1354 215
1355 2150
1356 2151
1357 2152
1358 2153
1359 2154
1360 2155
1361 2156
1362 2157
1363 2159
1364 216
1365 2160
1366 2161
1367 2162
1368 2163
1369 2164
1370 2165
1371 2166
1372 2167
1373 2168
1374 2169
1375 2170
1376 2171
1377 2172
1378 2173
1379 2174
1380 2175
1381 2176
1382 2177
1383 2178
1384 2179
1385 218
1386 2180
1387 2181
1388 2182
1389 2183
1390 2184
1391 2185
1392 2186
1393 2187
1394 2188
1395 2189
1396 219
1397 2190
1398 2191
1399 2192
1400 2193
1401 2194
1402 2195
1403 2196
1404 2197
1405 2198
1406 2199
1407 22
1408 220
1409 2200
1410 2201
1411 2202
1412 2203
1413 2204
1414 2205
1415 2206
1416 2207
1417 2208
1418 2209
1419 221
1420 2210
1421 2211
1422 2212
1423 2213
1424 2214
1425 2215
1426 2216
1427 2217
1428 2218
1429 2219
1430 222
1431 2220
1432 2221
1433 2222
1434 2223
1435 2224
1436 2313
1437 2775
1438 6514
1439 6694
1440 7498
1441 2225
1442 2226
1443 2227
1444 2228
1445 2229
1446 223
1447 2230
1448 2231
1449 2232
1450 2233
1451 2234
1452 2235
1453 2237
1454 2238
1455 2239
1456 224
1457 2240
1458 2241
1459 2242
1460 2243
1461 2244
1462 2245
1463 2246
1464 2247
1465 2248
1466 282
1467 2249
1468 225
1469 2250
1470 2251
1471 2252
1472 2253
1473 2254
1474 2255
1475 2256
1476 2257
1477 2258
1478 2259
1479 226
1480 2260
1481 2261
1482 2262
1483 2263
1484 2264
1485 2265
1486 2266
1487 2267
1488 2268
1489 2269
1490 227
1491 2270
1492 2271
1493 2272
1494 2273
1495 2274
1496 2275
1497 2276
1498 2277
1499 2278
1500 2279
1501 228
1502 2280
1503 2281
1504 2282
1505 2283
1506 2284
1507 2285
1508 2286
1509 2287
1510 2288
1511 2289
1512 229
1513 2290
1514 2291
1515 2292
1516 2293
1517 2294
1518 2295
1519 2296
1520 2297
1521 2298
1522 2299
1523 23
1524 230
1525 2300
1526 2301
1527 2302
1528 2303
1529 2304
1530 2305
1531 2306
1532 2307
1533 2308
1534 2309
1535 231
1536 232
1537 2310
1538 2311
1539 2312
1540 2314
1541 2315
1542 959
1543 2317
1544 2318
1545 2319
1546 2320
1547 2321
1548 2322
1549 2323
1550 2324
1551 2325
1552 2326
1553 2327
1554 2328
1555 2329
1556 233
1557 2330
1558 2331
1559 2332
1560 2333
1561 2334
1562 2335
1563 2336
1564 2337
1565 2338
1566 2339
1567 234
1568 2340
1569 2341
1570 2342
1571 2343
1572 2344
1573 2345
1574 2346
1575 2347
1576 2348
1577 2349
1578 235
1579 2350
1580 2351
1581 2352
1582 2353
1583 2354
1584 2355
1585 2356
1586 2357
1587 2358
1588 2359
1589 236
1590 2360
1591 2361
1592 2362
1593 2363
1594 2364
1595 2365
1596 2366
1597 2367
1598 2368
1599 2369
1600 2370
1601 2371
1602 2372
1603 2373
1604 2374
1605 2375
1606 2376
1607 2377
1608 2378
1609 2379
1610 237
1611 238
1612 2380
1613 2381
1614 2382
1615 2383
1616 2384
1617 2385
1618 2386
1619 2387
1620 2388
1621 2389
1622 239
1623 2390
1624 2391
1625 2392
1626 2393
1627 2394
1628 2395
1629 2396
1630 2397
1631 2398
1632 2399
1633 24
1634 240
1635 2400
1636 2401
1637 2402
1638 2403
1639 2404
1640 2405
1641 2406
1642 2407
1643 2408
1644 2409
1645 241
1646 2410
1647 2411
1648 2412
1649 2418
1650 2419
1651 242
1652 2420
1653 2421
1654 2422
1655 2423
1656 2424
1657 2425
1658 2426
1659 2427
1660 2428
1661 2429
1662 243
1663 2430
1664 2431
1665 2432
1666 2433
1667 2434
1668 2435
1669 2436
1670 2437
1671 2438
1672 2439
1673 244
1674 2440
1675 2441
1676 2442
1677 2443
1678 2444
1679 2445
1680 2446
1681 2447
1682 2448
1683 2449
1684 245
1685 2450
1686 2451
1687 2452
1688 2453
1689 2454
1690 2455
1691 2456
1692 2457
1693 2458
1694 2459
1695 2460
1696 256
1697 308
1698 246
1699 2461
1700 2462
1701 2463
1702 2464
1703 2465
1704 2466
1705 2467
1706 2468
1707 2469
1708 247
1709 2470
1710 2471
1711 2472
1712 2473
1713 2474
1714 2475
1715 2476
1716 2477
1717 2478
1718 2479
1719 248
1720 2480
1721 2481
1722 2482
1723 2483
1724 2484
1725 2485
1726 2486
1727 2487
1728 2488
1729 5516
1730 2489
1731 249
1732 2490
1733 2491
1734 2492
1735 2493
1736 2494
1737 2495
1738 2496
1739 2497
1740 2498
1741 2499
1742 25
1743 250
1744 2500
1745 2501
1746 2502
1747 2503
1748 2504
1749 2505
1750 2506
1751 2507
1752 2508
1753 2509
1754 251
1755 2510
1756 2511
1757 2512
1758 2513
1759 2514
1760 2515
1761 2516
1762 2517
1763 2518
1764 2519
1765 252
1766 253
1767 2520
1768 2521
1769 2522
1770 2523
1771 2524
1772 2525
1773 2526
1774 2527
1775 2528
1776 2529
1777 2530
1778 2531
1779 2532
1780 2533
1781 2534
1782 2535
1783 2536
1784 2537
1785 2538
1786 2539
1787 254
1788 2540
1789 2541
1790 2542
1791 2543
1792 2544
1793 2545
1794 2546
1795 2547
1796 2548
1797 2549
1798 255
1799 2550
1800 2551
1801 2552
1802 2553
1803 2554
1804 2555
1805 2556
1806 2557
1807 2558
1808 2559
1809 2560
1810 2561
1811 2562
1812 2563
1813 2564
1814 2565
1815 2566
1816 2567
1817 2568
1818 2569
1819 257
1820 2570
1821 2571
1822 2572
1823 2573
1824 2574
1825 2575
1826 2576
1827 2577
1828 2578
1829 2579
1830 2580
1831 258
1832 2581
1833 2582
1834 2583
1835 2584
1836 2585
1837 2586
1838 2587
1839 2588
1840 2589
1841 259
1842 2590
1843 2591
1844 2592
1845 2593
1846 2594
1847 2595
1848 2596
1849 2597
1850 2598
1851 2599
1852 26
1853 260
1854 2600
1855 2601
1856 2602
1857 2603
1858 2604
1859 2605
1860 2606
1861 2607
1862 2608
1863 2609
1864 261
1865 2610
1866 2611
1867 2612
1868 2613
1869 2614
1870 2615
1871 2616
1872 2617
1873 2618
1874 2619
1875 262
1876 2620
1877 2621
1878 2622
1879 2623
1880 2624
1881 2625
1882 2626
1883 2627
1884 2628
1885 2629
1886 263
1887 2630
1888 2631
1889 2632
1890 2633
1891 2634
1892 2635
1893 2636
1894 2637
1895 2638
1896 2639
1897 264
1898 2640
1899 2641
1900 2642
1901 2643
1902 2644
1903 2645
1904 2646
1905 2647
1906 2648
1907 2649
1908 265
1909 2650
1910 2651
1911 2652
1912 2653
1913 2654
1914 2655
1915 2656
1916 2657
1917 2658
1918 2659
1919 266
1920 2660
1921 2661
1922 2662
1923 2663
1924 2664
1925 2665
1926 2666
1927 2667
1928 2668
1929 2669
1930 267
1931 2670
1932 2671
1933 2672
1934 2673
1935 2674
1936 2675
1937 2676
1938 2677
1939 2678
1940 2679
1941 268
1942 269
1943 270
1944 271
1945 272
1946 273
1947 274
1948 275
1949 276
1950 2680
1951 2681
1952 2682
1953 2683
1954 2684
1955 2685
1956 2686
1957 2687
1958 2688
1959 2689
1960 2690
1961 2691
1962 2692
1963 2693
1964 2694
1965 2695
1966 2696
1967 2697
1968 2698
1969 2699
1970 27
1971 2700
1972 2701
1973 2702
1974 2703
1975 2704
1976 2705
1977 2706
1978 2707
1979 2708
1980 2709
1981 2710
1982 2711
1983 903
1984 2712
1985 2713
1986 2714
1987 2715
1988 2716
1989 2717
1990 2718
1991 2719
1992 2720
1993 2721
1994 2722
1995 2723
1996 2724
1997 2725
1998 2726
1999 2727
2000 2728
2001 2729
2002 2730
2003 2731
2004 2732
2005 2733
2006 2734
2007 2735
2008 2736
2009 2737
2010 2738
2011 2739
2012 2740
2013 2741
2014 2742
2015 2743
2016 2744
2017 2745
2018 2746
2019 2747
2020 2748
2021 2749
2022 2750
2023 2751
2024 2752
2025 2753
2026 2754
2027 2755
2028 2756
2029 2757
2030 2758
2031 2759
2032 2760
2033 2761
2034 2762
2035 2763
2036 2764
2037 2765
2038 2766
2039 2767
2040 2768
2041 2769
2042 277
2043 2770
2044 2771
2045 2772
2046 2773
2047 2774
2048 2776
2049 2777
2050 2778
2051 2779
2052 2780
2053 2781
2054 2782
2055 2783
2056 2784
2057 2785
2058 2786
2059 2787
2060 2788
2061 2789
2062 279
2063 2790
2064 2791
2065 2792
2066 2793
2067 2794
2068 2795
2069 2796
2070 2797
2071 2798
2072 2799
2073 28
2074 280
2075 2800
2076 2801
2077 2802
2078 2803
2079 2804
2080 2805
2081 2806
2082 2807
2083 2808
2084 2809
2085 281
2086 2810
2087 2811
2088 2812
2089 2813
2090 2814
2091 2815
2092 2816
2093 2817
2094 2818
2095 2819
2096 2820
2097 2821
2098 2822
2099 2823
2100 2824
2101 2825
2102 2826
2103 2827
2104 2828
2105 2829
2106 283
2107 2830
2108 2831
2109 2832
2110 2833
2111 2834
2112 2835
2113 2836
2114 2837
2115 2838
2116 2839
2117 284
2118 2840
2119 2841
2120 2842
2121 2843
2122 2844
2123 2845
2124 2846
2125 2847
2126 2848
2127 2849
2128 2850
2129 2851
2130 2852
2131 2853
2132 2854
2133 2855
2134 2856
2135 2857
2136 2858
2137 2859
2138 2860
2139 2861
2140 2862
2141 2863
2142 2864
2143 2865
2144 2866
2145 2867
2146 2868
2147 2869
2148 287
2149 2870
2150 2871
2151 2872
2152 2873
2153 2874
2154 2875
2155 2876
2156 2877
2157 2878
2158 2879
2159 288
2160 2880
2161 2881
2162 2882
2163 2883
2164 2884
2165 2885
2166 2886
2167 2887
2168 2888
2169 2889
2170 289
2171 2890
2172 2891
2173 2892
2174 2893
2175 2894
2176 2895
2177 2896
2178 2897
2179 2898
2180 2899
2181 29
2182 290
2183 2900
2184 2901
2185 2902
2186 2903
2187 2904
2188 2905
2189 2906
2190 2907
2191 2908
2192 2909
2193 291
2194 2910
2195 2911
2196 2912
2197 2913
2198 2914
2199 2915
2200 2916
2201 2917
2202 2918
2203 2919
2204 292
2205 2920
2206 2921
2207 2922
2208 2923
2209 2924
2210 2925
2211 2926
2212 2927
2213 2928
2214 2929
2215 293
2216 2930
2217 2931
2218 2932
2219 2933
2220 2934
2221 2935
2222 2936
2223 2937
2224 2938
2225 2939
2226 294
2227 2940
2228 2941
2229 2942
2230 2943
2231 2944
2232 2945
2233 2946
2234 2947
2235 2948
2236 2949
2237 295
2238 2950
2239 2951
2240 2952
2241 2953
2242 2954
2243 2955
2244 2956
2245 2957
2246 2958
2247 2959
2248 296
2249 2960
2250 2961
2251 2962
2252 2963
2253 2964
2254 2965
2255 2966
2256 2967
2257 2968
2258 2969
2259 297
2260 2970
2261 2971
2262 2972
2263 2973
2264 2974
2265 2975
2266 2976
2267 2977
2268 2978
2269 2979
2270 298
2271 2980
2272 2981
2273 2982
2274 2983
2275 2984
2276 2985
2277 2986
2278 2987
2279 2988
2280 2989
2281 299
2282 2990
2283 2991
2284 2992
2285 2993
2286 2994
2287 2995
2288 2996
2289 2997
2290 2998
2291 2999
2292 30
2293 300
2294 3000
2295 3001
2296 3002
2297 3003
2298 3004
2299 3005
2300 3006
2301 3007
2302 3008
2303 3009
2304 301
2305 3010
2306 3011
2307 3012
2308 3013
2309 3014
2310 3015
2311 3016
2312 3017
2313 3018
2314 3019
2315 302
2316 3020
2317 3021
2318 3022
2319 3023
2320 3024
2321 3025
2322 3026
2323 3027
2324 3028
2325 3029
2326 303
2327 3030
2328 3031
2329 3032
2330 3033
2331 3034
2332 3035
2333 3036
2334 3037
2335 3038
2336 3039
2337 304
2338 3040
2339 3041
2340 3042
2341 3043
2342 3044
2343 3045
2344 3046
2345 3047
2346 3048
2347 3049
2348 305
2349 3050
2350 3051
2351 3052
2352 3053
2353 3054
2354 3055
2355 3056
2356 3057
2357 3058
2358 3059
2359 306
2360 3060
2361 3061
2362 3062
2363 3063
2364 3064
2365 3065
2366 3066
2367 3067
2368 3068
2369 3069
2370 3070
2371 3071
2372 3072
2373 3073
2374 3074
2375 3075
2376 3076
2377 3077
2378 3078
2379 3079
2380 3080
2381 3081
2382 3082
2383 3083
2384 3084
2385 3085
2386 3086
2387 3087
2388 3088
2389 3089
2390 309
2391 3090
2392 3091
2393 3092
2394 3093
2395 3094
2396 3095
2397 3096
2398 3097
2399 3098
2400 3099
2401 31
2402 310
2403 3100
2404 3101
2405 3102
2406 3103
2407 3104
2408 3105
2409 3106
2410 3107
2411 3108
2412 3109
2413 311
2414 312
2415 3110
2416 3111
2417 3112
2418 3113
2419 3114
2420 3115
2421 3116
2422 3117
2423 3118
2424 3119
2425 3120
2426 3121
2427 3122
2428 3123
2429 3124
2430 3125
2431 3126
2432 3127
2433 3128
2434 3129
2435 313
2436 3130
2437 3131
2438 3132
2439 3133
2440 3134
2441 3135
2442 3136
2443 3137
2444 3138
2445 3139
2446 314
2447 3140
2448 3141
2449 3142
2450 3143
2451 3144
2452 3145
2453 3146
2454 3147
2455 3148
2456 3149
2457 315
2458 3150
2459 3151
2460 3152
2461 3153
2462 3154
2463 3155
2464 3156
2465 3157
2466 3158
2467 3159
2468 316
2469 3160
2470 3161
2471 3162
2472 3163
2473 3164
2474 3165
2475 3166
2476 3167
2477 3168
2478 3169
2479 317
2480 3170
2481 3171
2482 3172
2483 3173
2484 3174
2485 3175
2486 3176
2487 3177
2488 3178
2489 3179
2490 318
2491 3180
2492 3181
2493 3182
2494 3183
2495 3184
2496 3185
2497 3186
2498 3187
2499 3188
2500 3189
2501 319
2502 3190
2503 3191
2504 3192
2505 3193
2506 3194
2507 3195
2508 3196
2509 3197
2510 3198
2511 3199
2512 5077
2513 6290
2514 641
2515 6809
2516 6810
2517 7841
2518 320
2519 3200
2520 3201
2521 3202
2522 3203
2523 3204
2524 3205
2525 3206
2526 3207
2527 3208
2528 3209
2529 3210
2530 3211
2531 3212
2532 3213
2533 3214
2534 3215
2535 3216
2536 3217
2537 3218
2538 3219
2539 322
2540 3220
2541 3221
2542 3222
2543 3223
2544 3224
2545 3225
2546 3226
2547 3227
2548 3228
2549 3229
2550 323
2551 3230
2552 3231
2553 3232
2554 3233
2555 3234
2556 3235
2557 3236
2558 3237
2559 3238
2560 3239
2561 324
2562 3240
2563 3241
2564 3242
2565 3243
2566 3244
2567 3245
2568 3246
2569 3247
2570 3248
2571 3249
2572 325
2573 3250
2574 3251
2575 3252
2576 3253
2577 3254
2578 3255
2579 3256
2580 3257
2581 3258
2582 3259
2583 326
2584 3260
2585 3261
2586 3262
2587 3263
2588 3264
2589 3265
2590 3266
2591 3267
2592 3268
2593 3269
2594 327
2595 3270
2596 3271
2597 3272
2598 3273
2599 3274
2600 3275
2601 3276
2602 3277
2603 3278
2604 3279
2605 328
2606 3280
2607 3281
2608 3282
2609 3283
2610 3284
2611 3285
2612 3286
2613 3287
2614 3288
2615 3289
2616 329
2617 3290
2618 3291
2619 3292
2620 3293
2621 3294
2622 3295
2623 3296
2624 3297
2625 3298
2626 3299
2627 330
2628 3300
2629 3301
2630 3302
2631 3303
2632 3304
2633 3305
2634 3306
2635 3307
2636 3308
2637 3309
2638 331
2639 3310
2640 3311
2641 3312
2642 3313
2643 3314
2644 3315
2645 3316
2646 3317
2647 3318
2648 3319
2649 3320
2650 3321
2651 3322
2652 3323
2653 3324
2654 3325
2655 3326
2656 3327
2657 3328
2658 3329
2659 333
2660 335
2661 3330
2662 3331
2663 3332
2664 3333
2665 3334
2666 3335
2667 3336
2668 3337
2669 3338
2670 3339
2671 3340
2672 3341
2673 3342
2674 3343
2675 3344
2676 3345
2677 3346
2678 3348
2679 3349
2680 3350
2681 3351
2682 3352
2683 3353
2684 3354
2685 3355
2686 3356
2687 3357
2688 3358
2689 3359
2690 336
2691 3360
2692 3361
2693 3362
2694 3363
2695 3364
2696 3365
2697 3366
2698 3367
2699 3368
2700 3369
2701 337
2702 3370
2703 3371
2704 3372
2705 3373
2706 3374
2707 3375
2708 3376
2709 3377
2710 3378
2711 3379
2712 338
2713 3380
2714 3381
2715 3384
2716 3385
2717 3386
2718 3387
2719 3388
2720 3389
2721 339
2722 3390
2723 3391
2724 3392
2725 3393
2726 3394
2727 3395
2728 3396
2729 3397
2730 3398
2731 3399
2732 340
2733 3400
2734 3401
2735 3402
2736 3403
2737 3404
2738 3405
2739 3406
2740 3407
2741 3408
2742 3409
2743 3410
2744 3411
2745 3412
2746 3413
2747 3414
2748 3415
2749 3416
2750 3417
2751 3418
2752 3419
2753 342
2754 3420
2755 3421
2756 3422
2757 3423
2758 3424
2759 3425
2760 3426
2761 3427
2762 3428
2763 3429
2764 343
2765 3430
2766 3431
2767 3432
2768 3433
2769 3434
2770 3435
2771 3436
2772 3437
2773 3438
2774 3439
2775 344
2776 3440
2777 3441
2778 3442
2779 3443
2780 3444
2781 3445
2782 3446
2783 3447
2784 3448
2785 3449
2786 345
2787 3450
2788 3451
2789 3452
2790 3453
2791 3454
2792 3455
2793 3456
2794 3457
2795 3458
2796 3459
2797 3460
2798 3461
2799 3462
2800 3463
2801 3464
2802 3465
2803 3466
2804 3467
2805 3468
2806 3469
2807 347
2808 3470
2809 3471
2810 3472
2811 3473
2812 3474
2813 3475
2814 3476
2815 3477
2816 3478
2817 3479
2818 348
2819 3480
2820 3481
2821 3482
2822 3483
2823 3484
2824 3485
2825 3486
2826 3487
2827 3488
2828 3489
2829 349
2830 3490
2831 3491
2832 3492
2833 3493
2834 3494
2835 3495
2836 3496
2837 3497
2838 3498
2839 3499
2840 350
2841 3500
2842 3501
2843 3502
2844 3503
2845 3504
2846 3506
2847 3507
2848 3508
2849 3509
2850 351
2851 3510
2852 3511
2853 3512
2854 3513
2855 3514
2856 3515
2857 3516
2858 3517
2859 3518
2860 3519
2861 352
2862 3520
2863 3521
2864 3522
2865 3523
2866 3524
2867 3525
2868 3526
2869 3527
2870 3528
2871 3529
2872 353
2873 354
2874 3530
2875 3531
2876 3532
2877 3533
2878 3534
2879 3535
2880 3536
2881 3537
2882 3538
2883 3539
2884 3540
2885 3541
2886 3542
2887 3543
2888 3544
2889 3545
2890 3546
2891 3547
2892 3548
2893 3549
2894 355
2895 3550
2896 3551
2897 3552
2898 3553
2899 3554
2900 3555
2901 3556
2902 3557
2903 3558
2904 3559
2905 356
2906 3560
2907 3561
2908 3562
2909 3563
2910 3564
2911 3565
2912 3566
2913 3567
2914 3568
2915 3569
2916 357
2917 3570
2918 3571
2919 3572
2920 3573
2921 3574
2922 3575
2923 3576
2924 3577
2925 3578
2926 3579
2927 358
2928 3580
2929 3581
2930 3582
2931 3583
2932 3584
2933 3585
2934 3586
2935 3587
2936 3588
2937 3589
2938 359
2939 3590
2940 3591
2941 3593
2942 3594
2943 3595
2944 3596
2945 3597
2946 3598
2947 3599
2948 36
2949 360
2950 3600
2951 3601
2952 3602
2953 3603
2954 3604
2955 3605
2956 3606
2957 3607
2958 3608
2959 3609
2960 361
2961 3610
2962 3611
2963 3612
2964 3613
2965 3614
2966 3615
2967 3616
2968 3617
2969 3618
2970 3619
2971 362
2972 3620
2973 3621
2974 3622
2975 3623
2976 3624
2977 3625
2978 3626
2979 3627
2980 3628
2981 3629
2982 363
2983 3630
2984 3631
2985 3632
2986 3633
2987 3634
2988 3635
2989 3636
2990 3637
2991 3638
2992 3639
2993 3640
2994 364
2995 3641
2996 3642
2997 3643
2998 3644
2999 3645
3000 3646
3001 3647
3002 3648
3003 3649
3004 365
3005 3650
3006 3651
3007 3652
3008 3653
3009 3654
3010 3655
3011 3656
3012 3657
3013 3658
3014 3659
3015 366
3016 3660
3017 3661
3018 3662
3019 3663
3020 3664
3021 3665
3022 3666
3023 3667
3024 3668
3025 3669
3026 367
3027 3670
3028 3671
3029 3672
3030 3673
3031 3674
3032 3675
3033 3676
3034 3677
3035 3678
3036 3679
3037 368
3038 3680
3039 3681
3040 3682
3041 3683
3042 3684
3043 3685
3044 3686
3045 3687
3046 3688
3047 3689
3048 369
3049 3690
3050 3691
3051 3692
3052 3693
3053 3694
3054 3695
3055 3696
3056 3697
3057 3698
3058 3699
3059 370
3060 3700
3061 3701
3062 3702
3063 3703
3064 3704
3065 3705
3066 3706
3067 3707
3068 3708
3069 3709
3070 371
3071 3710
3072 3711
3073 3712
3074 3713
3075 3714
3076 3715
3077 3716
3078 3717
3079 3718
3080 3719
3081 372
3082 3720
3083 3721
3084 3722
3085 3723
3086 3724
3087 3725
3088 3726
3089 3727
3090 3728
3091 920
3092 3729
3093 373
3094 3730
3095 3731
3096 3732
3097 3733
3098 3734
3099 3735
3100 3736
3101 3737
3102 3738
3103 3739
3104 374
3105 3740
3106 3741
3107 3742
3108 3743
3109 3744
3110 3745
3111 3746
3112 3747
3113 3748
3114 3749
3115 3750
3116 3751
3117 3752
3118 3753
3119 3754
3120 3755
3121 3756
3122 3757
3123 3758
3124 3759
3125 376
3126 3760
3127 3761
3128 3762
3129 3763
3130 3764
3131 3765
3132 3766
3133 3767
3134 3768
3135 3769
3136 377
3137 3770
3138 3771
3139 3772
3140 3773
3141 3774
3142 3775
3143 3776
3144 3777
3145 3778
3146 3779
3147 378
3148 3780
3149 3781
3150 3782
3151 3783
3152 3784
3153 3785
3154 3786
3155 3787
3156 3788
3157 543
3158 3789
3159 379
3160 3790
3161 3791
3162 3792
3163 3793
3164 3794
3165 3795
3166 3796
3167 3797
3168 3798
3169 3799
3170 6183
3171 380
3172 3800
3173 3801
3174 3802
3175 3803
3176 3804
3177 3805
3178 3806
3179 3807
3180 3808
3181 3809
3182 381
3183 3810
3184 3811
3185 3812
3186 3813
3187 3814
3188 3815
3189 3816
3190 3817
3191 3818
3192 3819
3193 382
3194 3820
3195 3821
3196 3822
3197 3823
3198 3824
3199 3825
3200 3826
3201 3827
3202 3828
3203 3829
3204 383
3205 3830
3206 3831
3207 3832
3208 3833
3209 3834
3210 3835
3211 3836
3212 3837
3213 3838
3214 3839
3215 384
3216 3840
3217 3841
3218 3842
3219 3843
3220 3844
3221 3845
3222 3846
3223 3847
3224 3848
3225 3849
3226 385
3227 3850
3228 3851
3229 3852
3230 3853
3231 3854
3232 3855
3233 3856
3234 3857
3235 3858
3236 3859
3237 386
3238 3860
3239 3861
3240 3862
3241 3863
3242 3864
3243 3865
3244 3866
3245 3867
3246 3868
3247 3869
3248 387
3249 3870
3250 3871
3251 3872
3252 3873
3253 3874
3254 3875
3255 3876
3256 3877
3257 3878
3258 3879
3259 388
3260 3880
3261 3881
3262 3882
3263 3883
3264 3884
3265 3885
3266 3886
3267 3887
3268 3888
3269 3889
3270 389
3271 3890
3272 3891
3273 3892
3274 3893
3275 3894
3276 3895
3277 3896
3278 3897
3279 3898
3280 3899
3281 39
3282 390
3283 3900
3284 3901
3285 3902
3286 3903
3287 3904
3288 3905
3289 3909
3290 391
3291 3910
3292 3911
3293 3912
3294 3913
3295 3914
3296 3915
3297 3916
3298 3917
3299 3918
3300 3919
3301 392
3302 3920
3303 3921
3304 3922
3305 3923
3306 3924
3307 3925
3308 3926
3309 3927
3310 3928
3311 3929
3312 393
3313 3930
3314 3931
3315 3932
3316 3933
3317 3934
3318 3935
3319 3936
3320 3937
3321 3938
3322 3939
3323 3940
3324 3941
3325 3942
3326 3943
3327 3944
3328 3945
3329 3946
3330 3947
3331 3948
3332 3949
3333 395
3334 3950
3335 3951
3336 3952
3337 3953
3338 3954
3339 3955
3340 3956
3341 3957
3342 3958
3343 4364
3344 396
3345 3960
3346 3961
3347 3962
3348 3963
3349 3964
3350 3965
3351 3966
3352 3967
3353 3968
3354 3969
3355 397
3356 3970
3357 3971
3358 3972
3359 3973
3360 3974
3361 3975
3362 3976
3363 3977
3364 3978
3365 4444
3366 398
3367 3980
3368 3981
3369 3982
3370 3983
3371 3984
3372 3985
3373 3986
3374 3987
3375 3988
3376 3989
3377 399
3378 3990
3379 3991
3380 3992
3381 3993
3382 3994
3383 3995
3384 3996
3385 3997
3386 3998
3387 3999
3388 4000
3389 40
3390 400
3391 4001
3392 4002
3393 4003
3394 4004
3395 4005
3396 4006
3397 4007
3398 4008
3399 4009
3400 401
3401 4010
3402 4011
3403 4012
3404 4013
3405 4014
3406 4015
3407 4016
3408 4017
3409 4018
3410 4019
3411 402
3412 4020
3413 4021
3414 4022
3415 4023
3416 4024
3417 4025
3418 4026
3419 4027
3420 4028
3421 4029
3422 403
3423 4030
3424 4031
3425 4032
3426 4033
3427 4034
3428 4035
3429 4036
3430 4037
3431 4038
3432 4039
3433 404
3434 4040
3435 4041
3436 4042
3437 4043
3438 4044
3439 4045
3440 4046
3441 4047
3442 4048
3443 4049
3444 405
3445 4050
3446 4051
3447 4052
3448 4053
3449 4054
3450 4055
3451 4056
3452 4057
3453 4058
3454 4059
3455 406
3456 4060
3457 4061
3458 4062
3459 4063
3460 4064
3461 4065
3462 4066
3463 4067
3464 4068
3465 4069
3466 407
3467 4070
3468 4071
3469 4072
3470 4073
3471 4074
3472 4075
3473 4076
3474 4077
3475 4078
3476 4079
3477 408
3478 4080
3479 4081
3480 4082
3481 4083
3482 4084
3483 4085
3484 4086
3485 4087
3486 4088
3487 4089
3488 409
3489 4090
3490 4091
3491 4092
3492 4093
3493 4094
3494 4095
3495 4096
3496 4097
3497 4098
3498 4099
3499 41
3500 410
3501 4100
3502 4101
3503 4102
3504 4103
3505 4104
3506 4105
3507 4106
3508 4107
3509 4108
3510 4109
3511 411
3512 4110
3513 4111
3514 4112
3515 4113
3516 4114
3517 4115
3518 4116
3519 4117
3520 4118
3521 4119
3522 412
3523 4120
3524 4121
3525 4122
3526 4123
3527 4124
3528 4125
3529 4126
3530 4127
3531 4128
3532 4129
3533 413
3534 4130
3535 4131
3536 4132
3537 4133
3538 4134
3539 4135
3540 4136
3541 4137
3542 4138
3543 4139
3544 414
3545 4140
3546 4141
3547 4142
3548 4143
3549 4144
3550 4145
3551 4146
3552 4147
3553 4148
3554 4149
3555 415
3556 4150
3557 4151
3558 4152
3559 4153
3560 4154
3561 4155
3562 4156
3563 4157
3564 4158
3565 4159
3566 5513
3567 75
3568 4160
3569 4161
3570 4162
3571 4163
3572 4164
3573 4165
3574 4166
3575 4167
3576 4168
3577 4169
3578 417
3579 4170
3580 4171
3581 4172
3582 4173
3583 4174
3584 4175
3585 4176
3586 4177
3587 4178
3588 4179
3589 418
3590 4180
3591 4181
3592 4182
3593 4183
3594 4184
3595 4185
3596 4186
3597 4187
3598 4188
3599 4189
3600 419
3601 4190
3602 4191
3603 4192
3604 4193
3605 4194
3606 4195
3607 4196
3608 4197
3609 4198
3610 4199
3611 420
3612 4200
3613 4201
3614 4202
3615 4203
3616 4204
3617 4205
3618 4206
3619 4207
3620 4208
3621 4209
3622 4210
3623 4211
3624 4212
3625 4213
3626 4214
3627 4215
3628 4216
3629 4217
3630 4218
3631 4219
3632 422
3633 4220
3634 4221
3635 4222
3636 678
3637 679
3638 4223
3639 4224
3640 4225
3641 4226
3642 4227
3643 4228
3644 4229
3645 4230
3646 423
3647 4231
3648 4232
3649 4233
3650 4234
3651 4235
3652 4236
3653 4237
3654 4238
3655 4239
3656 424
3657 4240
3658 4241
3659 4242
3660 4243
3661 4244
3662 4245
3663 4246
3664 4247
3665 4248
3666 4249
3667 425
3668 4250
3669 4251
3670 4252
3671 4253
3672 4254
3673 4255
3674 4256
3675 4257
3676 4258
3677 4259
3678 426
3679 4260
3680 4261
3681 4262
3682 4263
3683 4264
3684 4265
3685 4266
3686 4267
3687 4268
3688 4269
3689 427
3690 4270
3691 4271
3692 4272
3693 4273
3694 4274
3695 4275
3696 4276
3697 4277
3698 4278
3699 4279
3700 428
3701 4280
3702 4281
3703 4282
3704 4283
3705 4284
3706 4285
3707 4286
3708 4287
3709 4288
3710 4289
3711 429
3712 4290
3713 4291
3714 4292
3715 4293
3716 4294
3717 4295
3718 4296
3719 4297
3720 4298
3721 4299
3722 43
3723 430
3724 4300
3725 4301
3726 4302
3727 4303
3728 4304
3729 4305
3730 4306
3731 4307
3732 5047
3733 5309
3734 4308
3735 4309
3736 431
3737 4310
3738 4311
3739 4312
3740 4313
3741 4314
3742 4315
3743 4316
3744 4317
3745 4318
3746 4319
3747 432
3748 4320
3749 4321
3750 4322
3751 4323
3752 4324
3753 4325
3754 4326
3755 4327
3756 4328
3757 4329
3758 532
3759 4330
3760 4331
3761 4332
3762 4333
3763 4334
3764 4335
3765 4336
3766 4337
3767 4338
3768 4339
3769 434
3770 4340
3771 4341
3772 4342
3773 4343
3774 4344
3775 4345
3776 4346
3777 4347
3778 4348
3779 4349
3780 435
3781 437
3782 4350
3783 4351
3784 4352
3785 4353
3786 7908
3787 4354
3788 4355
3789 4356
3790 4357
3791 4358
3792 4359
3793 4360
3794 4361
3795 4362
3796 4363
3797 4365
3798 4366
3799 4367
3800 4368
3801 4369
3802 4370
3803 4371
3804 4372
3805 4373
3806 4374
3807 4375
3808 4376
3809 4377
3810 4378
3811 4379
3812 438
3813 4380
3814 4381
3815 4382
3816 4383
3817 4384
3818 4385
3819 4386
3820 4387
3821 4388
3822 4389
3823 439
3824 4390
3825 4391
3826 4392
3827 4393
3828 4394
3829 4395
3830 4396
3831 4397
3832 4398
3833 4399
3834 44
3835 440
3836 4400
3837 4401
3838 4402
3839 4404
3840 4405
3841 4406
3842 4407
3843 4408
3844 4409
3845 441
3846 4410
3847 4411
3848 4412
3849 4413
3850 4414
3851 4415
3852 4416
3853 4417
3854 4418
3855 4419
3856 442
3857 4420
3858 4421
3859 4422
3860 4423
3861 4424
3862 4425
3863 4426
3864 4427
3865 4428
3866 4429
3867 443
3868 4430
3869 4431
3870 4432
3871 4433
3872 4434
3873 4435
3874 4436
3875 4437
3876 4438
3877 4439
3878 444
3879 4440
3880 4441
3881 4442
3882 4443
3883 4445
3884 4446
3885 4447
3886 4448
3887 4449
3888 445
3889 4450
3890 4451
3891 4452
3892 4453
3893 4454
3894 4455
3895 4456
3896 4457
3897 4458
3898 4459
3899 446
3900 4460
3901 4461
3902 4462
3903 4463
3904 4464
3905 4465
3906 4466
3907 4467
3908 4468
3909 4469
3910 4470
3911 447
3912 4471
3913 4472
3914 4473
3915 4474
3916 4475
3917 4476
3918 4477
3919 4478
3920 4479
3921 448
3922 4480
3923 4481
3924 4482
3925 4483
3926 4484
3927 4485
3928 4486
3929 4487
3930 4488
3931 4489
3932 449
3933 4490
3934 4491
3935 4492
3936 4493
3937 4494
3938 4495
3939 4496
3940 4497
3941 4498
3942 4499
3943 45
3944 450
3945 4500
3946 4501
3947 4502
3948 4503
3949 4504
3950 4505
3951 4506
3952 4507
3953 4508
3954 4509
3955 451
3956 4510
3957 4511
3958 4512
3959 4513
3960 4514
3961 4515
3962 4516
3963 4517
3964 4518
3965 4519
3966 452
3967 4520
3968 4521
3969 4522
3970 4523
3971 4524
3972 4525
3973 4526
3974 4527
3975 4528
3976 4529
3977 453
3978 4530
3979 4531
3980 4532
3981 4533
3982 4534
3983 4535
3984 4536
3985 4537
3986 4538
3987 4539
3988 454
3989 4540
3990 4541
3991 4542
3992 4543
3993 4544
3994 4545
3995 4546
3996 4547
3997 4548
3998 4549
3999 455
4000 4550
4001 4551
4002 4552
4003 4553
4004 4554
4005 4555
4006 4556
4007 4557
4008 4558
4009 4559
4010 456
4011 4560
4012 4561
4013 4562
4014 4563
4015 4564
4016 4565
4017 4566
4018 4567
4019 4568
4020 4569
4021 457
4022 4570
4023 4571
4024 4572
4025 4573
4026 4574
4027 4575
4028 4576
4029 4577
4030 4578
4031 4579
4032 458
4033 4580
4034 4581
4035 4582
4036 4583
4037 4584
4038 4585
4039 4586
4040 4587
4041 4588
4042 4589
4043 459
4044 4590
4045 4591
4046 4592
4047 4593
4048 4594
4049 4595
4050 4596
4051 4597
4052 4598
4053 4599
4054 46
4055 460
4056 4600
4057 4601
4058 4602
4059 4603
4060 4604
4061 4605
4062 4606
4063 4607
4064 4608
4065 4609
4066 461
4067 4610
4068 4611
4069 4612
4070 4613
4071 4614
4072 4615
4073 4616
4074 4617
4075 4618
4076 4619
4077 4620
4078 4621
4079 4622
4080 4623
4081 4624
4082 4625
4083 4626
4084 4627
4085 4628
4086 4629
4087 4630
4088 4631
4089 4632
4090 4633
4091 4634
4092 4635
4093 4636
4094 4637
4095 4638
4096 4639
4097 4640
4098 4641
4099 4642
4100 4643
4101 4644
4102 4645
4103 4646
4104 4647
4105 4648
4106 4649
4107 465
4108 4650
4109 4651
4110 4652
4111 4653
4112 4654
4113 4655
4114 4656
4115 4657
4116 4658
4117 4659
4118 466
4119 4660
4120 4661
4121 4662
4122 4663
4123 4664
4124 4665
4125 4666
4126 4667
4127 4668
4128 4669
4129 467
4130 4670
4131 4671
4132 4672
4133 4673
4134 4674
4135 4675
4136 4676
4137 4677
4138 4678
4139 468
4140 4680
4141 4681
4142 4682
4143 4683
4144 4684
4145 4685
4146 4686
4147 4687
4148 4688
4149 4689
4150 469
4151 4690
4152 4691
4153 4692
4154 4693
4155 4694
4156 4695
4157 4696
4158 4697
4159 4698
4160 4699
4161 47
4162 470
4163 4700
4164 4701
4165 4702
4166 4703
4167 4704
4168 4705
4169 4706
4170 4707
4171 4708
4172 4709
4173 4710
4174 4711
4175 4712
4176 471
4177 4714
4178 4715
4179 4716
4180 4717
4181 4718
4182 4719
4183 472
4184 4720
4185 4721
4186 4722
4187 4723
4188 4724
4189 4725
4190 4726
4191 4727
4192 4728
4193 4729
4194 473
4195 4730
4196 4731
4197 4732
4198 4733
4199 4734
4200 4735
4201 4736
4202 4737
4203 4738
4204 4739
4205 474
4206 4740
4207 4741
4208 4742
4209 4743
4210 4744
4211 4745
4212 4746
4213 4747
4214 4748
4215 4749
4216 475
4217 4750
4218 4751
4219 4752
4220 4753
4221 4754
4222 4755
4223 4756
4224 4757
4225 4758
4226 4759
4227 477
4228 478
4229 4760
4230 4761
4231 4762
4232 4763
4233 4764
4234 4765
4235 4766
4236 4767
4237 4768
4238 4769
4239 4770
4240 4771
4241 4772
4242 4773
4243 4774
4244 4775
4245 4776
4246 4777
4247 4778
4248 4779
4249 4780
4250 4781
4251 4782
4252 4783
4253 4784
4254 4785
4255 4786
4256 4787
4257 4788
4258 4789
4259 479
4260 4790
4261 4791
4262 4792
4263 4793
4264 4794
4265 4795
4266 4796
4267 4797
4268 4798
4269 4799
4270 4800
4271 48
4272 480
4273 4801
4274 4802
4275 4803
4276 4804
4277 4805
4278 4806
4279 4807
4280 4808
4281 4809
4282 481
4283 4810
4284 4811
4285 4812
4286 4813
4287 4814
4288 4815
4289 4816
4290 4817
4291 4818
4292 4819
4293 482
4294 4820
4295 4821
4296 4822
4297 4823
4298 4824
4299 4825
4300 4826
4301 4827
4302 4828
4303 4829
4304 483
4305 4830
4306 4831
4307 4832
4308 4833
4309 4834
4310 4835
4311 4836
4312 4837
4313 4838
4314 4839
4315 484
4316 4840
4317 4841
4318 4842
4319 4843
4320 4844
4321 4845
4322 4846
4323 4847
4324 4848
4325 4849
4326 485
4327 4850
4328 4851
4329 4852
4330 4853
4331 4854
4332 4855
4333 4856
4334 4857
4335 4858
4336 4859
4337 486
4338 4860
4339 4861
4340 4862
4341 4863
4342 4864
4343 4865
4344 4866
4345 4867
4346 4868
4347 4869
4348 487
4349 4870
4350 4871
4351 4872
4352 4873
4353 4874
4354 4875
4355 4876
4356 4877
4357 4878
4358 4879
4359 488
4360 4880
4361 4881
4362 4882
4363 4883
4364 4884
4365 4885
4366 4886
4367 4887
4368 4888
4369 4889
4370 489
4371 4890
4372 4891
4373 4892
4374 4893
4375 4894
4376 4895
4377 4896
4378 4897
4379 4898
4380 4899
4381 49
4382 490
4383 4900
4384 4901
4385 4902
4386 4903
4387 4904
4388 4905
4389 4906
4390 4907
4391 4908
4392 4909
4393 491
4394 4910
4395 4911
4396 4912
4397 4913
4398 4914
4399 4915
4400 4916
4401 4917
4402 4918
4403 4919
4404 492
4405 4920
4406 4921
4407 4922
4408 4923
4409 4924
4410 4925
4411 4926
4412 4927
4413 4928
4414 4929
4415 493
4416 4930
4417 4931
4418 4932
4419 4933
4420 4934
4421 4935
4422 4936
4423 4937
4424 4938
4425 4939
4426 494
4427 4940
4428 4941
4429 4942
4430 4943
4431 4944
4432 4945
4433 4946
4434 4947
4435 4948
4436 4949
4437 495
4438 4950
4439 4951
4440 4952
4441 4953
4442 4954
4443 4955
4444 4956
4445 4957
4446 4958
4447 4959
4448 496
4449 4960
4450 4961
4451 4962
4452 4963
4453 4964
4454 4965
4455 4966
4456 4967
4457 4968
4458 4969
4459 497
4460 4970
4461 4971
4462 4972
4463 4973
4464 4974
4465 4975
4466 4976
4467 4977
4468 4978
4469 4979
4470 498
4471 4980
4472 4981
4473 4982
4474 4983
4475 4984
4476 4985
4477 4986
4478 4987
4479 4988
4480 4989
4481 499
4482 4990
4483 4991
4484 4992
4485 4993
4486 4994
4487 4995
4488 4996
4489 4997
4490 4998
4491 4999
4492 5
4493 50
4494 500
4495 5000
4496 5001
4497 5002
4498 5003
4499 5004
4500 5005
4501 5006
4502 5007
4503 5008
4504 5009
4505 501
4506 5010
4507 5011
4508 5012
4509 5013
4510 5014
4511 5015
4512 5016
4513 5017
4514 5018
4515 5019
4516 502
4517 5020
4518 5021
4519 5022
4520 5023
4521 5024
4522 5025
4523 5026
4524 5027
4525 5028
4526 5029
4527 503
4528 5030
4529 5031
4530 5032
4531 5033
4532 5034
4533 5035
4534 5036
4535 5037
4536 5038
4537 5039
4538 504
4539 5040
4540 5041
4541 5042
4542 5043
4543 5044
4544 5045
4545 5046
4546 5048
4547 5049
4548 505
4549 5050
4550 5051
4551 5052
4552 5053
4553 5054
4554 5055
4555 5056
4556 5057
4557 5058
4558 5059
4559 506
4560 5060
4561 5061
4562 5062
4563 5063
4564 5064
4565 5065
4566 5066
4567 5067
4568 5068
4569 5069
4570 507
4571 5070
4572 5071
4573 5072
4574 5073
4575 5074
4576 5075
4577 5076
4578 5078
4579 5079
4580 508
4581 5080
4582 5081
4583 5082
4584 5083
4585 5084
4586 5085
4587 5086
4588 5087
4589 5088
4590 5089
4591 509
4592 5090
4593 5091
4594 5092
4595 5093
4596 5094
4597 5095
4598 5096
4599 5097
4600 5098
4601 5099
4602 51
4603 510
4604 5100
4605 5101
4606 5102
4607 5103
4608 5104
4609 5105
4610 5106
4611 5107
4612 5108
4613 5109
4614 511
4615 5110
4616 5111
4617 5112
4618 5113
4619 5114
4620 5115
4621 5116
4622 5117
4623 5118
4624 5119
4625 512
4626 5120
4627 5121
4628 5122
4629 5123
4630 5124
4631 5125
4632 5126
4633 5127
4634 5128
4635 5129
4636 513
4637 5130
4638 5131
4639 5132
4640 5133
4641 5134
4642 5135
4643 5136
4644 5137
4645 5138
4646 5139
4647 5140
4648 514
4649 5141
4650 5142
4651 5143
4652 5144
4653 5145
4654 5146
4655 5147
4656 5148
4657 5149
4658 515
4659 5150
4660 5151
4661 5152
4662 5153
4663 5154
4664 5155
4665 5156
4666 5157
4667 5158
4668 5159
4669 516
4670 5160
4671 5161
4672 5162
4673 5163
4674 5164
4675 5165
4676 5166
4677 5167
4678 5168
4679 5169
4680 517
4681 5170
4682 5171
4683 5172
4684 5173
4685 5174
4686 5175
4687 5176
4688 5177
4689 5178
4690 5179
4691 518
4692 5180
4693 5182
4694 5183
4695 5184
4696 5185
4697 5186
4698 5187
4699 5188
4700 5189
4701 519
4702 5190
4703 5191
4704 5192
4705 5193
4706 5194
4707 5195
4708 5196
4709 5197
4710 5198
4711 5199
4712 52
4713 520
4714 5200
4715 5201
4716 5202
4717 5203
4718 5204
4719 5205
4720 5206
4721 5207
4722 5208
4723 5209
4724 521
4725 5210
4726 5211
4727 5212
4728 5213
4729 5214
4730 5215
4731 5216
4732 5217
4733 5218
4734 5219
4735 522
4736 5220
4737 5221
4738 5222
4739 5223
4740 5224
4741 5225
4742 5226
4743 5227
4744 5228
4745 5229
4746 523
4747 5230
4748 5231
4749 5232
4750 5233
4751 5234
4752 5235
4753 5236
4754 5237
4755 5238
4756 5239
4757 524
4758 5240
4759 5241
4760 5242
4761 5243
4762 5244
4763 5245
4764 5246
4765 5247
4766 5248
4767 5249
4768 525
4769 5250
4770 5251
4771 5252
4772 5253
4773 5254
4774 5255
4775 5256
4776 5257
4777 5258
4778 5259
4779 526
4780 5260
4781 5261
4782 5262
4783 5263
4784 5264
4785 5265
4786 5266
4787 5267
4788 5268
4789 5269
4790 527
4791 5270
4792 5271
4793 5272
4794 5273
4795 5274
4796 5275
4797 5276
4798 5277
4799 5278
4800 5279
4801 528
4802 5280
4803 5281
4804 5282
4805 5283
4806 5284
4807 5285
4808 5286
4809 5287
4810 5288
4811 5289
4812 529
4813 5290
4814 5291
4815 5292
4816 5293
4817 5294
4818 5295
4819 5296
4820 5297
4821 5299
4822 53
4823 530
4824 5300
4825 5301
4826 5302
4827 5303
4828 5304
4829 5305
4830 5306
4831 5307
4832 5308
4833 531
4834 5310
4835 5311
4836 5312
4837 5313
4838 5314
4839 5315
4840 5316
4841 5317
4842 5318
4843 5319
4844 5320
4845 5321
4846 5322
4847 5323
4848 5324
4849 5325
4850 5326
4851 5327
4852 5328
4853 5329
4854 533
4855 5330
4856 5331
4857 5332
4858 5333
4859 5334
4860 5335
4861 5336
4862 5337
4863 5338
4864 5339
4865 534
4866 5340
4867 5341
4868 5342
4869 5343
4870 5344
4871 5345
4872 5346
4873 5347
4874 5348
4875 5349
4876 535
4877 5350
4878 5351
4879 5352
4880 5353
4881 5354
4882 5355
4883 5356
4884 5357
4885 5358
4886 5359
4887 536
4888 5360
4889 5361
4890 5362
4891 5363
4892 5364
4893 5365
4894 5366
4895 5367
4896 5368
4897 5369
4898 537
4899 5370
4900 5371
4901 5372
4902 5373
4903 5374
4904 5375
4905 5376
4906 5377
4907 5378
4908 5379
4909 538
4910 5380
4911 5381
4912 5382
4913 5383
4914 5384
4915 5385
4916 5386
4917 5387
4918 5388
4919 5389
4920 539
4921 5390
4922 5391
4923 5392
4924 5393
4925 5394
4926 5395
4927 5396
4928 5397
4929 5398
4930 5399
4931 54
4932 540
4933 541
4934 5400
4935 5401
4936 5402
4937 5403
4938 5404
4939 5405
4940 5406
4941 5407
4942 5408
4943 5409
4944 5410
4945 5411
4946 5412
4947 5413
4948 5414
4949 5415
4950 5416
4951 5417
4952 5418
4953 5419
4954 542
4955 5420
4956 5421
4957 5422
4958 5423
4959 5424
4960 5425
4961 5426
4962 5427
4963 5428
4964 5429
4965 5430
4966 5431
4967 5432
4968 5433
4969 5434
4970 5435
4971 5436
4972 5437
4973 5438
4974 5439
4975 544
4976 5440
4977 5441
4978 5442
4979 5443
4980 5444
4981 5445
4982 5446
4983 5447
4984 5448
4985 5449
4986 545
4987 5450
4988 5451
4989 5452
4990 5453
4991 5454
4992 5455
4993 5456
4994 5457
4995 5458
4996 5459
4997 546
4998 5460
4999 5461
5000 5462
5001 5463
5002 5464
5003 5465
5004 5466
5005 5467
5006 5468
5007 5469
5008 547
5009 5470
5010 5471
5011 5472
5012 5473
5013 5474
5014 5475
5015 5476
5016 5477
5017 5478
5018 5479
5019 548
5020 5480
5021 5481
5022 5482
5023 5483
5024 5484
5025 5485
5026 5486
5027 5487
5028 5488
5029 5489
5030 549
5031 5490
5032 5491
5033 5492
5034 5493
5035 5494
5036 5495
5037 5496
5038 5497
5039 5498
5040 5499
5041 55
5042 550
5043 5500
5044 5501
5045 5502
5046 5503
5047 5504
5048 5505
5049 5506
5050 5507
5051 5508
5052 5509
5053 551
5054 5510
5055 5511
5056 5512
5057 5514
5058 5515
5059 5517
5060 5518
5061 5519
5062 5520
5063 5521
5064 5522
5065 5523
5066 5524
5067 5525
5068 552
5069 5526
5070 5527
5071 5528
5072 5529
5073 553
5074 5530
5075 5531
5076 5532
5077 5533
5078 5534
5079 5535
5080 5536
5081 5537
5082 5538
5083 5539
5084 554
5085 5540
5086 5541
5087 5542
5088 5543
5089 5544
5090 5545
5091 5546
5092 5547
5093 5548
5094 5549
5095 555
5096 5550
5097 5551
5098 5552
5099 5553
5100 5554
5101 5555
5102 5556
5103 5557
5104 5558
5105 5559
5106 556
5107 5560
5108 5561
5109 5562
5110 5563
5111 5564
5112 5565
5113 5566
5114 5567
5115 5568
5116 5569
5117 557
5118 5570
5119 5571
5120 5572
5121 5573
5122 5574
5123 5575
5124 5576
5125 5577
5126 5578
5127 5579
5128 558
5129 5580
5130 5581
5131 5582
5132 5583
5133 5584
5134 5585
5135 5586
5136 5587
5137 5588
5138 5589
5139 559
5140 5590
5141 5591
5142 5592
5143 5593
5144 5594
5145 5595
5146 5596
5147 5597
5148 5598
5149 5599
5150 56
5151 560
5152 5600
5153 5601
5154 5602
5155 5603
5156 5604
5157 5605
5158 5606
5159 5607
5160 5608
5161 5609
5162 561
5163 5610
5164 5611
5165 5612
5166 5613
5167 5614
5168 5615
5169 5616
5170 5617
5171 5618
5172 5619
5173 562
5174 5620
5175 5621
5176 5622
5177 5623
5178 5624
5179 5625
5180 5626
5181 5627
5182 5628
5183 5629
5184 563
5185 5630
5186 5631
5187 5632
5188 5633
5189 5634
5190 5635
5191 5636
5192 5637
5193 5638
5194 5639
5195 564
5196 5640
5197 5641
5198 5642
5199 5643
5200 5644
5201 5645
5202 5646
5203 5647
5204 5648
5205 5649
5206 565
5207 5650
5208 5651
5209 5652
5210 5653
5211 5654
5212 5655
5213 5656
5214 5657
5215 5658
5216 5659
5217 566
5218 5660
5219 5661
5220 5662
5221 5663
5222 5664
5223 5665
5224 5666
5225 5667
5226 5668
5227 5669
5228 567
5229 5670
5230 5671
5231 5672
5232 5673
5233 5674
5234 5675
5235 5676
5236 5677
5237 5678
5238 5679
5239 568
5240 569
5241 5680
5242 5681
5243 5682
5244 5683
5245 5684
5246 5685
5247 5686
5248 5687
5249 5688
5250 5689
5251 5690
5252 5691
5253 5692
5254 5693
5255 5694
5256 5695
5257 5696
5258 5697
5259 5698
5260 5699
5261 57
5262 570
5263 5700
5264 5701
5265 5702
5266 5703
5267 5704
5268 5705
5269 5706
5270 5707
5271 5708
5272 5709
5273 571
5274 5710
5275 5711
5276 5712
5277 5713
5278 5714
5279 5715
5280 5716
5281 5717
5282 5718
5283 5719
5284 5720
5285 5721
5286 5722
5287 5723
5288 5724
5289 5725
5290 5726
5291 5727
5292 5728
5293 5729
5294 573
5295 5730
5296 5731
5297 5732
5298 5733
5299 5734
5300 5735
5301 5736
5302 5737
5303 5738
5304 5739
5305 574
5306 5740
5307 5741
5308 5742
5309 5743
5310 5744
5311 5745
5312 5746
5313 5747
5314 5748
5315 5749
5316 575
5317 5750
5318 5751
5319 5752
5320 5753
5321 5754
5322 5755
5323 5756
5324 5757
5325 5758
5326 5759
5327 576
5328 5760
5329 5761
5330 5762
5331 5763
5332 5764
5333 5765
5334 5766
5335 5767
5336 5768
5337 5769
5338 577
5339 5770
5340 5771
5341 5772
5342 5773
5343 5774
5344 5775
5345 5776
5346 5777
5347 5778
5348 5779
5349 5780
5350 578
5351 5781
5352 5782
5353 5783
5354 5784
5355 5785
5356 5786
5357 5787
5358 5788
5359 5789
5360 579
5361 5790
5362 5791
5363 5792
5364 5793
5365 5794
5366 5795
5367 5796
5368 5797
5369 5798
5370 5799
5371 58
5372 580
5373 5800
5374 5801
5375 5802
5376 5803
5377 5804
5378 5805
5379 5806
5380 5807
5381 5808
5382 5809
5383 5810
5384 5811
5385 5812
5386 5813
5387 5814
5388 5815
5389 5816
5390 5817
5391 5818
5392 5819
5393 582
5394 5820
5395 5821
5396 5822
5397 5823
5398 5824
5399 5825
5400 5826
5401 5827
5402 5828
5403 5829
5404 5830
5405 583
5406 5831
5407 5832
5408 5833
5409 5834
5410 5835
5411 5836
5412 5837
5413 5838
5414 5839
5415 5840
5416 5841
5417 5842
5418 5843
5419 5844
5420 5845
5421 5846
5422 5847
5423 5848
5424 5849
5425 585
5426 5850
5427 5851
5428 5852
5429 5853
5430 5854
5431 5855
5432 5856
5433 5857
5434 5858
5435 5859
5436 586
5437 5860
5438 5861
5439 5862
5440 5863
5441 5864
5442 5865
5443 5866
5444 5867
5445 5868
5446 5869
5447 587
5448 5870
5449 5871
5450 5872
5451 5873
5452 5874
5453 5875
5454 5876
5455 5877
5456 5878
5457 5879
5458 588
5459 5880
5460 5881
5461 5882
5462 5883
5463 5884
5464 5885
5465 5886
5466 5887
5467 5888
5468 5889
5469 589
5470 5890
5471 5891
5472 5892
5473 5893
5474 5894
5475 5895
5476 5896
5477 5897
5478 5898
5479 5899
5480 59
5481 590
5482 5900
5483 5901
5484 5902
5485 5903
5486 5904
5487 5905
5488 5906
5489 5907
5490 5908
5491 5909
5492 591
5493 5910
5494 5911
5495 5912
5496 5913
5497 5914
5498 5915
5499 5916
5500 5917
5501 5918
5502 5919
5503 592
5504 5920
5505 5921
5506 5922
5507 5923
5508 5924
5509 5925
5510 5926
5511 5927
5512 5928
5513 5929
5514 593
5515 5930
5516 5931
5517 5932
5518 5933
5519 5934
5520 5935
5521 5936
5522 5937
5523 5938
5524 5939
5525 594
5526 5940
5527 5941
5528 5942
5529 5943
5530 5944
5531 5945
5532 5946
5533 5947
5534 5948
5535 5949
5536 595
5537 5950
5538 5951
5539 5952
5540 5953
5541 5954
5542 5955
5543 5956
5544 5957
5545 5958
5546 5959
5547 596
5548 5960
5549 5961
5550 5962
5551 5963
5552 5964
5553 5965
5554 5966
5555 5967
5556 5968
5557 5969
5558 597
5559 5970
5560 5971
5561 5972
5562 5973
5563 5974
5564 5975
5565 5976
5566 5977
5567 5978
5568 5979
5569 598
5570 5980
5571 5981
5572 5982
5573 5983
5574 5984
5575 5985
5576 5986
5577 5987
5578 5988
5579 5989
5580 599
5581 5990
5582 5991
5583 5992
5584 5993
5585 5994
5586 5995
5587 5996
5588 5997
5589 5998
5590 5999
5591 6
5592 60
5593 600
5594 6000
5595 6001
5596 6002
5597 6003
5598 6004
5599 6005
5600 6006
5601 6007
5602 6008
5603 6009
5604 601
5605 6010
5606 6011
5607 6012
5608 6013
5609 6014
5610 6015
5611 6016
5612 6017
5613 6018
5614 6019
5615 602
5616 6020
5617 6021
5618 6022
5619 6023
5620 6024
5621 6025
5622 6026
5623 6027
5624 6028
5625 6029
5626 603
5627 6030
5628 6031
5629 6032
5630 6033
5631 6034
5632 6035
5633 6036
5634 6037
5635 6038
5636 6039
5637 604
5638 6040
5639 6041
5640 6042
5641 6043
5642 6044
5643 6045
5644 6046
5645 6047
5646 6048
5647 6049
5648 605
5649 6050
5650 6051
5651 6052
5652 6053
5653 6054
5654 6055
5655 6056
5656 6057
5657 6058
5658 6059
5659 606
5660 6060
5661 6061
5662 6062
5663 6152
5664 6153
5665 6154
5666 6155
5667 6156
5668 6157
5669 6158
5670 6159
5671 6160
5672 6161
5673 6162
5674 6163
5675 6164
5676 6063
5677 6064
5678 6065
5679 6066
5680 6067
5681 6068
5682 6069
5683 607
5684 6070
5685 6071
5686 6072
5687 6073
5688 6074
5689 6075
5690 6076
5691 6077
5692 6078
5693 6079
5694 608
5695 6080
5696 6081
5697 6082
5698 6083
5699 6084
5700 6085
5701 6086
5702 6087
5703 6088
5704 6089
5705 609
5706 6090
5707 6091
5708 6092
5709 6093
5710 6094
5711 6095
5712 6096
5713 6097
5714 6098
5715 6099
5716 61
5717 610
5718 6100
5719 6101
5720 6102
5721 6103
5722 6104
5723 6105
5724 6106
5725 6107
5726 6108
5727 6109
5728 611
5729 6110
5730 6111
5731 6112
5732 6113
5733 6114
5734 6115
5735 6116
5736 6117
5737 6118
5738 6119
5739 612
5740 6120
5741 6121
5742 6122
5743 6123
5744 6124
5745 6125
5746 6126
5747 6127
5748 6128
5749 6129
5750 613
5751 6130
5752 6131
5753 6132
5754 6133
5755 6134
5756 6135
5757 6136
5758 6137
5759 6138
5760 6139
5761 614
5762 6140
5763 6141
5764 6142
5765 6143
5766 6144
5767 6145
5768 6146
5769 6147
5770 6148
5771 6149
5772 615
5773 6150
5774 6151
5775 616
5776 6165
5777 6166
5778 6167
5779 6168
5780 6169
5781 6170
5782 6171
5783 6172
5784 6173
5785 6174
5786 6175
5787 6176
5788 6177
5789 6178
5790 6179
5791 618
5792 6180
5793 6181
5794 6182
5795 6184
5796 6185
5797 6186
5798 6187
5799 6188
5800 6189
5801 619
5802 6190
5803 6191
5804 6192
5805 6193
5806 6194
5807 6195
5808 6196
5809 6197
5810 6198
5811 6199
5812 62
5813 620
5814 6200
5815 6201
5816 6202
5817 6203
5818 6204
5819 6205
5820 6206
5821 6207
5822 6208
5823 6209
5824 621
5825 6210
5826 6211
5827 6212
5828 6213
5829 6214
5830 6215
5831 6216
5832 6217
5833 6218
5834 6219
5835 622
5836 6220
5837 6221
5838 6222
5839 6223
5840 6224
5841 6225
5842 6226
5843 6227
5844 6228
5845 6229
5846 623
5847 6230
5848 6231
5849 6232
5850 6233
5851 6234
5852 6235
5853 6236
5854 6237
5855 6238
5856 6239
5857 6240
5858 6241
5859 6242
5860 624
5861 6243
5862 6244
5863 6245
5864 6246
5865 6247
5866 6248
5867 6249
5868 625
5869 6250
5870 6251
5871 6252
5872 6253
5873 6254
5874 6255
5875 6256
5876 6257
5877 6258
5878 6259
5879 626
5880 6260
5881 6261
5882 6262
5883 6263
5884 6264
5885 6265
5886 6266
5887 6267
5888 6268
5889 6269
5890 627
5891 6270
5892 6271
5893 6272
5894 6273
5895 6274
5896 6275
5897 6276
5898 6277
5899 6278
5900 6279
5901 628
5902 6280
5903 6281
5904 6282
5905 6283
5906 6284
5907 6285
5908 6286
5909 6287
5910 6288
5911 6289
5912 629
5913 6291
5914 6292
5915 6293
5916 6294
5917 6295
5918 6296
5919 6297
5920 6298
5921 6299
5922 63
5923 630
5924 6300
5925 6301
5926 6302
5927 6303
5928 6304
5929 6305
5930 6306
5931 6307
5932 6308
5933 6309
5934 631
5935 6310
5936 6311
5937 6312
5938 6313
5939 6314
5940 6315
5941 6316
5942 6317
5943 6318
5944 6319
5945 632
5946 6320
5947 6321
5948 6322
5949 6323
5950 6324
5951 6325
5952 6326
5953 6327
5954 6328
5955 6329
5956 633
5957 6330
5958 6331
5959 6332
5960 6333
5961 6334
5962 6335
5963 6336
5964 6337
5965 6338
5966 6339
5967 634
5968 6340
5969 6341
5970 6342
5971 6343
5972 6344
5973 6345
5974 6346
5975 6347
5976 6348
5977 6349
5978 635
5979 6350
5980 6351
5981 6352
5982 6353
5983 6354
5984 6355
5985 6356
5986 6357
5987 6358
5988 6359
5989 636
5990 637
5991 638
5992 6360
5993 6361
5994 6362
5995 6363
5996 6364
5997 6365
5998 6366
5999 6367
6000 6368
6001 6369
6002 6370
6003 6371
6004 6372
6005 6373
6006 6374
6007 6375
6008 6376
6009 6377
6010 6378
6011 6379
6012 6380
6013 6381
6014 6382
6015 6383
6016 6384
6017 6385
6018 6386
6019 6387
6020 6388
6021 6389
6022 639
6023 6390
6024 6391
6025 6392
6026 6393
6027 6394
6028 6395
6029 6396
6030 6397
6031 6398
6032 6399
6033 64
6034 640
6035 6400
6036 6401
6037 6402
6038 6403
6039 6404
6040 6405
6041 6406
6042 6407
6043 6408
6044 6409
6045 6410
6046 6411
6047 6412
6048 6413
6049 6414
6050 6415
6051 6416
6052 6417
6053 6418
6054 6419
6055 642
6056 6420
6057 6421
6058 6422
6059 6423
6060 6424
6061 6425
6062 6426
6063 6427
6064 6428
6065 6429
6066 643
6067 6430
6068 6431
6069 6432
6070 6433
6071 6434
6072 6435
6073 6436
6074 6437
6075 6438
6076 6439
6077 644
6078 6440
6079 6441
6080 6442
6081 6443
6082 6444
6083 6445
6084 6446
6085 6447
6086 6448
6087 6449
6088 645
6089 6450
6090 6451
6091 6452
6092 6453
6093 6454
6094 6455
6095 6456
6096 6457
6097 6458
6098 6459
6099 646
6100 6460
6101 6461
6102 6462
6103 6463
6104 6464
6105 6465
6106 6466
6107 6467
6108 6468
6109 6469
6110 6470
6111 6471
6112 6472
6113 6473
6114 6474
6115 647
6116 6475
6117 6476
6118 6477
6119 6478
6120 6479
6121 648
6122 6480
6123 6481
6124 6482
6125 6483
6126 6484
6127 6485
6128 6486
6129 6487
6130 6488
6131 6489
6132 649
6133 6490
6134 6491
6135 6492
6136 6493
6137 6494
6138 6495
6139 6496
6140 6497
6141 6498
6142 6499
6143 65
6144 650
6145 6501
6146 6502
6147 6503
6148 6504
6149 6505
6150 6506
6151 6507
6152 6508
6153 6509
6154 651
6155 6510
6156 6511
6157 6512
6158 6513
6159 6515
6160 6516
6161 6517
6162 6518
6163 6519
6164 652
6165 6520
6166 6521
6167 6522
6168 6523
6169 6524
6170 6525
6171 6526
6172 6527
6173 6528
6174 6529
6175 653
6176 6530
6177 6531
6178 6532
6179 6533
6180 6534
6181 6535
6182 6536
6183 6537
6184 6538
6185 6539
6186 654
6187 6540
6188 6541
6189 6542
6190 6543
6191 6544
6192 6545
6193 6546
6194 6547
6195 6548
6196 6549
6197 655
6198 6550
6199 6551
6200 6552
6201 6553
6202 6554
6203 6555
6204 6556
6205 6557
6206 6558
6207 6559
6208 656
6209 6560
6210 6561
6211 6562
6212 6563
6213 6564
6214 6565
6215 6566
6216 6567
6217 6568
6218 6569
6219 657
6220 6570
6221 6571
6222 6572
6223 6573
6224 6574
6225 6575
6226 6576
6227 6577
6228 6578
6229 6579
6230 658
6231 6580
6232 6581
6233 6582
6234 6583
6235 6584
6236 6585
6237 6586
6238 6587
6239 6588
6240 6589
6241 659
6242 6590
6243 6591
6244 6592
6245 6593
6246 6594
6247 6595
6248 6596
6249 6597
6250 6598
6251 6599
6252 66
6253 660
6254 6600
6255 6601
6256 6602
6257 6603
6258 6604
6259 6605
6260 6606
6261 6607
6262 6608
6263 6609
6264 661
6265 6610
6266 6611
6267 6612
6268 6613
6269 6614
6270 6615
6271 6616
6272 6617
6273 6618
6274 6619
6275 6620
6276 6621
6277 6622
6278 6623
6279 6624
6280 6625
6281 6626
6282 6627
6283 6628
6284 6629
6285 663
6286 6630
6287 6631
6288 6632
6289 6633
6290 6634
6291 6635
6292 6636
6293 6637
6294 6638
6295 6639
6296 664
6297 6640
6298 6641
6299 6642
6300 6643
6301 6644
6302 6645
6303 6646
6304 6647
6305 6648
6306 6649
6307 665
6308 6650
6309 6651
6310 6652
6311 6653
6312 6654
6313 6655
6314 6656
6315 6657
6316 6658
6317 6659
6318 666
6319 6660
6320 6661
6321 6662
6322 6663
6323 6664
6324 6665
6325 7007
6326 6666
6327 6667
6328 6668
6329 6669
6330 667
6331 6670
6332 6671
6333 6672
6334 6673
6335 6674
6336 6675
6337 6676
6338 6677
6339 6678
6340 6679
6341 668
6342 6680
6343 6681
6344 6682
6345 6683
6346 6684
6347 6685
6348 6686
6349 6687
6350 6688
6351 6689
6352 669
6353 6690
6354 6691
6355 6692
6356 6693
6357 6696
6358 6697
6359 6698
6360 6699
6361 6700
6362 67
6363 670
6364 7313
6365 6701
6366 6702
6367 6703
6368 6704
6369 6705
6370 6706
6371 6707
6372 6708
6373 6709
6374 671
6375 6710
6376 6711
6377 6712
6378 6713
6379 6714
6380 6715
6381 6716
6382 6717
6383 6718
6384 6719
6385 672
6386 6720
6387 6721
6388 6722
6389 6723
6390 6724
6391 6725
6392 6726
6393 6727
6394 6728
6395 6729
6396 673
6397 6730
6398 6731
6399 6732
6400 6733
6401 6734
6402 6735
6403 6736
6404 6737
6405 6738
6406 6739
6407 6740
6408 674
6409 6741
6410 6742
6411 6743
6412 6744
6413 6745
6414 6746
6415 6747
6416 6748
6417 6749
6418 675
6419 6750
6420 6751
6421 873
6422 6752
6423 6753
6424 6754
6425 6755
6426 6756
6427 6757
6428 6758
6429 6759
6430 676
6431 6760
6432 6761
6433 6762
6434 6763
6435 6764
6436 6765
6437 6766
6438 6767
6439 6768
6440 6769
6441 677
6442 6770
6443 6771
6444 6773
6445 6774
6446 6775
6447 6777
6448 6778
6449 6779
6450 6780
6451 6781
6452 6782
6453 6783
6454 6784
6455 6785
6456 6786
6457 6787
6458 6788
6459 6789
6460 6790
6461 6791
6462 6792
6463 6793
6464 6794
6465 6795
6466 6796
6467 6797
6468 6798
6469 6799
6470 68
6471 680
6472 6800
6473 6801
6474 6802
6475 6803
6476 6804
6477 6805
6478 6806
6479 6807
6480 6808
6481 681
6482 6811
6483 6812
6484 6813
6485 6814
6486 6815
6487 6816
6488 6817
6489 6818
6490 6819
6491 682
6492 6820
6493 6821
6494 6822
6495 6823
6496 6824
6497 6825
6498 6826
6499 6827
6500 6828
6501 6829
6502 683
6503 6830
6504 6831
6505 6832
6506 6833
6507 6834
6508 6835
6509 6836
6510 6837
6511 6838
6512 6839
6513 684
6514 6840
6515 6841
6516 6842
6517 6843
6518 6844
6519 6845
6520 6846
6521 6847
6522 6848
6523 6849
6524 685
6525 6850
6526 6851
6527 6852
6528 6853
6529 6854
6530 6855
6531 6856
6532 6857
6533 6858
6534 6859
6535 686
6536 6860
6537 6861
6538 6862
6539 6863
6540 6864
6541 6865
6542 6866
6543 6867
6544 6868
6545 6869
6546 687
6547 6870
6548 6871
6549 6872
6550 6873
6551 6874
6552 6875
6553 6876
6554 6877
6555 6878
6556 6879
6557 688
6558 6880
6559 6881
6560 6882
6561 6883
6562 6884
6563 6885
6564 6886
6565 6887
6566 6888
6567 6889
6568 689
6569 6890
6570 6891
6571 6892
6572 6893
6573 6894
6574 6895
6575 6896
6576 6897
6577 6898
6578 6899
6579 69
6580 690
6581 6900
6582 6901
6583 6902
6584 6903
6585 6904
6586 6905
6587 6906
6588 6907
6589 6908
6590 6909
6591 691
6592 6910
6593 6911
6594 6912
6595 6913
6596 6914
6597 6915
6598 6916
6599 6917
6600 6918
6601 6919
6602 692
6603 6920
6604 6921
6605 6922
6606 6923
6607 6924
6608 6925
6609 6926
6610 6927
6611 6928
6612 6929
6613 693
6614 6930
6615 6931
6616 6932
6617 6933
6618 6934
6619 6935
6620 6936
6621 6937
6622 6938
6623 6939
6624 694
6625 6940
6626 6941
6627 6942
6628 6943
6629 6944
6630 6945
6631 6946
6632 6947
6633 6948
6634 6949
6635 695
6636 6950
6637 6951
6638 6952
6639 6953
6640 6954
6641 6955
6642 6956
6643 6957
6644 6958
6645 6959
6646 696
6647 6960
6648 6961
6649 6962
6650 6963
6651 6964
6652 6965
6653 6966
6654 6967
6655 6968
6656 6969
6657 697
6658 6970
6659 6971
6660 6972
6661 6973
6662 6974
6663 6975
6664 6976
6665 6977
6666 6978
6667 6979
6668 6980
6669 6981
6670 6982
6671 6983
6672 698
6673 6984
6674 6985
6675 6986
6676 6987
6677 6988
6678 6989
6679 699
6680 6990
6681 6991
6682 6992
6683 6993
6684 6994
6685 6995
6686 6996
6687 6997
6688 6998
6689 6999
6690 70
6691 700
6692 7000
6693 7001
6694 7002
6695 7003
6696 7004
6697 7005
6698 7006
6699 7008
6700 7009
6701 701
6702 7010
6703 7011
6704 7012
6705 7013
6706 7014
6707 7015
6708 7016
6709 7017
6710 7018
6711 7019
6712 702
6713 7020
6714 7021
6715 7022
6716 7023
6717 7024
6718 7025
6719 7026
6720 7027
6721 7028
6722 7029
6723 703
6724 7030
6725 7031
6726 7032
6727 7033
6728 7034
6729 7035
6730 7036
6731 7037
6732 7038
6733 7039
6734 704
6735 7040
6736 7041
6737 7042
6738 7043
6739 7044
6740 7045
6741 7046
6742 7047
6743 7048
6744 7049
6745 705
6746 7050
6747 7051
6748 7052
6749 7053
6750 7054
6751 7055
6752 7056
6753 7057
6754 7058
6755 7059
6756 706
6757 7060
6758 7061
6759 7062
6760 7063
6761 7064
6762 7065
6763 7066
6764 7067
6765 7068
6766 7069
6767 707
6768 7070
6769 7071
6770 7072
6771 7073
6772 7074
6773 7075
6774 7076
6775 7077
6776 7078
6777 7079
6778 708
6779 7080
6780 7081
6781 7082
6782 7083
6783 7084
6784 7085
6785 7086
6786 7087
6787 7088
6788 7089
6789 709
6790 7090
6791 7091
6792 7092
6793 7093
6794 7094
6795 7095
6796 7096
6797 7097
6798 7098
6799 7099
6800 71
6801 7100
6802 7101
6803 7102
6804 7103
6805 7104
6806 7105
6807 7106
6808 7107
6809 7108
6810 7109
6811 711
6812 7110
6813 7111
6814 7112
6815 7113
6816 7114
6817 7115
6818 7116
6819 7117
6820 7118
6821 7119
6822 712
6823 7120
6824 7121
6825 7122
6826 7123
6827 7124
6828 7125
6829 7126
6830 7127
6831 7128
6832 7129
6833 713
6834 7130
6835 7131
6836 7132
6837 7133
6838 7134
6839 7135
6840 7136
6841 7137
6842 7138
6843 7139
6844 714
6845 7140
6846 7141
6847 7142
6848 7143
6849 7144
6850 7145
6851 7146
6852 7147
6853 7148
6854 7149
6855 715
6856 7150
6857 7151
6858 7152
6859 7153
6860 7154
6861 7155
6862 7156
6863 7157
6864 7158
6865 7159
6866 716
6867 7160
6868 7161
6869 7162
6870 7163
6871 7164
6872 7165
6873 7166
6874 7167
6875 7168
6876 7169
6877 717
6878 7170
6879 7171
6880 7172
6881 7173
6882 7174
6883 7175
6884 7176
6885 7177
6886 7178
6887 7179
6888 718
6889 7180
6890 7181
6891 7182
6892 7183
6893 7184
6894 7185
6895 7186
6896 7187
6897 7188
6898 7189
6899 719
6900 7190
6901 7191
6902 7192
6903 7193
6904 7194
6905 7195
6906 7196
6907 7197
6908 7198
6909 7199
6910 72
6911 720
6912 7200
6913 7201
6914 7202
6915 7203
6916 7204
6917 7205
6918 7206
6919 7207
6920 7208
6921 7209
6922 721
6923 7210
6924 7211
6925 7212
6926 7213
6927 7214
6928 7215
6929 7216
6930 7217
6931 7218
6932 7219
6933 722
6934 7220
6935 7221
6936 7222
6937 7223
6938 7224
6939 7225
6940 7226
6941 7227
6942 7228
6943 7229
6944 723
6945 7230
6946 7231
6947 7232
6948 7233
6949 7234
6950 7235
6951 7236
6952 7237
6953 7238
6954 7239
6955 724
6956 725
6957 7240
6958 7241
6959 7242
6960 7243
6961 7244
6962 7245
6963 7246
6964 7247
6965 7248
6966 7249
6967 7250
6968 7251
6969 7252
6970 7253
6971 7254
6972 7255
6973 7256
6974 7257
6975 7258
6976 7259
6977 726
6978 7260
6979 7261
6980 7262
6981 7263
6982 7264
6983 7265
6984 7266
6985 7267
6986 7268
6987 7269
6988 727
6989 7270
6990 7271
6991 7272
6992 7273
6993 7274
6994 7275
6995 7276
6996 7277
6997 7278
6998 7279
6999 728
7000 7280
7001 7281
7002 7282
7003 7283
7004 7284
7005 7285
7006 7286
7007 7287
7008 7288
7009 7289
7010 729
7011 7290
7012 7291
7013 7292
7014 7293
7015 7294
7016 7295
7017 7296
7018 7297
7019 7298
7020 7299
7021 730
7022 7300
7023 7301
7024 7302
7025 7303
7026 7304
7027 7305
7028 7306
7029 7307
7030 7308
7031 7309
7032 7310
7033 7311
7034 731
7035 7312
7036 7314
7037 7315
7038 7316
7039 7317
7040 7318
7041 7319
7042 732
7043 7320
7044 7321
7045 7322
7046 7323
7047 7324
7048 7325
7049 7326
7050 7327
7051 7328
7052 7329
7053 733
7054 7330
7055 7331
7056 7332
7057 7333
7058 7334
7059 7335
7060 7336
7061 7337
7062 7338
7063 7339
7064 734
7065 7340
7066 7341
7067 7342
7068 7343
7069 7344
7070 7345
7071 7346
7072 7347
7073 7348
7074 7349
7075 735
7076 7350
7077 7351
7078 7352
7079 7353
7080 7354
7081 7355
7082 7356
7083 7357
7084 7358
7085 7359
7086 736
7087 7360
7088 7361
7089 7362
7090 7363
7091 7364
7092 7365
7093 7366
7094 7367
7095 7368
7096 7369
7097 737
7098 7370
7099 7371
7100 7372
7101 7373
7102 7374
7103 7375
7104 7376
7105 7377
7106 7378
7107 7379
7108 738
7109 7380
7110 7381
7111 7382
7112 7383
7113 7384
7114 7385
7115 7386
7116 7387
7117 7388
7118 7389
7119 739
7120 7390
7121 7391
7122 7392
7123 7393
7124 7394
7125 7395
7126 7396
7127 7397
7128 7398
7129 7399
7130 74
7131 740
7132 7400
7133 7401
7134 7402
7135 7403
7136 7404
7137 7405
7138 7406
7139 7407
7140 7408
7141 7409
7142 741
7143 7410
7144 7411
7145 7412
7146 7413
7147 7414
7148 7415
7149 7416
7150 7417
7151 7418
7152 7419
7153 742
7154 7420
7155 7421
7156 7422
7157 7423
7158 7424
7159 7425
7160 7426
7161 7427
7162 7428
7163 7429
7164 743
7165 7430
7166 7431
7167 7432
7168 7433
7169 7434
7170 7435
7171 7436
7172 7437
7173 7438
7174 7439
7175 744
7176 7440
7177 7441
7178 7442
7179 7443
7180 7444
7181 7445
7182 7446
7183 7447
7184 7448
7185 7449
7186 745
7187 7450
7188 7451
7189 7452
7190 7453
7191 7454
7192 8032
7193 8033
7194 7455
7195 7456
7196 7457
7197 7458
7198 7459
7199 746
7200 7460
7201 7461
7202 7462
7203 7463
7204 7464
7205 7465
7206 7466
7207 7467
7208 7468
7209 7469
7210 747
7211 7470
7212 7471
7213 7472
7214 7473
7215 7474
7216 7475
7217 7476
7218 7477
7219 7478
7220 7479
7221 748
7222 7480
7223 7481
7224 7482
7225 7483
7226 7484
7227 7485
7228 7486
7229 7487
7230 7488
7231 7489
7232 749
7233 7490
7234 7491
7235 7492
7236 7493
7237 7494
7238 7495
7239 7496
7240 7497
7241 7499
7242 7500
7243 7501
7244 7502
7245 7503
7246 7504
7247 7505
7248 7506
7249 7507
7250 7508
7251 7509
7252 751
7253 7510
7254 7511
7255 7512
7256 7513
7257 7514
7258 7515
7259 7516
7260 7517
7261 7518
7262 7519
7263 752
7264 7520
7265 7521
7266 7522
7267 7523
7268 7524
7269 7525
7270 7526
7271 7527
7272 7528
7273 7529
7274 753
7275 7530
7276 7531
7277 7532
7278 7533
7279 7534
7280 7535
7281 7536
7282 7537
7283 7538
7284 7539
7285 754
7286 7540
7287 7541
7288 7542
7289 7543
7290 7544
7291 7545
7292 7546
7293 7547
7294 7548
7295 7549
7296 755
7297 7550
7298 7551
7299 7552
7300 7553
7301 7554
7302 7555
7303 7556
7304 7557
7305 7558
7306 7559
7307 756
7308 7560
7309 7561
7310 7562
7311 7563
7312 7564
7313 7565
7314 7566
7315 7567
7316 7568
7317 7569
7318 757
7319 7570
7320 7571
7321 7572
7322 7573
7323 7574
7324 7575
7325 7576
7326 7577
7327 7578
7328 7579
7329 758
7330 7580
7331 7581
7332 7582
7333 7583
7334 7584
7335 7585
7336 7586
7337 7587
7338 7588
7339 7589
7340 759
7341 7590
7342 7591
7343 7592
7344 7593
7345 7594
7346 7595
7347 7596
7348 7597
7349 7598
7350 7599
7351 76
7352 760
7353 7600
7354 7601
7355 7602
7356 7603
7357 7604
7358 7605
7359 7606
7360 7607
7361 7608
7362 7609
7363 761
7364 7610
7365 7611
7366 7612
7367 7613
7368 7614
7369 7615
7370 7616
7371 7617
7372 7618
7373 7619
7374 762
7375 7620
7376 7621
7377 7622
7378 7623
7379 7624
7380 7625
7381 7626
7382 7627
7383 7628
7384 7629
7385 763
7386 7630
7387 7631
7388 7632
7389 7633
7390 7634
7391 7635
7392 7636
7393 7637
7394 7638
7395 7639
7396 764
7397 7640
7398 7641
7399 7642
7400 7643
7401 7644
7402 7645
7403 7646
7404 7647
7405 7648
7406 7649
7407 765
7408 7650
7409 7651
7410 7652
7411 7653
7412 7654
7413 7655
7414 7656
7415 7657
7416 7658
7417 7659
7418 766
7419 7660
7420 7661
7421 7662
7422 7663
7423 7664
7424 7665
7425 7666
7426 7667
7427 7668
7428 7669
7429 767
7430 7670
7431 7671
7432 7672
7433 7673
7434 7674
7435 7675
7436 7676
7437 7677
7438 7678
7439 7679
7440 768
7441 7680
7442 7681
7443 7682
7444 7683
7445 7684
7446 7685
7447 7686
7448 7687
7449 7688
7450 7689
7451 769
7452 7690
7453 7691
7454 7692
7455 7693
7456 7694
7457 7695
7458 7696
7459 7697
7460 7698
7461 7699
7462 77
7463 770
7464 7700
7465 7701
7466 7702
7467 7703
7468 7704
7469 7705
7470 7706
7471 7707
7472 7708
7473 7709
7474 771
7475 7710
7476 7711
7477 7712
7478 7713
7479 7714
7480 7715
7481 7716
7482 7717
7483 7718
7484 7719
7485 772
7486 7720
7487 7721
7488 7722
7489 7723
7490 7724
7491 7725
7492 7726
7493 7727
7494 7728
7495 7729
7496 7730
7497 773
7498 7731
7499 7732
7500 7733
7501 7734
7502 7735
7503 7736
7504 7737
7505 7738
7506 7739
7507 774
7508 7740
7509 7741
7510 7742
7511 7743
7512 7744
7513 7745
7514 7746
7515 7747
7516 7748
7517 7749
7518 775
7519 7750
7520 7751
7521 7752
7522 7753
7523 7754
7524 7755
7525 7756
7526 7757
7527 7758
7528 7759
7529 776
7530 7760
7531 7761
7532 7762
7533 7763
7534 7764
7535 7765
7536 7766
7537 7767
7538 7768
7539 7769
7540 777
7541 7770
7542 7771
7543 7772
7544 7773
7545 7774
7546 7775
7547 7776
7548 7777
7549 7778
7550 7779
7551 778
7552 7780
7553 7781
7554 7782
7555 7783
7556 7784
7557 7785
7558 7786
7559 7787
7560 7788
7561 7789
7562 779
7563 7790
7564 7791
7565 7792
7566 7793
7567 7794
7568 7795
7569 7796
7570 7797
7571 7798
7572 7799
7573 78
7574 780
7575 7800
7576 7801
7577 7802
7578 7803
7579 7804
7580 7805
7581 7806
7582 7807
7583 7808
7584 7809
7585 781
7586 7810
7587 7811
7588 7812
7589 7813
7590 7814
7591 7815
7592 7816
7593 7817
7594 7818
7595 7819
7596 782
7597 7820
7598 7821
7599 7822
7600 7823
7601 7824
7602 7825
7603 7826
7604 7827
7605 7828
7606 7829
7607 783
7608 7830
7609 7831
7610 7832
7611 7833
7612 7834
7613 7835
7614 7836
7615 7837
7616 7838
7617 7839
7618 784
7619 7840
7620 7842
7621 7843
7622 7844
7623 7845
7624 7846
7625 7847
7626 7848
7627 7849
7628 7850
7629 7851
7630 7852
7631 7853
7632 7854
7633 785
7634 7855
7635 7856
7636 7857
7637 7858
7638 7859
7639 786
7640 7860
7641 7861
7642 7862
7643 7863
7644 7864
7645 7865
7646 7866
7647 7867
7648 7868
7649 7869
7650 787
7651 7870
7652 7871
7653 7872
7654 7873
7655 7874
7656 7875
7657 7876
7658 7877
7659 7878
7660 7879
7661 788
7662 7880
7663 7881
7664 7882
7665 7883
7666 7884
7667 7885
7668 7886
7669 7887
7670 7888
7671 7889
7672 789
7673 7890
7674 7891
7675 7892
7676 7893
7677 7894
7678 7895
7679 7896
7680 7897
7681 7898
7682 7899
7683 79
7684 790
7685 7900
7686 7901
7687 7902
7688 7903
7689 7904
7690 7905
7691 7906
7692 7907
7693 7909
7694 791
7695 7910
7696 7911
7697 7912
7698 7913
7699 7914
7700 7915
7701 7916
7702 7917
7703 7918
7704 7919
7705 792
7706 7920
7707 7921
7708 7922
7709 7923
7710 7924
7711 7925
7712 7926
7713 7927
7714 7928
7715 7929
7716 793
7717 7930
7718 7931
7719 7932
7720 7933
7721 7934
7722 7935
7723 7936
7724 7937
7725 7938
7726 7939
7727 794
7728 7940
7729 7941
7730 7942
7731 7943
7732 7944
7733 7945
7734 7946
7735 7947
7736 7948
7737 7949
7738 795
7739 7950
7740 7951
7741 7952
7742 7953
7743 7954
7744 7955
7745 7956
7746 7957
7747 7958
7748 7959
7749 796
7750 7960
7751 7961
7752 7962
7753 7963
7754 7964
7755 7965
7756 7966
7757 7967
7758 7968
7759 7969
7760 797
7761 7970
7762 7971
7763 7972
7764 7973
7765 7974
7766 7975
7767 7976
7768 7977
7769 7978
7770 7979
7771 798
7772 7980
7773 7981
7774 7982
7775 7983
7776 7984
7777 7985
7778 7986
7779 7987
7780 7988
7781 7989
7782 799
7783 7990
7784 7991
7785 7992
7786 7993
7787 7994
7788 7995
7789 7996
7790 7997
7791 7998
7792 7999
7793 80
7794 800
7795 8000
7796 8001
7797 8002
7798 8003
7799 8004
7800 8005
7801 8006
7802 8007
7803 8008
7804 8009
7805 801
7806 8010
7807 8011
7808 8012
7809 8013
7810 8014
7811 8015
7812 8016
7813 8017
7814 8018
7815 8019
7816 8020
7817 802
7818 8021
7819 8022
7820 8023
7821 8024
7822 8025
7823 8026
7824 8027
7825 8028
7826 8029
7827 803
7828 8030
7829 8031
7830 8034
7831 8035
7832 8036
7833 8037
7834 8039
7835 804
7836 8040
7837 8041
7838 8042
7839 8043
7840 8044
7841 8045
7842 8046
7843 8047
7844 8048
7845 8049
7846 8050
7847 8051
7848 8052
7849 8053
7850 8054
7851 806
7852 807
7853 808
7854 809
7855 81
7856 810
7857 811
7858 812
7859 813
7860 814
7861 815
7862 816
7863 817
7864 818
7865 819
7866 82
7867 821
7868 822
7869 823
7870 824
7871 825
7872 826
7873 827
7874 828
7875 829
7876 83
7877 830
7878 831
7879 832
7880 833
7881 834
7882 835
7883 836
7884 837
7885 838
7886 839
7887 84
7888 840
7889 841
7890 842
7891 843
7892 844
7893 845
7894 846
7895 847
7896 848
7897 849
7898 85
7899 850
7900 851
7901 852
7902 853
7903 854
7904 855
7905 856
7906 857
7907 859
7908 86
7909 860
7910 861
7911 862
7912 863
7913 864
7914 865
7915 866
7916 867
7917 868
7918 869
7919 87
7920 870
7921 871
7922 872
7923 874
7924 875
7925 876
7926 877
7927 878
7928 879
7929 88
7930 880
7931 881
7932 882
7933 883
7934 885
7935 886
7936 887
7937 888
7938 889
7939 89
7940 890
7941 892
7942 893
7943 894
7944 895
7945 896
7946 897
7947 898
7948 899
7949 90
7950 900
7951 901
7952 902
7953 904
7954 905
7955 906
7956 907
7957 908
7958 909
7959 91
7960 910
7961 911
7962 912
7963 913
7964 914
7965 915
7966 916
7967 917
7968 918
7969 919
7970 92
7971 921
7972 922
7973 923
7974 924
7975 925
7976 926
7977 927
7978 928
7979 929
7980 93
7981 930
7982 931
7983 932
7984 933
7985 934
7986 935
7987 936
7988 937
7989 938
7990 939
7991 940
7992 94
7993 941
7994 942
7995 944
7996 945
7997 946
7998 947
7999 948
8000 949
8001 95
8002 950
8003 951
8004 952
8005 953
8006 954
8007 955
8008 956
8009 957
8010 958
8011 96
8012 960
8013 961
8014 962
8015 963
8016 965
8017 966
8018 967
8019 968
8020 969
8021 97
8022 970
8023 971
8024 972
8025 973
8026 974
8027 975
8028 976
8029 977
8030 978
8031 1187
8032 1188
8033 98
8034 980
8035 981
8036 982
8037 983
8038 984
8039 985
8040 986
8041 987
8042 988
8043 989
8044 99
8045 990
8046 991
8047 992
8048 993
8049 994
8050 995
8051 996
8052 997
8053 998
8054 999
