0 0
1 1
2 100
3 28
4 29
5 1000
6 23
7 1001
8 1002
9 848
10 1003
11 191
12 27
13 63
14 88
15 1004
16 522
17 555
18 1005
19 1006
20 102
21 867
22 567
23 972
24 1007
25 14
26 1008
27 111
28 1009
29 57
30 101
31 1010
32 43
33 1011
34 1012
35 1013
36 359
37 360
38 38
39 497
40 1014
41 1015
42 616
43 1016
44 1017
45 1018
46 1019
47 175
48 2965
49 1020
50 1021
51 647
52 1022
53 3
54 1023
55 193
56 36
57 1024
58 1025
59 1026
60 1027
61 1028
62 1029
63 103
64 104
65 1030
66 138
67 1031
68 1032
69 1033
70 1034
71 1035
72 1036
73 1037
74 905
75 2439
76 1038
77 1039
78 354
79 1040
80 1041
81 580
82 1042
83 41
84 1043
85 196
86 197
87 1044
88 1045
89 1046
90 1047
91 1048
92 1049
93 105
94 95
95 1050
96 218
97 1051
98 822
99 1052
100 1053
101 1054
102 1055
103 1056
104 1057
105 516
106 1058
107 1059
108 106
109 107
110 1060
111 1061
112 1062
113 1063
114 1064
115 1065
116 1066
117 1067
118 1068
119 1069
120 2476
121 1070
122 1071
123 1072
124 1073
125 1074
126 747
127 1075
128 1076
129 576
130 1077
131 1078
132 1079
133 761
134 108
135 109
136 1080
137 1081
138 1082
139 1083
140 1084
141 1085
142 1086
143 1087
144 1088
145 1089
146 1090
147 1091
148 1092
149 1093
150 590
151 1094
152 1095
153 1096
154 113
155 1097
156 458
157 1098
158 1099
159 1100
160 11
161 12
162 110
163 2149
164 3361
165 5769
166 6679
167 6680
168 6681
169 1101
170 1102
171 1103
172 1104
173 1105
174 1106
175 638
176 1107
177 1108
178 1109
179 7381
180 1110
181 1111
182 1112
183 1113
184 1114
185 1115
186 1116
187 1117
188 1118
189 8
190 1119
191 112
192 1120
193 1121
194 1122
195 1123
196 1124
197 438
198 1125
199 1126
200 1127
201 1128
202 1129
203 1130
204 1131
205 544
206 1132
207 1133
208 1134
209 1135
210 1136
211 1137
212 1138
213 1139
214 114
215 1140
216 1141
217 1142
218 1143
219 1144
220 1145
221 4187
222 6849
223 1146
224 1147
225 1148
226 1149
227 302
228 618
229 115
230 1150
231 1151
232 1152
233 4813
234 1153
235 1154
236 1155
237 1156
238 1157
239 1158
240 1159
241 116
242 1160
243 1161
244 1162
245 1163
246 1164
247 1165
248 1649
249 2724
250 1166
251 6
252 1167
253 1168
254 1169
255 1170
256 117
257 1171
258 1172
259 1173
260 213
261 1174
262 1175
263 1176
264 1177
265 1178
266 49
267 1179
268 1180
269 118
270 119
271 8559
272 8560
273 1181
274 1182
275 1183
276 1184
277 1185
278 1186
279 1187
280 1188
281 1189
282 1190
283 1191
284 1192
285 1193
286 1194
287 1195
288 1196
289 1197
290 1198
291 152
292 1199
293 310
294 120
295 1200
296 1201
297 1202
298 1203
299 1204
300 1205
301 1206
302 1207
303 1208
304 1209
305 121
306 10
307 122
308 1210
309 1211
310 1212
311 1213
312 1214
313 1215
314 1216
315 1217
316 1218
317 1219
318 1220
319 1221
320 1222
321 1223
322 1224
323 1225
324 1226
325 1227
326 1228
327 1229
328 123
329 18
330 1230
331 1231
332 1232
333 1233
334 1234
335 1235
336 1236
337 1237
338 1238
339 1239
340 702
341 987
342 124
343 1240
344 1241
345 1242
346 253
347 1243
348 1244
349 1245
350 1246
351 256
352 1247
353 1248
354 1249
355 125
356 126
357 1250
358 1251
359 1252
360 553
361 1253
362 1254
363 1255
364 1256
365 1257
366 16
367 1258
368 1259
369 1260
370 1261
371 1262
372 1263
373 1264
374 1265
375 1266
376 1267
377 1268
378 1269
379 1270
380 127
381 128
382 129
383 1271
384 1272
385 1273
386 1274
387 1275
388 1276
389 1277
390 1278
391 146
392 1279
393 1280
394 1281
395 1282
396 1283
397 1284
398 1285
399 1286
400 1287
401 1288
402 1289
403 1290
404 1291
405 1292
406 1293
407 1294
408 769
409 1295
410 1296
411 1297
412 475
413 1298
414 1299
415 1300
416 1301
417 13
418 130
419 5523
420 5524
421 1302
422 1303
423 1304
424 1305
425 563
426 564
427 1306
428 221
429 222
430 223
431 680
432 1307
433 1308
434 1309
435 131
436 1310
437 1311
438 348
439 1312
440 1313
441 1314
442 25
443 1315
444 1316
445 1317
446 1318
447 1319
448 132
449 1320
450 387
451 1321
452 1322
453 1323
454 1324
455 1325
456 1326
457 1327
458 1328
459 1329
460 133
461 1330
462 1331
463 275
464 1332
465 1333
466 1334
467 511
468 1335
469 1336
470 1337
471 1338
472 1339
473 134
474 1340
475 1341
476 1342
477 1343
478 1344
479 1345
480 1346
481 1347
482 1348
483 1349
484 1350
485 1351
486 1352
487 1353
488 1354
489 1355
490 1356
491 1357
492 1358
493 135
494 1359
495 1360
496 39
497 136
498 1361
499 1362
500 1363
501 1364
502 1365
503 1366
504 1367
505 1368
506 1369
507 710
508 6096
509 137
510 1370
511 52
512 1371
513 1372
514 1373
515 1374
516 1375
517 161
518 1376
519 47
520 1377
521 1378
522 1379
523 1380
524 1381
525 1382
526 1383
527 1384
528 1385
529 1386
530 1387
531 1388
532 1389
533 139
534 1390
535 1391
536 1392
537 1393
538 1394
539 1395
540 1396
541 1397
542 1398
543 1399
544 140
545 141
546 1400
547 1401
548 1402
549 1403
550 1404
551 1405
552 1406
553 1407
554 1408
555 1409
556 1410
557 1411
558 1412
559 1413
560 1414
561 1415
562 1416
563 1417
564 1418
565 1419
566 142
567 1420
568 1421
569 1422
570 1423
571 1424
572 1425
573 1426
574 54
575 1427
576 1428
577 1429
578 143
579 1430
580 1431
581 1432
582 1433
583 1434
584 1435
585 1436
586 260
587 1437
588 1438
589 1439
590 1440
591 144
592 5995
593 5996
594 1441
595 1442
596 1443
597 1444
598 886
599 1445
600 1446
601 1447
602 1448
603 855
604 1449
605 145
606 1450
607 1451
608 1452
609 1453
610 1454
611 1455
612 1456
613 1457
614 1458
615 1459
616 4883
617 1460
618 1461
619 1462
620 1463
621 1464
622 1465
623 1466
624 1467
625 1468
626 1469
627 147
628 1470
629 1471
630 1472
631 1473
632 1474
633 1475
634 1476
635 1477
636 1478
637 1479
638 148
639 149
640 1480
641 1481
642 1482
643 1483
644 1484
645 1485
646 1486
647 1487
648 1488
649 1489
650 1490
651 1491
652 1492
653 1493
654 1494
655 1495
656 1496
657 1497
658 1498
659 1499
660 15
661 150
662 1500
663 608
664 1501
665 1502
666 644
667 1503
668 1504
669 1505
670 1506
671 1507
672 1508
673 1509
674 151
675 60
676 1510
677 1511
678 1512
679 1513
680 1514
681 1515
682 502
683 1516
684 1517
685 1518
686 1519
687 1520
688 1521
689 3452
690 1522
691 1523
692 1524
693 1525
694 1526
695 1527
696 1528
697 1529
698 153
699 1530
700 1531
701 1532
702 1533
703 1534
704 1535
705 1536
706 1537
707 1538
708 1539
709 1540
710 154
711 155
712 156
713 157
714 2006
715 2007
716 1541
717 1542
718 1543
719 1544
720 1545
721 1546
722 1547
723 1548
724 1549
725 1550
726 1551
727 1552
728 1553
729 1554
730 1555
731 1556
732 1557
733 1558
734 1559
735 1560
736 1561
737 1562
738 1563
739 1564
740 1565
741 1566
742 1567
743 1568
744 871
745 1807
746 1569
747 1570
748 1571
749 1572
750 1573
751 1574
752 1575
753 1576
754 1577
755 1578
756 1579
757 158
758 1580
759 341
760 1581
761 829
762 1582
763 1583
764 1584
765 1585
766 1586
767 1587
768 1588
769 1589
770 159
771 1590
772 1591
773 1592
774 1593
775 1594
776 1595
777 1596
778 1597
779 1598
780 1599
781 631
782 160
783 1600
784 1601
785 1602
786 1603
787 1604
788 1605
789 1606
790 1607
791 1608
792 1609
793 1610
794 1611
795 1612
796 1613
797 1614
798 1615
799 1616
800 1617
801 1618
802 1619
803 162
804 1620
805 1621
806 1622
807 1623
808 1624
809 1625
810 1626
811 1627
812 1628
813 1629
814 2862
815 163
816 1630
817 1631
818 1632
819 203
820 1633
821 1634
822 1635
823 1636
824 1637
825 1638
826 1639
827 164
828 1640
829 1641
830 1642
831 1643
832 1644
833 1645
834 1646
835 1647
836 1648
837 165
838 1650
839 1651
840 1652
841 1653
842 1654
843 1655
844 1656
845 1657
846 1658
847 1659
848 166
849 167
850 1660
851 1661
852 1662
853 1663
854 1664
855 1665
856 1666
857 1667
858 1668
859 1669
860 1670
861 1671
862 1672
863 1673
864 1674
865 1675
866 1676
867 1677
868 1678
869 1679
870 168
871 1680
872 1681
873 1682
874 1683
875 1684
876 1685
877 1686
878 1687
879 244
880 1688
881 1689
882 169
883 1690
884 1691
885 1692
886 1693
887 1694
888 1695
889 1696
890 8946
891 1697
892 1698
893 1699
894 1700
895 17
896 170
897 1701
898 1702
899 1703
900 1704
901 1705
902 1706
903 1707
904 1708
905 1709
906 171
907 1710
908 1711
909 1712
910 1713
911 1714
912 1715
913 1716
914 1717
915 1718
916 1719
917 172
918 1720
919 1721
920 1722
921 1723
922 1724
923 3191
924 4144
925 942
926 1725
927 1726
928 1727
929 1728
930 1729
931 1730
932 173
933 1731
934 1732
935 1733
936 1734
937 1735
938 1736
939 1737
940 1738
941 1739
942 174
943 176
944 177
945 1740
946 1741
947 1742
948 1743
949 1744
950 1745
951 1746
952 1747
953 1748
954 1749
955 3073
956 3670
957 1750
958 1751
959 1752
960 1753
961 1754
962 1755
963 1756
964 1757
965 1758
966 1759
967 1760
968 7094
969 1761
970 1762
971 1763
972 1764
973 1765
974 1766
975 2060
976 1767
977 1768
978 1769
979 1770
980 1771
981 1772
982 1773
983 1774
984 1775
985 1776
986 1777
987 1778
988 1779
989 178
990 1780
991 1781
992 1782
993 1783
994 1784
995 1785
996 1786
997 1787
998 1788
999 1789
1000 179
1001 1790
1002 1791
1003 1792
1004 1793
1005 1794
1006 1795
1007 1796
1008 1797
1009 1798
1010 1799
1011 180
1012 181
1013 1800
1014 1801
1015 1802
1016 1803
1017 1804
1018 1805
1019 1806
1020 1808
1021 1809
1022 1810
1023 1811
1024 1812
1025 1813
1026 1814
1027 1815
1028 1816
1029 1817
1030 1818
1031 1819
1032 182
1033 1820
1034 1821
1035 1822
1036 1823
1037 1824
1038 2325
1039 1825
1040 1826
1041 1827
1042 1828
1043 1829
1044 183
1045 184
1046 1830
1047 1831
1048 1832
1049 1833
1050 1834
1051 1835
1052 1836
1053 1837
1054 1838
1055 1839
1056 20
1057 21
1058 1840
1059 1841
1060 1842
1061 1843
1062 1844
1063 1845
1064 1846
1065 1847
1066 810
1067 1848
1068 1849
1069 185
1070 1850
1071 1851
1072 1852
1073 1853
1074 1854
1075 1855
1076 1856
1077 1857
1078 1858
1079 1859
1080 186
1081 1860
1082 1861
1083 1862
1084 1863
1085 1864
1086 1865
1087 1866
1088 1867
1089 1868
1090 1869
1091 1870
1092 1871
1093 1872
1094 1873
1095 1874
1096 4260
1097 4261
1098 187
1099 1875
1100 1876
1101 1877
1102 1878
1103 1879
1104 188
1105 1880
1106 1881
1107 1882
1108 1883
1109 1884
1110 1885
1111 1886
1112 1887
1113 1888
1114 1889
1115 189
1116 1890
1117 1891
1118 1892
1119 1893
1120 1894
1121 1895
1122 1896
1123 1897
1124 1898
1125 1899
1126 1900
1127 1901
1128 1910
1129 5729
1130 19
1131 190
1132 1902
1133 1903
1134 1904
1135 1905
1136 668
1137 1906
1138 1907
1139 1908
1140 2052
1141 1909
1142 1911
1143 1912
1144 1913
1145 1914
1146 1915
1147 1916
1148 1917
1149 1918
1150 1919
1151 192
1152 1920
1153 1921
1154 1922
1155 1923
1156 1924
1157 1925
1158 287
1159 1926
1160 1927
1161 1928
1162 1929
1163 1930
1164 1931
1165 1932
1166 1933
1167 1934
1168 1935
1169 1936
1170 1937
1171 1938
1172 1939
1173 194
1174 1940
1175 1941
1176 1942
1177 1943
1178 1944
1179 787
1180 1945
1181 1946
1182 1947
1183 1948
1184 1949
1185 195
1186 1950
1187 1951
1188 1952
1189 1953
1190 1954
1191 1955
1192 1956
1193 1957
1194 1958
1195 1959
1196 479
1197 1960
1198 1961
1199 1962
1200 1963
1201 1964
1202 1965
1203 1966
1204 1967
1205 1968
1206 1969
1207 1970
1208 1971
1209 1972
1210 1973
1211 1974
1212 1975
1213 1976
1214 1977
1215 1978
1216 1979
1217 198
1218 1980
1219 1981
1220 1982
1221 1983
1222 1984
1223 1985
1224 1986
1225 1987
1226 231
1227 5461
1228 1988
1229 1989
1230 1990
1231 199
1232 1991
1233 1992
1234 1993
1235 1994
1236 1995
1237 904
1238 1996
1239 1997
1240 1998
1241 1999
1242 2
1243 200
1244 2000
1245 2001
1246 2002
1247 2003
1248 2004
1249 2005
1250 2008
1251 2009
1252 201
1253 2010
1254 2011
1255 2012
1256 2013
1257 2014
1258 2015
1259 2016
1260 2017
1261 2018
1262 2019
1263 202
1264 204
1265 2020
1266 2021
1267 2022
1268 2023
1269 2024
1270 2025
1271 2026
1272 2027
1273 2028
1274 2029
1275 2030
1276 2031
1277 2032
1278 2033
1279 2034
1280 2035
1281 2036
1282 2037
1283 2038
1284 2039
1285 2040
1286 2041
1287 2042
1288 2043
1289 2044
1290 2045
1291 2046
1292 2047
1293 2048
1294 2049
1295 205
1296 2050
1297 2051
1298 2053
1299 2054
1300 2055
1301 2056
1302 2057
1303 2058
1304 2059
1305 206
1306 207
1307 208
1308 2061
1309 2062
1310 2063
1311 2064
1312 2065
1313 2066
1314 2067
1315 2068
1316 2069
1317 2070
1318 2071
1319 2072
1320 2073
1321 2074
1322 2075
1323 2076
1324 2077
1325 2078
1326 2079
1327 2080
1328 2081
1329 2082
1330 2083
1331 2084
1332 2085
1333 2086
1334 2087
1335 2088
1336 2089
1337 209
1338 2090
1339 2091
1340 2092
1341 2093
1342 2094
1343 2095
1344 2096
1345 2097
1346 2098
1347 2099
1348 210
1349 211
1350 2100
1351 2101
1352 2102
1353 2103
1354 2104
1355 2105
1356 2106
1357 356
1358 2107
1359 2108
1360 2109
1361 2110
1362 2111
1363 2112
1364 2113
1365 2114
1366 2115
1367 2116
1368 2117
1369 2118
1370 2119
1371 212
1372 2120
1373 2121
1374 2122
1375 2123
1376 2124
1377 2125
1378 2126
1379 2127
1380 2128
1381 2129
1382 2130
1383 2131
1384 2132
1385 2133
1386 2134
1387 2135
1388 2136
1389 2137
1390 2138
1391 2139
1392 214
1393 2140
1394 2141
1395 2142
1396 2143
1397 2144
1398 2145
1399 2146
1400 2147
1401 2148
1402 215
1403 2150
1404 2151
1405 2152
1406 2153
1407 2154
1408 2155
1409 2156
1410 2157
1411 2158
1412 2159
1413 216
1414 2160
1415 2161
1416 2162
1417 2163
1418 2164
1419 2165
1420 2166
1421 2167
1422 2168
1423 2251
1424 2169
1425 217
1426 2170
1427 2171
1428 2172
1429 2173
1430 2174
1431 2175
1432 593
1433 2176
1434 2177
1435 2178
1436 2179
1437 2180
1438 2181
1439 2182
1440 2183
1441 2184
1442 2185
1443 2186
1444 2187
1445 2188
1446 2189
1447 219
1448 2190
1449 2191
1450 2192
1451 2193
1452 2194
1453 2195
1454 2196
1455 2197
1456 2198
1457 2199
1458 22
1459 220
1460 2200
1461 2201
1462 2202
1463 2203
1464 2204
1465 2205
1466 2206
1467 2207
1468 2208
1469 2209
1470 8623
1471 8625
1472 2210
1473 2211
1474 2212
1475 2213
1476 2214
1477 2215
1478 2216
1479 2217
1480 2218
1481 2219
1482 2220
1483 2221
1484 2222
1485 2223
1486 2224
1487 2225
1488 2226
1489 2227
1490 2228
1491 2229
1492 2230
1493 2231
1494 2232
1495 2233
1496 2234
1497 2235
1498 2236
1499 2237
1500 2238
1501 2239
1502 224
1503 2240
1504 2241
1505 2242
1506 2243
1507 2244
1508 2245
1509 2246
1510 2247
1511 2248
1512 2249
1513 225
1514 2250
1515 2252
1516 2253
1517 2254
1518 2255
1519 2256
1520 2257
1521 2258
1522 2259
1523 226
1524 2260
1525 2261
1526 2262
1527 2263
1528 2264
1529 2265
1530 2266
1531 2267
1532 2268
1533 2269
1534 2270
1535 227
1536 2271
1537 2272
1538 2273
1539 77
1540 2274
1541 2275
1542 2276
1543 2277
1544 2278
1545 2279
1546 228
1547 2280
1548 2281
1549 2282
1550 2283
1551 2284
1552 2285
1553 2286
1554 2287
1555 2288
1556 2289
1557 229
1558 2290
1559 2291
1560 2292
1561 2293
1562 2294
1563 2295
1564 2296
1565 2297
1566 2298
1567 2299
1568 230
1569 2300
1570 2301
1571 2302
1572 2303
1573 2304
1574 2305
1575 2306
1576 2307
1577 2308
1578 2309
1579 2310
1580 2311
1581 2312
1582 2313
1583 2314
1584 2315
1585 2316
1586 2317
1587 2318
1588 2319
1589 232
1590 2320
1591 2321
1592 2322
1593 2323
1594 2324
1595 2326
1596 2327
1597 2328
1598 2329
1599 233
1600 2330
1601 2331
1602 2332
1603 2333
1604 2334
1605 2335
1606 2336
1607 2337
1608 2338
1609 2339
1610 2544
1611 2565
1612 3564
1613 234
1614 2340
1615 2341
1616 505
1617 2342
1618 2343
1619 2344
1620 2345
1621 2346
1622 2347
1623 2348
1624 2349
1625 235
1626 2350
1627 2351
1628 2352
1629 2353
1630 2354
1631 2355
1632 2356
1633 2357
1634 2358
1635 2359
1636 236
1637 2360
1638 2361
1639 2362
1640 2363
1641 2364
1642 2365
1643 2366
1644 2367
1645 2368
1646 2369
1647 237
1648 2370
1649 2371
1650 2372
1651 2373
1652 2374
1653 2375
1654 2376
1655 2377
1656 2378
1657 2379
1658 238
1659 2380
1660 2381
1661 2382
1662 2383
1663 2384
1664 2385
1665 2386
1666 2387
1667 2388
1668 2389
1669 239
1670 2390
1671 2391
1672 2392
1673 2393
1674 2394
1675 2395
1676 2396
1677 2397
1678 2398
1679 2399
1680 24
1681 240
1682 2400
1683 2401
1684 2402
1685 2403
1686 970
1687 2404
1688 2405
1689 2406
1690 2407
1691 2408
1692 2409
1693 241
1694 2410
1695 2411
1696 2412
1697 2413
1698 2414
1699 2415
1700 2416
1701 2417
1702 2418
1703 2419
1704 242
1705 2420
1706 2421
1707 2422
1708 2423
1709 2424
1710 2425
1711 2426
1712 2427
1713 2428
1714 2429
1715 243
1716 2430
1717 2431
1718 2432
1719 2433
1720 2434
1721 2435
1722 2436
1723 2437
1724 2438
1725 2440
1726 2441
1727 2442
1728 2443
1729 2444
1730 2445
1731 2446
1732 2447
1733 2448
1734 3497
1735 2449
1736 245
1737 2450
1738 2451
1739 2452
1740 7986
1741 8796
1742 2453
1743 2454
1744 2455
1745 2456
1746 2457
1747 2458
1748 2459
1749 246
1750 2460
1751 2461
1752 2462
1753 2463
1754 2464
1755 2465
1756 2466
1757 2467
1758 2468
1759 2469
1760 247
1761 248
1762 249
1763 250
1764 251
1765 2470
1766 2471
1767 2472
1768 2473
1769 2474
1770 2475
1771 2477
1772 2478
1773 2479
1774 2480
1775 2481
1776 2482
1777 2483
1778 2484
1779 2485
1780 2486
1781 2487
1782 2488
1783 2489
1784 2490
1785 2491
1786 2492
1787 2493
1788 2494
1789 2495
1790 2496
1791 2497
1792 2498
1793 2499
1794 2500
1795 2501
1796 2502
1797 2503
1798 2504
1799 2505
1800 2506
1801 2507
1802 2508
1803 2509
1804 478
1805 2510
1806 297
1807 2511
1808 2512
1809 2513
1810 2514
1811 2515
1812 2516
1813 2517
1814 2518
1815 2519
1816 252
1817 2520
1818 2521
1819 2522
1820 2523
1821 2524
1822 2525
1823 2526
1824 2527
1825 2528
1826 2529
1827 2530
1828 3789
1829 3980
1830 3520
1831 3896
1832 8998
1833 9009
1834 9013
1835 966
1836 2531
1837 2532
1838 2533
1839 2534
1840 2535
1841 2536
1842 2537
1843 2538
1844 2539
1845 254
1846 2540
1847 2541
1848 2542
1849 2543
1850 2545
1851 2546
1852 2547
1853 2548
1854 2549
1855 255
1856 2550
1857 736
1858 2551
1859 2552
1860 2553
1861 2554
1862 2555
1863 2556
1864 2557
1865 2558
1866 2559
1867 2560
1868 2561
1869 2974
1870 2562
1871 2563
1872 2564
1873 2566
1874 2567
1875 2568
1876 2569
1877 257
1878 2570
1879 2571
1880 2572
1881 2573
1882 2574
1883 2575
1884 2576
1885 2577
1886 2578
1887 2579
1888 258
1889 2580
1890 2581
1891 2582
1892 2583
1893 2584
1894 2585
1895 2586
1896 2587
1897 2588
1898 2589
1899 259
1900 2590
1901 2591
1902 2592
1903 2593
1904 2594
1905 2595
1906 2596
1907 2597
1908 2598
1909 2599
1910 26
1911 4680
1912 2600
1913 2601
1914 2602
1915 2603
1916 2604
1917 2605
1918 2606
1919 2607
1920 2608
1921 2609
1922 261
1923 2610
1924 2611
1925 2612
1926 2613
1927 2614
1928 2752
1929 3568
1930 3646
1931 4327
1932 5568
1933 2615
1934 2616
1935 2617
1936 2618
1937 2619
1938 262
1939 2620
1940 2621
1941 2622
1942 2623
1943 2624
1944 2625
1945 2626
1946 2627
1947 2628
1948 2629
1949 263
1950 2630
1951 2631
1952 2632
1953 2633
1954 2634
1955 2635
1956 2636
1957 2637
1958 2638
1959 2639
1960 2640
1961 264
1962 2641
1963 2642
1964 2643
1965 2644
1966 2645
1967 2646
1968 2647
1969 2648
1970 2649
1971 265
1972 2650
1973 2651
1974 2652
1975 2653
1976 2654
1977 2655
1978 2656
1979 2657
1980 2658
1981 2659
1982 266
1983 2660
1984 2661
1985 2662
1986 2663
1987 2664
1988 2665
1989 2666
1990 2667
1991 2668
1992 2669
1993 267
1994 2670
1995 2671
1996 2672
1997 2673
1998 2674
1999 2675
2000 2676
2001 6141
2002 2677
2003 2678
2004 2679
2005 268
2006 2680
2007 2681
2008 2682
2009 2683
2010 2684
2011 2685
2012 2686
2013 2687
2014 2688
2015 2689
2016 269
2017 270
2018 2690
2019 2691
2020 2692
2021 2693
2022 2694
2023 2695
2024 2696
2025 2697
2026 2698
2027 2699
2028 943
2029 2700
2030 2701
2031 2702
2032 2703
2033 2704
2034 2705
2035 2706
2036 2707
2037 2708
2038 2709
2039 2710
2040 2711
2041 271
2042 2712
2043 2713
2044 2714
2045 2715
2046 2716
2047 2717
2048 2718
2049 2719
2050 272
2051 2720
2052 2721
2053 2722
2054 2723
2055 2725
2056 2726
2057 2727
2058 2728
2059 2729
2060 273
2061 2730
2062 2731
2063 2732
2064 2733
2065 2734
2066 2735
2067 2736
2068 2737
2069 2738
2070 2739
2071 274
2072 2740
2073 2741
2074 2742
2075 2743
2076 2744
2077 2745
2078 2746
2079 2747
2080 2748
2081 2749
2082 2750
2083 2751
2084 2753
2085 2754
2086 2755
2087 2756
2088 2757
2089 2758
2090 2759
2091 2760
2092 276
2093 2761
2094 2762
2095 2763
2096 2764
2097 2765
2098 2766
2099 2767
2100 2768
2101 2769
2102 2770
2103 277
2104 2771
2105 2772
2106 2773
2107 2774
2108 2775
2109 2776
2110 2777
2111 2778
2112 2779
2113 278
2114 2780
2115 2781
2116 2782
2117 2783
2118 2784
2119 2785
2120 2786
2121 2787
2122 2788
2123 2789
2124 2790
2125 2791
2126 2792
2127 2793
2128 2794
2129 2795
2130 2796
2131 2797
2132 2798
2133 2799
2134 2800
2135 2801
2136 891
2137 916
2138 279
2139 3446
2140 3447
2141 3448
2142 3449
2143 280
2144 281
2145 3554
2146 3762
2147 2802
2148 381
2149 2803
2150 2804
2151 2805
2152 2806
2153 2807
2154 2808
2155 2809
2156 2810
2157 2811
2158 2812
2159 2813
2160 2814
2161 2815
2162 2816
2163 2817
2164 2818
2165 2819
2166 282
2167 2820
2168 2821
2169 2822
2170 2823
2171 2824
2172 2825
2173 2826
2174 2827
2175 2828
2176 2829
2177 283
2178 2830
2179 2831
2180 2832
2181 2833
2182 2834
2183 2835
2184 2836
2185 2837
2186 2838
2187 2839
2188 284
2189 2840
2190 2841
2191 2842
2192 2843
2193 2844
2194 7957
2195 2845
2196 2846
2197 2847
2198 2848
2199 2849
2200 285
2201 2850
2202 2851
2203 2852
2204 2853
2205 2854
2206 2855
2207 2856
2208 2857
2209 2858
2210 2859
2211 2860
2212 286
2213 2861
2214 2863
2215 2864
2216 2865
2217 2866
2218 2867
2219 2868
2220 2869
2221 2870
2222 2871
2223 2872
2224 2873
2225 2874
2226 2875
2227 2876
2228 2877
2229 2878
2230 2879
2231 288
2232 2880
2233 2881
2234 2882
2235 2883
2236 2884
2237 2885
2238 2886
2239 2887
2240 2888
2241 2889
2242 289
2243 2890
2244 2891
2245 2892
2246 2893
2247 2894
2248 2895
2249 2896
2250 2897
2251 2898
2252 2899
2253 290
2254 2900
2255 2901
2256 2902
2257 2903
2258 2904
2259 2905
2260 2906
2261 2907
2262 2908
2263 2909
2264 291
2265 2910
2266 2911
2267 2912
2268 2913
2269 2914
2270 2915
2271 2916
2272 2917
2273 2918
2274 2919
2275 292
2276 2920
2277 2921
2278 2922
2279 2923
2280 2924
2281 2925
2282 2926
2283 2927
2284 2928
2285 2929
2286 293
2287 2930
2288 2931
2289 2932
2290 2933
2291 2934
2292 2935
2293 2936
2294 2937
2295 2938
2296 2939
2297 294
2298 2940
2299 2941
2300 2942
2301 2943
2302 2944
2303 2945
2304 2946
2305 2947
2306 2948
2307 2949
2308 295
2309 2950
2310 2951
2311 2952
2312 2953
2313 2954
2314 2955
2315 2956
2316 2957
2317 2958
2318 2959
2319 296
2320 2960
2321 2961
2322 2962
2323 2963
2324 2964
2325 2966
2326 2967
2327 2968
2328 2969
2329 2970
2330 2971
2331 2972
2332 2973
2333 2975
2334 2976
2335 2977
2336 2978
2337 2979
2338 4818
2339 298
2340 2980
2341 2981
2342 2982
2343 2983
2344 2984
2345 2985
2346 2986
2347 2987
2348 2988
2349 2989
2350 299
2351 2990
2352 2991
2353 2992
2354 2993
2355 2994
2356 2995
2357 2996
2358 2997
2359 2998
2360 2999
2361 30
2362 31
2363 300
2364 3000
2365 3001
2366 3002
2367 3003
2368 3004
2369 3005
2370 3006
2371 3007
2372 3008
2373 3009
2374 301
2375 3010
2376 3011
2377 3012
2378 3013
2379 3014
2380 3015
2381 3016
2382 3017
2383 3018
2384 3019
2385 3020
2386 3021
2387 3022
2388 3023
2389 3024
2390 3025
2391 3026
2392 3027
2393 3028
2394 3029
2395 3030
2396 303
2397 3031
2398 3032
2399 3033
2400 3034
2401 3035
2402 3036
2403 3037
2404 3038
2405 3039
2406 304
2407 3040
2408 3041
2409 3042
2410 3043
2411 3044
2412 3045
2413 3046
2414 3047
2415 3048
2416 3049
2417 305
2418 3050
2419 3051
2420 3052
2421 3053
2422 3054
2423 3055
2424 3056
2425 3057
2426 3058
2427 3059
2428 306
2429 3060
2430 3061
2431 3062
2432 3063
2433 3064
2434 3065
2435 3066
2436 3067
2437 3068
2438 3069
2439 3070
2440 307
2441 3071
2442 3072
2443 3074
2444 3075
2445 3076
2446 3077
2447 3078
2448 3079
2449 308
2450 3080
2451 3081
2452 3082
2453 3083
2454 3084
2455 3085
2456 3086
2457 3087
2458 3088
2459 3089
2460 309
2461 3090
2462 3091
2463 3092
2464 3093
2465 3094
2466 3095
2467 3096
2468 3097
2469 333
2470 3098
2471 3099
2472 3100
2473 3101
2474 3102
2475 3103
2476 3104
2477 3105
2478 3106
2479 3107
2480 3108
2481 3109
2482 311
2483 3110
2484 3111
2485 3112
2486 3113
2487 3114
2488 3115
2489 3116
2490 3117
2491 3118
2492 3119
2493 312
2494 3120
2495 3121
2496 3122
2497 3123
2498 3124
2499 3125
2500 3126
2501 3127
2502 3128
2503 3129
2504 313
2505 3130
2506 3131
2507 3132
2508 3133
2509 3134
2510 3135
2511 3136
2512 3137
2513 3138
2514 3139
2515 314
2516 3140
2517 3141
2518 3142
2519 3143
2520 565
2521 3144
2522 3145
2523 3146
2524 3147
2525 3148
2526 3149
2527 315
2528 3150
2529 3151
2530 3152
2531 3153
2532 3154
2533 3155
2534 3156
2535 3157
2536 3158
2537 3159
2538 316
2539 317
2540 3160
2541 3161
2542 3162
2543 3163
2544 3164
2545 3165
2546 3166
2547 3167
2548 3168
2549 3169
2550 3170
2551 3171
2552 3172
2553 3173
2554 3174
2555 3175
2556 3176
2557 3177
2558 3178
2559 3179
2560 318
2561 3180
2562 3181
2563 3182
2564 3183
2565 3184
2566 3185
2567 3186
2568 3187
2569 3188
2570 3189
2571 319
2572 3190
2573 3192
2574 3193
2575 3194
2576 3195
2577 3196
2578 3197
2579 3198
2580 3199
2581 32
2582 320
2583 3200
2584 3201
2585 3202
2586 3203
2587 3204
2588 3205
2589 3206
2590 3207
2591 3208
2592 3209
2593 321
2594 3210
2595 3211
2596 3212
2597 3213
2598 3214
2599 3215
2600 3216
2601 3217
2602 3218
2603 3219
2604 322
2605 3220
2606 3221
2607 3222
2608 3223
2609 3224
2610 3225
2611 3226
2612 3227
2613 3228
2614 3229
2615 323
2616 3230
2617 3231
2618 3232
2619 3233
2620 3234
2621 3235
2622 3236
2623 3237
2624 3238
2625 3239
2626 324
2627 325
2628 3240
2629 3241
2630 3242
2631 3243
2632 3244
2633 3245
2634 3246
2635 3247
2636 3248
2637 3249
2638 3250
2639 3251
2640 3252
2641 3253
2642 3254
2643 3255
2644 3256
2645 3257
2646 3258
2647 3259
2648 326
2649 327
2650 3260
2651 3261
2652 3262
2653 3263
2654 3264
2655 3265
2656 3266
2657 3267
2658 3268
2659 3269
2660 3270
2661 3271
2662 3272
2663 3273
2664 3274
2665 420
2666 573
2667 3275
2668 3276
2669 3277
2670 3278
2671 3279
2672 328
2673 3280
2674 3281
2675 3282
2676 3283
2677 3284
2678 3285
2679 3286
2680 3287
2681 3288
2682 3289
2683 329
2684 3290
2685 3291
2686 3292
2687 3293
2688 3294
2689 3295
2690 3296
2691 3297
2692 3298
2693 3299
2694 33
2695 34
2696 330
2697 3300
2698 3301
2699 3302
2700 3303
2701 3304
2702 3305
2703 3306
2704 3307
2705 3308
2706 3309
2707 331
2708 3310
2709 3311
2710 3312
2711 3313
2712 3314
2713 3315
2714 3316
2715 3317
2716 3318
2717 3319
2718 332
2719 3320
2720 3321
2721 3322
2722 3323
2723 3324
2724 3325
2725 3326
2726 3327
2727 3328
2728 3329
2729 3330
2730 3331
2731 3332
2732 3333
2733 3334
2734 3335
2735 3336
2736 3337
2737 3338
2738 3339
2739 334
2740 3340
2741 3341
2742 3342
2743 3343
2744 3344
2745 3345
2746 3346
2747 3347
2748 3348
2749 3349
2750 3350
2751 3351
2752 3352
2753 335
2754 3353
2755 3354
2756 3355
2757 3356
2758 3357
2759 3358
2760 3359
2761 336
2762 337
2763 3360
2764 3362
2765 3363
2766 3364
2767 3365
2768 3366
2769 3367
2770 3368
2771 3369
2772 3370
2773 3371
2774 3372
2775 3373
2776 3374
2777 3375
2778 3376
2779 3377
2780 3378
2781 3379
2782 338
2783 3380
2784 3381
2785 3382
2786 3383
2787 3384
2788 3385
2789 3386
2790 3387
2791 3388
2792 3389
2793 339
2794 3390
2795 3391
2796 3392
2797 3393
2798 3394
2799 3395
2800 3396
2801 3397
2802 3398
2803 3399
2804 340
2805 3400
2806 3401
2807 3402
2808 3403
2809 3404
2810 3405
2811 3406
2812 3407
2813 3408
2814 3409
2815 3410
2816 3411
2817 3412
2818 3413
2819 3414
2820 3415
2821 3416
2822 3417
2823 3418
2824 3419
2825 342
2826 3420
2827 3421
2828 3422
2829 3423
2830 3424
2831 740
2832 3425
2833 3426
2834 3427
2835 3428
2836 3429
2837 343
2838 3430
2839 3431
2840 3432
2841 3433
2842 3434
2843 3435
2844 3436
2845 3437
2846 3438
2847 3439
2848 344
2849 3440
2850 3441
2851 3442
2852 3443
2853 3444
2854 3445
2855 345
2856 346
2857 3450
2858 3451
2859 5074
2860 3453
2861 3454
2862 3455
2863 3456
2864 3457
2865 3458
2866 3459
2867 3460
2868 3461
2869 3462
2870 3463
2871 3464
2872 3465
2873 3466
2874 3467
2875 3468
2876 3469
2877 347
2878 3470
2879 3471
2880 3472
2881 4288
2882 3473
2883 3474
2884 3475
2885 3476
2886 3477
2887 3478
2888 3479
2889 3480
2890 3481
2891 3482
2892 3483
2893 3484
2894 3485
2895 3486
2896 3487
2897 3488
2898 3489
2899 349
2900 3490
2901 3491
2902 3492
2903 3493
2904 3494
2905 3495
2906 3496
2907 3498
2908 3499
2909 35
2910 350
2911 3500
2912 3501
2913 3502
2914 3503
2915 3504
2916 3505
2917 3506
2918 3507
2919 3508
2920 3509
2921 351
2922 3510
2923 3511
2924 3512
2925 3513
2926 3514
2927 3515
2928 3516
2929 3517
2930 3518
2931 3519
2932 352
2933 3521
2934 3522
2935 3523
2936 3524
2937 3525
2938 3526
2939 3527
2940 3528
2941 3529
2942 3530
2943 353
2944 3531
2945 3532
2946 3533
2947 3534
2948 3535
2949 3536
2950 3537
2951 3538
2952 3539
2953 3540
2954 3541
2955 3542
2956 3543
2957 3544
2958 3545
2959 3546
2960 3547
2961 3548
2962 3549
2963 355
2964 3550
2965 3551
2966 3552
2967 3553
2968 3555
2969 3556
2970 3557
2971 3558
2972 3559
2973 3560
2974 3565
2975 3566
2976 3567
2977 3569
2978 357
2979 3570
2980 3571
2981 3572
2982 3573
2983 3574
2984 3575
2985 3576
2986 3577
2987 3578
2988 3579
2989 358
2990 3580
2991 3581
2992 3582
2993 3583
2994 3584
2995 3585
2996 3586
2997 3587
2998 3588
2999 3589
3000 3590
3001 3591
3002 3592
3003 3593
3004 3594
3005 3595
3006 3596
3007 3597
3008 3598
3009 3599
3010 3600
3011 3601
3012 3602
3013 3603
3014 3604
3015 70
3016 3605
3017 3606
3018 3607
3019 3608
3020 3609
3021 361
3022 3610
3023 3611
3024 3612
3025 3613
3026 3614
3027 3615
3028 3616
3029 3617
3030 3618
3031 3619
3032 362
3033 3620
3034 3621
3035 3622
3036 3623
3037 3624
3038 3625
3039 3626
3040 3627
3041 3628
3042 3629
3043 363
3044 3630
3045 3631
3046 3632
3047 3633
3048 3634
3049 3635
3050 3636
3051 3637
3052 3638
3053 3639
3054 364
3055 3640
3056 3641
3057 3642
3058 3643
3059 3644
3060 3645
3061 3647
3062 3648
3063 3649
3064 365
3065 366
3066 3650
3067 3651
3068 3652
3069 3653
3070 3654
3071 3655
3072 3656
3073 3657
3074 3658
3075 3659
3076 3660
3077 3661
3078 3662
3079 3663
3080 3664
3081 3665
3082 3666
3083 3667
3084 3668
3085 3669
3086 367
3087 3671
3088 3672
3089 3673
3090 3674
3091 3675
3092 3676
3093 3677
3094 3678
3095 3679
3096 368
3097 3680
3098 3681
3099 3682
3100 3683
3101 3684
3102 3685
3103 3686
3104 3687
3105 3688
3106 3689
3107 3690
3108 369
3109 3691
3110 3692
3111 3693
3112 3694
3113 3695
3114 3696
3115 3697
3116 3698
3117 3699
3118 37
3119 370
3120 3700
3121 3701
3122 3702
3123 3703
3124 3704
3125 3705
3126 3706
3127 3707
3128 3708
3129 3709
3130 371
3131 3710
3132 3711
3133 3712
3134 3713
3135 3714
3136 3715
3137 3716
3138 3717
3139 3718
3140 3719
3141 372
3142 3720
3143 3721
3144 3722
3145 3723
3146 3724
3147 3725
3148 3726
3149 3727
3150 3728
3151 3729
3152 373
3153 3730
3154 3731
3155 3732
3156 3733
3157 3734
3158 3735
3159 3736
3160 3737
3161 3738
3162 3739
3163 374
3164 3740
3165 3741
3166 3742
3167 3743
3168 3744
3169 3745
3170 3746
3171 3747
3172 3748
3173 3749
3174 375
3175 376
3176 3750
3177 3751
3178 3752
3179 3753
3180 3754
3181 3755
3182 3756
3183 3757
3184 3758
3185 3759
3186 3760
3187 3761
3188 3763
3189 3764
3190 3765
3191 3766
3192 3767
3193 3768
3194 3769
3195 377
3196 3770
3197 3771
3198 3772
3199 3773
3200 3774
3201 3775
3202 3776
3203 3777
3204 3778
3205 3779
3206 378
3207 3780
3208 3781
3209 3782
3210 3783
3211 3784
3212 3785
3213 3786
3214 3787
3215 3788
3216 379
3217 3790
3218 3791
3219 3792
3220 3793
3221 3794
3222 3795
3223 3796
3224 3797
3225 3798
3226 3799
3227 380
3228 3800
3229 3801
3230 3802
3231 3803
3232 3804
3233 3805
3234 3806
3235 3807
3236 3808
3237 3809
3238 5489
3239 3810
3240 3811
3241 3812
3242 3813
3243 3814
3244 3815
3245 3816
3246 3817
3247 3818
3248 3819
3249 382
3250 3820
3251 3821
3252 3822
3253 3823
3254 3824
3255 3825
3256 3826
3257 3827
3258 3828
3259 3829
3260 383
3261 3830
3262 3831
3263 3832
3264 3833
3265 3834
3266 3835
3267 3836
3268 3837
3269 3838
3270 3839
3271 384
3272 3840
3273 3841
3274 3842
3275 3843
3276 3844
3277 3845
3278 3846
3279 3847
3280 3848
3281 3849
3282 385
3283 3850
3284 3851
3285 3852
3286 3853
3287 3854
3288 3855
3289 3856
3290 3857
3291 3858
3292 3859
3293 386
3294 3860
3295 3861
3296 3862
3297 3863
3298 3864
3299 3865
3300 3866
3301 3867
3302 3868
3303 3869
3304 7426
3305 7428
3306 7429
3307 7908
3308 7910
3309 8041
3310 8184
3311 8185
3312 3870
3313 3871
3314 3872
3315 3873
3316 3874
3317 3875
3318 3876
3319 3877
3320 3878
3321 3879
3322 388
3323 45
3324 3880
3325 3881
3326 3882
3327 4508
3328 3883
3329 3884
3330 3885
3331 3886
3332 3887
3333 3888
3334 3889
3335 389
3336 3890
3337 3891
3338 3892
3339 3893
3340 3894
3341 3895
3342 8798
3343 3897
3344 3898
3345 3899
3346 390
3347 3900
3348 3901
3349 3902
3350 3903
3351 3904
3352 3905
3353 3906
3354 3907
3355 3908
3356 3909
3357 3910
3358 3911
3359 391
3360 7362
3361 3912
3362 3913
3363 3914
3364 3915
3365 3916
3366 3917
3367 3918
3368 3919
3369 392
3370 3920
3371 3921
3372 3922
3373 3923
3374 3924
3375 3925
3376 3926
3377 3927
3378 3928
3379 3929
3380 3930
3381 393
3382 3931
3383 3932
3384 3933
3385 3934
3386 3935
3387 3936
3388 3937
3389 3938
3390 3939
3391 394
3392 3940
3393 3941
3394 3942
3395 3943
3396 3944
3397 3945
3398 3946
3399 3947
3400 3948
3401 3949
3402 395
3403 3950
3404 3951
3405 3952
3406 3953
3407 3954
3408 3955
3409 3956
3410 3957
3411 3958
3412 3959
3413 396
3414 3960
3415 3961
3416 3962
3417 3963
3418 3964
3419 3965
3420 3966
3421 3967
3422 3968
3423 3969
3424 397
3425 3970
3426 3971
3427 3972
3428 3973
3429 3974
3430 3975
3431 3976
3432 3977
3433 3978
3434 3979
3435 398
3436 399
3437 3981
3438 3982
3439 3983
3440 3984
3441 3985
3442 3986
3443 3987
3444 3988
3445 3989
3446 3990
3447 3991
3448 3992
3449 3993
3450 3994
3451 3995
3452 3996
3453 3997
3454 3998
3455 3999
3456 4
3457 40
3458 400
3459 4000
3460 4001
3461 4002
3462 4003
3463 4004
3464 4005
3465 4006
3466 4007
3467 4008
3468 4009
3469 401
3470 402
3471 4010
3472 4011
3473 4012
3474 4013
3475 4014
3476 4015
3477 4016
3478 4017
3479 4018
3480 4019
3481 4020
3482 4021
3483 4022
3484 4023
3485 4024
3486 4025
3487 4026
3488 4027
3489 4028
3490 4029
3491 403
3492 4030
3493 4031
3494 4032
3495 4033
3496 4034
3497 4035
3498 4036
3499 4037
3500 4038
3501 4039
3502 404
3503 4040
3504 4041
3505 4042
3506 4043
3507 4044
3508 4045
3509 4046
3510 4047
3511 4048
3512 4049
3513 405
3514 4050
3515 4051
3516 4052
3517 4053
3518 4054
3519 4055
3520 4056
3521 4057
3522 4058
3523 4059
3524 406
3525 4060
3526 4061
3527 4062
3528 4063
3529 4064
3530 4065
3531 4066
3532 4067
3533 4068
3534 4069
3535 4070
3536 407
3537 4071
3538 4072
3539 4073
3540 4074
3541 4075
3542 4076
3543 4077
3544 4078
3545 4079
3546 408
3547 4080
3548 4081
3549 4082
3550 4083
3551 4084
3552 4085
3553 4086
3554 4087
3555 4088
3556 4089
3557 409
3558 4090
3559 4091
3560 4092
3561 4093
3562 4094
3563 4095
3564 4096
3565 4097
3566 4098
3567 4099
3568 4100
3569 410
3570 4101
3571 4102
3572 4103
3573 4104
3574 4105
3575 4106
3576 4107
3577 4108
3578 4109
3579 411
3580 412
3581 4110
3582 4111
3583 4112
3584 4113
3585 4114
3586 4115
3587 4116
3588 4117
3589 4118
3590 4119
3591 4120
3592 4121
3593 4122
3594 4123
3595 4124
3596 4125
3597 4126
3598 4127
3599 4128
3600 4129
3601 413
3602 4130
3603 4131
3604 4132
3605 4133
3606 4134
3607 4135
3608 4136
3609 4137
3610 4138
3611 4139
3612 414
3613 4140
3614 4141
3615 4142
3616 4143
3617 4145
3618 4146
3619 4147
3620 4148
3621 4149
3622 415
3623 4150
3624 4151
3625 4152
3626 4153
3627 4154
3628 4155
3629 4156
3630 4157
3631 4158
3632 4159
3633 4160
3634 4161
3635 416
3636 4162
3637 4163
3638 4164
3639 4165
3640 4166
3641 4167
3642 4168
3643 4169
3644 417
3645 4170
3646 4171
3647 4172
3648 4173
3649 4174
3650 4175
3651 4176
3652 4177
3653 4178
3654 4179
3655 418
3656 4180
3657 4181
3658 4182
3659 4183
3660 4184
3661 4185
3662 4186
3663 4188
3664 4189
3665 419
3666 4190
3667 4191
3668 4192
3669 4193
3670 4194
3671 4195
3672 4196
3673 4197
3674 4198
3675 4199
3676 42
3677 4200
3678 4201
3679 4202
3680 4203
3681 4204
3682 4205
3683 4206
3684 4207
3685 4208
3686 4209
3687 421
3688 4210
3689 4211
3690 4212
3691 4213
3692 4214
3693 4215
3694 4216
3695 4217
3696 4218
3697 4219
3698 422
3699 4220
3700 4221
3701 4222
3702 4223
3703 4224
3704 4225
3705 4226
3706 4227
3707 4228
3708 4229
3709 423
3710 4230
3711 4231
3712 4232
3713 4233
3714 5726
3715 4234
3716 4235
3717 4236
3718 4237
3719 4238
3720 4239
3721 4240
3722 4241
3723 4242
3724 5776
3725 424
3726 4243
3727 4244
3728 4245
3729 4246
3730 4247
3731 4248
3732 4249
3733 425
3734 4250
3735 4251
3736 4252
3737 4253
3738 4254
3739 4255
3740 4256
3741 4257
3742 4258
3743 4259
3744 4262
3745 426
3746 7051
3747 4263
3748 4264
3749 4265
3750 4266
3751 4267
3752 4268
3753 4269
3754 4270
3755 4271
3756 4272
3757 4273
3758 4274
3759 4275
3760 427
3761 6988
3762 4546
3763 4703
3764 6338
3765 6288
3766 4276
3767 4277
3768 4278
3769 4279
3770 428
3771 4280
3772 4281
3773 4282
3774 4283
3775 4284
3776 4285
3777 4286
3778 4287
3779 4289
3780 429
3781 4290
3782 4291
3783 4292
3784 4293
3785 4294
3786 4295
3787 4296
3788 4297
3789 4298
3790 4299
3791 430
3792 4300
3793 4301
3794 4302
3795 4303
3796 4304
3797 4305
3798 4306
3799 4307
3800 4308
3801 4309
3802 431
3803 432
3804 4310
3805 4311
3806 4312
3807 4313
3808 4314
3809 4315
3810 4316
3811 4317
3812 4318
3813 4319
3814 4320
3815 4321
3816 4322
3817 4323
3818 4324
3819 4325
3820 4326
3821 4328
3822 4329
3823 433
3824 4330
3825 4331
3826 4332
3827 4333
3828 4334
3829 4335
3830 4336
3831 4337
3832 4338
3833 4339
3834 434
3835 4340
3836 4341
3837 4342
3838 4343
3839 4344
3840 4345
3841 4346
3842 4347
3843 4348
3844 4349
3845 435
3846 4350
3847 4351
3848 4352
3849 4353
3850 4354
3851 4355
3852 4356
3853 4357
3854 4358
3855 4359
3856 436
3857 4360
3858 4361
3859 4362
3860 4363
3861 4364
3862 4365
3863 4366
3864 4367
3865 4368
3866 4369
3867 437
3868 4370
3869 4371
3870 4372
3871 4373
3872 4374
3873 4375
3874 4376
3875 4377
3876 4378
3877 4379
3878 4380
3879 4381
3880 4382
3881 4383
3882 4384
3883 4385
3884 4386
3885 4387
3886 4388
3887 4389
3888 439
3889 4390
3890 4391
3891 4392
3892 4393
3893 4394
3894 4395
3895 4396
3896 4397
3897 4398
3898 4399
3899 44
3900 440
3901 4400
3902 4401
3903 4402
3904 4403
3905 4404
3906 4405
3907 4406
3908 4407
3909 4408
3910 4409
3911 441
3912 4410
3913 4411
3914 4412
3915 4413
3916 4414
3917 4415
3918 4416
3919 4417
3920 4418
3921 4419
3922 442
3923 4420
3924 4421
3925 4422
3926 4423
3927 4424
3928 4425
3929 4426
3930 4427
3931 4428
3932 4429
3933 443
3934 4430
3935 4431
3936 4432
3937 4433
3938 4434
3939 4435
3940 4436
3941 4437
3942 4438
3943 4439
3944 444
3945 4440
3946 4441
3947 4442
3948 4443
3949 4444
3950 4445
3951 4446
3952 4447
3953 4448
3954 4449
3955 4450
3956 4451
3957 445
3958 4452
3959 4453
3960 4454
3961 4455
3962 4456
3963 4457
3964 4458
3965 4459
3966 446
3967 4460
3968 4461
3969 4462
3970 4463
3971 4464
3972 4465
3973 4466
3974 4467
3975 4468
3976 4469
3977 447
3978 4470
3979 4471
3980 4472
3981 4473
3982 4474
3983 4475
3984 4476
3985 4477
3986 4478
3987 4479
3988 448
3989 4480
3990 4481
3991 4482
3992 4483
3993 4484
3994 4485
3995 4486
3996 4487
3997 4488
3998 4489
3999 449
4000 4490
4001 4491
4002 4492
4003 4493
4004 4494
4005 4495
4006 4496
4007 4497
4008 4498
4009 4499
4010 450
4011 451
4012 452
4013 4500
4014 4501
4015 4502
4016 4503
4017 4504
4018 4505
4019 4506
4020 4507
4021 4509
4022 4510
4023 4511
4024 4512
4025 4513
4026 4514
4027 4515
4028 4516
4029 4517
4030 4518
4031 4519
4032 4520
4033 4521
4034 4522
4035 4523
4036 4524
4037 4525
4038 4526
4039 4527
4040 4528
4041 4529
4042 453
4043 4530
4044 4531
4045 4532
4046 4533
4047 4534
4048 4535
4049 4536
4050 4537
4051 4538
4052 4539
4053 454
4054 4540
4055 4541
4056 4542
4057 4543
4058 4544
4059 4545
4060 4547
4061 4548
4062 4549
4063 455
4064 4550
4065 4551
4066 4552
4067 4553
4068 4554
4069 4555
4070 4556
4071 4557
4072 4558
4073 4559
4074 456
4075 4560
4076 4561
4077 4562
4078 4563
4079 4564
4080 4565
4081 4566
4082 4567
4083 4568
4084 4569
4085 457
4086 4570
4087 4571
4088 4572
4089 4573
4090 4574
4091 4575
4092 4576
4093 4577
4094 4578
4095 4579
4096 4580
4097 4581
4098 4582
4099 4583
4100 4584
4101 4585
4102 4586
4103 4587
4104 4588
4105 4589
4106 459
4107 4590
4108 4591
4109 4592
4110 4593
4111 4594
4112 4595
4113 4596
4114 4597
4115 8927
4116 5550
4117 4598
4118 4599
4119 6260
4120 46
4121 460
4122 4600
4123 4601
4124 4602
4125 4603
4126 4604
4127 4605
4128 4606
4129 4607
4130 4608
4131 4609
4132 461
4133 4610
4134 4611
4135 4612
4136 4613
4137 4614
4138 4615
4139 4616
4140 4617
4141 4618
4142 4619
4143 462
4144 4620
4145 4621
4146 4622
4147 4623
4148 4624
4149 4625
4150 4626
4151 4627
4152 4628
4153 4629
4154 4630
4155 4631
4156 463
4157 4632
4158 4633
4159 4634
4160 4635
4161 4636
4162 4637
4163 4638
4164 4639
4165 464
4166 4640
4167 4641
4168 4642
4169 4643
4170 4644
4171 4645
4172 4646
4173 4647
4174 4648
4175 4649
4176 465
4177 4650
4178 4651
4179 4652
4180 4653
4181 4654
4182 4655
4183 4656
4184 4657
4185 4658
4186 4930
4187 4659
4188 466
4189 467
4190 4660
4191 4661
4192 4662
4193 4663
4194 4664
4195 4665
4196 4666
4197 4667
4198 672
4199 4668
4200 4669
4201 4670
4202 4671
4203 4672
4204 4673
4205 4674
4206 4675
4207 4676
4208 4677
4209 4678
4210 4679
4211 468
4212 4681
4213 4682
4214 4683
4215 4684
4216 4685
4217 4686
4218 4687
4219 4688
4220 4689
4221 469
4222 4690
4223 4691
4224 4692
4225 5052
4226 4693
4227 4694
4228 4695
4229 4696
4230 4697
4231 4698
4232 4699
4233 8766
4234 470
4235 4700
4236 4701
4237 4702
4238 4704
4239 4705
4240 4706
4241 4707
4242 4708
4243 4709
4244 471
4245 4710
4246 4711
4247 4712
4248 4713
4249 4714
4250 4715
4251 4716
4252 4717
4253 4718
4254 4719
4255 4720
4256 4721
4257 472
4258 4722
4259 4723
4260 4724
4261 4725
4262 4726
4263 4727
4264 4728
4265 4729
4266 473
4267 4730
4268 4731
4269 4732
4270 4733
4271 4734
4272 4735
4273 4736
4274 4737
4275 4738
4276 4739
4277 474
4278 4740
4279 4741
4280 4742
4281 4743
4282 4744
4283 4745
4284 4746
4285 4747
4286 4748
4287 4749
4288 8724
4289 4750
4290 4751
4291 4752
4292 4753
4293 4754
4294 4755
4295 4756
4296 4757
4297 4758
4298 4759
4299 476
4300 4760
4301 4761
4302 4762
4303 4763
4304 4764
4305 4765
4306 4766
4307 4767
4308 4768
4309 4769
4310 477
4311 4770
4312 4771
4313 4772
4314 4773
4315 4774
4316 4775
4317 4776
4318 4777
4319 4778
4320 4779
4321 4780
4322 4781
4323 4782
4324 4783
4325 4784
4326 4785
4327 4786
4328 4787
4329 4788
4330 4789
4331 4790
4332 4791
4333 4792
4334 4793
4335 4794
4336 4795
4337 4796
4338 4797
4339 4798
4340 4799
4341 48
4342 480
4343 4800
4344 4801
4345 4802
4346 4803
4347 4804
4348 4805
4349 4806
4350 4807
4351 4808
4352 4809
4353 481
4354 4810
4355 4811
4356 4812
4357 4814
4358 4815
4359 4816
4360 4817
4361 4819
4362 482
4363 4820
4364 4821
4365 4822
4366 4823
4367 4824
4368 4825
4369 4826
4370 4827
4371 4828
4372 4829
4373 483
4374 4830
4375 4831
4376 4832
4377 4833
4378 4834
4379 4835
4380 4836
4381 4837
4382 4838
4383 4839
4384 484
4385 4840
4386 4841
4387 4842
4388 4843
4389 4844
4390 4845
4391 4846
4392 4847
4393 4848
4394 4849
4395 485
4396 4850
4397 4851
4398 4852
4399 4853
4400 4854
4401 4855
4402 4856
4403 4857
4404 4858
4405 4859
4406 4860
4407 4861
4408 486
4409 4862
4410 4863
4411 4864
4412 4865
4413 4866
4414 4867
4415 4868
4416 4869
4417 487
4418 4870
4419 4871
4420 4872
4421 4873
4422 4874
4423 4875
4424 4876
4425 4877
4426 4878
4427 4879
4428 488
4429 489
4430 490
4431 491
4432 492
4433 4880
4434 4881
4435 4882
4436 4884
4437 4885
4438 4886
4439 4887
4440 4888
4441 4889
4442 4890
4443 4891
4444 4892
4445 4893
4446 4894
4447 4895
4448 4896
4449 4897
4450 4898
4451 4899
4452 4900
4453 4901
4454 4902
4455 8618
4456 4903
4457 4904
4458 4905
4459 4906
4460 4907
4461 4908
4462 4909
4463 4910
4464 4911
4465 4912
4466 4913
4467 4914
4468 4915
4469 4916
4470 4917
4471 4918
4472 4919
4473 4920
4474 4921
4475 4922
4476 4923
4477 4924
4478 4925
4479 7333
4480 7334
4481 4926
4482 4927
4483 4928
4484 4929
4485 4931
4486 493
4487 4932
4488 4933
4489 4934
4490 4935
4491 4936
4492 4937
4493 4938
4494 4939
4495 494
4496 495
4497 4940
4498 4941
4499 4942
4500 4943
4501 4944
4502 4945
4503 4946
4504 4947
4505 4948
4506 5947
4507 4949
4508 4950
4509 4951
4510 4952
4511 4953
4512 4954
4513 4955
4514 4956
4515 4957
4516 4958
4517 4959
4518 496
4519 4960
4520 4961
4521 4962
4522 4963
4523 4964
4524 4965
4525 4966
4526 4967
4527 4968
4528 4969
4529 4970
4530 4971
4531 4972
4532 4973
4533 4974
4534 4975
4535 4976
4536 4977
4537 4978
4538 4979
4539 498
4540 4980
4541 4981
4542 4982
4543 4983
4544 4984
4545 4985
4546 4986
4547 4987
4548 4988
4549 4989
4550 499
4551 4990
4552 4991
4553 4992
4554 4993
4555 4994
4556 4995
4557 4996
4558 4997
4559 4998
4560 4999
4561 5
4562 50
4563 500
4564 5000
4565 5001
4566 5002
4567 5003
4568 5004
4569 5005
4570 5006
4571 5007
4572 5008
4573 5009
4574 501
4575 5010
4576 5011
4577 5012
4578 5013
4579 5014
4580 5015
4581 5016
4582 5017
4583 5018
4584 5019
4585 5020
4586 5021
4587 5022
4588 5023
4589 5024
4590 5025
4591 5026
4592 5027
4593 5028
4594 5029
4595 5030
4596 5031
4597 5032
4598 5033
4599 5034
4600 503
4601 5035
4602 5036
4603 5037
4604 5038
4605 5039
4606 504
4607 5040
4608 5041
4609 5042
4610 5043
4611 5044
4612 5045
4613 5046
4614 5047
4615 5048
4616 5049
4617 5050
4618 5051
4619 5053
4620 5054
4621 5055
4622 5056
4623 5057
4624 5058
4625 5059
4626 5060
4627 506
4628 8738
4629 5061
4630 5062
4631 5063
4632 5064
4633 5065
4634 5066
4635 5067
4636 5068
4637 5069
4638 507
4639 5070
4640 5071
4641 5072
4642 5073
4643 5075
4644 5076
4645 5077
4646 5078
4647 5079
4648 5080
4649 5081
4650 5082
4651 5083
4652 5084
4653 5085
4654 5899
4655 5900
4656 5901
4657 5902
4658 5903
4659 5904
4660 5905
4661 5906
4662 5907
4663 5908
4664 5909
4665 6622
4666 6724
4667 508
4668 5086
4669 5087
4670 5088
4671 5089
4672 509
4673 5090
4674 5091
4675 5092
4676 5093
4677 5094
4678 5095
4679 5096
4680 5097
4681 5098
4682 5099
4683 51
4684 510
4685 5100
4686 5101
4687 5102
4688 5103
4689 5104
4690 5105
4691 5106
4692 5107
4693 5108
4694 5109
4695 5110
4696 5111
4697 5112
4698 5113
4699 5114
4700 5115
4701 5116
4702 5117
4703 5118
4704 5119
4705 512
4706 5120
4707 5121
4708 5122
4709 5123
4710 5124
4711 5125
4712 5126
4713 5127
4714 5128
4715 5129
4716 513
4717 5130
4718 5131
4719 5132
4720 5133
4721 5134
4722 5135
4723 5136
4724 5137
4725 5138
4726 5139
4727 514
4728 5140
4729 5141
4730 5142
4731 5143
4732 5144
4733 5145
4734 5146
4735 5147
4736 5148
4737 5149
4738 515
4739 5150
4740 5151
4741 5152
4742 5153
4743 5154
4744 5155
4745 5156
4746 5157
4747 5158
4748 5159
4749 5160
4750 5161
4751 5162
4752 5163
4753 5164
4754 5165
4755 5166
4756 5167
4757 5168
4758 5169
4759 517
4760 5170
4761 5171
4762 5172
4763 5173
4764 5174
4765 5175
4766 5176
4767 5177
4768 5178
4769 5179
4770 518
4771 5180
4772 5181
4773 5182
4774 5183
4775 5184
4776 5185
4777 5186
4778 5187
4779 5188
4780 5189
4781 519
4782 5190
4783 5191
4784 5192
4785 5193
4786 5194
4787 5195
4788 5196
4789 5197
4790 5198
4791 5199
4792 6819
4793 520
4794 5200
4795 5201
4796 5202
4797 5203
4798 5204
4799 5205
4800 5206
4801 5207
4802 5622
4803 5779
4804 6824
4805 5208
4806 5209
4807 521
4808 5210
4809 5211
4810 5212
4811 5213
4812 5214
4813 5215
4814 5216
4815 5217
4816 5218
4817 5219
4818 5220
4819 5221
4820 5222
4821 5223
4822 5224
4823 5225
4824 5226
4825 5227
4826 5228
4827 5229
4828 523
4829 5230
4830 5231
4831 5232
4832 5233
4833 5234
4834 5235
4835 5236
4836 5237
4837 5238
4838 5239
4839 524
4840 5240
4841 5241
4842 5242
4843 5243
4844 5244
4845 5245
4846 5246
4847 5247
4848 5248
4849 5249
4850 525
4851 5250
4852 5251
4853 5252
4854 5253
4855 5254
4856 5255
4857 5256
4858 5257
4859 5258
4860 5259
4861 526
4862 5260
4863 5261
4864 5262
4865 5263
4866 5264
4867 5265
4868 5266
4869 5267
4870 5268
4871 5269
4872 527
4873 5270
4874 5271
4875 5272
4876 5273
4877 5274
4878 5275
4879 5276
4880 5277
4881 5278
4882 5279
4883 528
4884 5280
4885 5281
4886 5282
4887 5283
4888 5284
4889 8894
4890 5285
4891 5286
4892 5287
4893 5288
4894 5289
4895 529
4896 5290
4897 5291
4898 5292
4899 5293
4900 5294
4901 5295
4902 5296
4903 5297
4904 5298
4905 5299
4906 53
4907 530
4908 5300
4909 5301
4910 5302
4911 5303
4912 5304
4913 5305
4914 5306
4915 5307
4916 5308
4917 5309
4918 531
4919 5310
4920 5311
4921 5312
4922 5313
4923 5314
4924 5315
4925 5316
4926 5317
4927 5318
4928 5319
4929 532
4930 533
4931 5320
4932 5321
4933 5322
4934 5323
4935 5324
4936 5325
4937 5326
4938 5327
4939 5328
4940 5329
4941 5330
4942 5331
4943 5332
4944 5333
4945 5334
4946 5335
4947 5336
4948 5337
4949 5338
4950 5339
4951 534
4952 5340
4953 5341
4954 5342
4955 5343
4956 5344
4957 5345
4958 5346
4959 5347
4960 5348
4961 5349
4962 535
4963 5350
4964 5351
4965 5352
4966 5353
4967 5354
4968 5355
4969 5356
4970 5357
4971 5358
4972 5359
4973 536
4974 5360
4975 5361
4976 5362
4977 5363
4978 5364
4979 5365
4980 5366
4981 5367
4982 5368
4983 5369
4984 537
4985 5370
4986 5371
4987 5372
4988 5373
4989 5374
4990 5375
4991 5376
4992 5545
4993 5377
4994 5378
4995 5379
4996 538
4997 5380
4998 5381
4999 5382
5000 5383
5001 5384
5002 5385
5003 5386
5004 5387
5005 5388
5006 5389
5007 539
5008 540
5009 5390
5010 5391
5011 5392
5012 5393
5013 5394
5014 5395
5015 5396
5016 5397
5017 5398
5018 5399
5019 5400
5020 8455
5021 5888
5022 5401
5023 5402
5024 5403
5025 5404
5026 5405
5027 5406
5028 5407
5029 5408
5030 5409
5031 541
5032 5410
5033 5411
5034 5412
5035 5413
5036 5414
5037 5415
5038 5416
5039 5417
5040 5418
5041 5419
5042 542
5043 5420
5044 5421
5045 5422
5046 5423
5047 5424
5048 5425
5049 5426
5050 5427
5051 5428
5052 5429
5053 543
5054 5430
5055 5431
5056 5432
5057 5433
5058 5434
5059 5435
5060 5436
5061 5437
5062 5438
5063 5439
5064 5440
5065 5441
5066 5442
5067 5443
5068 5444
5069 5445
5070 5446
5071 5447
5072 5448
5073 5449
5074 545
5075 5450
5076 5451
5077 5452
5078 5453
5079 5454
5080 5455
5081 5456
5082 5457
5083 5458
5084 5459
5085 546
5086 5460
5087 5462
5088 5463
5089 5464
5090 5465
5091 5466
5092 5467
5093 5468
5094 5469
5095 547
5096 5470
5097 5471
5098 5472
5099 5473
5100 5474
5101 5475
5102 5476
5103 5477
5104 5478
5105 5479
5106 548
5107 5480
5108 5481
5109 5482
5110 5483
5111 5484
5112 5485
5113 5486
5114 5487
5115 5488
5116 549
5117 5490
5118 5491
5119 5492
5120 5493
5121 5494
5122 5495
5123 5496
5124 5497
5125 5498
5126 5499
5127 55
5128 550
5129 5500
5130 5501
5131 5502
5132 5503
5133 5504
5134 5505
5135 5506
5136 5507
5137 5508
5138 5509
5139 551
5140 5510
5141 5511
5142 5512
5143 5513
5144 5514
5145 5515
5146 5516
5147 5517
5148 5518
5149 5519
5150 552
5151 5520
5152 5521
5153 5522
5154 5525
5155 5526
5156 5527
5157 5528
5158 5529
5159 5530
5160 5531
5161 5532
5162 5533
5163 5534
5164 5535
5165 5536
5166 5537
5167 5538
5168 5539
5169 554
5170 5540
5171 5541
5172 5542
5173 5543
5174 5544
5175 5546
5176 5547
5177 5548
5178 5549
5179 5551
5180 5552
5181 5553
5182 5554
5183 5555
5184 5556
5185 5557
5186 5558
5187 5559
5188 556
5189 5560
5190 5561
5191 5562
5192 5563
5193 5564
5194 5565
5195 5566
5196 5567
5197 5569
5198 557
5199 5570
5200 5571
5201 5572
5202 5573
5203 5574
5204 5575
5205 5576
5206 5577
5207 5578
5208 5579
5209 558
5210 5580
5211 5581
5212 5582
5213 5583
5214 5584
5215 5585
5216 5586
5217 5587
5218 5588
5219 5589
5220 559
5221 5590
5222 5591
5223 5592
5224 5593
5225 5594
5226 5595
5227 5596
5228 5597
5229 5598
5230 5599
5231 56
5232 560
5233 5600
5234 5601
5235 5602
5236 5603
5237 5604
5238 5605
5239 5606
5240 5607
5241 5608
5242 5609
5243 561
5244 5610
5245 5611
5246 5612
5247 5613
5248 5614
5249 5615
5250 5616
5251 5617
5252 5618
5253 5619
5254 562
5255 5620
5256 5621
5257 5623
5258 5624
5259 5625
5260 5626
5261 5627
5262 5628
5263 5629
5264 5630
5265 5631
5266 5632
5267 5633
5268 5634
5269 5635
5270 5636
5271 5637
5272 5638
5273 5639
5274 5640
5275 5641
5276 5642
5277 5643
5278 5644
5279 5645
5280 5646
5281 5647
5282 5648
5283 5649
5284 5650
5285 5651
5286 5652
5287 5653
5288 5654
5289 5655
5290 5656
5291 5657
5292 5658
5293 5659
5294 566
5295 5660
5296 5661
5297 5662
5298 5663
5299 5664
5300 5665
5301 5666
5302 5667
5303 5668
5304 5669
5305 5670
5306 5671
5307 5672
5308 5673
5309 5674
5310 5675
5311 5676
5312 5677
5313 5678
5314 5679
5315 568
5316 5680
5317 5681
5318 5682
5319 5683
5320 5684
5321 5685
5322 5686
5323 5687
5324 5688
5325 5689
5326 569
5327 5690
5328 5691
5329 694
5330 5692
5331 5693
5332 5694
5333 5695
5334 5696
5335 5697
5336 5698
5337 5699
5338 570
5339 5700
5340 5701
5341 5702
5342 5703
5343 5704
5344 5705
5345 5706
5346 5707
5347 5708
5348 5709
5349 5710
5350 571
5351 5711
5352 5712
5353 5713
5354 5714
5355 5715
5356 5716
5357 5717
5358 5718
5359 5719
5360 572
5361 5720
5362 5721
5363 5722
5364 5723
5365 5724
5366 5725
5367 5727
5368 5728
5369 5730
5370 5731
5371 5766
5372 5767
5373 5768
5374 5732
5375 5733
5376 5734
5377 5735
5378 5736
5379 5737
5380 5738
5381 5739
5382 574
5383 5740
5384 5741
5385 5742
5386 5743
5387 5744
5388 5745
5389 5746
5390 5747
5391 5748
5392 5749
5393 575
5394 5750
5395 5751
5396 5752
5397 5753
5398 5754
5399 5755
5400 5756
5401 5757
5402 5758
5403 5759
5404 5760
5405 5761
5406 5762
5407 5763
5408 5764
5409 5765
5410 577
5411 5770
5412 5771
5413 5772
5414 5773
5415 5774
5416 5775
5417 5777
5418 5778
5419 578
5420 5780
5421 5781
5422 5782
5423 5783
5424 5784
5425 5785
5426 5786
5427 5787
5428 5788
5429 5789
5430 579
5431 5790
5432 5791
5433 5792
5434 5793
5435 5794
5436 5795
5437 5796
5438 5797
5439 5798
5440 5799
5441 58
5442 5800
5443 5801
5444 5802
5445 5803
5446 5804
5447 5805
5448 5806
5449 5807
5450 5808
5451 5809
5452 581
5453 5810
5454 5811
5455 5812
5456 5813
5457 5814
5458 5815
5459 5816
5460 5817
5461 5818
5462 5819
5463 582
5464 5820
5465 5821
5466 5822
5467 5823
5468 5824
5469 5825
5470 5826
5471 5827
5472 5828
5473 5829
5474 583
5475 5830
5476 5831
5477 5832
5478 5833
5479 5834
5480 5835
5481 5836
5482 5837
5483 5838
5484 5839
5485 584
5486 5840
5487 5841
5488 5842
5489 5843
5490 5844
5491 5845
5492 5846
5493 5847
5494 5848
5495 5849
5496 585
5497 5850
5498 5851
5499 5852
5500 5853
5501 5854
5502 5855
5503 5856
5504 5857
5505 5858
5506 5859
5507 586
5508 5860
5509 5861
5510 5862
5511 5863
5512 5864
5513 5865
5514 5866
5515 5867
5516 5868
5517 5869
5518 587
5519 5870
5520 5871
5521 5872
5522 5873
5523 5874
5524 5875
5525 5876
5526 5877
5527 5878
5528 5879
5529 588
5530 5880
5531 5881
5532 5882
5533 5883
5534 5884
5535 5885
5536 5886
5537 5887
5538 5889
5539 589
5540 5890
5541 5891
5542 5892
5543 5893
5544 5894
5545 5895
5546 5896
5547 5897
5548 5898
5549 59
5550 591
5551 5910
5552 5911
5553 5912
5554 5913
5555 5914
5556 5915
5557 5916
5558 5917
5559 5918
5560 5919
5561 592
5562 5920
5563 5921
5564 5922
5565 5923
5566 5924
5567 5925
5568 5926
5569 5927
5570 5928
5571 5929
5572 5930
5573 5931
5574 5932
5575 5933
5576 5934
5577 5935
5578 5936
5579 5937
5580 5938
5581 5939
5582 594
5583 5940
5584 5941
5585 5942
5586 5943
5587 5944
5588 5945
5589 5946
5590 5948
5591 5949
5592 595
5593 5950
5594 5951
5595 5952
5596 5953
5597 5954
5598 5955
5599 5956
5600 5957
5601 5958
5602 5959
5603 596
5604 5960
5605 5961
5606 5962
5607 5963
5608 5964
5609 5965
5610 5966
5611 5967
5612 5968
5613 5969
5614 597
5615 5970
5616 5971
5617 5972
5618 5973
5619 5974
5620 5975
5621 5976
5622 5977
5623 5978
5624 5979
5625 598
5626 5980
5627 5981
5628 5982
5629 5983
5630 5984
5631 5985
5632 5986
5633 5987
5634 5988
5635 5989
5636 599
5637 5990
5638 5991
5639 5992
5640 5993
5641 5994
5642 5997
5643 5998
5644 5999
5645 600
5646 6000
5647 6001
5648 6002
5649 6003
5650 6004
5651 6005
5652 6006
5653 6007
5654 6008
5655 6009
5656 601
5657 6010
5658 6011
5659 6012
5660 6013
5661 6014
5662 6015
5663 6016
5664 6017
5665 6018
5666 6019
5667 602
5668 6020
5669 6021
5670 6022
5671 6023
5672 6024
5673 6025
5674 6026
5675 6027
5676 6028
5677 6029
5678 603
5679 6030
5680 6031
5681 6032
5682 6033
5683 6034
5684 6035
5685 6036
5686 6037
5687 6038
5688 6039
5689 604
5690 6040
5691 6041
5692 6042
5693 6043
5694 6044
5695 6045
5696 6046
5697 6047
5698 6048
5699 6049
5700 605
5701 6050
5702 6051
5703 6052
5704 6053
5705 6054
5706 6055
5707 6056
5708 6057
5709 6058
5710 6059
5711 6060
5712 606
5713 6061
5714 6062
5715 6063
5716 6064
5717 6065
5718 6066
5719 6067
5720 6068
5721 6069
5722 6070
5723 6071
5724 607
5725 6072
5726 6073
5727 6074
5728 6075
5729 6076
5730 6077
5731 6078
5732 6079
5733 6080
5734 6081
5735 6082
5736 6083
5737 6084
5738 6085
5739 6086
5740 6087
5741 6088
5742 6089
5743 609
5744 6090
5745 6091
5746 6092
5747 6093
5748 6094
5749 6095
5750 6097
5751 6098
5752 6099
5753 61
5754 610
5755 6100
5756 6101
5757 6102
5758 6103
5759 6104
5760 6105
5761 6106
5762 6107
5763 6108
5764 6109
5765 611
5766 6110
5767 6111
5768 6112
5769 6113
5770 6114
5771 6115
5772 6116
5773 6117
5774 6118
5775 6119
5776 612
5777 6120
5778 6121
5779 6122
5780 6123
5781 6124
5782 6125
5783 6126
5784 6127
5785 6128
5786 6129
5787 613
5788 6130
5789 6131
5790 6132
5791 6133
5792 6134
5793 6135
5794 6136
5795 6137
5796 6138
5797 6139
5798 614
5799 6140
5800 6142
5801 6143
5802 6144
5803 6145
5804 6146
5805 6147
5806 6148
5807 6149
5808 615
5809 6150
5810 6151
5811 6152
5812 6153
5813 6154
5814 6155
5815 6156
5816 6157
5817 6158
5818 6159
5819 6160
5820 7993
5821 6161
5822 6162
5823 6163
5824 6164
5825 6165
5826 6166
5827 6167
5828 6168
5829 6169
5830 617
5831 6170
5832 6171
5833 6172
5834 6173
5835 6174
5836 6175
5837 6176
5838 6177
5839 6178
5840 6179
5841 6180
5842 6181
5843 6182
5844 6183
5845 6184
5846 6185
5847 6186
5848 6187
5849 6188
5850 6189
5851 619
5852 6190
5853 6191
5854 6192
5855 6193
5856 6194
5857 6195
5858 6196
5859 6197
5860 6198
5861 6199
5862 62
5863 620
5864 6200
5865 6201
5866 6202
5867 6203
5868 6204
5869 6205
5870 6206
5871 6207
5872 6208
5873 6209
5874 621
5875 6210
5876 6211
5877 6212
5878 6213
5879 6214
5880 6215
5881 6216
5882 6217
5883 6218
5884 6219
5885 622
5886 6220
5887 6221
5888 6222
5889 6223
5890 6224
5891 6225
5892 6226
5893 6227
5894 6228
5895 6229
5896 623
5897 6230
5898 6231
5899 6232
5900 6233
5901 6234
5902 6235
5903 6236
5904 6237
5905 6238
5906 6239
5907 624
5908 6240
5909 6241
5910 6242
5911 6243
5912 6244
5913 6245
5914 6246
5915 6247
5916 6248
5917 6249
5918 625
5919 6250
5920 6251
5921 6252
5922 6253
5923 6254
5924 6255
5925 6256
5926 6257
5927 6258
5928 6259
5929 626
5930 6261
5931 6262
5932 6263
5933 6264
5934 6265
5935 6266
5936 6267
5937 6268
5938 6269
5939 627
5940 6270
5941 6271
5942 6272
5943 6273
5944 6274
5945 6275
5946 6276
5947 6277
5948 6278
5949 6279
5950 6280
5951 628
5952 629
5953 6281
5954 6282
5955 6283
5956 6284
5957 6285
5958 6286
5959 6287
5960 6289
5961 6290
5962 6291
5963 6292
5964 6293
5965 6294
5966 6295
5967 6296
5968 6297
5969 6298
5970 6299
5971 630
5972 6300
5973 6301
5974 6302
5975 6303
5976 6304
5977 6305
5978 6306
5979 6307
5980 6308
5981 6309
5982 6310
5983 6311
5984 6312
5985 6313
5986 6314
5987 6315
5988 6316
5989 6317
5990 6318
5991 6319
5992 6320
5993 632
5994 6321
5995 6322
5996 6323
5997 6324
5998 6325
5999 6326
6000 6327
6001 6328
6002 6329
6003 633
6004 6330
6005 6331
6006 6332
6007 6333
6008 6334
6009 6335
6010 6336
6011 6337
6012 6339
6013 634
6014 6340
6015 6341
6016 6342
6017 6343
6018 6344
6019 6345
6020 6346
6021 6347
6022 6348
6023 6349
6024 635
6025 6350
6026 6351
6027 6352
6028 6353
6029 6354
6030 6355
6031 6356
6032 6357
6033 6358
6034 6359
6035 636
6036 6360
6037 6361
6038 6362
6039 6363
6040 6364
6041 6365
6042 6366
6043 6367
6044 6368
6045 6369
6046 637
6047 6370
6048 6371
6049 6372
6050 6373
6051 6374
6052 6375
6053 6376
6054 6377
6055 6378
6056 6379
6057 6380
6058 6381
6059 6382
6060 6383
6061 6384
6062 6385
6063 6386
6064 6387
6065 6388
6066 6389
6067 639
6068 6390
6069 6391
6070 6392
6071 6393
6072 6394
6073 6395
6074 6396
6075 6397
6076 6398
6077 6399
6078 64
6079 640
6080 6400
6081 6401
6082 6402
6083 6403
6084 6404
6085 6405
6086 6406
6087 6407
6088 6408
6089 6409
6090 641
6091 6410
6092 6411
6093 6412
6094 6413
6095 6414
6096 6415
6097 6416
6098 6417
6099 6418
6100 6419
6101 642
6102 6420
6103 6421
6104 6422
6105 6423
6106 6424
6107 6425
6108 6426
6109 6427
6110 6428
6111 6429
6112 6430
6113 643
6114 6431
6115 6432
6116 6433
6117 6434
6118 6435
6119 6436
6120 6437
6121 6438
6122 6439
6123 6440
6124 6441
6125 6442
6126 6443
6127 6444
6128 6445
6129 6446
6130 6510
6131 6646
6132 6647
6133 6447
6134 6448
6135 6449
6136 645
6137 6450
6138 6451
6139 6452
6140 6453
6141 6454
6142 6455
6143 6456
6144 6457
6145 6458
6146 6459
6147 646
6148 6460
6149 6461
6150 6462
6151 6463
6152 6464
6153 6465
6154 6466
6155 6467
6156 6468
6157 6469
6158 6470
6159 6471
6160 6472
6161 6473
6162 6474
6163 6475
6164 6476
6165 6477
6166 6478
6167 6479
6168 648
6169 6480
6170 6481
6171 6482
6172 6483
6173 6484
6174 6485
6175 6486
6176 6487
6177 6488
6178 6489
6179 649
6180 6490
6181 6491
6182 6492
6183 6493
6184 6494
6185 6495
6186 6496
6187 6497
6188 6498
6189 6499
6190 65
6191 650
6192 6500
6193 6501
6194 6502
6195 6503
6196 6504
6197 6505
6198 6506
6199 6507
6200 6508
6201 6509
6202 651
6203 6511
6204 6512
6205 6513
6206 6514
6207 6515
6208 6516
6209 6517
6210 6518
6211 6519
6212 652
6213 6520
6214 6521
6215 6522
6216 6523
6217 6524
6218 6525
6219 6526
6220 6527
6221 6528
6222 6529
6223 653
6224 6530
6225 6531
6226 6532
6227 7930
6228 6533
6229 6534
6230 6535
6231 6536
6232 6537
6233 6538
6234 6539
6235 654
6236 655
6237 656
6238 657
6239 6540
6240 6541
6241 708
6242 6542
6243 6543
6244 6544
6245 6545
6246 6546
6247 6547
6248 6548
6249 6549
6250 6550
6251 6551
6252 6552
6253 6553
6254 6554
6255 6555
6256 6556
6257 6557
6258 6558
6259 6559
6260 6560
6261 6561
6262 6562
6263 6563
6264 6564
6265 6565
6266 6566
6267 6567
6268 6568
6269 6569
6270 6570
6271 6571
6272 6572
6273 6573
6274 6574
6275 6575
6276 6576
6277 6577
6278 6578
6279 6579
6280 658
6281 6580
6282 6581
6283 6582
6284 6583
6285 6584
6286 6585
6287 6586
6288 6587
6289 6588
6290 6589
6291 659
6292 6590
6293 6591
6294 6592
6295 6593
6296 6594
6297 6595
6298 6596
6299 6597
6300 6598
6301 6599
6302 6600
6303 66
6304 660
6305 6601
6306 6602
6307 6603
6308 6604
6309 6605
6310 6606
6311 6607
6312 6608
6313 6609
6314 661
6315 6610
6316 6611
6317 6612
6318 6613
6319 6614
6320 6615
6321 6616
6322 6617
6323 6618
6324 6619
6325 662
6326 6620
6327 6621
6328 6623
6329 6624
6330 6625
6331 6626
6332 6627
6333 6628
6334 6629
6335 663
6336 6630
6337 6631
6338 6632
6339 6633
6340 6634
6341 6635
6342 6636
6343 6637
6344 6638
6345 6639
6346 664
6347 6640
6348 6641
6349 6642
6350 6643
6351 6644
6352 6645
6353 6648
6354 6649
6355 665
6356 6650
6357 6651
6358 6652
6359 6653
6360 6654
6361 6655
6362 6656
6363 6657
6364 6658
6365 6659
6366 6660
6367 666
6368 6661
6369 6662
6370 6663
6371 6664
6372 6665
6373 6666
6374 6667
6375 6668
6376 6669
6377 667
6378 6670
6379 6671
6380 6672
6381 6673
6382 6674
6383 6675
6384 6676
6385 6677
6386 6678
6387 6682
6388 6683
6389 6684
6390 6685
6391 6686
6392 6687
6393 6688
6394 6689
6395 669
6396 6690
6397 6691
6398 6692
6399 6693
6400 6694
6401 6695
6402 6696
6403 6697
6404 6698
6405 6699
6406 67
6407 670
6408 6700
6409 6701
6410 6702
6411 6703
6412 6704
6413 6705
6414 6706
6415 6707
6416 6708
6417 6709
6418 671
6419 6710
6420 6711
6421 6712
6422 6713
6423 6714
6424 6715
6425 6716
6426 6717
6427 6718
6428 6719
6429 6720
6430 6721
6431 6722
6432 6723
6433 6725
6434 6726
6435 6727
6436 6728
6437 6729
6438 673
6439 6730
6440 6731
6441 6732
6442 6733
6443 6734
6444 6735
6445 6736
6446 6737
6447 6738
6448 6739
6449 674
6450 6740
6451 6741
6452 6742
6453 6743
6454 6744
6455 6745
6456 6746
6457 6747
6458 6748
6459 6749
6460 675
6461 6750
6462 6751
6463 6752
6464 6753
6465 6754
6466 6755
6467 6756
6468 6757
6469 6758
6470 6759
6471 676
6472 6760
6473 6761
6474 6762
6475 6763
6476 6764
6477 6765
6478 6766
6479 6767
6480 6768
6481 6769
6482 6770
6483 6771
6484 6772
6485 6773
6486 6774
6487 6775
6488 6776
6489 6777
6490 6778
6491 6779
6492 6780
6493 6781
6494 6782
6495 677
6496 678
6497 6783
6498 6784
6499 6785
6500 6786
6501 6787
6502 6788
6503 6789
6504 679
6505 681
6506 6790
6507 6791
6508 6792
6509 6793
6510 6794
6511 6795
6512 6796
6513 6797
6514 6798
6515 6799
6516 68
6517 6800
6518 6801
6519 6802
6520 6803
6521 6804
6522 6805
6523 6806
6524 6807
6525 6808
6526 6809
6527 6810
6528 6811
6529 6812
6530 6813
6531 6814
6532 6815
6533 6816
6534 6817
6535 6818
6536 682
6537 6820
6538 6821
6539 6822
6540 6823
6541 6825
6542 6826
6543 6827
6544 6828
6545 6829
6546 683
6547 6830
6548 6831
6549 6832
6550 6833
6551 6834
6552 6835
6553 6836
6554 6837
6555 6838
6556 6839
6557 684
6558 6840
6559 6841
6560 6842
6561 6843
6562 6844
6563 6845
6564 6846
6565 6847
6566 6848
6567 685
6568 6850
6569 6851
6570 6852
6571 6853
6572 6854
6573 6855
6574 6856
6575 6857
6576 6858
6577 6859
6578 686
6579 6860
6580 6861
6581 6862
6582 6863
6583 6864
6584 6865
6585 6866
6586 6867
6587 6868
6588 6869
6589 687
6590 6870
6591 6871
6592 6872
6593 6873
6594 6874
6595 6875
6596 6876
6597 6877
6598 6878
6599 6879
6600 688
6601 6880
6602 6881
6603 6882
6604 6883
6605 6884
6606 6885
6607 6886
6608 6887
6609 6888
6610 6889
6611 689
6612 6890
6613 6891
6614 6892
6615 6893
6616 6894
6617 6895
6618 6896
6619 6897
6620 6898
6621 6899
6622 69
6623 690
6624 691
6625 6900
6626 6901
6627 6902
6628 6903
6629 6904
6630 6905
6631 6906
6632 6907
6633 6908
6634 6909
6635 6910
6636 6911
6637 6912
6638 6913
6639 6914
6640 6915
6641 6916
6642 6917
6643 6918
6644 6919
6645 692
6646 6920
6647 6921
6648 6922
6649 6923
6650 6924
6651 6925
6652 6926
6653 6927
6654 6928
6655 6929
6656 693
6657 6930
6658 6931
6659 6932
6660 6933
6661 6934
6662 6935
6663 6936
6664 6937
6665 6938
6666 6939
6667 6940
6668 6941
6669 6942
6670 6943
6671 6944
6672 6945
6673 6946
6674 6947
6675 6948
6676 6949
6677 695
6678 6950
6679 6951
6680 6952
6681 6953
6682 6954
6683 6955
6684 6956
6685 6957
6686 6958
6687 6959
6688 696
6689 6960
6690 6961
6691 6962
6692 7082
6693 6963
6694 6964
6695 6965
6696 6966
6697 6967
6698 6968
6699 6969
6700 697
6701 698
6702 6970
6703 6971
6704 6972
6705 6973
6706 6974
6707 6975
6708 6976
6709 6977
6710 6978
6711 6979
6712 6980
6713 8153
6714 6981
6715 6982
6716 6983
6717 6984
6718 6985
6719 6986
6720 6987
6721 6989
6722 699
6723 6990
6724 6991
6725 6992
6726 6993
6727 6994
6728 6995
6729 6996
6730 6997
6731 6998
6732 6999
6733 7
6734 700
6735 7000
6736 7001
6737 7002
6738 7003
6739 7004
6740 7005
6741 7006
6742 7895
6743 7007
6744 7008
6745 7009
6746 701
6747 7010
6748 7011
6749 7012
6750 7013
6751 7014
6752 7015
6753 7016
6754 7017
6755 7018
6756 7019
6757 7020
6758 7021
6759 7022
6760 7023
6761 7024
6762 7025
6763 7026
6764 7027
6765 7028
6766 7029
6767 703
6768 7030
6769 7031
6770 7032
6771 7033
6772 7034
6773 7035
6774 7036
6775 7037
6776 7038
6777 7039
6778 704
6779 7040
6780 7041
6781 7042
6782 7043
6783 7044
6784 7045
6785 7046
6786 7047
6787 7048
6788 7049
6789 705
6790 7050
6791 7052
6792 7053
6793 7054
6794 7055
6795 7056
6796 7057
6797 7058
6798 7059
6799 7060
6800 7061
6801 7062
6802 706
6803 7063
6804 7064
6805 7065
6806 7066
6807 7067
6808 7068
6809 7069
6810 707
6811 7070
6812 7071
6813 7072
6814 7073
6815 7074
6816 7075
6817 7076
6818 7077
6819 7078
6820 7079
6821 7080
6822 7081
6823 7083
6824 7084
6825 7085
6826 7086
6827 7087
6828 7088
6829 7089
6830 7090
6831 709
6832 7091
6833 7092
6834 7093
6835 7095
6836 7096
6837 7097
6838 7098
6839 7099
6840 71
6841 7100
6842 7101
6843 7102
6844 7103
6845 7104
6846 7105
6847 7106
6848 7107
6849 7108
6850 7109
6851 711
6852 7110
6853 7111
6854 7112
6855 7113
6856 7114
6857 7115
6858 7116
6859 7117
6860 7118
6861 7119
6862 712
6863 713
6864 7120
6865 7121
6866 7122
6867 7123
6868 7124
6869 7125
6870 7126
6871 7127
6872 7128
6873 7129
6874 7130
6875 7131
6876 7132
6877 7133
6878 7134
6879 7135
6880 7136
6881 7137
6882 7138
6883 7139
6884 714
6885 7140
6886 7141
6887 7142
6888 7143
6889 7144
6890 7145
6891 7146
6892 7147
6893 7148
6894 7149
6895 715
6896 7150
6897 7151
6898 7152
6899 7153
6900 7154
6901 7155
6902 7156
6903 7157
6904 7158
6905 7159
6906 7160
6907 716
6908 8744
6909 7161
6910 7162
6911 7163
6912 7164
6913 7165
6914 7166
6915 7167
6916 7168
6917 7169
6918 717
6919 7170
6920 7171
6921 7172
6922 7173
6923 7174
6924 7175
6925 7176
6926 7177
6927 7178
6928 7179
6929 718
6930 7180
6931 7181
6932 7182
6933 7183
6934 7184
6935 7185
6936 7186
6937 7187
6938 7188
6939 7189
6940 719
6941 7190
6942 7191
6943 7192
6944 7193
6945 7194
6946 7195
6947 7196
6948 7197
6949 7198
6950 7199
6951 72
6952 720
6953 7200
6954 7201
6955 7202
6956 7203
6957 7204
6958 7205
6959 7206
6960 7207
6961 7208
6962 7209
6963 721
6964 7210
6965 7211
6966 7212
6967 7213
6968 7214
6969 7215
6970 7216
6971 7217
6972 7218
6973 7219
6974 722
6975 7220
6976 7221
6977 7222
6978 7223
6979 7224
6980 7225
6981 7226
6982 7227
6983 7228
6984 7229
6985 723
6986 7230
6987 7231
6988 7232
6989 7233
6990 7234
6991 7235
6992 7236
6993 7237
6994 7238
6995 7239
6996 724
6997 7240
6998 7241
6999 7242
7000 7243
7001 7244
7002 7245
7003 7246
7004 7247
7005 7248
7006 7249
7007 725
7008 7250
7009 7251
7010 7252
7011 7253
7012 7254
7013 7255
7014 7256
7015 7257
7016 7258
7017 7259
7018 726
7019 7260
7020 7261
7021 7262
7022 7263
7023 7264
7024 7265
7025 7266
7026 7267
7027 7268
7028 7269
7029 727
7030 7270
7031 7271
7032 7272
7033 7273
7034 7274
7035 7275
7036 7276
7037 7277
7038 7278
7039 7279
7040 728
7041 7280
7042 7281
7043 7282
7044 7283
7045 7284
7046 7285
7047 7286
7048 7287
7049 7288
7050 7289
7051 729
7052 7290
7053 7291
7054 7292
7055 7293
7056 7294
7057 7295
7058 7296
7059 7297
7060 7298
7061 7299
7062 73
7063 730
7064 7300
7065 7301
7066 7302
7067 7303
7068 7304
7069 7305
7070 7306
7071 7307
7072 7308
7073 7309
7074 731
7075 7310
7076 7311
7077 7312
7078 7313
7079 7314
7080 7315
7081 7316
7082 7317
7083 7318
7084 7319
7085 732
7086 7320
7087 7321
7088 7322
7089 7323
7090 7324
7091 7325
7092 7326
7093 7327
7094 7328
7095 7329
7096 733
7097 7330
7098 7331
7099 7332
7100 7335
7101 7336
7102 7337
7103 7338
7104 7339
7105 734
7106 7340
7107 7341
7108 7342
7109 7343
7110 7344
7111 7345
7112 7346
7113 7347
7114 7348
7115 7349
7116 735
7117 7350
7118 7351
7119 7352
7120 7353
7121 7354
7122 7355
7123 7356
7124 7357
7125 7358
7126 7359
7127 7360
7128 7361
7129 7363
7130 7364
7131 7365
7132 7366
7133 7367
7134 7368
7135 7369
7136 737
7137 7370
7138 7371
7139 7372
7140 7373
7141 7374
7142 7375
7143 7376
7144 7377
7145 7378
7146 7379
7147 7380
7148 7382
7149 738
7150 7383
7151 7384
7152 7385
7153 7386
7154 7387
7155 7388
7156 7389
7157 739
7158 7390
7159 7391
7160 7392
7161 7393
7162 7394
7163 7395
7164 7396
7165 7397
7166 7398
7167 7399
7168 74
7169 7400
7170 7401
7171 7402
7172 7403
7173 7404
7174 7405
7175 7406
7176 7407
7177 7408
7178 7409
7179 741
7180 7410
7181 7411
7182 7412
7183 7413
7184 7414
7185 7415
7186 7416
7187 7417
7188 7418
7189 7419
7190 742
7191 7420
7192 7421
7193 7422
7194 7423
7195 7424
7196 7425
7197 7427
7198 743
7199 7430
7200 7431
7201 7432
7202 7433
7203 7434
7204 7435
7205 7436
7206 7437
7207 7438
7208 7439
7209 744
7210 7440
7211 7441
7212 7442
7213 7443
7214 7444
7215 7445
7216 7446
7217 7447
7218 7448
7219 7449
7220 745
7221 7450
7222 7451
7223 7452
7224 7453
7225 7454
7226 7455
7227 7456
7228 7457
7229 7458
7230 7459
7231 746
7232 7460
7233 7461
7234 7462
7235 7463
7236 7464
7237 7465
7238 7466
7239 7467
7240 7468
7241 7469
7242 7470
7243 7471
7244 7472
7245 7473
7246 7474
7247 7475
7248 7476
7249 7477
7250 7478
7251 7479
7252 748
7253 7480
7254 7481
7255 7482
7256 7483
7257 7484
7258 7485
7259 7486
7260 7487
7261 7488
7262 7489
7263 749
7264 7490
7265 7491
7266 7492
7267 7493
7268 7494
7269 7495
7270 7496
7271 7497
7272 7498
7273 7499
7274 75
7275 750
7276 7500
7277 7501
7278 7502
7279 7503
7280 7504
7281 7505
7282 7506
7283 7507
7284 7508
7285 7509
7286 751
7287 7510
7288 7511
7289 7512
7290 7513
7291 7514
7292 7515
7293 7516
7294 7517
7295 7518
7296 7519
7297 752
7298 7520
7299 7521
7300 7522
7301 7523
7302 7524
7303 7525
7304 7526
7305 7527
7306 7528
7307 7529
7308 7530
7309 753
7310 7531
7311 7532
7312 7533
7313 7534
7314 7535
7315 7536
7316 7537
7317 7538
7318 7539
7319 754
7320 7540
7321 7541
7322 7542
7323 7543
7324 7544
7325 7545
7326 7546
7327 7547
7328 7548
7329 7549
7330 755
7331 7550
7332 7551
7333 7552
7334 7553
7335 7554
7336 7555
7337 7556
7338 7557
7339 7558
7340 7559
7341 756
7342 7560
7343 7561
7344 7562
7345 7563
7346 7564
7347 7565
7348 7566
7349 7567
7350 7568
7351 7569
7352 757
7353 7570
7354 7571
7355 7572
7356 7573
7357 7574
7358 7575
7359 7576
7360 7577
7361 7578
7362 7579
7363 758
7364 7580
7365 7581
7366 7582
7367 7583
7368 7584
7369 7585
7370 7586
7371 7587
7372 7588
7373 7589
7374 759
7375 7590
7376 7591
7377 7592
7378 7593
7379 7594
7380 7595
7381 7596
7382 7597
7383 7598
7384 7599
7385 7600
7386 76
7387 760
7388 7601
7389 7602
7390 7603
7391 7604
7392 7605
7393 7606
7394 7607
7395 7608
7396 7609
7397 7610
7398 7611
7399 7612
7400 7613
7401 7614
7402 7615
7403 7616
7404 7617
7405 7618
7406 7619
7407 762
7408 7620
7409 7621
7410 7622
7411 7623
7412 7624
7413 7625
7414 7626
7415 7627
7416 7628
7417 7629
7418 763
7419 764
7420 7630
7421 7631
7422 7632
7423 7633
7424 7634
7425 7635
7426 7636
7427 7637
7428 7638
7429 7639
7430 7640
7431 7641
7432 7642
7433 7643
7434 7644
7435 7645
7436 7646
7437 7647
7438 7648
7439 7649
7440 765
7441 7650
7442 7651
7443 7652
7444 7653
7445 7654
7446 7655
7447 7656
7448 7657
7449 7658
7450 7659
7451 766
7452 7660
7453 7661
7454 7662
7455 7663
7456 7664
7457 7665
7458 7666
7459 7667
7460 7668
7461 7669
7462 767
7463 7670
7464 7671
7465 7672
7466 7673
7467 7674
7468 7675
7469 7676
7470 7677
7471 7678
7472 7679
7473 768
7474 7680
7475 7681
7476 7682
7477 7683
7478 7684
7479 7685
7480 7686
7481 7687
7482 7688
7483 7689
7484 7690
7485 7691
7486 7692
7487 7693
7488 7694
7489 7695
7490 7696
7491 7697
7492 7698
7493 7699
7494 770
7495 7700
7496 7701
7497 7702
7498 7703
7499 7704
7500 7705
7501 7706
7502 7707
7503 7708
7504 7709
7505 771
7506 7710
7507 7711
7508 7712
7509 7713
7510 7714
7511 7715
7512 7716
7513 7717
7514 7718
7515 7719
7516 772
7517 7720
7518 7721
7519 7722
7520 7723
7521 7724
7522 7725
7523 7726
7524 7727
7525 7728
7526 7729
7527 773
7528 7730
7529 7731
7530 7732
7531 7733
7532 7734
7533 7735
7534 7736
7535 7907
7536 7737
7537 7738
7538 7739
7539 774
7540 7740
7541 7741
7542 7742
7543 7743
7544 7744
7545 7745
7546 7746
7547 7747
7548 7748
7549 7749
7550 775
7551 7750
7552 7751
7553 7752
7554 7753
7555 7754
7556 7755
7557 7756
7558 7757
7559 7758
7560 7759
7561 776
7562 7760
7563 7761
7564 7762
7565 7763
7566 7764
7567 7765
7568 7766
7569 7767
7570 7768
7571 7769
7572 777
7573 7770
7574 7771
7575 7772
7576 7773
7577 7774
7578 7775
7579 7776
7580 7777
7581 7778
7582 7779
7583 778
7584 7780
7585 7781
7586 7782
7587 7783
7588 7784
7589 7785
7590 7786
7591 7787
7592 7788
7593 7789
7594 779
7595 7790
7596 7791
7597 7792
7598 7793
7599 7794
7600 7795
7601 7796
7602 7797
7603 7798
7604 7799
7605 78
7606 780
7607 7800
7608 7801
7609 7802
7610 7803
7611 7804
7612 7805
7613 7806
7614 7807
7615 7808
7616 7809
7617 781
7618 7810
7619 7811
7620 7812
7621 7813
7622 7814
7623 7815
7624 7816
7625 7817
7626 7818
7627 7819
7628 782
7629 7820
7630 7821
7631 7822
7632 7823
7633 7824
7634 7825
7635 7826
7636 7827
7637 7828
7638 7829
7639 783
7640 7830
7641 7831
7642 7832
7643 7833
7644 7834
7645 7835
7646 7836
7647 7837
7648 7838
7649 7839
7650 784
7651 7840
7652 7841
7653 7842
7654 7843
7655 7844
7656 7845
7657 7846
7658 7847
7659 7848
7660 7849
7661 785
7662 7850
7663 7851
7664 7852
7665 7853
7666 7854
7667 7855
7668 7856
7669 7857
7670 7858
7671 7859
7672 786
7673 7860
7674 7861
7675 7862
7676 7863
7677 7864
7678 7865
7679 7866
7680 7867
7681 7868
7682 7869
7683 7870
7684 7871
7685 7872
7686 7873
7687 7874
7688 7875
7689 7876
7690 7877
7691 7878
7692 7879
7693 788
7694 7880
7695 7881
7696 7882
7697 7883
7698 7884
7699 7885
7700 7886
7701 7887
7702 7888
7703 7889
7704 789
7705 7890
7706 7891
7707 7892
7708 7893
7709 7894
7710 7896
7711 7897
7712 7898
7713 7899
7714 79
7715 790
7716 7900
7717 7901
7718 7902
7719 7903
7720 7904
7721 7905
7722 7906
7723 7909
7724 791
7725 7911
7726 7912
7727 7913
7728 7914
7729 7915
7730 7916
7731 7917
7732 7918
7733 7919
7734 792
7735 7920
7736 7921
7737 7922
7738 7923
7739 7924
7740 7925
7741 7926
7742 7927
7743 7928
7744 7929
7745 793
7746 7931
7747 7932
7748 7933
7749 7934
7750 7935
7751 7936
7752 7937
7753 7938
7754 7939
7755 794
7756 7940
7757 7941
7758 7942
7759 7943
7760 7944
7761 7945
7762 7946
7763 7947
7764 7948
7765 7949
7766 795
7767 7950
7768 7951
7769 7952
7770 7953
7771 7954
7772 7955
7773 7956
7774 7958
7775 7959
7776 796
7777 7960
7778 7961
7779 7962
7780 7963
7781 7964
7782 7965
7783 7966
7784 7967
7785 7968
7786 7969
7787 797
7788 7970
7789 7971
7790 7972
7791 7973
7792 7974
7793 7975
7794 7976
7795 7977
7796 7978
7797 7979
7798 798
7799 7980
7800 7981
7801 7982
7802 7983
7803 7984
7804 7985
7805 7987
7806 7988
7807 8028
7808 8760
7809 7989
7810 799
7811 7990
7812 7991
7813 7992
7814 7994
7815 7995
7816 7996
7817 7997
7818 7998
7819 7999
7820 80
7821 81
7822 800
7823 8000
7824 8001
7825 8002
7826 8003
7827 8004
7828 8005
7829 8006
7830 8007
7831 8008
7832 8009
7833 801
7834 8010
7835 8011
7836 8012
7837 8013
7838 8014
7839 8015
7840 8016
7841 8017
7842 8018
7843 8019
7844 802
7845 8020
7846 8021
7847 8022
7848 8023
7849 8024
7850 8025
7851 8026
7852 8027
7853 8029
7854 803
7855 8030
7856 8031
7857 8032
7858 8033
7859 8034
7860 8035
7861 8036
7862 8037
7863 8038
7864 8039
7865 8040
7866 804
7867 8042
7868 8043
7869 8044
7870 8045
7871 8046
7872 8047
7873 8048
7874 8049
7875 8050
7876 805
7877 8051
7878 8052
7879 8053
7880 8054
7881 8055
7882 8056
7883 8057
7884 8058
7885 8059
7886 806
7887 8060
7888 8061
7889 8062
7890 8063
7891 8064
7892 8065
7893 8066
7894 8067
7895 8068
7896 8069
7897 807
7898 8070
7899 8071
7900 8072
7901 8073
7902 8074
7903 8075
7904 8076
7905 8077
7906 8078
7907 8079
7908 808
7909 8080
7910 8081
7911 8082
7912 8083
7913 8084
7914 8085
7915 8086
7916 8087
7917 8088
7918 8089
7919 809
7920 8090
7921 8091
7922 8092
7923 8093
7924 8094
7925 8095
7926 8096
7927 8097
7928 8098
7929 8099
7930 8100
7931 8101
7932 8102
7933 8103
7934 8104
7935 8105
7936 8106
7937 8107
7938 8108
7939 8109
7940 811
7941 8110
7942 8111
7943 8112
7944 8113
7945 8114
7946 8115
7947 8116
7948 8117
7949 8118
7950 8119
7951 812
7952 8120
7953 8121
7954 8122
7955 8123
7956 8124
7957 8125
7958 8126
7959 8127
7960 8128
7961 8129
7962 813
7963 8130
7964 8131
7965 8132
7966 8133
7967 8134
7968 8135
7969 8136
7970 8137
7971 8138
7972 8139
7973 814
7974 815
7975 8140
7976 8141
7977 8142
7978 8143
7979 8144
7980 8145
7981 8146
7982 8147
7983 8148
7984 8149
7985 8150
7986 8151
7987 8152
7988 8154
7989 8155
7990 8156
7991 8157
7992 8158
7993 8159
7994 816
7995 8160
7996 8161
7997 8162
7998 8163
7999 8164
8000 8165
8001 8166
8002 8167
8003 8168
8004 8169
8005 817
8006 8170
8007 8171
8008 8172
8009 8173
8010 8174
8011 8175
8012 8176
8013 8177
8014 8178
8015 8179
8016 818
8017 8180
8018 8181
8019 8182
8020 8183
8021 8186
8022 8187
8023 8188
8024 8189
8025 819
8026 8190
8027 8191
8028 8192
8029 8193
8030 8194
8031 8195
8032 8196
8033 8197
8034 8198
8035 8199
8036 8200
8037 82
8038 83
8039 820
8040 8201
8041 8202
8042 8203
8043 8204
8044 8205
8045 8206
8046 8207
8047 8208
8048 8209
8049 821
8050 8210
8051 8211
8052 8212
8053 8213
8054 8214
8055 8215
8056 8216
8057 8217
8058 8218
8059 8219
8060 8220
8061 8221
8062 8222
8063 8223
8064 8224
8065 8225
8066 8226
8067 8227
8068 8228
8069 8229
8070 823
8071 8230
8072 8231
8073 8232
8074 8233
8075 8234
8076 8235
8077 8236
8078 8237
8079 8238
8080 8239
8081 824
8082 8240
8083 8241
8084 8242
8085 8243
8086 8244
8087 8245
8088 8246
8089 8247
8090 8248
8091 8249
8092 825
8093 8250
8094 8251
8095 8252
8096 8253
8097 8254
8098 8255
8099 8256
8100 8257
8101 8258
8102 8259
8103 826
8104 8260
8105 8261
8106 8262
8107 8263
8108 8264
8109 8265
8110 8266
8111 8267
8112 8268
8113 8269
8114 827
8115 8270
8116 8271
8117 8272
8118 8273
8119 8274
8120 8275
8121 8276
8122 8277
8123 8278
8124 8279
8125 828
8126 8280
8127 8281
8128 8282
8129 8283
8130 8284
8131 8285
8132 8286
8133 8287
8134 8288
8135 8289
8136 8290
8137 8291
8138 8292
8139 8293
8140 8294
8141 8295
8142 8296
8143 8297
8144 8298
8145 8299
8146 830
8147 8300
8148 8301
8149 8302
8150 8303
8151 8304
8152 8305
8153 8306
8154 8307
8155 8308
8156 8309
8157 831
8158 8310
8159 8311
8160 8312
8161 8313
8162 8314
8163 8315
8164 8316
8165 8317
8166 8318
8167 8319
8168 832
8169 8320
8170 8321
8171 8322
8172 8323
8173 8324
8174 8325
8175 8326
8176 8327
8177 8328
8178 8329
8179 833
8180 8330
8181 8331
8182 8332
8183 8333
8184 8334
8185 8335
8186 8336
8187 8337
8188 8338
8189 8339
8190 834
8191 8340
8192 8341
8193 8342
8194 8343
8195 8344
8196 8345
8197 8346
8198 8347
8199 8348
8200 8349
8201 835
8202 8350
8203 8351
8204 8352
8205 8353
8206 8354
8207 8355
8208 8356
8209 8357
8210 8358
8211 8359
8212 8360
8213 8361
8214 8362
8215 8363
8216 8364
8217 8365
8218 8366
8219 8367
8220 836
8221 8368
8222 8369
8223 837
8224 8370
8225 8371
8226 8372
8227 8373
8228 8374
8229 8375
8230 8376
8231 8377
8232 8378
8233 8379
8234 838
8235 8380
8236 8381
8237 8382
8238 8383
8239 8384
8240 8385
8241 8386
8242 8387
8243 8388
8244 8389
8245 839
8246 8390
8247 8391
8248 8392
8249 8393
8250 8394
8251 8395
8252 8396
8253 8397
8254 8398
8255 8399
8256 84
8257 840
8258 8400
8259 8401
8260 8402
8261 8403
8262 8404
8263 8405
8264 8406
8265 8407
8266 8408
8267 8409
8268 841
8269 8410
8270 8411
8271 8412
8272 8413
8273 8414
8274 8415
8275 8416
8276 8417
8277 8418
8278 8419
8279 842
8280 8420
8281 8421
8282 8422
8283 8423
8284 8424
8285 8425
8286 8426
8287 8427
8288 8428
8289 8429
8290 843
8291 8430
8292 8431
8293 8432
8294 8433
8295 8434
8296 8435
8297 8436
8298 8437
8299 8438
8300 8439
8301 8440
8302 844
8303 8441
8304 8442
8305 8443
8306 8444
8307 8445
8308 8446
8309 8447
8310 8448
8311 8449
8312 845
8313 8450
8314 8451
8315 8452
8316 8453
8317 8454
8318 8456
8319 8457
8320 8458
8321 8459
8322 846
8323 8460
8324 8461
8325 8462
8326 8463
8327 8464
8328 8465
8329 8466
8330 8467
8331 8468
8332 8469
8333 847
8334 8470
8335 8471
8336 8472
8337 8473
8338 8474
8339 8475
8340 8476
8341 8477
8342 8478
8343 8479
8344 8480
8345 8481
8346 8482
8347 8483
8348 8484
8349 8485
8350 8486
8351 8487
8352 8488
8353 8489
8354 849
8355 8490
8356 8491
8357 8492
8358 8493
8359 8494
8360 8495
8361 8496
8362 8497
8363 8498
8364 8499
8365 85
8366 850
8367 8500
8368 8501
8369 8502
8370 8503
8371 8504
8372 8505
8373 8506
8374 8507
8375 8508
8376 8509
8377 851
8378 8510
8379 8511
8380 8512
8381 8513
8382 8514
8383 8515
8384 8516
8385 8517
8386 8518
8387 8519
8388 852
8389 8520
8390 8521
8391 8522
8392 8523
8393 8524
8394 8525
8395 8526
8396 8527
8397 8528
8398 8529
8399 853
8400 8530
8401 8531
8402 8532
8403 8533
8404 8534
8405 8535
8406 8536
8407 8537
8408 8538
8409 8539
8410 854
8411 8540
8412 8541
8413 8542
8414 8543
8415 8544
8416 8545
8417 8546
8418 8547
8419 8548
8420 8549
8421 3561
8422 3562
8423 3563
8424 8550
8425 8551
8426 8552
8427 8553
8428 8554
8429 8555
8430 8556
8431 8557
8432 8558
8433 856
8434 8561
8435 8562
8436 8563
8437 8564
8438 8565
8439 8566
8440 8567
8441 8568
8442 8569
8443 857
8444 8570
8445 8571
8446 8572
8447 8573
8448 8574
8449 8575
8450 8576
8451 8577
8452 8578
8453 8579
8454 858
8455 8580
8456 8581
8457 8582
8458 8583
8459 8584
8460 8585
8461 8586
8462 8587
8463 8588
8464 8589
8465 859
8466 8590
8467 8591
8468 8592
8469 8593
8470 8594
8471 8595
8472 8596
8473 8597
8474 8598
8475 8599
8476 86
8477 860
8478 8600
8479 8601
8480 8602
8481 8603
8482 8604
8483 8605
8484 8606
8485 8607
8486 8608
8487 8609
8488 861
8489 8610
8490 8611
8491 8612
8492 8613
8493 8614
8494 8615
8495 8616
8496 8617
8497 8619
8498 862
8499 8620
8500 8621
8501 8622
8502 8624
8503 8626
8504 8627
8505 8628
8506 8629
8507 863
8508 8630
8509 8631
8510 8632
8511 8633
8512 8634
8513 8635
8514 8636
8515 8637
8516 8638
8517 8639
8518 864
8519 8640
8520 8641
8521 8642
8522 8643
8523 8644
8524 8645
8525 8646
8526 8647
8527 8648
8528 8649
8529 865
8530 8650
8531 8651
8532 8652
8533 8653
8534 8654
8535 8655
8536 8656
8537 8657
8538 8658
8539 8659
8540 866
8541 8660
8542 8661
8543 8662
8544 8663
8545 8664
8546 8665
8547 8666
8548 8667
8549 8668
8550 8669
8551 8670
8552 8671
8553 8672
8554 8673
8555 8674
8556 8675
8557 8676
8558 8677
8559 8678
8560 8679
8561 868
8562 8680
8563 8681
8564 8682
8565 8683
8566 8684
8567 8685
8568 8686
8569 8687
8570 8688
8571 8689
8572 869
8573 8690
8574 8691
8575 8692
8576 8693
8577 8694
8578 8695
8579 8696
8580 8697
8581 8698
8582 8699
8583 87
8584 870
8585 8700
8586 8701
8587 8702
8588 8703
8589 8704
8590 8705
8591 8706
8592 8707
8593 8708
8594 8709
8595 8710
8596 8711
8597 8712
8598 8713
8599 8714
8600 8715
8601 8716
8602 8717
8603 8718
8604 8719
8605 872
8606 8720
8607 8721
8608 8722
8609 8723
8610 8725
8611 8726
8612 8727
8613 8728
8614 8729
8615 873
8616 8730
8617 8731
8618 8732
8619 8733
8620 8734
8621 8735
8622 8736
8623 8737
8624 8739
8625 874
8626 8740
8627 8741
8628 8742
8629 8743
8630 8745
8631 8909
8632 8910
8633 8746
8634 8747
8635 8748
8636 8749
8637 875
8638 8750
8639 8751
8640 8752
8641 8753
8642 8754
8643 8755
8644 8756
8645 8757
8646 8758
8647 8759
8648 876
8649 8761
8650 8762
8651 8763
8652 8764
8653 8765
8654 8767
8655 8768
8656 8769
8657 877
8658 8770
8659 8771
8660 8772
8661 8773
8662 8774
8663 8775
8664 8776
8665 8777
8666 8778
8667 8779
8668 878
8669 8780
8670 8781
8671 8782
8672 8783
8673 8784
8674 8785
8675 8786
8676 8787
8677 8788
8678 8789
8679 879
8680 8790
8681 8791
8682 8792
8683 8793
8684 8794
8685 8795
8686 8797
8687 8799
8688 880
8689 8800
8690 8801
8691 8802
8692 8803
8693 8804
8694 8805
8695 8806
8696 8807
8697 8808
8698 8809
8699 881
8700 8810
8701 8811
8702 8812
8703 8813
8704 8814
8705 8815
8706 8816
8707 8817
8708 8818
8709 8819
8710 882
8711 8820
8712 8821
8713 8822
8714 8823
8715 8824
8716 8825
8717 8826
8718 8827
8719 8828
8720 8829
8721 883
8722 8830
8723 8831
8724 8832
8725 8833
8726 8834
8727 8835
8728 8836
8729 8837
8730 8838
8731 8839
8732 884
8733 8840
8734 8841
8735 8842
8736 8843
8737 8844
8738 8845
8739 8846
8740 8847
8741 8848
8742 8849
8743 885
8744 8850
8745 8851
8746 8852
8747 8853
8748 8854
8749 8855
8750 8856
8751 8857
8752 8858
8753 8859
8754 8860
8755 8861
8756 8862
8757 8863
8758 8864
8759 8865
8760 8866
8761 8867
8762 8868
8763 8869
8764 887
8765 8870
8766 8871
8767 8872
8768 8873
8769 8874
8770 8875
8771 8876
8772 8877
8773 8878
8774 8879
8775 888
8776 8880
8777 8881
8778 8882
8779 8883
8780 8884
8781 8885
8782 8886
8783 8887
8784 8888
8785 8889
8786 889
8787 8890
8788 8891
8789 8892
8790 8893
8791 8895
8792 8896
8793 8897
8794 8898
8795 8899
8796 89
8797 890
8798 8900
8799 8901
8800 8902
8801 8903
8802 8904
8803 8905
8804 8906
8805 8907
8806 8908
8807 8911
8808 8912
8809 8913
8810 8914
8811 8915
8812 8916
8813 8917
8814 8918
8815 8919
8816 892
8817 8920
8818 8921
8819 8922
8820 8923
8821 8924
8822 8925
8823 8926
8824 8928
8825 8929
8826 893
8827 8930
8828 8931
8829 8932
8830 8933
8831 8934
8832 8935
8833 8936
8834 8937
8835 8938
8836 8939
8837 894
8838 8940
8839 8941
8840 8942
8841 8943
8842 8944
8843 8945
8844 8947
8845 8948
8846 8949
8847 895
8848 8950
8849 8951
8850 8952
8851 8953
8852 8954
8853 8955
8854 8956
8855 8957
8856 8958
8857 8959
8858 896
8859 8960
8860 8961
8861 8962
8862 8963
8863 8964
8864 8965
8865 8966
8866 8967
8867 8968
8868 8969
8869 897
8870 8970
8871 8971
8872 8972
8873 8973
8874 8974
8875 8975
8876 8976
8877 8977
8878 8978
8879 8979
8880 8980
8881 898
8882 8981
8883 8982
8884 8983
8885 8984
8886 8985
8887 8986
8888 8987
8889 8988
8890 8989
8891 899
8892 8990
8893 8991
8894 8992
8895 8993
8896 8994
8897 8995
8898 8996
8899 8997
8900 8999
8901 9
8902 90
8903 900
8904 9000
8905 9001
8906 9002
8907 9003
8908 9004
8909 9005
8910 9006
8911 9007
8912 9008
8913 901
8914 9010
8915 9011
8916 9012
8917 9014
8918 9015
8919 9016
8920 9017
8921 9018
8922 902
8923 903
8924 906
8925 907
8926 908
8927 909
8928 91
8929 910
8930 911
8931 912
8932 913
8933 914
8934 915
8935 917
8936 918
8937 919
8938 92
8939 920
8940 921
8941 922
8942 923
8943 924
8944 925
8945 926
8946 927
8947 928
8948 929
8949 93
8950 930
8951 931
8952 932
8953 933
8954 934
8955 935
8956 936
8957 937
8958 938
8959 939
8960 94
8961 940
8962 941
8963 944
8964 945
8965 946
8966 947
8967 948
8968 949
8969 950
8970 951
8971 952
8972 953
8973 954
8974 955
8975 956
8976 957
8977 958
8978 959
8979 96
8980 960
8981 961
8982 962
8983 963
8984 964
8985 965
8986 967
8987 968
8988 969
8989 97
8990 971
8991 973
8992 974
8993 975
8994 976
8995 977
8996 978
8997 979
8998 98
8999 980
9000 981
9001 982
9002 983
9003 984
9004 985
9005 986
9006 988
9007 989
9008 99
9009 990
9010 991
9011 992
9012 993
9013 994
9014 995
9015 996
9016 997
9017 998
9018 999
