0 45324
1 1812
2 7trg6f4
3 423
4 5005
5 Buffer
6 12
7 78
8 Echofon
9 111
10 262
11 3763
12 "Grab
13 a
14 "Hootsuite
15 Inc."
16 Miranda18
17 1666
18 "Mobile
19 Web
20 "Model
21 pics
22 Socialbakers
23 2005
24 "Sprout
25 Social"
26 TheIndianSubcontinentNewsAgency
27 4985
28 TweetDeck
29 1053
30 1151
31 1436
32 1459
33 1630
34 1688
35 1760
36 184
37 21
38 2100
39 2532
40 2563
41 2776
42 2797
43 2798
44 2799
45 2800
46 2831
47 2832
48 2923
49 2924
50 3401
51 3500
52 361
53 3976
54 415
55 4162
56 4163
57 4164
58 4165
59 4168
60 469
61 479
62 501
63 61
64 654
65 733
66 786
67 847
68 866
69 89
70 948
71 "Tweetbot
72 for
73 "Twidere
74 "Twitter
75 "Twitterrific
76 Wildmoka
77 1391
78 1527
79 867
80 "ZT
81 Social
82 carlosss
83 2357
84 2926
85 2927
86 grinch_2
87 1273
88 4889
89 nan
90 5073
91 oysttyer
92 940
