0 7trg6f4
1 4523
2 Echobox
3 3772
4 "Fenix
5 2"
6 "Hootsuite
7 Inc."
8 IFTTT
9 3593
10 Instagram
11 1575
12 "LGBTQ
13 +
14 Miranda18
15 17
16 2369
17 637
18 "Model
19 pics
20 "Postcron
21 App"
22 "Sprout
23 Social"
24 "TweetCaster
25 for
26 TweetDeck
27 1011
28 1012
29 1013
30 1110
31 1150
32 1161
33 1262
34 1476
35 1535
36 1538
37 173
38 1809
39 1935
40 2119
41 2689
42 279
43 3124
44 3178
45 3261
46 3286
47 3390
48 359
49 3766
50 4018
51 404
52 4067
53 4242
54 4248
55 43
56 433
57 449
58 494
59 512
60 534
61 546
62 636
63 680
64 7
65 730
66 738
67 843
68 857
69 "Tweetbot
70 "Twitter
71 Media
72 Web
73 "UNIPLEX
74 (from
75 WordPress.com
76 "ZT
77 Social
