0 0
1 1
2 2
3 3
4 4
5 101
6 102
7 1036
8 11
9 117
10 1185
11 12
12 1215
13 1224
14 14
15 15
16 153
17 156
18 1562
19 1587
20 16
21 164
22 17
23 1750
24 1754
25 1762
26 1775
27 1817
28 1834
29 1839
30 1844
31 1845
32 1867
33 1885
34 1887
35 1888
36 1892
37 1894
38 19
39 1900
40 1903
41 1918
42 1945
43 201
44 212
45 218
46 25
47 31
48 340
49 341
50 372
51 381
52 4009
53 4020
54 43
55 44
56 55
57 56
58 5792
59 59
60 6
61 6231
62 6232
63 6233
64 6310
65 7
66 7310
67 755
68 756
69 77
70 8
71 800
72 9
73 942
74 10
75 100
76 1000
77 1001
78 1002
79 1003
80 920
81 1004
82 975
83 976
84 1005
85 1006
86 27
87 1007
88 914
89 1008
90 1009
91 1010
92 882
93 1011
94 1012
95 950
96 1013
97 1014
98 1015
99 1016
100 1017
101 1018
102 1019
103 1020
104 1021
105 996
106 997
107 1022
108 1023
109 1024
110 1025
111 1026
112 1027
113 1664
114 1714
115 2187
116 2791
117 2792
118 6808
119 6809
120 2567
121 1028
122 906
123 1029
124 103
125 1030
126 1031
127 1032
128 1033
129 1034
130 1035
131 1037
132 1038
133 1039
134 104
135 1040
136 1041
137 1042
138 1043
139 1044
140 1045
141 1611
142 1650
143 1651
144 1652
145 1653
146 1654
147 1874
148 21
149 2958
150 3220
151 3247
152 4824
153 5028
154 5912
155 1046
156 1047
157 1048
158 1808
159 2784
160 2882
161 2883
162 2930
163 3398
164 5662
165 7033
166 7034
167 1049
168 105
169 1050
170 1051
171 772
172 1052
173 1053
174 1054
175 1055
176 1056
177 1057
178 1058
179 1059
180 106
181 1060
182 1061
183 1062
184 1063
185 1064
186 1065
187 1066
188 1067
189 1068
190 1069
191 107
192 1070
193 1071
194 1072
195 1073
196 1074
197 1075
198 1076
199 1077
200 1078
201 1079
202 108
203 1080
204 1081
205 1082
206 1083
207 1084
208 1085
209 1086
210 1087
211 1088
212 1089
213 109
214 1090
215 1091
216 1092
217 1093
218 1094
219 1095
220 1096
221 1097
222 1098
223 1099
224 110
225 1100
226 1101
227 1102
228 1103
229 1104
230 1105
231 1106
232 1107
233 1108
234 1109
235 1110
236 841
237 111
238 1777
239 1778
240 1111
241 1112
242 1113
243 1114
244 1115
245 1116
246 1117
247 1118
248 351
249 1119
250 112
251 1120
252 1121
253 1122
254 1123
255 1124
256 1125
257 1126
258 1787
259 1788
260 1789
261 1790
262 1791
263 1792
264 1793
265 1794
266 1795
267 1796
268 1929
269 2047
270 2048
271 2049
272 2050
273 2051
274 2052
275 2053
276 2054
277 2055
278 3961
279 3962
280 3963
281 1127
282 1128
283 1129
284 113
285 1130
286 1131
287 1132
288 1133
289 1134
290 1135
291 1136
292 1137
293 1138
294 1139
295 114
296 1140
297 1141
298 1142
299 1143
300 1144
301 1145
302 1146
303 1147
304 1148
305 1149
306 115
307 1150
308 1151
309 1152
310 1153
311 1154
312 1155
313 1156
314 1157
315 1218
316 6198
317 1158
318 1159
319 116
320 1160
321 1161
322 1162
323 1163
324 1164
325 1165
326 1166
327 1167
328 1168
329 1169
330 1170
331 1171
332 1172
333 1173
334 1174
335 1175
336 1176
337 1177
338 1178
339 1179
340 118
341 1180
342 1181
343 1182
344 1183
345 1184
346 1186
347 1187
348 1188
349 1189
350 119
351 1190
352 1191
353 1192
354 1193
355 1194
356 1195
357 1196
358 1197
359 297
360 355
361 1198
362 1199
363 149
364 2511
365 2513
366 2515
367 7044
368 120
369 1200
370 1201
371 1202
372 1203
373 1204
374 1205
375 1206
376 1207
377 1208
378 1209
379 121
380 1210
381 1211
382 1212
383 1213
384 1214
385 1216
386 1217
387 1219
388 122
389 1220
390 1221
391 1222
392 1223
393 1225
394 1226
395 1227
396 1228
397 1229
398 123
399 1230
400 1231
401 2800
402 2950
403 3069
404 1232
405 1233
406 1234
407 1235
408 1236
409 1237
410 1238
411 1239
412 124
413 1240
414 1241
415 1242
416 1243
417 1244
418 1245
419 1246
420 1247
421 1248
422 1249
423 125
424 1250
425 1251
426 1252
427 1253
428 1254
429 1255
430 1256
431 1257
432 1258
433 903
434 1259
435 126
436 1260
437 1261
438 1262
439 1263
440 1264
441 1265
442 1266
443 1267
444 1268
445 1269
446 127
447 1270
448 1271
449 1272
450 1273
451 1274
452 1275
453 1276
454 1277
455 1278
456 1279
457 128
458 1280
459 1281
460 1282
461 1283
462 1284
463 1285
464 1286
465 1287
466 1288
467 1289
468 129
469 1290
470 1291
471 1292
472 1293
473 1294
474 1295
475 1296
476 1297
477 1298
478 1299
479 13
480 130
481 1300
482 1301
483 1302
484 1303
485 1304
486 1305
487 1306
488 1307
489 1308
490 1309
491 131
492 1310
493 1311
494 1312
495 1313
496 1314
497 1315
498 1316
499 1317
500 1318
501 1319
502 132
503 1320
504 1321
505 1322
506 1323
507 1324
508 1325
509 1326
510 1327
511 1328
512 1329
513 133
514 1330
515 1331
516 1332
517 1333
518 1334
519 1335
520 1336
521 1337
522 1338
523 1339
524 134
525 1340
526 1341
527 1342
528 1343
529 1344
530 1345
531 1346
532 1347
533 1348
534 1349
535 135
536 1350
537 1351
538 1352
539 1353
540 1354
541 1355
542 1356
543 1357
544 1358
545 1359
546 136
547 1360
548 1361
549 1362
550 1363
551 1364
552 1365
553 1366
554 1367
555 1368
556 1369
557 137
558 1370
559 1371
560 1372
561 1373
562 1374
563 1375
564 1376
565 1377
566 1378
567 1379
568 138
569 1380
570 1381
571 1382
572 1383
573 1384
574 1385
575 1386
576 1387
577 798
578 1388
579 1389
580 139
581 140
582 1390
583 1391
584 1392
585 1393
586 1394
587 1395
588 1396
589 1397
590 1398
591 1399
592 1400
593 1401
594 1402
595 1403
596 1404
597 1405
598 1406
599 1407
600 1408
601 1409
602 141
603 1410
604 1411
605 1412
606 1413
607 1414
608 1415
609 1416
610 1417
611 1418
612 1419
613 142
614 1420
615 1421
616 1422
617 1423
618 1424
619 1425
620 1426
621 1427
622 1428
623 1429
624 143
625 1430
626 1431
627 1432
628 1433
629 1434
630 1435
631 1436
632 1437
633 1438
634 1439
635 144
636 1440
637 1441
638 1442
639 1443
640 1444
641 1445
642 1446
643 1447
644 1448
645 1449
646 145
647 1450
648 1451
649 1452
650 1453
651 1454
652 1455
653 1456
654 1457
655 1458
656 1459
657 146
658 1460
659 1461
660 1462
661 1463
662 1464
663 1465
664 1466
665 1467
666 1468
667 1469
668 147
669 1470
670 1471
671 1472
672 1473
673 1474
674 1475
675 1476
676 1477
677 1478
678 1479
679 148
680 1480
681 1481
682 1482
683 1483
684 1484
685 1485
686 1486
687 365
688 366
689 1487
690 1488
691 1489
692 1490
693 1491
694 1492
695 1493
696 1494
697 1495
698 1496
699 1497
700 1498
701 1499
702 150
703 1500
704 1501
705 1502
706 1503
707 1504
708 1505
709 1506
710 1507
711 1508
712 1509
713 151
714 1510
715 1511
716 1512
717 1513
718 1514
719 1515
720 1516
721 1517
722 1518
723 1519
724 152
725 1520
726 1521
727 1522
728 1523
729 1524
730 1525
731 1526
732 1527
733 1528
734 1529
735 1530
736 1531
737 1532
738 1533
739 1534
740 1535
741 1536
742 1537
743 1538
744 1539
745 154
746 1540
747 1541
748 1542
749 1543
750 1544
751 1545
752 1546
753 1547
754 1548
755 1549
756 155
757 1550
758 1551
759 1552
760 1553
761 1554
762 1555
763 1556
764 1557
765 1558
766 1559
767 1560
768 1561
769 1563
770 1564
771 1565
772 1566
773 1567
774 1568
775 1569
776 157
777 1570
778 1571
779 1572
780 1573
781 1574
782 1575
783 1576
784 1577
785 1578
786 1579
787 158
788 1580
789 1581
790 1582
791 1583
792 1584
793 1585
794 1586
795 1588
796 1589
797 159
798 1590
799 1591
800 1592
801 1593
802 1594
803 1595
804 1596
805 1597
806 1598
807 1599
808 160
809 1600
810 1601
811 1602
812 1603
813 1604
814 1605
815 1606
816 1607
817 1608
818 1609
819 161
820 1610
821 1612
822 1613
823 1614
824 1615
825 1616
826 1617
827 1618
828 1619
829 1711
830 2904
831 3030
832 5332
833 5333
834 5334
835 5335
836 5336
837 5337
838 5338
839 5339
840 162
841 1620
842 1621
843 1622
844 1623
845 1624
846 1625
847 1626
848 1627
849 1628
850 1629
851 163
852 1630
853 1631
854 1632
855 1633
856 1634
857 1635
858 5219
859 5665
860 1636
861 1637
862 1638
863 1639
864 1640
865 1641
866 1642
867 1643
868 1644
869 1645
870 1646
871 1647
872 1648
873 1649
874 165
875 1655
876 1656
877 1657
878 1658
879 1659
880 166
881 1660
882 1661
883 1662
884 1663
885 1665
886 1666
887 1667
888 1668
889 1669
890 167
891 1670
892 1671
893 1672
894 1673
895 1674
896 1675
897 1676
898 1677
899 1678
900 1679
901 168
902 1680
903 1681
904 1682
905 1683
906 1684
907 1685
908 1686
909 1687
910 1688
911 1689
912 1690
913 1691
914 169
915 1692
916 1693
917 1694
918 1695
919 1696
920 849
921 1697
922 1698
923 1699
924 170
925 1700
926 1701
927 1702
928 1803
929 2586
930 1703
931 1704
932 1705
933 1706
934 1707
935 1708
936 1709
937 1710
938 171
939 1712
940 1713
941 1715
942 3530
943 6725
944 6726
945 6727
946 6728
947 1716
948 1717
949 1718
950 1719
951 172
952 1720
953 1721
954 1722
955 1723
956 1724
957 1725
958 1726
959 1727
960 1728
961 1729
962 173
963 1730
964 1731
965 1732
966 1733
967 1734
968 1735
969 1736
970 1737
971 1738
972 1739
973 174
974 175
975 176
976 177
977 1740
978 1741
979 1742
980 1743
981 1744
982 1745
983 1746
984 861
985 1747
986 1748
987 2164
988 2945
989 1749
990 6611
991 1751
992 1752
993 1753
994 1755
995 1756
996 1757
997 1758
998 1759
999 1760
1000 1761
1001 1763
1002 1764
1003 1765
1004 1766
1005 1767
1006 1768
1007 1769
1008 1770
1009 1771
1010 1772
1011 1773
1012 1774
1013 1776
1014 1779
1015 178
1016 1780
1017 1781
1018 1782
1019 1783
1020 1784
1021 1785
1022 1786
1023 7055
1024 179
1025 1797
1026 1798
1027 1799
1028 18
1029 180
1030 1800
1031 1801
1032 1802
1033 1804
1034 1805
1035 1806
1036 1807
1037 1809
1038 181
1039 1810
1040 1811
1041 1812
1042 1813
1043 1814
1044 1815
1045 1816
1046 1818
1047 1819
1048 182
1049 1820
1050 1821
1051 1822
1052 1823
1053 1824
1054 1825
1055 1826
1056 1827
1057 1828
1058 1829
1059 1830
1060 183
1061 1831
1062 1832
1063 1833
1064 1835
1065 1836
1066 1837
1067 1838
1068 184
1069 1840
1070 1841
1071 1842
1072 1843
1073 1846
1074 1847
1075 1848
1076 1849
1077 185
1078 1850
1079 1851
1080 1852
1081 1853
1082 1854
1083 1855
1084 1856
1085 1857
1086 6002
1087 1858
1088 1859
1089 186
1090 1860
1091 1861
1092 1862
1093 1863
1094 1864
1095 1865
1096 1866
1097 1868
1098 1869
1099 187
1100 1870
1101 1871
1102 1872
1103 1873
1104 1875
1105 1876
1106 1877
1107 1878
1108 1879
1109 188
1110 1880
1111 1881
1112 848
1113 850
1114 851
1115 852
1116 1882
1117 1883
1118 1884
1119 1886
1120 1889
1121 189
1122 1890
1123 1891
1124 1893
1125 1895
1126 1896
1127 1897
1128 1898
1129 1899
1130 190
1131 1901
1132 1902
1133 1904
1134 1905
1135 1906
1136 1907
1137 1908
1138 316
1139 1909
1140 191
1141 1910
1142 1911
1143 1912
1144 1913
1145 1914
1146 1915
1147 1916
1148 1917
1149 1919
1150 192
1151 1920
1152 1921
1153 1922
1154 1923
1155 1924
1156 1925
1157 1926
1158 1927
1159 1928
1160 2304
1161 193
1162 1930
1163 1931
1164 1932
1165 1933
1166 1934
1167 1935
1168 1936
1169 1937
1170 1938
1171 1939
1172 194
1173 1942
1174 1943
1175 1944
1176 1946
1177 1947
1178 1948
1179 1949
1180 195
1181 1950
1182 1951
1183 1952
1184 1953
1185 1954
1186 1955
1187 1956
1188 1957
1189 1958
1190 1959
1191 196
1192 1960
1193 1961
1194 1962
1195 1963
1196 1964
1197 1965
1198 1966
1199 1967
1200 1968
1201 3149
1202 1969
1203 197
1204 1970
1205 1971
1206 1972
1207 1973
1208 1974
1209 1975
1210 1976
1211 1977
1212 1978
1213 1979
1214 198
1215 1980
1216 1981
1217 1982
1218 1983
1219 1984
1220 1985
1221 1986
1222 1987
1223 1988
1224 1989
1225 199
1226 1990
1227 1991
1228 1992
1229 1993
1230 1994
1231 1995
1232 1996
1233 409
1234 410
1235 821
1236 1997
1237 1998
1238 1999
1239 20
1240 22
1241 23
1242 200
1243 2000
1244 2001
1245 2002
1246 2003
1247 2004
1248 2005
1249 2006
1250 2007
1251 2008
1252 2009
1253 2010
1254 2011
1255 2012
1256 2013
1257 2014
1258 2015
1259 2016
1260 2017
1261 2018
1262 2019
1263 2020
1264 202
1265 2021
1266 2022
1267 2023
1268 2024
1269 2025
1270 2026
1271 2027
1272 2028
1273 2029
1274 203
1275 2030
1276 2031
1277 2032
1278 2033
1279 2034
1280 2035
1281 2036
1282 2037
1283 2038
1284 2039
1285 204
1286 2040
1287 2041
1288 2042
1289 2043
1290 2044
1291 2045
1292 2046
1293 205
1294 2056
1295 2057
1296 2058
1297 2059
1298 206
1299 2060
1300 2061
1301 2062
1302 2063
1303 2064
1304 2065
1305 2066
1306 2067
1307 2068
1308 2069
1309 207
1310 2070
1311 2071
1312 2072
1313 2073
1314 2074
1315 2075
1316 2076
1317 2077
1318 2078
1319 2079
1320 208
1321 2080
1322 2081
1323 2082
1324 2083
1325 2084
1326 2085
1327 2086
1328 2087
1329 2088
1330 2089
1331 209
1332 2090
1333 2091
1334 2092
1335 2093
1336 2094
1337 2095
1338 2096
1339 2097
1340 2098
1341 2099
1342 210
1343 2100
1344 2101
1345 2102
1346 2103
1347 2104
1348 2105
1349 2106
1350 2107
1351 2108
1352 2109
1353 211
1354 2110
1355 2111
1356 2112
1357 2113
1358 2114
1359 2115
1360 2116
1361 2117
1362 2118
1363 2119
1364 2120
1365 2121
1366 2122
1367 2154
1368 3200
1369 2123
1370 2124
1371 2125
1372 2126
1373 2127
1374 2128
1375 2129
1376 213
1377 214
1378 215
1379 216
1380 217
1381 2130
1382 2131
1383 2132
1384 2133
1385 2134
1386 2135
1387 2136
1388 2137
1389 2138
1390 2139
1391 2140
1392 2141
1393 2142
1394 2143
1395 2144
1396 2145
1397 2146
1398 2147
1399 2148
1400 2149
1401 2150
1402 2151
1403 2152
1404 2153
1405 2731
1406 2732
1407 2733
1408 6435
1409 6785
1410 2155
1411 2156
1412 2157
1413 2158
1414 2159
1415 2160
1416 2161
1417 2162
1418 2163
1419 2165
1420 2166
1421 2167
1422 2168
1423 2169
1424 2170
1425 2171
1426 2172
1427 2173
1428 2174
1429 2175
1430 2176
1431 2177
1432 2178
1433 2179
1434 2509
1435 2180
1436 2181
1437 2182
1438 2183
1439 2184
1440 2185
1441 2186
1442 6973
1443 2188
1444 2189
1445 219
1446 2190
1447 2191
1448 2192
1449 2193
1450 2194
1451 2195
1452 2196
1453 2197
1454 2198
1455 2199
1456 220
1457 2200
1458 2201
1459 2202
1460 2203
1461 2204
1462 2205
1463 6196
1464 6197
1465 2206
1466 2207
1467 2208
1468 2209
1469 221
1470 2210
1471 2211
1472 2212
1473 2213
1474 2214
1475 2215
1476 2216
1477 2217
1478 2218
1479 2219
1480 222
1481 2220
1482 2221
1483 2222
1484 2223
1485 2224
1486 2225
1487 2226
1488 2227
1489 326
1490 2228
1491 2229
1492 223
1493 2230
1494 2231
1495 2232
1496 2233
1497 2234
1498 2235
1499 2236
1500 2237
1501 2238
1502 224
1503 2240
1504 2241
1505 2242
1506 2243
1507 2244
1508 2245
1509 2246
1510 2247
1511 2248
1512 2249
1513 225
1514 2250
1515 2251
1516 2252
1517 2253
1518 2254
1519 2255
1520 2256
1521 2257
1522 2258
1523 2259
1524 226
1525 2260
1526 2261
1527 2262
1528 2263
1529 2264
1530 2265
1531 2266
1532 2267
1533 2268
1534 2269
1535 2270
1536 227
1537 2271
1538 2272
1539 2273
1540 2274
1541 2275
1542 2276
1543 2277
1544 2278
1545 2279
1546 228
1547 2280
1548 2281
1549 2282
1550 2283
1551 2284
1552 2285
1553 2286
1554 2287
1555 2288
1556 2289
1557 229
1558 2290
1559 2291
1560 2292
1561 2293
1562 2294
1563 2295
1564 2296
1565 2297
1566 2298
1567 2299
1568 230
1569 2300
1570 2301
1571 2302
1572 2303
1573 2305
1574 2306
1575 2307
1576 2308
1577 2309
1578 231
1579 2310
1580 2311
1581 2312
1582 2313
1583 2314
1584 2315
1585 2316
1586 2317
1587 2318
1588 2319
1589 232
1590 2320
1591 2321
1592 2322
1593 2323
1594 2324
1595 2325
1596 2326
1597 2327
1598 2328
1599 2329
1600 233
1601 2330
1602 2331
1603 2332
1604 2333
1605 2334
1606 2335
1607 2336
1608 2337
1609 2338
1610 2339
1611 234
1612 2340
1613 2341
1614 2342
1615 2343
1616 2344
1617 2345
1618 2346
1619 2347
1620 2348
1621 2349
1622 235
1623 2350
1624 2351
1625 2352
1626 2353
1627 2354
1628 2355
1629 2356
1630 2357
1631 2358
1632 2359
1633 236
1634 2360
1635 2361
1636 2362
1637 2363
1638 2364
1639 2365
1640 2366
1641 2367
1642 2368
1643 2369
1644 237
1645 2370
1646 2371
1647 2372
1648 2373
1649 2374
1650 2375
1651 2376
1652 2377
1653 2378
1654 2379
1655 238
1656 2380
1657 2381
1658 2382
1659 2383
1660 2384
1661 2385
1662 2386
1663 2387
1664 2388
1665 2389
1666 239
1667 2390
1668 2391
1669 2392
1670 2393
1671 2394
1672 2395
1673 2396
1674 2397
1675 2398
1676 2399
1677 24
1678 240
1679 2400
1680 2401
1681 2402
1682 2403
1683 2404
1684 2405
1685 2406
1686 2407
1687 2408
1688 2409
1689 241
1690 2410
1691 2411
1692 2412
1693 2413
1694 2414
1695 2415
1696 2416
1697 2417
1698 2418
1699 2419
1700 242
1701 2420
1702 2421
1703 2422
1704 2423
1705 2424
1706 2425
1707 2426
1708 2427
1709 2428
1710 2429
1711 243
1712 2430
1713 2431
1714 2432
1715 2433
1716 2434
1717 2435
1718 2436
1719 2437
1720 2438
1721 2439
1722 244
1723 2440
1724 2441
1725 2442
1726 2443
1727 2444
1728 2445
1729 2446
1730 2447
1731 2448
1732 2449
1733 245
1734 2450
1735 2451
1736 2452
1737 2453
1738 2454
1739 2455
1740 2456
1741 2457
1742 2458
1743 2459
1744 246
1745 2460
1746 2461
1747 2462
1748 2463
1749 2464
1750 2465
1751 2466
1752 2467
1753 2468
1754 2469
1755 247
1756 2470
1757 2471
1758 2472
1759 2473
1760 2474
1761 2475
1762 2476
1763 2477
1764 2478
1765 2479
1766 248
1767 2480
1768 2481
1769 2482
1770 2483
1771 2484
1772 2485
1773 2486
1774 2487
1775 2488
1776 2489
1777 249
1778 2490
1779 2491
1780 2492
1781 2493
1782 2494
1783 2495
1784 2496
1785 2497
1786 2498
1787 2499
1788 2500
1789 312
1790 250
1791 2501
1792 2502
1793 2503
1794 2504
1795 2505
1796 2506
1797 2507
1798 2508
1799 2510
1800 2512
1801 2514
1802 251
1803 252
1804 2516
1805 2517
1806 2518
1807 2519
1808 2520
1809 2521
1810 2522
1811 2523
1812 2524
1813 2525
1814 2526
1815 2527
1816 2528
1817 2529
1818 253
1819 2530
1820 2531
1821 2532
1822 2533
1823 2534
1824 2535
1825 2536
1826 2537
1827 2538
1828 2539
1829 254
1830 2540
1831 2541
1832 2542
1833 2543
1834 2544
1835 2545
1836 2546
1837 2547
1838 2548
1839 2549
1840 2550
1841 2551
1842 2552
1843 255
1844 2553
1845 2554
1846 2555
1847 2556
1848 2557
1849 2558
1850 2559
1851 256
1852 2560
1853 2561
1854 2562
1855 2563
1856 2564
1857 2565
1858 2566
1859 2568
1860 2569
1861 257
1862 2570
1863 2571
1864 2572
1865 2573
1866 2574
1867 2575
1868 2576
1869 2577
1870 2578
1871 2579
1872 258
1873 2580
1874 2581
1875 2582
1876 2583
1877 2584
1878 2585
1879 2587
1880 2588
1881 2589
1882 2590
1883 2591
1884 259
1885 2592
1886 2593
1887 2594
1888 2595
1889 2596
1890 2597
1891 2598
1892 2599
1893 26
1894 260
1895 2600
1896 2601
1897 2602
1898 2603
1899 2604
1900 2605
1901 2606
1902 2607
1903 2608
1904 2609
1905 261
1906 2610
1907 2611
1908 2612
1909 2613
1910 2614
1911 2615
1912 2616
1913 2617
1914 2618
1915 2619
1916 262
1917 2620
1918 2621
1919 2622
1920 2623
1921 2624
1922 2625
1923 2626
1924 2627
1925 2628
1926 2629
1927 263
1928 2630
1929 2631
1930 2632
1931 2633
1932 2634
1933 2635
1934 2636
1935 2637
1936 2638
1937 2639
1938 2640
1939 2641
1940 2642
1941 264
1942 820
1943 2643
1944 2644
1945 2645
1946 2646
1947 2647
1948 2648
1949 2649
1950 265
1951 2650
1952 2651
1953 2652
1954 2653
1955 2654
1956 2655
1957 2656
1958 2657
1959 2658
1960 2659
1961 266
1962 2660
1963 2661
1964 2662
1965 2663
1966 2664
1967 2665
1968 2666
1969 2667
1970 2668
1971 2669
1972 267
1973 268
1974 2670
1975 2671
1976 2672
1977 2673
1978 2674
1979 2675
1980 2676
1981 2677
1982 2678
1983 2679
1984 2680
1985 2681
1986 2682
1987 2683
1988 2684
1989 2685
1990 2686
1991 2687
1992 2688
1993 2689
1994 269
1995 2690
1996 2691
1997 2692
1998 2693
1999 2694
2000 2695
2001 2696
2002 2697
2003 2698
2004 2699
2005 270
2006 2700
2007 2701
2008 2702
2009 2703
2010 2704
2011 2705
2012 2706
2013 2707
2014 2708
2015 2709
2016 271
2017 2710
2018 2711
2019 2712
2020 2713
2021 2714
2022 2715
2023 2716
2024 2717
2025 2718
2026 2719
2027 272
2028 2720
2029 2721
2030 2722
2031 2723
2032 2724
2033 2725
2034 2726
2035 2727
2036 2728
2037 2729
2038 2730
2039 273
2040 2793
2041 2734
2042 2735
2043 2736
2044 2737
2045 2738
2046 2739
2047 274
2048 2740
2049 2741
2050 2742
2051 2743
2052 2744
2053 2745
2054 2746
2055 2747
2056 2748
2057 2749
2058 275
2059 2750
2060 2751
2061 2752
2062 2753
2063 2754
2064 2755
2065 2756
2066 404
2067 2757
2068 2758
2069 2759
2070 276
2071 2760
2072 2761
2073 2762
2074 2763
2075 2764
2076 2765
2077 2766
2078 2767
2079 2768
2080 2769
2081 277
2082 2770
2083 2771
2084 2772
2085 2773
2086 2774
2087 2775
2088 2776
2089 2777
2090 2778
2091 2779
2092 278
2093 2780
2094 2781
2095 2782
2096 2783
2097 2785
2098 2786
2099 2787
2100 2788
2101 2789
2102 279
2103 2790
2104 2794
2105 2795
2106 2796
2107 2797
2108 2798
2109 2799
2110 28
2111 280
2112 2801
2113 2802
2114 2803
2115 2804
2116 2805
2117 2806
2118 2807
2119 2808
2120 2809
2121 281
2122 2810
2123 2811
2124 2812
2125 2813
2126 2814
2127 2815
2128 2816
2129 2817
2130 2818
2131 2819
2132 282
2133 2820
2134 2821
2135 2822
2136 2823
2137 2824
2138 2825
2139 2826
2140 2827
2141 2828
2142 2829
2143 283
2144 2830
2145 2831
2146 2832
2147 2833
2148 2834
2149 2835
2150 5031
2151 7135
2152 7136
2153 2836
2154 2837
2155 2838
2156 2839
2157 284
2158 2840
2159 2841
2160 2842
2161 2843
2162 2844
2163 2845
2164 2846
2165 2847
2166 2848
2167 2849
2168 285
2169 2850
2170 2851
2171 2852
2172 2853
2173 2854
2174 2855
2175 2856
2176 2857
2177 2858
2178 2859
2179 286
2180 2860
2181 2861
2182 2862
2183 2863
2184 2864
2185 2865
2186 2866
2187 2867
2188 2868
2189 2869
2190 287
2191 2870
2192 2871
2193 2872
2194 2873
2195 2874
2196 2875
2197 2876
2198 2877
2199 2878
2200 2879
2201 288
2202 2880
2203 2881
2204 2884
2205 2885
2206 2886
2207 2887
2208 2888
2209 2889
2210 289
2211 2890
2212 2891
2213 2892
2214 2893
2215 2894
2216 2895
2217 2896
2218 5755
2219 2897
2220 2898
2221 2899
2222 29
2223 290
2224 2900
2225 2901
2226 2902
2227 2903
2228 2905
2229 2906
2230 2907
2231 2908
2232 2909
2233 2910
2234 291
2235 2911
2236 2912
2237 2913
2238 2914
2239 2915
2240 2916
2241 2917
2242 2918
2243 2919
2244 292
2245 2920
2246 2921
2247 2922
2248 2923
2249 2924
2250 2925
2251 2926
2252 2927
2253 2928
2254 2929
2255 293
2256 2931
2257 2932
2258 2933
2259 2934
2260 2935
2261 2936
2262 2937
2263 2938
2264 2939
2265 2940
2266 2941
2267 294
2268 2942
2269 2943
2270 2944
2271 2946
2272 2947
2273 2948
2274 2949
2275 295
2276 2951
2277 2952
2278 2953
2279 2954
2280 2955
2281 2956
2282 2957
2283 2959
2284 296
2285 2960
2286 2961
2287 2962
2288 2963
2289 2964
2290 2965
2291 2966
2292 2967
2293 2968
2294 2969
2295 2239
2296 2970
2297 2971
2298 2972
2299 2973
2300 2974
2301 2975
2302 2976
2303 2977
2304 2978
2305 2979
2306 298
2307 2980
2308 2981
2309 2982
2310 5211
2311 868
2312 2983
2313 2984
2314 2985
2315 2986
2316 2987
2317 2988
2318 2989
2319 2990
2320 299
2321 2991
2322 2992
2323 2993
2324 2994
2325 2995
2326 2996
2327 2997
2328 2998
2329 2999
2330 3000
2331 30
2332 300
2333 3209
2334 3001
2335 3002
2336 3003
2337 3004
2338 3005
2339 3006
2340 3007
2341 3008
2342 3009
2343 3010
2344 3011
2345 3012
2346 3013
2347 301
2348 3014
2349 3015
2350 3016
2351 3017
2352 3018
2353 3019
2354 3020
2355 302
2356 3021
2357 3022
2358 3023
2359 3024
2360 3025
2361 3026
2362 3027
2363 3028
2364 3029
2365 303
2366 3031
2367 3032
2368 3033
2369 3034
2370 3035
2371 3036
2372 3037
2373 3038
2374 3039
2375 304
2376 3040
2377 3041
2378 3042
2379 3043
2380 3044
2381 3045
2382 3046
2383 3047
2384 3048
2385 3049
2386 305
2387 3050
2388 3051
2389 3052
2390 3053
2391 3054
2392 3055
2393 3056
2394 3057
2395 3058
2396 3059
2397 306
2398 3060
2399 3061
2400 3062
2401 3063
2402 3064
2403 3065
2404 3066
2405 3067
2406 3068
2407 307
2408 3070
2409 3071
2410 3072
2411 3073
2412 3074
2413 3075
2414 3076
2415 3077
2416 3078
2417 3079
2418 3080
2419 308
2420 3081
2421 3082
2422 3083
2423 3084
2424 3085
2425 3086
2426 3087
2427 3088
2428 3089
2429 309
2430 3090
2431 3091
2432 3092
2433 3093
2434 3094
2435 3095
2436 3096
2437 3097
2438 3098
2439 3099
2440 3100
2441 3101
2442 3102
2443 3103
2444 3104
2445 310
2446 3105
2447 3106
2448 3107
2449 3108
2450 3109
2451 311
2452 3110
2453 3111
2454 3112
2455 3113
2456 3114
2457 3115
2458 3116
2459 3708
2460 716
2461 3117
2462 3118
2463 3119
2464 3120
2465 3121
2466 3122
2467 3123
2468 3124
2469 3125
2470 3126
2471 3127
2472 3128
2473 3129
2474 3130
2475 3131
2476 313
2477 4558
2478 4560
2479 4561
2480 3132
2481 3133
2482 3134
2483 3135
2484 3136
2485 3137
2486 3138
2487 3139
2488 314
2489 3140
2490 3141
2491 3142
2492 3143
2493 3144
2494 3145
2495 3146
2496 3147
2497 3148
2498 4427
2499 4428
2500 4429
2501 315
2502 3150
2503 3151
2504 3152
2505 3153
2506 3154
2507 3155
2508 3156
2509 3157
2510 3158
2511 3159
2512 3160
2513 3161
2514 3162
2515 3163
2516 3164
2517 3165
2518 4858
2519 3166
2520 3167
2521 3168
2522 3169
2523 317
2524 3170
2525 3171
2526 3172
2527 3173
2528 3174
2529 3175
2530 3176
2531 3177
2532 3178
2533 3179
2534 318
2535 3180
2536 3181
2537 3182
2538 3183
2539 3184
2540 3185
2541 3186
2542 3187
2543 3188
2544 3189
2545 319
2546 3190
2547 3191
2548 3192
2549 3193
2550 3194
2551 3195
2552 3196
2553 3197
2554 3198
2555 3199
2556 32
2557 320
2558 3201
2559 3202
2560 3203
2561 3204
2562 3205
2563 3206
2564 3207
2565 3208
2566 321
2567 3210
2568 3211
2569 3212
2570 3213
2571 3214
2572 3215
2573 3216
2574 3217
2575 3218
2576 3219
2577 322
2578 3221
2579 3222
2580 3223
2581 3224
2582 3225
2583 3226
2584 3227
2585 822
2586 3228
2587 3229
2588 323
2589 3230
2590 3231
2591 3232
2592 3233
2593 3234
2594 3235
2595 3236
2596 3237
2597 3238
2598 3239
2599 324
2600 3240
2601 3241
2602 3242
2603 3243
2604 3244
2605 3245
2606 3246
2607 3248
2608 3249
2609 3250
2610 3251
2611 3252
2612 3253
2613 3254
2614 3255
2615 3256
2616 3257
2617 3258
2618 6988
2619 6989
2620 6990
2621 6991
2622 325
2623 327
2624 3259
2625 3260
2626 3261
2627 3262
2628 3263
2629 3264
2630 3265
2631 3266
2632 3267
2633 3268
2634 3269
2635 3270
2636 3271
2637 3272
2638 3273
2639 3274
2640 3275
2641 3276
2642 3277
2643 3278
2644 3279
2645 328
2646 3280
2647 3281
2648 3282
2649 3283
2650 3284
2651 3285
2652 3286
2653 3287
2654 3288
2655 3289
2656 329
2657 3290
2658 3291
2659 3292
2660 3293
2661 3294
2662 3295
2663 3296
2664 3297
2665 3298
2666 3299
2667 33
2668 330
2669 3300
2670 3301
2671 3302
2672 3303
2673 3304
2674 3305
2675 3306
2676 3307
2677 3308
2678 3309
2679 331
2680 3310
2681 3311
2682 3312
2683 3313
2684 3314
2685 3315
2686 3316
2687 3317
2688 3318
2689 3319
2690 332
2691 3320
2692 3321
2693 3322
2694 3323
2695 3324
2696 3325
2697 3326
2698 3327
2699 3328
2700 3329
2701 333
2702 3330
2703 3331
2704 3332
2705 3333
2706 3334
2707 3335
2708 3336
2709 3337
2710 3338
2711 3339
2712 334
2713 3340
2714 3341
2715 3342
2716 3343
2717 3344
2718 3345
2719 3346
2720 3347
2721 3348
2722 3349
2723 335
2724 3350
2725 3351
2726 3352
2727 3353
2728 3354
2729 3355
2730 3356
2731 3357
2732 3358
2733 3359
2734 336
2735 3360
2736 3361
2737 3362
2738 3363
2739 3364
2740 3365
2741 3366
2742 3367
2743 3368
2744 3369
2745 3370
2746 337
2747 3371
2748 3372
2749 3373
2750 3374
2751 3375
2752 3376
2753 3377
2754 3378
2755 3379
2756 338
2757 3380
2758 3381
2759 3382
2760 3383
2761 3384
2762 3385
2763 3386
2764 3387
2765 3388
2766 3389
2767 339
2768 3390
2769 3391
2770 3392
2771 3393
2772 3394
2773 3395
2774 3396
2775 3397
2776 3399
2777 34
2778 3400
2779 3401
2780 3402
2781 3403
2782 3404
2783 3405
2784 6433
2785 3406
2786 3407
2787 3408
2788 3409
2789 3410
2790 3411
2791 3412
2792 3413
2793 3414
2794 3415
2795 3416
2796 3417
2797 3418
2798 3419
2799 342
2800 3420
2801 3421
2802 3422
2803 3423
2804 3424
2805 3425
2806 3426
2807 3427
2808 3428
2809 3429
2810 3430
2811 3431
2812 343
2813 3432
2814 3433
2815 3434
2816 3435
2817 3436
2818 3437
2819 3438
2820 3439
2821 344
2822 3440
2823 3441
2824 3442
2825 3443
2826 3444
2827 3445
2828 3446
2829 3447
2830 3448
2831 3449
2832 345
2833 3450
2834 3451
2835 3452
2836 3453
2837 3454
2838 3455
2839 3456
2840 400
2841 3457
2842 3458
2843 3459
2844 346
2845 3460
2846 3461
2847 3462
2848 3463
2849 3464
2850 3465
2851 3466
2852 3467
2853 3468
2854 3469
2855 347
2856 3470
2857 3471
2858 3472
2859 3473
2860 3474
2861 3475
2862 3476
2863 3477
2864 3478
2865 3479
2866 3480
2867 348
2868 3481
2869 3482
2870 3483
2871 3484
2872 3485
2873 3486
2874 3487
2875 3488
2876 3721
2877 3489
2878 349
2879 3490
2880 3491
2881 3492
2882 3493
2883 3494
2884 3495
2885 3496
2886 3497
2887 3498
2888 3499
2889 3500
2890 3501
2891 35
2892 350
2893 6245
2894 3502
2895 3503
2896 3504
2897 3505
2898 3506
2899 3507
2900 3508
2901 3509
2902 3510
2903 3511
2904 3512
2905 3513
2906 3514
2907 3515
2908 3516
2909 3517
2910 3518
2911 3519
2912 352
2913 3520
2914 3521
2915 3522
2916 3523
2917 3524
2918 3525
2919 3526
2920 3527
2921 3528
2922 3529
2923 353
2924 3531
2925 3532
2926 3533
2927 3534
2928 3535
2929 3536
2930 3537
2931 3538
2932 3539
2933 354
2934 3540
2935 3541
2936 3542
2937 3543
2938 3544
2939 3545
2940 3546
2941 3547
2942 3548
2943 3549
2944 3550
2945 3551
2946 3552
2947 3553
2948 3554
2949 3555
2950 3556
2951 3557
2952 3558
2953 3559
2954 356
2955 3560
2956 3561
2957 3562
2958 3563
2959 3564
2960 3565
2961 3566
2962 3567
2963 3568
2964 3569
2965 357
2966 3570
2967 3571
2968 3572
2969 3573
2970 3574
2971 3575
2972 3576
2973 3577
2974 3578
2975 3579
2976 358
2977 3580
2978 3581
2979 3582
2980 3583
2981 3584
2982 3585
2983 3586
2984 3587
2985 3588
2986 3589
2987 359
2988 3590
2989 3591
2990 3592
2991 3593
2992 3594
2993 3595
2994 3596
2995 3597
2996 3598
2997 3599
2998 36
2999 360
3000 3600
3001 3601
3002 3602
3003 3603
3004 3604
3005 3605
3006 3606
3007 3607
3008 3608
3009 3609
3010 361
3011 3610
3012 3611
3013 3612
3014 3613
3015 3614
3016 3615
3017 3616
3018 3617
3019 3618
3020 3619
3021 362
3022 3620
3023 3621
3024 3622
3025 3623
3026 3624
3027 3625
3028 3626
3029 3627
3030 3628
3031 3629
3032 363
3033 3630
3034 3631
3035 3632
3036 3633
3037 3634
3038 3635
3039 3636
3040 3637
3041 3638
3042 3639
3043 364
3044 3640
3045 3641
3046 3642
3047 3643
3048 3644
3049 3645
3050 3646
3051 3647
3052 3648
3053 3649
3054 3650
3055 3651
3056 3652
3057 3653
3058 3654
3059 3655
3060 3656
3061 3657
3062 3658
3063 3659
3064 3660
3065 3661
3066 3662
3067 3663
3068 3664
3069 3665
3070 3666
3071 3667
3072 3668
3073 3669
3074 3670
3075 367
3076 3671
3077 3672
3078 3673
3079 3674
3080 3675
3081 3676
3082 3677
3083 3678
3084 3679
3085 368
3086 3680
3087 3681
3088 3682
3089 3683
3090 3684
3091 3685
3092 3686
3093 3687
3094 3688
3095 3689
3096 369
3097 3690
3098 3691
3099 3692
3100 3693
3101 3694
3102 3695
3103 3696
3104 3697
3105 3698
3106 3699
3107 37
3108 370
3109 3700
3110 3701
3111 3702
3112 3703
3113 3704
3114 3705
3115 3706
3116 3707
3117 3709
3118 371
3119 3710
3120 3711
3121 3712
3122 3713
3123 3714
3124 3715
3125 3716
3126 3717
3127 3718
3128 3719
3129 3720
3130 6490
3131 6497
3132 3722
3133 3723
3134 3724
3135 3725
3136 3726
3137 3727
3138 3728
3139 3729
3140 373
3141 3730
3142 3731
3143 3732
3144 3733
3145 3734
3146 3735
3147 3736
3148 3737
3149 3738
3150 3739
3151 374
3152 3740
3153 3741
3154 3742
3155 3743
3156 3744
3157 3745
3158 3746
3159 3747
3160 3748
3161 3749
3162 375
3163 3750
3164 3751
3165 3752
3166 3753
3167 3754
3168 3755
3169 3756
3170 3757
3171 3758
3172 3759
3173 376
3174 3760
3175 3761
3176 3762
3177 3763
3178 3764
3179 3765
3180 3766
3181 3767
3182 3768
3183 3769
3184 377
3185 3770
3186 3771
3187 3772
3188 3773
3189 3774
3190 3775
3191 3776
3192 3777
3193 3778
3194 3779
3195 378
3196 3780
3197 3781
3198 3782
3199 3783
3200 3784
3201 3785
3202 3786
3203 3787
3204 3788
3205 3789
3206 379
3207 3790
3208 3791
3209 3792
3210 3793
3211 3794
3212 3795
3213 3796
3214 3797
3215 3798
3216 3799
3217 38
3218 380
3219 3800
3220 3801
3221 3802
3222 3803
3223 3804
3224 3805
3225 3806
3226 3807
3227 3808
3228 3809
3229 3810
3230 3811
3231 4877
3232 3812
3233 3813
3234 3814
3235 3815
3236 3816
3237 3817
3238 3818
3239 3819
3240 382
3241 3820
3242 3821
3243 3822
3244 3823
3245 3824
3246 3825
3247 3826
3248 3827
3249 3828
3250 3829
3251 383
3252 3830
3253 3831
3254 3832
3255 3833
3256 3834
3257 3835
3258 3836
3259 3837
3260 3838
3261 3839
3262 384
3263 3840
3264 3841
3265 3842
3266 3843
3267 3844
3268 3845
3269 3846
3270 3847
3271 3848
3272 3849
3273 385
3274 3850
3275 3851
3276 3852
3277 3853
3278 3854
3279 3855
3280 3856
3281 3857
3282 3858
3283 3859
3284 386
3285 3860
3286 3861
3287 3862
3288 3863
3289 3864
3290 3865
3291 3866
3292 3867
3293 3868
3294 3869
3295 3870
3296 387
3297 3871
3298 3872
3299 3873
3300 3874
3301 3875
3302 3876
3303 3877
3304 3878
3305 3879
3306 388
3307 3880
3308 3881
3309 3882
3310 3883
3311 3884
3312 3885
3313 3886
3314 3887
3315 3888
3316 3889
3317 389
3318 3890
3319 3891
3320 3892
3321 3893
3322 3894
3323 3895
3324 3896
3325 3897
3326 3898
3327 3899
3328 39
3329 390
3330 3900
3331 3901
3332 3902
3333 3903
3334 3904
3335 3905
3336 3906
3337 3907
3338 3908
3339 3909
3340 391
3341 3910
3342 3911
3343 3912
3344 3913
3345 3914
3346 3915
3347 3916
3348 3917
3349 3918
3350 3919
3351 3920
3352 392
3353 3939
3354 4057
3355 4206
3356 4356
3357 4545
3358 4657
3359 4658
3360 4659
3361 4660
3362 4661
3363 4662
3364 4663
3365 4664
3366 4665
3367 4666
3368 4667
3369 4668
3370 4669
3371 4670
3372 4671
3373 4672
3374 4673
3375 4674
3376 4675
3377 4676
3378 4677
3379 4678
3380 4679
3381 4680
3382 4681
3383 3921
3384 3922
3385 3923
3386 3924
3387 3925
3388 3926
3389 3927
3390 3928
3391 3929
3392 393
3393 3930
3394 3931
3395 3932
3396 3933
3397 3934
3398 3935
3399 3936
3400 3937
3401 3938
3402 394
3403 3940
3404 3941
3405 3942
3406 3943
3407 3944
3408 3945
3409 3946
3410 3947
3411 3948
3412 3949
3413 395
3414 3950
3415 3951
3416 3952
3417 3953
3418 3954
3419 3955
3420 3956
3421 3957
3422 3958
3423 3959
3424 396
3425 3960
3426 3964
3427 3965
3428 3966
3429 3967
3430 3968
3431 3969
3432 3970
3433 397
3434 3971
3435 3972
3436 3973
3437 3974
3438 3975
3439 3976
3440 3977
3441 3978
3442 3979
3443 398
3444 3980
3445 3981
3446 3982
3447 3983
3448 3984
3449 3985
3450 3986
3451 3987
3452 3988
3453 3989
3454 399
3455 401
3456 3990
3457 3991
3458 3992
3459 3993
3460 3994
3461 3995
3462 3996
3463 3997
3464 3998
3465 3999
3466 40
3467 5055
3468 5056
3469 4000
3470 4001
3471 4002
3472 4003
3473 4004
3474 4005
3475 4006
3476 4007
3477 4008
3478 4010
3479 4011
3480 4012
3481 4013
3482 4014
3483 4015
3484 4016
3485 4017
3486 4018
3487 4019
3488 402
3489 4021
3490 4022
3491 4023
3492 4024
3493 4025
3494 4026
3495 4027
3496 4028
3497 4029
3498 403
3499 4030
3500 4031
3501 4032
3502 4033
3503 4034
3504 4035
3505 4036
3506 4037
3507 4038
3508 4039
3509 4040
3510 4041
3511 4042
3512 4043
3513 4044
3514 4045
3515 4046
3516 4047
3517 4048
3518 4049
3519 405
3520 4050
3521 4051
3522 4052
3523 4053
3524 4054
3525 4055
3526 4056
3527 4058
3528 4059
3529 406
3530 4060
3531 4061
3532 4062
3533 4063
3534 4064
3535 4065
3536 4066
3537 4067
3538 4068
3539 4069
3540 407
3541 408
3542 4070
3543 4071
3544 4072
3545 4073
3546 4074
3547 4075
3548 4076
3549 4077
3550 4078
3551 4079
3552 4080
3553 4081
3554 4082
3555 4083
3556 4084
3557 4085
3558 4086
3559 4087
3560 4088
3561 4089
3562 4090
3563 4091
3564 4092
3565 4093
3566 4094
3567 4095
3568 4096
3569 4097
3570 4098
3571 4099
3572 41
3573 4100
3574 4101
3575 4102
3576 4103
3577 4104
3578 4105
3579 4106
3580 4107
3581 4108
3582 4109
3583 411
3584 4110
3585 4111
3586 4112
3587 4113
3588 4114
3589 4115
3590 4116
3591 4117
3592 4118
3593 4119
3594 412
3595 4120
3596 4121
3597 4122
3598 4123
3599 4124
3600 4125
3601 4126
3602 4127
3603 4128
3604 4129
3605 413
3606 4130
3607 4131
3608 4132
3609 4133
3610 4134
3611 4135
3612 4136
3613 4137
3614 4138
3615 4139
3616 4140
3617 414
3618 5225
3619 4141
3620 4142
3621 4143
3622 4144
3623 4145
3624 4146
3625 4147
3626 4148
3627 4149
3628 415
3629 4150
3630 4151
3631 4152
3632 4153
3633 4154
3634 4155
3635 4156
3636 4157
3637 4158
3638 4159
3639 416
3640 4160
3641 4161
3642 4162
3643 4163
3644 4164
3645 4165
3646 4166
3647 4167
3648 4168
3649 4169
3650 417
3651 4170
3652 4171
3653 4172
3654 4173
3655 4174
3656 4175
3657 4176
3658 4177
3659 4178
3660 4179
3661 418
3662 4180
3663 4181
3664 4182
3665 4183
3666 4184
3667 4185
3668 4186
3669 4187
3670 4188
3671 4189
3672 419
3673 4190
3674 4191
3675 4192
3676 4193
3677 4194
3678 4195
3679 4196
3680 4197
3681 4198
3682 4199
3683 42
3684 420
3685 4200
3686 4201
3687 4202
3688 4203
3689 4204
3690 4205
3691 4207
3692 4208
3693 4209
3694 421
3695 4210
3696 4211
3697 4212
3698 4213
3699 4214
3700 4215
3701 4216
3702 4217
3703 4218
3704 4219
3705 422
3706 4220
3707 4221
3708 4222
3709 4223
3710 4224
3711 4225
3712 4226
3713 4227
3714 4228
3715 4229
3716 423
3717 4230
3718 4231
3719 4232
3720 4233
3721 4234
3722 4235
3723 4236
3724 4237
3725 4238
3726 4239
3727 424
3728 4240
3729 4241
3730 4242
3731 4243
3732 4244
3733 4245
3734 4246
3735 4247
3736 4248
3737 4249
3738 4250
3739 4251
3740 832
3741 425
3742 5646
3743 4252
3744 4253
3745 5025
3746 4254
3747 4255
3748 4256
3749 4257
3750 4258
3751 4259
3752 426
3753 4260
3754 4261
3755 4262
3756 4263
3757 4264
3758 4265
3759 4266
3760 4267
3761 4268
3762 4269
3763 427
3764 4270
3765 4271
3766 4272
3767 4273
3768 4274
3769 4275
3770 4276
3771 4277
3772 4278
3773 4279
3774 428
3775 4280
3776 4281
3777 4282
3778 4283
3779 4284
3780 4285
3781 4286
3782 4287
3783 4288
3784 4289
3785 429
3786 4290
3787 4291
3788 4292
3789 4293
3790 4294
3791 4295
3792 4296
3793 4297
3794 4298
3795 4299
3796 430
3797 4300
3798 4301
3799 4302
3800 4303
3801 4304
3802 4305
3803 4306
3804 4307
3805 4308
3806 4309
3807 431
3808 4310
3809 4311
3810 4312
3811 4313
3812 4314
3813 4315
3814 4316
3815 4317
3816 4318
3817 4319
3818 4320
3819 432
3820 4321
3821 4322
3822 4323
3823 4324
3824 4325
3825 4326
3826 4327
3827 4328
3828 4329
3829 4330
3830 433
3831 4331
3832 4332
3833 4333
3834 4334
3835 4335
3836 4336
3837 4337
3838 4338
3839 4339
3840 434
3841 4340
3842 4341
3843 4342
3844 4343
3845 4344
3846 4345
3847 4346
3848 4347
3849 4348
3850 4349
3851 435
3852 4350
3853 4351
3854 4352
3855 4353
3856 4354
3857 4355
3858 4357
3859 4358
3860 4359
3861 436
3862 4360
3863 4361
3864 4362
3865 4363
3866 4364
3867 4365
3868 4366
3869 4367
3870 4368
3871 4369
3872 4370
3873 437
3874 4371
3875 4372
3876 5364
3877 4373
3878 4374
3879 4375
3880 4376
3881 4377
3882 4378
3883 4379
3884 438
3885 4380
3886 4381
3887 4382
3888 4383
3889 4384
3890 4385
3891 4386
3892 4387
3893 4388
3894 4389
3895 439
3896 4390
3897 4391
3898 4392
3899 4393
3900 4394
3901 4395
3902 4396
3903 4397
3904 4398
3905 4399
3906 440
3907 4400
3908 4401
3909 4402
3910 4403
3911 4404
3912 4405
3913 4406
3914 4407
3915 4408
3916 4409
3917 441
3918 4410
3919 4411
3920 4412
3921 4413
3922 4414
3923 4415
3924 4416
3925 4417
3926 4418
3927 4419
3928 4420
3929 442
3930 4421
3931 4422
3932 4423
3933 4424
3934 4425
3935 4426
3936 443
3937 4430
3938 4431
3939 4432
3940 4433
3941 4434
3942 4435
3943 4436
3944 4437
3945 4438
3946 4439
3947 4440
3948 444
3949 4441
3950 4442
3951 4443
3952 4444
3953 4445
3954 4446
3955 4447
3956 4448
3957 4449
3958 4450
3959 445
3960 4451
3961 4452
3962 4453
3963 4454
3964 4455
3965 4456
3966 4457
3967 4458
3968 4459
3969 446
3970 4460
3971 4461
3972 4462
3973 4463
3974 4464
3975 4465
3976 4466
3977 4467
3978 4468
3979 4469
3980 447
3981 4470
3982 4471
3983 4472
3984 4473
3985 4474
3986 4475
3987 4476
3988 4477
3989 4478
3990 4479
3991 448
3992 4480
3993 4481
3994 4482
3995 4483
3996 4484
3997 4485
3998 4486
3999 4487
4000 4488
4001 4489
4002 449
4003 4490
4004 4491
4005 4492
4006 4493
4007 4494
4008 4495
4009 4496
4010 4497
4011 4498
4012 4499
4013 45
4014 450
4015 4500
4016 4501
4017 4502
4018 4503
4019 4504
4020 4505
4021 4506
4022 4507
4023 4508
4024 4509
4025 451
4026 4510
4027 4511
4028 4512
4029 4513
4030 4514
4031 4515
4032 4516
4033 4517
4034 4518
4035 4519
4036 452
4037 4520
4038 4521
4039 4522
4040 4523
4041 4524
4042 4525
4043 4526
4044 4527
4045 4528
4046 4529
4047 453
4048 4530
4049 4531
4050 4532
4051 4533
4052 4534
4053 4535
4054 4536
4055 4537
4056 4538
4057 4539
4058 454
4059 4540
4060 4541
4061 4542
4062 4543
4063 4544
4064 4546
4065 4547
4066 4548
4067 4549
4068 455
4069 4550
4070 4551
4071 4552
4072 4553
4073 4554
4074 4555
4075 4556
4076 4557
4077 4559
4078 456
4079 4562
4080 4563
4081 4564
4082 4565
4083 4566
4084 4567
4085 4568
4086 4569
4087 457
4088 4570
4089 4571
4090 4572
4091 4573
4092 4574
4093 4575
4094 4576
4095 4577
4096 4578
4097 4579
4098 458
4099 4580
4100 4581
4101 4582
4102 4583
4103 4584
4104 4585
4105 4586
4106 4587
4107 4588
4108 4589
4109 459
4110 4590
4111 4591
4112 4592
4113 4593
4114 4594
4115 4595
4116 4596
4117 4597
4118 4598
4119 4599
4120 4600
4121 46
4122 460
4123 4601
4124 4602
4125 4603
4126 4604
4127 4605
4128 4606
4129 4607
4130 4608
4131 4609
4132 461
4133 4610
4134 4611
4135 4612
4136 4613
4137 4614
4138 4615
4139 4616
4140 4617
4141 4618
4142 4619
4143 462
4144 4620
4145 4621
4146 4622
4147 4623
4148 4624
4149 4625
4150 4626
4151 4627
4152 4628
4153 4629
4154 463
4155 4630
4156 4631
4157 4632
4158 4633
4159 4634
4160 4635
4161 4636
4162 4637
4163 4638
4164 4639
4165 464
4166 4640
4167 4641
4168 4642
4169 4643
4170 4644
4171 4645
4172 4646
4173 4647
4174 4648
4175 4649
4176 465
4177 4650
4178 4651
4179 4652
4180 4653
4181 4654
4182 4655
4183 4656
4184 466
4185 467
4186 468
4187 4682
4188 4683
4189 4684
4190 4685
4191 4686
4192 4687
4193 4688
4194 4689
4195 469
4196 4690
4197 4691
4198 4692
4199 4693
4200 4694
4201 4695
4202 4696
4203 4697
4204 4698
4205 4699
4206 47
4207 470
4208 4700
4209 4701
4210 4702
4211 4703
4212 4704
4213 4705
4214 4706
4215 4707
4216 4708
4217 4709
4218 471
4219 4710
4220 4711
4221 4712
4222 4713
4223 4714
4224 4715
4225 4716
4226 4717
4227 4718
4228 4719
4229 472
4230 4720
4231 4721
4232 4722
4233 4723
4234 4724
4235 4726
4236 4727
4237 4728
4238 4729
4239 473
4240 4730
4241 4731
4242 4732
4243 4733
4244 4734
4245 4735
4246 4736
4247 4737
4248 4738
4249 4739
4250 474
4251 4740
4252 4741
4253 4742
4254 4743
4255 4744
4256 4745
4257 4746
4258 4747
4259 4748
4260 4749
4261 475
4262 4750
4263 4751
4264 4752
4265 4753
4266 4754
4267 4755
4268 4756
4269 4757
4270 4758
4271 4759
4272 476
4273 4760
4274 4761
4275 4762
4276 4763
4277 4764
4278 4765
4279 4766
4280 4767
4281 4768
4282 4769
4283 477
4284 4770
4285 4771
4286 4772
4287 4773
4288 4774
4289 4775
4290 4776
4291 4777
4292 4778
4293 4779
4294 478
4295 4780
4296 4781
4297 4782
4298 4783
4299 4784
4300 4785
4301 4786
4302 4787
4303 4788
4304 4789
4305 4790
4306 479
4307 4791
4308 4792
4309 4793
4310 4794
4311 4795
4312 4796
4313 4797
4314 4798
4315 4799
4316 48
4317 480
4318 4800
4319 4801
4320 4802
4321 4803
4322 4804
4323 4805
4324 4806
4325 4807
4326 4808
4327 4809
4328 481
4329 4810
4330 4811
4331 4812
4332 4813
4333 4814
4334 4815
4335 4816
4336 4817
4337 4818
4338 4819
4339 482
4340 4820
4341 4821
4342 4822
4343 4823
4344 4825
4345 805
4346 4826
4347 4827
4348 4828
4349 4829
4350 483
4351 4830
4352 4831
4353 4832
4354 4833
4355 4834
4356 4835
4357 4836
4358 4837
4359 4838
4360 4839
4361 484
4362 4840
4363 4841
4364 4842
4365 4843
4366 4844
4367 4845
4368 4846
4369 4847
4370 4848
4371 4849
4372 4850
4373 485
4374 4851
4375 4852
4376 4853
4377 4854
4378 4855
4379 4856
4380 4857
4381 4859
4382 486
4383 4860
4384 4861
4385 4862
4386 4863
4387 4864
4388 4865
4389 4866
4390 4867
4391 4868
4392 4869
4393 487
4394 4870
4395 4871
4396 4872
4397 4873
4398 4874
4399 4875
4400 4876
4401 4878
4402 4879
4403 488
4404 4880
4405 4881
4406 4882
4407 4883
4408 4884
4409 4885
4410 4886
4411 4887
4412 4888
4413 4889
4414 489
4415 4890
4416 4891
4417 4892
4418 4893
4419 4894
4420 4895
4421 4896
4422 4897
4423 4898
4424 4899
4425 49
4426 490
4427 4900
4428 4901
4429 4902
4430 4903
4431 4904
4432 4905
4433 4906
4434 4907
4435 4908
4436 4909
4437 491
4438 4910
4439 4911
4440 4912
4441 4913
4442 4914
4443 4915
4444 4916
4445 4917
4446 4918
4447 4919
4448 4920
4449 4921
4450 4922
4451 492
4452 4923
4453 4924
4454 4925
4455 4926
4456 4927
4457 4928
4458 4929
4459 493
4460 4930
4461 4931
4462 4932
4463 4933
4464 4934
4465 4935
4466 4936
4467 4937
4468 4938
4469 4939
4470 494
4471 4940
4472 4941
4473 4942
4474 4943
4475 4944
4476 4945
4477 4946
4478 4947
4479 4948
4480 4949
4481 495
4482 4950
4483 4951
4484 4952
4485 4953
4486 4954
4487 4955
4488 4956
4489 4957
4490 4958
4491 4959
4492 496
4493 4960
4494 4961
4495 4962
4496 4963
4497 4964
4498 4965
4499 4966
4500 4967
4501 4968
4502 4969
4503 497
4504 4970
4505 4971
4506 4972
4507 4973
4508 4974
4509 4975
4510 4976
4511 4977
4512 4978
4513 4979
4514 498
4515 4980
4516 4981
4517 4982
4518 4983
4519 4984
4520 4985
4521 4986
4522 4987
4523 4988
4524 4989
4525 499
4526 4990
4527 4991
4528 4992
4529 4993
4530 4994
4531 4995
4532 4996
4533 4997
4534 4998
4535 4999
4536 5
4537 50
4538 500
4539 5000
4540 5001
4541 5002
4542 5003
4543 5004
4544 5005
4545 5006
4546 5007
4547 5008
4548 5009
4549 5010
4550 501
4551 5011
4552 5012
4553 5013
4554 5014
4555 5015
4556 5016
4557 5017
4558 5018
4559 5019
4560 502
4561 5020
4562 5021
4563 5022
4564 5023
4565 5024
4566 5026
4567 5027
4568 5029
4569 5030
4570 503
4571 5032
4572 5033
4573 5034
4574 5035
4575 5036
4576 5037
4577 5038
4578 5039
4579 504
4580 5040
4581 5041
4582 5042
4583 5043
4584 5044
4585 5045
4586 5046
4587 5047
4588 5048
4589 5049
4590 505
4591 5050
4592 5051
4593 5052
4594 5053
4595 5054
4596 5057
4597 5058
4598 5059
4599 506
4600 5060
4601 5061
4602 5062
4603 5063
4604 5064
4605 5065
4606 5066
4607 5067
4608 5068
4609 5069
4610 507
4611 5070
4612 5071
4613 5072
4614 5073
4615 5074
4616 5075
4617 5076
4618 5077
4619 5078
4620 5079
4621 508
4622 5080
4623 5081
4624 5082
4625 5083
4626 5084
4627 5085
4628 5086
4629 5087
4630 5088
4631 5089
4632 509
4633 5090
4634 5091
4635 5092
4636 5093
4637 5094
4638 5095
4639 5096
4640 5097
4641 5098
4642 5099
4643 51
4644 510
4645 5100
4646 5101
4647 5102
4648 5103
4649 5104
4650 5105
4651 5106
4652 5107
4653 5108
4654 5109
4655 511
4656 5110
4657 5111
4658 5112
4659 5113
4660 5114
4661 5115
4662 5116
4663 5117
4664 5118
4665 5119
4666 5120
4667 5121
4668 5122
4669 5123
4670 5124
4671 5125
4672 5126
4673 5127
4674 5128
4675 512
4676 5129
4677 513
4678 5130
4679 5131
4680 5132
4681 5133
4682 5134
4683 5135
4684 5136
4685 5137
4686 5138
4687 5139
4688 514
4689 5140
4690 5141
4691 5142
4692 5143
4693 5144
4694 5145
4695 5146
4696 5147
4697 5148
4698 5149
4699 515
4700 5150
4701 5151
4702 5152
4703 5153
4704 5154
4705 5155
4706 5156
4707 5157
4708 5158
4709 5159
4710 516
4711 5160
4712 5161
4713 5162
4714 5163
4715 5164
4716 5165
4717 5166
4718 5167
4719 5168
4720 5169
4721 517
4722 5170
4723 5171
4724 5172
4725 5173
4726 5174
4727 5175
4728 5176
4729 5177
4730 5178
4731 5179
4732 518
4733 5180
4734 5181
4735 5182
4736 5183
4737 5184
4738 5185
4739 5186
4740 5187
4741 5188
4742 5189
4743 519
4744 5190
4745 5191
4746 5192
4747 5193
4748 5194
4749 5195
4750 5196
4751 5197
4752 5198
4753 5199
4754 52
4755 520
4756 5200
4757 5201
4758 5202
4759 5203
4760 5204
4761 5205
4762 5206
4763 5207
4764 5208
4765 5209
4766 5210
4767 521
4768 5212
4769 5213
4770 5214
4771 5215
4772 5216
4773 5217
4774 5218
4775 522
4776 5220
4777 5221
4778 5222
4779 5223
4780 5224
4781 5226
4782 5227
4783 5228
4784 5229
4785 5230
4786 523
4787 6739
4788 6740
4789 5231
4790 5232
4791 5233
4792 5234
4793 5235
4794 5236
4795 5237
4796 5238
4797 5239
4798 524
4799 5240
4800 5241
4801 5242
4802 5243
4803 5244
4804 5245
4805 5246
4806 5247
4807 5248
4808 5249
4809 525
4810 5250
4811 5251
4812 5252
4813 5253
4814 5254
4815 5255
4816 5256
4817 5257
4818 5258
4819 5259
4820 526
4821 5260
4822 5261
4823 5262
4824 5263
4825 5264
4826 5265
4827 5266
4828 5267
4829 5268
4830 5269
4831 527
4832 5270
4833 5271
4834 5272
4835 5273
4836 5274
4837 5275
4838 5276
4839 5277
4840 5278
4841 5279
4842 528
4843 5280
4844 5281
4845 5282
4846 5283
4847 5284
4848 5285
4849 5286
4850 5287
4851 5288
4852 5289
4853 529
4854 5290
4855 5291
4856 5292
4857 5293
4858 5294
4859 5295
4860 5296
4861 5297
4862 5298
4863 5299
4864 53
4865 530
4866 5300
4867 5301
4868 5302
4869 5303
4870 5304
4871 5305
4872 5306
4873 5307
4874 5308
4875 5309
4876 531
4877 5310
4878 5311
4879 5312
4880 5313
4881 5314
4882 5315
4883 5316
4884 5317
4885 5318
4886 5319
4887 5320
4888 532
4889 5321
4890 5322
4891 5323
4892 5324
4893 5325
4894 5326
4895 5327
4896 5328
4897 5329
4898 533
4899 5330
4900 5331
4901 534
4902 5340
4903 5341
4904 5342
4905 5343
4906 5344
4907 5345
4908 5346
4909 5347
4910 5348
4911 5349
4912 535
4913 5350
4914 5351
4915 5352
4916 5353
4917 5354
4918 5355
4919 5356
4920 5357
4921 5358
4922 5359
4923 536
4924 5360
4925 5361
4926 5362
4927 5363
4928 5365
4929 5366
4930 5367
4931 5368
4932 5369
4933 537
4934 5370
4935 5371
4936 5372
4937 5373
4938 5374
4939 5375
4940 5376
4941 5377
4942 5378
4943 5379
4944 538
4945 5380
4946 5381
4947 5382
4948 5383
4949 5384
4950 5385
4951 5386
4952 5387
4953 5388
4954 5389
4955 5390
4956 539
4957 5391
4958 5392
4959 5393
4960 5394
4961 5395
4962 5396
4963 5397
4964 5398
4965 5399
4966 54
4967 540
4968 5400
4969 5401
4970 5402
4971 5403
4972 5404
4973 5405
4974 5406
4975 5407
4976 5408
4977 5409
4978 541
4979 5410
4980 5411
4981 5412
4982 5413
4983 5414
4984 5415
4985 5416
4986 5417
4987 5418
4988 5419
4989 542
4990 5420
4991 5421
4992 5422
4993 5423
4994 5424
4995 5425
4996 5426
4997 5427
4998 5428
4999 5429
5000 543
5001 5430
5002 5431
5003 5432
5004 5433
5005 5434
5006 5435
5007 5436
5008 5437
5009 5438
5010 5439
5011 544
5012 5440
5013 5441
5014 5442
5015 5443
5016 5444
5017 5445
5018 5446
5019 5447
5020 5448
5021 5449
5022 545
5023 5450
5024 5451
5025 5452
5026 5453
5027 5454
5028 5455
5029 5456
5030 5457
5031 5458
5032 5459
5033 546
5034 5460
5035 5461
5036 5462
5037 5463
5038 5464
5039 5465
5040 5466
5041 5467
5042 5468
5043 5469
5044 547
5045 5470
5046 5471
5047 5472
5048 5473
5049 5474
5050 5475
5051 5476
5052 5477
5053 5478
5054 5479
5055 548
5056 5480
5057 5481
5058 5482
5059 5483
5060 5484
5061 5485
5062 5486
5063 5487
5064 5488
5065 5489
5066 549
5067 5490
5068 5491
5069 5492
5070 5493
5071 5494
5072 5495
5073 5496
5074 5497
5075 5498
5076 5499
5077 550
5078 5500
5079 5501
5080 5502
5081 5503
5082 5504
5083 5505
5084 5506
5085 5507
5086 5508
5087 5509
5088 551
5089 5510
5090 5511
5091 5512
5092 5513
5093 5514
5094 5515
5095 5516
5096 5517
5097 5518
5098 5519
5099 552
5100 5520
5101 5521
5102 5522
5103 5523
5104 5524
5105 5525
5106 5526
5107 5527
5108 5528
5109 5529
5110 553
5111 5530
5112 5531
5113 5532
5114 5533
5115 5534
5116 5535
5117 5536
5118 5537
5119 5538
5120 5539
5121 554
5122 5540
5123 5541
5124 5542
5125 5543
5126 5544
5127 5545
5128 5546
5129 5547
5130 5548
5131 5549
5132 555
5133 5550
5134 5551
5135 5552
5136 5553
5137 5554
5138 5555
5139 5556
5140 5557
5141 5558
5142 5559
5143 5560
5144 556
5145 5561
5146 5562
5147 5563
5148 5564
5149 5565
5150 5566
5151 5567
5152 5568
5153 5569
5154 557
5155 5570
5156 5571
5157 5572
5158 5573
5159 5574
5160 5575
5161 5576
5162 5577
5163 5578
5164 5579
5165 558
5166 5580
5167 5581
5168 5582
5169 5583
5170 5584
5171 5585
5172 5586
5173 5587
5174 5588
5175 5589
5176 559
5177 5590
5178 5591
5179 5592
5180 5593
5181 5594
5182 5595
5183 5596
5184 5597
5185 5598
5186 5599
5187 560
5188 5600
5189 5601
5190 5602
5191 5603
5192 5604
5193 5605
5194 5606
5195 5607
5196 5608
5197 5609
5198 561
5199 5610
5200 5611
5201 5612
5202 5613
5203 5614
5204 5615
5205 5617
5206 5618
5207 5619
5208 562
5209 5620
5210 5621
5211 5622
5212 5623
5213 5624
5214 5625
5215 5626
5216 5627
5217 5628
5218 5629
5219 563
5220 5630
5221 5631
5222 5632
5223 5633
5224 5634
5225 5635
5226 5636
5227 5637
5228 5638
5229 5639
5230 564
5231 5640
5232 5641
5233 5642
5234 5643
5235 5644
5236 5645
5237 5647
5238 5648
5239 5649
5240 565
5241 5650
5242 5651
5243 5652
5244 5653
5245 5654
5246 5655
5247 5656
5248 5657
5249 5658
5250 5659
5251 566
5252 5660
5253 5661
5254 5663
5255 5664
5256 5666
5257 5667
5258 5668
5259 5669
5260 567
5261 5670
5262 5671
5263 5672
5264 5673
5265 5674
5266 5675
5267 5676
5268 5677
5269 5678
5270 5679
5271 5680
5272 568
5273 5681
5274 5682
5275 5683
5276 5684
5277 5685
5278 5686
5279 5687
5280 5688
5281 5689
5282 569
5283 5690
5284 5691
5285 5692
5286 5693
5287 5886
5288 6353
5289 5694
5290 5695
5291 5696
5292 5697
5293 5698
5294 5699
5295 57
5296 570
5297 5700
5298 5701
5299 5702
5300 5703
5301 5704
5302 5705
5303 5706
5304 5707
5305 5708
5306 5709
5307 571
5308 5710
5309 5711
5310 5712
5311 5713
5312 5714
5313 5715
5314 5716
5315 5717
5316 5718
5317 5719
5318 572
5319 5720
5320 5721
5321 5722
5322 5723
5323 5724
5324 5725
5325 5726
5326 5727
5327 5728
5328 5729
5329 573
5330 5730
5331 5731
5332 5732
5333 5733
5334 5734
5335 5735
5336 5736
5337 5737
5338 5738
5339 5739
5340 574
5341 5740
5342 5741
5343 5742
5344 5743
5345 5744
5346 5745
5347 5746
5348 5747
5349 5748
5350 5749
5351 575
5352 5750
5353 5751
5354 5752
5355 5753
5356 5754
5357 5756
5358 5757
5359 5758
5360 5759
5361 576
5362 5760
5363 5761
5364 5762
5365 5763
5366 5764
5367 5765
5368 5766
5369 5767
5370 5768
5371 5769
5372 577
5373 5770
5374 5771
5375 5772
5376 5773
5377 5774
5378 5775
5379 5776
5380 5777
5381 5778
5382 5779
5383 578
5384 5780
5385 5781
5386 5782
5387 5783
5388 5784
5389 5785
5390 5786
5391 5787
5392 5788
5393 5789
5394 579
5395 5790
5396 5791
5397 5793
5398 5794
5399 5795
5400 5796
5401 5797
5402 5798
5403 5799
5404 58
5405 580
5406 5800
5407 5801
5408 5802
5409 5803
5410 5804
5411 5805
5412 5806
5413 5807
5414 5808
5415 5809
5416 581
5417 5810
5418 5811
5419 5812
5420 5813
5421 5814
5422 5815
5423 5816
5424 5817
5425 5818
5426 5819
5427 582
5428 5820
5429 5821
5430 5822
5431 5823
5432 5824
5433 5825
5434 5826
5435 5827
5436 5828
5437 5829
5438 583
5439 5830
5440 5831
5441 5832
5442 5833
5443 5834
5444 5835
5445 5836
5446 5837
5447 5838
5448 5839
5449 584
5450 5840
5451 5841
5452 5842
5453 5843
5454 5844
5455 5845
5456 5846
5457 5847
5458 5848
5459 5849
5460 585
5461 5850
5462 5851
5463 5852
5464 5853
5465 5854
5466 5855
5467 5856
5468 5857
5469 5858
5470 5859
5471 586
5472 5860
5473 5861
5474 5862
5475 5863
5476 5864
5477 5865
5478 5866
5479 5867
5480 5868
5481 5869
5482 587
5483 5870
5484 5871
5485 5872
5486 5873
5487 5874
5488 5875
5489 5876
5490 5877
5491 5878
5492 5879
5493 588
5494 5880
5495 5881
5496 5882
5497 5883
5498 5884
5499 5885
5500 5887
5501 5888
5502 5889
5503 5890
5504 589
5505 5891
5506 5892
5507 5893
5508 5894
5509 5895
5510 5896
5511 5897
5512 5898
5513 5899
5514 590
5515 5900
5516 5901
5517 5902
5518 5903
5519 5904
5520 5905
5521 5906
5522 5907
5523 5908
5524 5909
5525 5910
5526 591
5527 5911
5528 5913
5529 5914
5530 5915
5531 5916
5532 5917
5533 5918
5534 5919
5535 592
5536 5920
5537 5921
5538 5922
5539 5923
5540 5924
5541 5925
5542 5926
5543 5927
5544 5928
5545 5929
5546 593
5547 5930
5548 5931
5549 5932
5550 5933
5551 5934
5552 5935
5553 5936
5554 5937
5555 5938
5556 5939
5557 594
5558 5940
5559 5941
5560 5942
5561 5943
5562 5944
5563 5945
5564 5946
5565 5947
5566 5948
5567 5949
5568 595
5569 5950
5570 5951
5571 5952
5572 5953
5573 5954
5574 5955
5575 5956
5576 5957
5577 5958
5578 5959
5579 596
5580 5960
5581 5961
5582 5962
5583 5963
5584 5964
5585 5965
5586 5966
5587 5967
5588 5968
5589 5969
5590 5973
5591 597
5592 5970
5593 5971
5594 5972
5595 5974
5596 5975
5597 5976
5598 5977
5599 5978
5600 5979
5601 598
5602 5980
5603 5981
5604 5982
5605 5983
5606 5984
5607 5985
5608 5986
5609 5987
5610 5988
5611 5989
5612 5990
5613 599
5614 5991
5615 5992
5616 5993
5617 5994
5618 5995
5619 5996
5620 5997
5621 5998
5622 5999
5623 60
5624 600
5625 6000
5626 6001
5627 6003
5628 6004
5629 6005
5630 6006
5631 6007
5632 6008
5633 6009
5634 601
5635 6010
5636 6011
5637 6012
5638 6013
5639 6014
5640 6015
5641 6016
5642 6017
5643 6018
5644 6019
5645 602
5646 6020
5647 6021
5648 6022
5649 6023
5650 6024
5651 6025
5652 6026
5653 6027
5654 6028
5655 6029
5656 603
5657 6030
5658 6031
5659 6032
5660 6033
5661 6034
5662 6035
5663 6036
5664 6037
5665 6038
5666 6039
5667 604
5668 6040
5669 6041
5670 6042
5671 6043
5672 6044
5673 6045
5674 6046
5675 6047
5676 6048
5677 6049
5678 605
5679 6050
5680 6051
5681 6052
5682 6053
5683 6054
5684 6055
5685 6056
5686 6057
5687 6058
5688 6059
5689 606
5690 6060
5691 6061
5692 6062
5693 6063
5694 6064
5695 6065
5696 6066
5697 6067
5698 6068
5699 6069
5700 607
5701 6070
5702 6071
5703 6072
5704 6073
5705 6074
5706 6075
5707 6076
5708 6077
5709 6078
5710 6079
5711 608
5712 6080
5713 6081
5714 6082
5715 6083
5716 6084
5717 6085
5718 6086
5719 6087
5720 6088
5721 6089
5722 609
5723 6090
5724 6091
5725 6092
5726 6093
5727 6094
5728 6095
5729 6096
5730 6097
5731 6098
5732 6099
5733 61
5734 610
5735 6100
5736 6101
5737 6102
5738 6103
5739 6104
5740 6105
5741 6106
5742 6107
5743 6108
5744 6109
5745 611
5746 6110
5747 6111
5748 6112
5749 6113
5750 6114
5751 6115
5752 6116
5753 6117
5754 6118
5755 6119
5756 612
5757 6120
5758 6121
5759 6122
5760 6123
5761 6124
5762 6125
5763 6126
5764 6127
5765 6128
5766 6129
5767 613
5768 6130
5769 6131
5770 6132
5771 6133
5772 6134
5773 6135
5774 6136
5775 6137
5776 6138
5777 6139
5778 614
5779 6140
5780 6141
5781 6142
5782 6143
5783 6144
5784 6145
5785 6146
5786 6147
5787 6148
5788 6149
5789 615
5790 6150
5791 6151
5792 6152
5793 6153
5794 6154
5795 6155
5796 6156
5797 6157
5798 6158
5799 6159
5800 616
5801 6160
5802 6161
5803 6162
5804 6163
5805 6164
5806 6165
5807 6166
5808 6167
5809 6168
5810 6169
5811 617
5812 6170
5813 6171
5814 6172
5815 6173
5816 6174
5817 6175
5818 6176
5819 6177
5820 6178
5821 6179
5822 618
5823 6180
5824 6181
5825 6182
5826 6183
5827 6184
5828 6185
5829 6186
5830 6187
5831 6188
5832 6189
5833 619
5834 6190
5835 6191
5836 6192
5837 6193
5838 6194
5839 6195
5840 6199
5841 62
5842 620
5843 6200
5844 6201
5845 6202
5846 6203
5847 6204
5848 6205
5849 6206
5850 6207
5851 6208
5852 6209
5853 621
5854 6210
5855 6211
5856 6212
5857 6213
5858 6214
5859 6215
5860 6216
5861 6217
5862 6218
5863 6219
5864 622
5865 6220
5866 6221
5867 6222
5868 6223
5869 6224
5870 6225
5871 6226
5872 6227
5873 6228
5874 6229
5875 623
5876 6230
5877 6234
5878 6235
5879 6236
5880 6237
5881 6238
5882 6239
5883 624
5884 6240
5885 6241
5886 6242
5887 6243
5888 6244
5889 6246
5890 6247
5891 6248
5892 6249
5893 625
5894 6250
5895 6251
5896 6252
5897 6253
5898 6254
5899 6255
5900 6256
5901 6257
5902 6258
5903 6259
5904 626
5905 6260
5906 6261
5907 6262
5908 6263
5909 6264
5910 6265
5911 6266
5912 6267
5913 6268
5914 6269
5915 627
5916 6270
5917 6271
5918 6272
5919 6273
5920 6274
5921 6275
5922 6276
5923 6277
5924 6278
5925 6279
5926 628
5927 6280
5928 6281
5929 6282
5930 6283
5931 6284
5932 6285
5933 6286
5934 6287
5935 6288
5936 6289
5937 629
5938 6290
5939 6291
5940 6292
5941 6293
5942 6294
5943 6295
5944 6296
5945 6297
5946 6298
5947 6299
5948 63
5949 630
5950 6300
5951 6301
5952 6302
5953 6303
5954 6304
5955 6305
5956 6306
5957 6307
5958 6308
5959 6309
5960 631
5961 6311
5962 6312
5963 6313
5964 6314
5965 6315
5966 6316
5967 6317
5968 6318
5969 6319
5970 632
5971 6320
5972 6321
5973 6322
5974 6323
5975 6324
5976 6325
5977 6326
5978 6327
5979 6328
5980 6329
5981 633
5982 6330
5983 6331
5984 6332
5985 6333
5986 6334
5987 6335
5988 6336
5989 6337
5990 6338
5991 6339
5992 634
5993 6340
5994 6341
5995 6342
5996 6343
5997 6344
5998 6345
5999 6346
6000 6347
6001 6348
6002 6349
6003 635
6004 6350
6005 6351
6006 6352
6007 6354
6008 6355
6009 6356
6010 6357
6011 6358
6012 6359
6013 636
6014 6360
6015 6361
6016 6362
6017 6363
6018 6364
6019 6365
6020 6366
6021 6367
6022 6368
6023 6369
6024 637
6025 6370
6026 6371
6027 6372
6028 6373
6029 6374
6030 6375
6031 6376
6032 6377
6033 6378
6034 6379
6035 638
6036 6380
6037 6381
6038 6382
6039 6383
6040 6384
6041 6385
6042 6386
6043 6387
6044 6388
6045 6389
6046 639
6047 6390
6048 6391
6049 6392
6050 6393
6051 6394
6052 6395
6053 6396
6054 6397
6055 6398
6056 6399
6057 64
6058 640
6059 6400
6060 6401
6061 6402
6062 6403
6063 6404
6064 6405
6065 6406
6066 6407
6067 6408
6068 6409
6069 641
6070 6410
6071 6411
6072 6412
6073 6413
6074 6414
6075 6415
6076 6416
6077 6417
6078 6418
6079 6419
6080 642
6081 6420
6082 6421
6083 6422
6084 6423
6085 6424
6086 6425
6087 6426
6088 6427
6089 6428
6090 6429
6091 643
6092 6430
6093 6431
6094 6432
6095 6434
6096 6436
6097 6437
6098 6438
6099 6439
6100 644
6101 6440
6102 6441
6103 6442
6104 6443
6105 6444
6106 6445
6107 6446
6108 6447
6109 6448
6110 6449
6111 645
6112 6450
6113 6451
6114 6452
6115 6453
6116 6454
6117 6455
6118 6456
6119 6457
6120 6458
6121 6459
6122 646
6123 6460
6124 6461
6125 6462
6126 6463
6127 6464
6128 6465
6129 6466
6130 6467
6131 6468
6132 6469
6133 6470
6134 647
6135 6471
6136 6472
6137 6473
6138 6474
6139 6475
6140 6476
6141 6477
6142 6478
6143 6479
6144 648
6145 6480
6146 6481
6147 6482
6148 6483
6149 6484
6150 6485
6151 6486
6152 6487
6153 6488
6154 6489
6155 649
6156 6491
6157 6492
6158 6493
6159 6494
6160 6495
6161 6496
6162 6498
6163 6499
6164 65
6165 650
6166 6500
6167 6501
6168 6502
6169 6503
6170 6504
6171 6505
6172 6506
6173 6507
6174 6508
6175 6509
6176 6510
6177 651
6178 6511
6179 6512
6180 6513
6181 6514
6182 6515
6183 6516
6184 6517
6185 6518
6186 6519
6187 652
6188 6520
6189 6521
6190 6522
6191 6523
6192 6524
6193 6525
6194 6526
6195 6527
6196 6528
6197 6529
6198 653
6199 6530
6200 6531
6201 6532
6202 6533
6203 6534
6204 6535
6205 6536
6206 6537
6207 6538
6208 6539
6209 654
6210 6540
6211 6541
6212 6542
6213 6543
6214 6544
6215 6545
6216 6546
6217 6547
6218 6548
6219 6549
6220 6550
6221 655
6222 6551
6223 6552
6224 6553
6225 6554
6226 6555
6227 6556
6228 6557
6229 6558
6230 6559
6231 656
6232 6560
6233 6561
6234 6562
6235 6563
6236 6564
6237 6565
6238 6566
6239 6567
6240 6568
6241 6569
6242 657
6243 6570
6244 6571
6245 6572
6246 6573
6247 6574
6248 6575
6249 6576
6250 6577
6251 6578
6252 6579
6253 658
6254 6580
6255 6581
6256 6582
6257 6583
6258 6584
6259 6585
6260 6586
6261 6587
6262 6588
6263 6589
6264 659
6265 6590
6266 6591
6267 6592
6268 6593
6269 6594
6270 6595
6271 6596
6272 6597
6273 6598
6274 6599
6275 66
6276 660
6277 6600
6278 6601
6279 6602
6280 6603
6281 6604
6282 6605
6283 6606
6284 6607
6285 6608
6286 6609
6287 661
6288 6610
6289 6612
6290 6613
6291 6614
6292 6615
6293 6616
6294 6617
6295 6618
6296 6619
6297 662
6298 6620
6299 6621
6300 6622
6301 6623
6302 6624
6303 6625
6304 6626
6305 6627
6306 6628
6307 6629
6308 663
6309 6630
6310 6631
6311 6632
6312 6633
6313 6634
6314 6635
6315 6636
6316 6637
6317 6638
6318 6639
6319 664
6320 6640
6321 6641
6322 6642
6323 6643
6324 6644
6325 6645
6326 6646
6327 6647
6328 6648
6329 6649
6330 665
6331 6650
6332 6651
6333 6652
6334 6653
6335 6654
6336 6655
6337 6656
6338 6657
6339 6658
6340 6659
6341 666
6342 6660
6343 6661
6344 6662
6345 6663
6346 6664
6347 6665
6348 6666
6349 6667
6350 6668
6351 6669
6352 667
6353 6670
6354 6671
6355 6672
6356 6673
6357 6674
6358 6675
6359 6676
6360 6677
6361 6678
6362 6679
6363 668
6364 6680
6365 6681
6366 6682
6367 6683
6368 6684
6369 6685
6370 6686
6371 6687
6372 6688
6373 6689
6374 669
6375 6690
6376 6691
6377 6692
6378 6693
6379 6694
6380 6695
6381 6696
6382 6697
6383 6698
6384 6699
6385 67
6386 670
6387 6700
6388 6701
6389 6702
6390 6703
6391 6704
6392 6705
6393 6706
6394 6707
6395 6708
6396 6709
6397 671
6398 6710
6399 6711
6400 6712
6401 6713
6402 6714
6403 6715
6404 6716
6405 6717
6406 6718
6407 6719
6408 672
6409 6720
6410 6721
6411 6722
6412 6723
6413 6724
6414 6729
6415 673
6416 6730
6417 6731
6418 6732
6419 6733
6420 6734
6421 6735
6422 6736
6423 6737
6424 6738
6425 674
6426 6742
6427 6743
6428 6744
6429 6745
6430 6746
6431 6749
6432 675
6433 6750
6434 6751
6435 6752
6436 6753
6437 6754
6438 6755
6439 6756
6440 6757
6441 6758
6442 6759
6443 676
6444 6760
6445 6761
6446 6762
6447 6763
6448 6764
6449 6765
6450 6766
6451 6767
6452 6768
6453 6769
6454 677
6455 6770
6456 6771
6457 6772
6458 6773
6459 6774
6460 6775
6461 6776
6462 6777
6463 6778
6464 6779
6465 678
6466 6780
6467 6781
6468 6782
6469 6783
6470 6784
6471 6786
6472 6787
6473 6788
6474 6789
6475 679
6476 6790
6477 6791
6478 6792
6479 6793
6480 6794
6481 6795
6482 6796
6483 6797
6484 6798
6485 6799
6486 68
6487 680
6488 6800
6489 6801
6490 6802
6491 6803
6492 6804
6493 6805
6494 6806
6495 6807
6496 681
6497 6810
6498 6811
6499 6812
6500 6813
6501 6814
6502 6815
6503 6816
6504 6817
6505 6818
6506 6819
6507 682
6508 6820
6509 6821
6510 6822
6511 6823
6512 6824
6513 6825
6514 6826
6515 6827
6516 6828
6517 6829
6518 683
6519 6830
6520 6831
6521 6832
6522 6833
6523 6834
6524 6835
6525 6836
6526 6837
6527 6838
6528 6839
6529 684
6530 6840
6531 6841
6532 6842
6533 6843
6534 6844
6535 6845
6536 6846
6537 6847
6538 6848
6539 6849
6540 685
6541 6850
6542 6851
6543 6852
6544 6853
6545 6854
6546 6855
6547 6856
6548 6857
6549 6858
6550 6859
6551 686
6552 6860
6553 6861
6554 6862
6555 6863
6556 6864
6557 6865
6558 6866
6559 6867
6560 6868
6561 6869
6562 687
6563 6870
6564 6871
6565 6872
6566 6873
6567 6874
6568 6875
6569 6876
6570 6877
6571 6878
6572 6879
6573 688
6574 6880
6575 6881
6576 6882
6577 6883
6578 6884
6579 6885
6580 6886
6581 6887
6582 6888
6583 6889
6584 689
6585 6890
6586 6891
6587 6892
6588 6893
6589 6894
6590 6895
6591 6896
6592 6897
6593 6898
6594 6899
6595 69
6596 690
6597 6900
6598 6901
6599 6902
6600 6903
6601 6904
6602 6905
6603 6906
6604 6907
6605 6908
6606 6909
6607 691
6608 6910
6609 6911
6610 6912
6611 6913
6612 6914
6613 6915
6614 6916
6615 6917
6616 6918
6617 6919
6618 692
6619 6920
6620 6921
6621 6922
6622 6923
6623 6924
6624 6925
6625 6926
6626 6927
6627 6928
6628 6929
6629 693
6630 6930
6631 6931
6632 6932
6633 6933
6634 6934
6635 6935
6636 6936
6637 6937
6638 6938
6639 6939
6640 694
6641 695
6642 6940
6643 6941
6644 6942
6645 6943
6646 6944
6647 6945
6648 6946
6649 6947
6650 6948
6651 6949
6652 6950
6653 6951
6654 6952
6655 6953
6656 6954
6657 6955
6658 6956
6659 6957
6660 6958
6661 6959
6662 696
6663 6960
6664 6961
6665 6962
6666 6963
6667 6964
6668 6965
6669 6966
6670 6967
6671 6968
6672 6969
6673 697
6674 6970
6675 6971
6676 6972
6677 6974
6678 6975
6679 6976
6680 6977
6681 6978
6682 6979
6683 698
6684 6980
6685 6981
6686 6982
6687 6983
6688 6984
6689 6985
6690 6986
6691 6987
6692 699
6693 6992
6694 6993
6695 6994
6696 6995
6697 6996
6698 6997
6699 6998
6700 6999
6701 70
6702 700
6703 7000
6704 7001
6705 7002
6706 7003
6707 7004
6708 7005
6709 7006
6710 7007
6711 7008
6712 7009
6713 701
6714 7010
6715 7011
6716 7012
6717 7013
6718 7014
6719 7015
6720 7016
6721 7017
6722 7018
6723 7019
6724 702
6725 7020
6726 7021
6727 7022
6728 7023
6729 7024
6730 7025
6731 7026
6732 7027
6733 7028
6734 7029
6735 703
6736 7030
6737 7031
6738 7032
6739 7035
6740 7036
6741 7037
6742 7038
6743 7039
6744 704
6745 7040
6746 7041
6747 7042
6748 7043
6749 7045
6750 7046
6751 7047
6752 7048
6753 7049
6754 705
6755 7050
6756 7051
6757 7052
6758 7053
6759 7054
6760 7056
6761 7057
6762 7058
6763 7059
6764 706
6765 7060
6766 7061
6767 7062
6768 7063
6769 7064
6770 7065
6771 7066
6772 7067
6773 7068
6774 7069
6775 707
6776 7070
6777 7071
6778 7072
6779 7073
6780 7074
6781 7075
6782 7076
6783 7077
6784 7078
6785 7079
6786 708
6787 7080
6788 7081
6789 7082
6790 7083
6791 7084
6792 7085
6793 7086
6794 7087
6795 7088
6796 7089
6797 709
6798 7090
6799 7091
6800 7092
6801 7093
6802 7094
6803 7095
6804 7096
6805 7097
6806 7098
6807 7099
6808 7100
6809 7101
6810 7102
6811 71
6812 710
6813 7103
6814 7104
6815 7105
6816 7106
6817 7107
6818 7108
6819 7109
6820 711
6821 7110
6822 7111
6823 7112
6824 7113
6825 7114
6826 7115
6827 7116
6828 7117
6829 7118
6830 7119
6831 712
6832 7120
6833 7121
6834 7122
6835 7123
6836 7124
6837 7125
6838 7126
6839 7127
6840 7128
6841 7129
6842 713
6843 7130
6844 7131
6845 7132
6846 7133
6847 7134
6848 7137
6849 7138
6850 7139
6851 714
6852 7140
6853 7141
6854 7142
6855 7143
6856 7144
6857 7145
6858 7146
6859 7147
6860 7148
6861 7149
6862 715
6863 7150
6864 7151
6865 7152
6866 7153
6867 7154
6868 7155
6869 7156
6870 7157
6871 7158
6872 7159
6873 7363
6874 7160
6875 7161
6876 7162
6877 7163
6878 7164
6879 7165
6880 7166
6881 7167
6882 7168
6883 7169
6884 717
6885 7170
6886 7171
6887 7172
6888 7173
6889 7174
6890 7175
6891 7176
6892 7177
6893 7178
6894 7179
6895 718
6896 7180
6897 7181
6898 7182
6899 7183
6900 7184
6901 7185
6902 7186
6903 7187
6904 7188
6905 7189
6906 719
6907 7190
6908 7191
6909 7192
6910 7193
6911 7194
6912 7195
6913 7196
6914 7197
6915 7198
6916 7199
6917 72
6918 720
6919 7200
6920 7201
6921 7202
6922 7203
6923 7204
6924 7205
6925 7206
6926 7207
6927 7208
6928 7209
6929 721
6930 7210
6931 7211
6932 7212
6933 7213
6934 7214
6935 7215
6936 7216
6937 7217
6938 7218
6939 7219
6940 722
6941 7220
6942 7221
6943 7222
6944 7223
6945 7224
6946 7225
6947 7226
6948 7227
6949 7228
6950 7229
6951 723
6952 7230
6953 7231
6954 7232
6955 7233
6956 7234
6957 7235
6958 7236
6959 7237
6960 7238
6961 7239
6962 724
6963 7240
6964 7241
6965 7242
6966 7243
6967 7244
6968 7245
6969 7246
6970 7247
6971 7248
6972 7249
6973 725
6974 7250
6975 7251
6976 7252
6977 7253
6978 7254
6979 7255
6980 7256
6981 7257
6982 7258
6983 7259
6984 726
6985 7260
6986 7261
6987 7262
6988 7263
6989 7264
6990 7265
6991 7266
6992 7267
6993 7268
6994 7269
6995 727
6996 7270
6997 7271
6998 7272
6999 7273
7000 7274
7001 7275
7002 7276
7003 7277
7004 7278
7005 7279
7006 728
7007 7280
7008 7281
7009 7282
7010 7283
7011 7284
7012 7285
7013 7286
7014 7287
7015 7288
7016 7289
7017 729
7018 7290
7019 7291
7020 7292
7021 7293
7022 7294
7023 7295
7024 7296
7025 7297
7026 7298
7027 7299
7028 73
7029 730
7030 7300
7031 7301
7032 7302
7033 7303
7034 7304
7035 7305
7036 7306
7037 7307
7038 7308
7039 7309
7040 731
7041 7311
7042 7332
7043 7312
7044 7313
7045 7314
7046 7315
7047 7316
7048 7317
7049 7318
7050 7319
7051 732
7052 7320
7053 7321
7054 7322
7055 7323
7056 7324
7057 7325
7058 7326
7059 7327
7060 7328
7061 7329
7062 733
7063 7330
7064 7331
7065 7333
7066 7334
7067 7335
7068 7336
7069 7337
7070 7338
7071 7339
7072 734
7073 7340
7074 7341
7075 7342
7076 7343
7077 7344
7078 7345
7079 7346
7080 7347
7081 7348
7082 7349
7083 735
7084 7350
7085 7351
7086 7352
7087 7353
7088 7354
7089 7355
7090 7356
7091 7357
7092 7358
7093 7359
7094 736
7095 7360
7096 7361
7097 7362
7098 7364
7099 7365
7100 7366
7101 7367
7102 7368
7103 7369
7104 7370
7105 7371
7106 7372
7107 737
7108 7373
7109 7374
7110 7375
7111 7376
7112 7377
7113 7378
7114 7379
7115 738
7116 7380
7117 7381
7118 7382
7119 7383
7120 7384
7121 7385
7122 7386
7123 7387
7124 7388
7125 7389
7126 739
7127 7390
7128 7391
7129 7392
7130 7393
7131 7394
7132 7395
7133 7396
7134 7397
7135 7398
7136 74
7137 740
7138 741
7139 742
7140 743
7141 744
7142 745
7143 746
7144 747
7145 748
7146 749
7147 75
7148 750
7149 751
7150 752
7151 753
7152 754
7153 757
7154 758
7155 759
7156 76
7157 760
7158 761
7159 762
7160 763
7161 764
7162 765
7163 766
7164 767
7165 768
7166 769
7167 770
7168 771
7169 773
7170 774
7171 775
7172 776
7173 777
7174 778
7175 779
7176 78
7177 780
7178 781
7179 782
7180 783
7181 784
7182 785
7183 786
7184 787
7185 788
7186 789
7187 79
7188 790
7189 791
7190 792
7191 793
7192 794
7193 795
7194 796
7195 797
7196 6741
7197 799
7198 80
7199 801
7200 802
7201 803
7202 804
7203 806
7204 807
7205 1940
7206 1941
7207 808
7208 809
7209 810
7210 811
7211 812
7212 81
7213 813
7214 814
7215 815
7216 816
7217 817
7218 818
7219 819
7220 82
7221 823
7222 824
7223 825
7224 826
7225 827
7226 828
7227 829
7228 83
7229 830
7230 831
7231 833
7232 834
7233 835
7234 836
7235 837
7236 838
7237 839
7238 84
7239 840
7240 842
7241 843
7242 844
7243 845
7244 846
7245 847
7246 85
7247 853
7248 854
7249 855
7250 856
7251 857
7252 858
7253 859
7254 86
7255 860
7256 5616
7257 862
7258 863
7259 864
7260 865
7261 866
7262 867
7263 869
7264 870
7265 871
7266 87
7267 4725
7268 872
7269 873
7270 874
7271 875
7272 876
7273 877
7274 878
7275 879
7276 88
7277 880
7278 881
7279 883
7280 884
7281 885
7282 886
7283 887
7284 888
7285 889
7286 89
7287 890
7288 891
7289 892
7290 893
7291 894
7292 895
7293 896
7294 897
7295 898
7296 899
7297 90
7298 900
7299 901
7300 902
7301 904
7302 905
7303 907
7304 908
7305 909
7306 910
7307 91
7308 911
7309 912
7310 913
7311 6747
7312 6748
7313 915
7314 916
7315 917
7316 918
7317 919
7318 92
7319 921
7320 922
7321 923
7322 924
7323 925
7324 926
7325 927
7326 928
7327 929
7328 93
7329 930
7330 931
7331 932
7332 933
7333 934
7334 935
7335 936
7336 937
7337 938
7338 939
7339 94
7340 940
7341 941
7342 943
7343 944
7344 945
7345 946
7346 947
7347 948
7348 949
7349 95
7350 951
7351 952
7352 953
7353 954
7354 955
7355 956
7356 957
7357 958
7358 959
7359 96
7360 960
7361 961
7362 962
7363 963
7364 964
7365 965
7366 966
7367 967
7368 968
7369 969
7370 97
7371 970
7372 971
7373 972
7374 973
7375 974
7376 977
7377 978
7378 979
7379 98
7380 980
7381 981
7382 982
7383 983
7384 984
7385 985
7386 986
7387 987
7388 988
7389 989
7390 99
7391 990
7392 991
7393 992
7394 993
7395 994
7396 995
7397 998
7398 999
