0 4f5w3d
1 8184
2 Buffer
3 11603
4 655
5 8827
6 "Con
7 Acento
8 "Dorsia
9 App"
10 Echobox
11 10061
12 Echofon
13 48
14 "Flamingo
15 for
16 GR_Feed
17 1643
18 7764
19 "Hootsuite
20 Inc."
21 IFTTT
22 9544
23 Instagram
24 3051
25 "Missing
26 bot"
27 "Mobile
28 Web
29 "Postcron
30 SocialPilot.co
31 5
32 6
33 Socialbakers
34 11860
35 "Sprout
36 Social"
37 "Talon
38 Android"
39 "TweetCaster
40 TweetDeck
41 1000
42 1216
43 1243
44 1331
45 14
46 16
47 1837
48 186
49 2835
50 36
51 3781
52 38
53 4281
54 5049
55 5222
56 5223
57 5735
58 5736
59 5749
60 5870
61 5931
62 6206
63 6478
64 6645
65 6678
66 7461
67 7523
68 7751
69 7752
70 7917
71 8420
72 8844
73 8872
74 9263
75 9264
76 9399
77 9523
78 "Tweetbot
79 "Twitter
80 Media
81 WordPress.com
82 4104
83 4105
84 4106
85 4988
86 "ZT
87 Social
88 dlvr.it
89 12121
90 g7h8j90k8
91 zigmeme
