0 0
1 1
2 10
3 100
4 1000
5 1001
6 805
7 1002
8 1003
9 1004
10 1005
11 1006
12 1007
13 1008
14 732
15 746
16 753
17 868
18 981
19 500
20 1009
21 1010
22 101
23 1399
24 1011
25 780
26 1012
27 1013
28 750
29 937
30 1014
31 943
32 1015
33 1016
34 1017
35 705
36 1018
37 1019
38 102
39 1020
40 1021
41 1022
42 1023
43 1024
44 688
45 1025
46 1026
47 1027
48 1028
49 1029
50 1030
51 103
52 1783
53 2447
54 699
55 744
56 827
57 859
58 1031
59 1032
60 1033
61 1703
62 888
63 1034
64 1035
65 1036
66 1037
67 1184
68 525
69 620
70 653
71 654
72 803
73 856
74 1038
75 1039
76 104
77 1040
78 1041
79 1042
80 1043
81 1044
82 1045
83 1889
84 1046
85 1047
86 1048
87 1049
88 105
89 1050
90 1051
91 1052
92 1053
93 1054
94 928
95 1055
96 1056
97 1057
98 1058
99 1059
100 106
101 1060
102 1061
103 1062
104 1063
105 1064
106 716
107 1065
108 1066
109 1067
110 1068
111 1069
112 107
113 1070
114 1071
115 1853
116 1072
117 1073
118 1074
119 1075
120 1076
121 1077
122 1078
123 1079
124 108
125 1080
126 1081
127 1082
128 1083
129 1084
130 1085
131 1086
132 1087
133 963
134 1088
135 1089
136 109
137 1090
138 1091
139 1092
140 1093
141 1094
142 1095
143 1096
144 1097
145 1098
146 1099
147 11
148 110
149 1100
150 1101
151 2730
152 740
153 1102
154 1103
155 1104
156 1105
157 1106
158 1107
159 1108
160 1109
161 111
162 1110
163 1111
164 1112
165 1113
166 1114
167 1115
168 1116
169 1117
170 1118
171 1119
172 829
173 112
174 1120
175 1121
176 1122
177 1123
178 1124
179 738
180 784
181 864
182 980
183 1125
184 1126
185 1127
186 1128
187 1129
188 1130
189 113
190 1131
191 1132
192 1133
193 1134
194 1135
195 514
196 1136
197 992
198 1137
199 1138
200 1139
201 114
202 1140
203 1141
204 1142
205 468
206 903
207 1332
208 1143
209 975
210 1144
211 1146
212 1147
213 1148
214 811
215 1149
216 115
217 1150
218 1151
219 848
220 1152
221 1153
222 948
223 1154
224 1155
225 1156
226 1157
227 1158
228 1159
229 116
230 1160
231 1161
232 739
233 933
234 1162
235 1163
236 1164
237 1165
238 1166
239 1167
240 1168
241 1169
242 117
243 1170
244 1171
245 1172
246 2278
247 741
248 871
249 1173
250 1174
251 1175
252 1176
253 1177
254 1178
255 1179
256 118
257 1180
258 1181
259 1182
260 1183
261 1185
262 1186
263 1187
264 1188
265 1189
266 119
267 1190
268 1145
269 1191
270 1192
271 1193
272 1194
273 1195
274 1196
275 1197
276 1198
277 1199
278 12
279 120
280 1200
281 1201
282 1202
283 1203
284 1204
285 1205
286 1206
287 1207
288 1208
289 1209
290 121
291 1210
292 1211
293 1212
294 1213
295 1214
296 1215
297 1216
298 1217
299 1218
300 1219
301 122
302 1220
303 1221
304 1222
305 1223
306 1224
307 1225
308 1226
309 1227
310 1228
311 1229
312 123
313 1230
314 1231
315 1232
316 1233
317 1234
318 1235
319 1236
320 1237
321 1238
322 1239
323 124
324 1240
325 1241
326 1242
327 1243
328 1244
329 751
330 1245
331 1246
332 1247
333 1248
334 1249
335 125
336 1250
337 1251
338 1252
339 1253
340 1254
341 1255
342 1256
343 1257
344 1258
345 1259
346 698
347 786
348 1544
349 1554
350 1581
351 1645
352 1733
353 1939
354 1957
355 1975
356 2006
357 2067
358 2326
359 2365
360 2434
361 2553
362 2939
363 2940
364 126
365 1260
366 1261
367 1262
368 1263
369 1264
370 1265
371 1266
372 1267
373 1268
374 1269
375 127
376 1270
377 1271
378 1272
379 1273
380 752
381 804
382 1274
383 1275
384 1276
385 1277
386 1278
387 1279
388 128
389 1280
390 1281
391 1282
392 1283
393 1284
394 1285
395 1286
396 1287
397 1289
398 129
399 1290
400 1291
401 1292
402 1293
403 1294
404 845
405 1295
406 1296
407 1297
408 1298
409 1299
410 13
411 130
412 1300
413 1301
414 1302
415 1303
416 1304
417 1305
418 1306
419 1307
420 1308
421 1309
422 131
423 1310
424 1311
425 1312
426 1313
427 1314
428 1315
429 1316
430 1317
431 1318
432 1319
433 132
434 1320
435 1321
436 1322
437 1323
438 1324
439 1325
440 1326
441 1327
442 1328
443 1329
444 133
445 1330
446 1331
447 1333
448 1334
449 1335
450 1336
451 1337
452 1338
453 1339
454 134
455 1340
456 1341
457 1342
458 1343
459 1344
460 1345
461 1346
462 1347
463 1348
464 1349
465 135
466 1350
467 1351
468 1352
469 1353
470 1354
471 742
472 745
473 1355
474 1356
475 1357
476 1358
477 1359
478 136
479 1360
480 1361
481 1362
482 1363
483 714
484 1364
485 1365
486 1366
487 1367
488 1368
489 1369
490 137
491 1370
492 1371
493 1372
494 1373
495 1374
496 1375
497 1376
498 1377
499 1378
500 1379
501 138
502 1380
503 1381
504 1382
505 1383
506 1384
507 1385
508 1386
509 1387
510 1388
511 1389
512 139
513 1390
514 1391
515 1392
516 1393
517 1394
518 1395
519 1396
520 1397
521 1398
522 14
523 140
524 1400
525 1401
526 1402
527 1403
528 1404
529 1405
530 1406
531 1407
532 1408
533 1409
534 141
535 1410
536 1411
537 1412
538 1413
539 1414
540 1415
541 1416
542 1417
543 1418
544 1419
545 142
546 1420
547 1421
548 1422
549 1423
550 1424
551 1425
552 1426
553 1427
554 1428
555 1429
556 143
557 1430
558 1431
559 1432
560 1433
561 1434
562 1435
563 1436
564 1437
565 1438
566 1439
567 144
568 1440
569 1441
570 1442
571 1443
572 1444
573 1445
574 1446
575 1447
576 1448
577 1449
578 145
579 1450
580 1451
581 1452
582 1453
583 1454
584 1455
585 1456
586 1457
587 1458
588 1459
589 1460
590 1461
591 1462
592 1463
593 1464
594 1465
595 1466
596 1467
597 1468
598 1469
599 1470
600 1471
601 1472
602 1473
603 1474
604 1475
605 1476
606 1477
607 1478
608 1479
609 1480
610 1481
611 1482
612 1483
613 935
614 972
615 978
616 979
617 146
618 1541
619 2048
620 2815
621 3276
622 2524
623 1534
624 2405
625 147
626 1872
627 2271
628 1560
629 2199
630 2294
631 2743
632 2744
633 2190
634 1814
635 2071
636 2458
637 2507
638 2710
639 2737
640 3007
641 642
642 2384
643 2435
644 802
645 148
646 2155
647 1484
648 1485
649 1486
650 1487
651 1488
652 1489
653 149
654 1490
655 1491
656 1492
657 1493
658 1494
659 1495
660 1496
661 1497
662 1498
663 1499
664 15
665 150
666 1500
667 1501
668 1502
669 1503
670 1504
671 1505
672 1506
673 1507
674 1508
675 1509
676 151
677 1510
678 1511
679 1512
680 1513
681 1514
682 1515
683 1516
684 1517
685 1518
686 1519
687 152
688 1520
689 1521
690 1522
691 1523
692 1524
693 1525
694 1526
695 1527
696 1528
697 1529
698 153
699 1530
700 1531
701 1532
702 1533
703 1535
704 1536
705 1537
706 1538
707 1539
708 154
709 1540
710 1542
711 1543
712 1726
713 1545
714 1546
715 1547
716 1548
717 1549
718 155
719 1550
720 1551
721 1552
722 1553
723 1555
724 1723
725 1556
726 1557
727 1558
728 1559
729 156
730 1864
731 1561
732 1562
733 1563
734 1564
735 1565
736 1566
737 1567
738 1568
739 1569
740 157
741 1570
742 1571
743 1572
744 1573
745 1574
746 1575
747 1576
748 1577
749 1578
750 1579
751 1580
752 158
753 2049
754 1582
755 1583
756 1584
757 1585
758 1586
759 1587
760 1588
761 1589
762 159
763 1590
764 1591
765 1592
766 1593
767 1594
768 1595
769 1596
770 747
771 1597
772 1598
773 1599
774 16
775 160
776 1600
777 1601
778 1602
779 1603
780 1604
781 1605
782 1606
783 1607
784 1608
785 1609
786 161
787 1610
788 1611
789 1612
790 1613
791 1614
792 1615
793 1616
794 1617
795 1618
796 1619
797 1632
798 162
799 1620
800 1621
801 1622
802 1623
803 1624
804 1625
805 1626
806 1627
807 1628
808 1629
809 163
810 1630
811 1631
812 1633
813 1634
814 1635
815 749
816 970
817 1636
818 1637
819 1638
820 1639
821 164
822 1640
823 1641
824 1642
825 1643
826 1644
827 631
828 1646
829 1647
830 1648
831 165
832 1651
833 1653
834 2423
835 925
836 1654
837 1655
838 1656
839 2675
840 1657
841 1658
842 1659
843 166
844 1660
845 1661
846 1662
847 1663
848 1664
849 1665
850 1666
851 1667
852 1668
853 1669
854 167
855 1670
856 1671
857 1672
858 1673
859 1674
860 1675
861 1676
862 1677
863 1678
864 1679
865 168
866 1680
867 1681
868 1682
869 1683
870 1684
871 1685
872 1686
873 1687
874 1688
875 1689
876 169
877 1690
878 1691
879 1692
880 1693
881 1694
882 1695
883 1696
884 1697
885 1698
886 1699
887 1700
888 1701
889 17
890 170
891 1767
892 1702
893 1704
894 1705
895 1706
896 1707
897 1708
898 905
899 1709
900 171
901 1710
902 1711
903 1712
904 1713
905 1714
906 1715
907 1716
908 1717
909 1718
910 1719
911 172
912 1720
913 1721
914 1722
915 1724
916 1725
917 1727
918 1728
919 1729
920 173
921 1730
922 1731
923 1732
924 1734
925 1735
926 1736
927 1737
928 1738
929 1739
930 174
931 1740
932 976
933 1741
934 1742
935 1743
936 1744
937 1745
938 1746
939 1747
940 1748
941 1749
942 175
943 1750
944 1751
945 1752
946 1753
947 1754
948 1755
949 951
950 1756
951 1757
952 1758
953 1759
954 176
955 1760
956 1761
957 1762
958 1763
959 1764
960 1765
961 1766
962 1768
963 1769
964 177
965 1770
966 1771
967 1772
968 1773
969 1774
970 1775
971 1776
972 1777
973 1778
974 1779
975 178
976 1780
977 1781
978 1782
979 1784
980 1785
981 1786
982 1787
983 1788
984 1789
985 179
986 1790
987 1791
988 1792
989 1793
990 1794
991 1795
992 1796
993 1797
994 1798
995 1799
996 18
997 180
998 1800
999 1801
1000 1802
1001 1803
1002 1804
1003 1805
1004 1806
1005 1807
1006 1808
1007 1809
1008 181
1009 1810
1010 1811
1011 1812
1012 1813
1013 1815
1014 1816
1015 2066
1016 2070
1017 2353
1018 2774
1019 2775
1020 1817
1021 1818
1022 1819
1023 182
1024 1820
1025 1821
1026 1822
1027 1823
1028 1824
1029 1825
1030 1826
1031 1827
1032 1828
1033 1829
1034 183
1035 1830
1036 1831
1037 1832
1038 1833
1039 1834
1040 1835
1041 1836
1042 1837
1043 1838
1044 1839
1045 184
1046 1840
1047 1841
1048 1842
1049 1843
1050 1844
1051 1845
1052 1846
1053 1847
1054 1848
1055 1849
1056 185
1057 1850
1058 1851
1059 1852
1060 1854
1061 1855
1062 1856
1063 1857
1064 1858
1065 1859
1066 186
1067 1860
1068 1861
1069 1862
1070 1863
1071 1865
1072 1866
1073 1867
1074 1868
1075 1869
1076 187
1077 1870
1078 1871
1079 1873
1080 1874
1081 1875
1082 1876
1083 1877
1084 1878
1085 1879
1086 188
1087 1880
1088 1881
1089 1882
1090 1883
1091 1884
1092 1885
1093 1886
1094 1887
1095 1888
1096 2230
1097 2231
1098 189
1099 1890
1100 1891
1101 1892
1102 1893
1103 1894
1104 1895
1105 1896
1106 1897
1107 1898
1108 1899
1109 19
1110 190
1111 1900
1112 1901
1113 1902
1114 1903
1115 1904
1116 1905
1117 1906
1118 1907
1119 1908
1120 1909
1121 191
1122 1910
1123 1911
1124 1912
1125 1913
1126 1914
1127 1915
1128 1916
1129 1917
1130 1918
1131 1919
1132 192
1133 1920
1134 1921
1135 1922
1136 1923
1137 1924
1138 1925
1139 1926
1140 1927
1141 1928
1142 1929
1143 193
1144 1930
1145 1931
1146 1932
1147 1933
1148 1934
1149 1935
1150 1936
1151 1937
1152 1938
1153 194
1154 1940
1155 1941
1156 1942
1157 1943
1158 1944
1159 1945
1160 1946
1161 1947
1162 1948
1163 1949
1164 195
1165 1950
1166 1951
1167 1952
1168 1953
1169 1954
1170 1955
1171 1956
1172 1958
1173 1959
1174 196
1175 1960
1176 1961
1177 1962
1178 1963
1179 1964
1180 1965
1181 1966
1182 1967
1183 1968
1184 1969
1185 197
1186 1970
1187 1971
1188 1972
1189 1973
1190 1974
1191 1976
1192 1977
1193 1978
1194 1979
1195 198
1196 1980
1197 1981
1198 1982
1199 1983
1200 1984
1201 1985
1202 1986
1203 1987
1204 1988
1205 1989
1206 199
1207 1990
1208 1991
1209 1992
1210 1993
1211 1994
1212 1995
1213 1996
1214 1997
1215 1998
1216 1999
1217 2
1218 20
1219 200
1220 2000
1221 2001
1222 2002
1223 2003
1224 2004
1225 2005
1226 2007
1227 2008
1228 2009
1229 201
1230 2010
1231 2011
1232 2012
1233 2013
1234 2014
1235 2015
1236 2016
1237 2017
1238 2018
1239 2019
1240 202
1241 2020
1242 2021
1243 2022
1244 2023
1245 2024
1246 2025
1247 2026
1248 2027
1249 2028
1250 2029
1251 2030
1252 203
1253 973
1254 2031
1255 2032
1256 2033
1257 2034
1258 2035
1259 2036
1260 2037
1261 2038
1262 2039
1263 204
1264 2040
1265 2041
1266 2042
1267 2043
1268 2044
1269 2045
1270 2046
1271 2047
1272 205
1273 2050
1274 2051
1275 2052
1276 2053
1277 2054
1278 2055
1279 2056
1280 2057
1281 2058
1282 2059
1283 206
1284 2060
1285 2061
1286 2062
1287 2063
1288 2064
1289 2065
1290 2068
1291 2069
1292 207
1293 2151
1294 2072
1295 2073
1296 2074
1297 2075
1298 2076
1299 2077
1300 2078
1301 2079
1302 208
1303 2080
1304 2081
1305 2082
1306 2083
1307 2483
1308 2084
1309 2085
1310 2086
1311 2087
1312 2088
1313 2089
1314 209
1315 2090
1316 2091
1317 2092
1318 2093
1319 2094
1320 2095
1321 2096
1322 2097
1323 2098
1324 2099
1325 21
1326 210
1327 2100
1328 2101
1329 2102
1330 2911
1331 892
1332 914
1333 2103
1334 2104
1335 2105
1336 2106
1337 2107
1338 2108
1339 2109
1340 211
1341 2110
1342 2111
1343 2112
1344 2113
1345 2114
1346 2115
1347 2116
1348 2117
1349 2118
1350 2119
1351 212
1352 2120
1353 2121
1354 2122
1355 2123
1356 2124
1357 2125
1358 2126
1359 2127
1360 2128
1361 2129
1362 213
1363 2130
1364 2131
1365 2132
1366 2133
1367 2134
1368 2135
1369 2136
1370 2137
1371 2138
1372 2139
1373 214
1374 2140
1375 2141
1376 2142
1377 2143
1378 2144
1379 2145
1380 2146
1381 2147
1382 2148
1383 2149
1384 215
1385 2150
1386 2152
1387 2153
1388 2154
1389 2156
1390 2157
1391 2158
1392 2159
1393 216
1394 2160
1395 2161
1396 2162
1397 2163
1398 2164
1399 2165
1400 2166
1401 2167
1402 2168
1403 2169
1404 217
1405 2170
1406 2171
1407 2172
1408 2173
1409 2174
1410 2175
1411 2176
1412 2177
1413 2178
1414 2179
1415 218
1416 2180
1417 2181
1418 2182
1419 2183
1420 2184
1421 2185
1422 2186
1423 2188
1424 2189
1425 219
1426 2191
1427 2192
1428 2193
1429 2194
1430 2195
1431 2196
1432 2197
1433 2198
1434 22
1435 220
1436 2200
1437 2201
1438 2202
1439 2203
1440 2204
1441 2205
1442 2206
1443 2207
1444 2208
1445 2209
1446 2187
1447 2210
1448 2211
1449 221
1450 2212
1451 2213
1452 2214
1453 2215
1454 2216
1455 2217
1456 2218
1457 2219
1458 222
1459 2220
1460 2221
1461 2222
1462 2223
1463 2224
1464 2225
1465 2226
1466 2227
1467 2228
1468 2229
1469 223
1470 2232
1471 2233
1472 2234
1473 2235
1474 2236
1475 2237
1476 2238
1477 2239
1478 224
1479 2240
1480 2241
1481 2242
1482 2243
1483 2244
1484 2245
1485 2246
1486 2247
1487 2248
1488 2249
1489 225
1490 2250
1491 2251
1492 2252
1493 2253
1494 2254
1495 2255
1496 2256
1497 2257
1498 2258
1499 2259
1500 226
1501 2260
1502 2261
1503 2262
1504 2263
1505 2264
1506 2265
1507 2266
1508 748
1509 2267
1510 2268
1511 2269
1512 227
1513 2270
1514 2272
1515 2273
1516 2274
1517 2275
1518 2276
1519 2277
1520 2279
1521 228
1522 2280
1523 2281
1524 2282
1525 2283
1526 2284
1527 2285
1528 2286
1529 2287
1530 2288
1531 2289
1532 229
1533 2290
1534 2291
1535 2292
1536 2293
1537 2295
1538 2296
1539 2297
1540 2298
1541 2299
1542 23
1543 230
1544 2300
1545 2301
1546 2302
1547 2303
1548 2304
1549 2305
1550 2306
1551 2307
1552 2308
1553 2309
1554 2310
1555 231
1556 2311
1557 2312
1558 2313
1559 2314
1560 934
1561 2315
1562 2316
1563 2317
1564 2318
1565 2319
1566 232
1567 2320
1568 2321
1569 2322
1570 2323
1571 2324
1572 2325
1573 2361
1574 2825
1575 2327
1576 2328
1577 2329
1578 233
1579 2330
1580 2331
1581 2332
1582 2333
1583 2334
1584 2335
1585 2336
1586 2337
1587 2338
1588 2339
1589 234
1590 2340
1591 2341
1592 2342
1593 2343
1594 2344
1595 2345
1596 2346
1597 2347
1598 2348
1599 2349
1600 235
1601 2350
1602 2351
1603 1649
1604 2352
1605 2354
1606 2355
1607 2356
1608 2357
1609 2358
1610 2359
1611 236
1612 2360
1613 2362
1614 2363
1615 2364
1616 2366
1617 2367
1618 2368
1619 2369
1620 237
1621 2370
1622 2371
1623 2372
1624 2373
1625 2374
1626 2375
1627 2376
1628 2377
1629 2378
1630 2379
1631 238
1632 2380
1633 2381
1634 2382
1635 2383
1636 2385
1637 2386
1638 2387
1639 2388
1640 2389
1641 239
1642 2390
1643 2391
1644 2392
1645 2393
1646 2394
1647 2395
1648 2396
1649 2397
1650 2398
1651 2399
1652 24
1653 240
1654 2400
1655 2401
1656 2402
1657 2403
1658 2404
1659 2406
1660 2407
1661 2408
1662 2409
1663 241
1664 2410
1665 2411
1666 2412
1667 2413
1668 2414
1669 2415
1670 2416
1671 2417
1672 2418
1673 2419
1674 242
1675 2420
1676 2421
1677 2422
1678 2424
1679 2425
1680 2426
1681 2427
1682 2428
1683 2429
1684 243
1685 2430
1686 2431
1687 2432
1688 2433
1689 2436
1690 2437
1691 2438
1692 2439
1693 244
1694 2440
1695 2441
1696 2442
1697 2443
1698 2444
1699 2445
1700 2446
1701 2448
1702 2449
1703 2450
1704 245
1705 2451
1706 2452
1707 2453
1708 2454
1709 2455
1710 2456
1711 2457
1712 2459
1713 246
1714 2460
1715 2461
1716 2462
1717 2463
1718 2464
1719 2465
1720 2466
1721 2467
1722 2468
1723 2469
1724 247
1725 2470
1726 2471
1727 2472
1728 2473
1729 2474
1730 2475
1731 2476
1732 2477
1733 2478
1734 2479
1735 248
1736 2480
1737 2481
1738 2482
1739 2484
1740 2549
1741 2485
1742 2486
1743 2487
1744 2488
1745 2489
1746 249
1747 2490
1748 2491
1749 2492
1750 2493
1751 2494
1752 2495
1753 2496
1754 2497
1755 2498
1756 2499
1757 25
1758 250
1759 2500
1760 2501
1761 2502
1762 2503
1763 2504
1764 2505
1765 2506
1766 2508
1767 2509
1768 251
1769 2510
1770 2511
1771 2512
1772 2513
1773 2514
1774 2515
1775 2516
1776 2517
1777 2518
1778 2519
1779 252
1780 2520
1781 2521
1782 2522
1783 2523
1784 2525
1785 2526
1786 2527
1787 2528
1788 2529
1789 253
1790 2530
1791 2531
1792 2532
1793 2533
1794 2534
1795 2535
1796 2536
1797 2537
1798 2538
1799 2539
1800 254
1801 2540
1802 2541
1803 2542
1804 2543
1805 2544
1806 2545
1807 2546
1808 2547
1809 2548
1810 255
1811 2550
1812 2551
1813 2552
1814 2554
1815 2555
1816 2556
1817 2557
1818 2558
1819 2559
1820 256
1821 2560
1822 2561
1823 2562
1824 2563
1825 2564
1826 2566
1827 2565
1828 2567
1829 2568
1830 2569
1831 257
1832 2570
1833 2571
1834 2572
1835 2573
1836 2574
1837 2575
1838 2576
1839 2577
1840 2578
1841 2579
1842 2580
1843 2953
1844 743
1845 258
1846 2581
1847 2582
1848 2583
1849 2584
1850 2585
1851 2586
1852 2587
1853 2588
1854 2589
1855 259
1856 2590
1857 2591
1858 2592
1859 2593
1860 2594
1861 2595
1862 2596
1863 2597
1864 2598
1865 2599
1866 26
1867 260
1868 2600
1869 2601
1870 2602
1871 2603
1872 2604
1873 2605
1874 2606
1875 2607
1876 2608
1877 2609
1878 261
1879 2610
1880 2611
1881 2612
1882 2613
1883 2614
1884 2615
1885 2616
1886 2617
1887 2618
1888 2619
1889 262
1890 2620
1891 2621
1892 2622
1893 2623
1894 2624
1895 2625
1896 2626
1897 2627
1898 2628
1899 2629
1900 263
1901 2630
1902 2631
1903 2632
1904 2633
1905 2634
1906 2635
1907 2636
1908 2637
1909 2638
1910 2639
1911 264
1912 2640
1913 2641
1914 2642
1915 2643
1916 2644
1917 2645
1918 2646
1919 2647
1920 2648
1921 2649
1922 265
1923 2650
1924 2651
1925 2652
1926 2653
1927 2654
1928 2655
1929 2656
1930 2657
1931 2658
1932 2659
1933 266
1934 2660
1935 2661
1936 2662
1937 2663
1938 2664
1939 2665
1940 2666
1941 2667
1942 2668
1943 2669
1944 267
1945 2670
1946 2671
1947 2672
1948 2673
1949 2674
1950 2676
1951 2677
1952 2678
1953 2679
1954 268
1955 2680
1956 2681
1957 2682
1958 2683
1959 2684
1960 2685
1961 2686
1962 2687
1963 2688
1964 2689
1965 269
1966 2690
1967 977
1968 2691
1969 2692
1970 2693
1971 2694
1972 2695
1973 2696
1974 2697
1975 2698
1976 2699
1977 27
1978 270
1979 2700
1980 2701
1981 2702
1982 2703
1983 2704
1984 2705
1985 2706
1986 2707
1987 2708
1988 2709
1989 271
1990 2711
1991 2712
1992 2713
1993 2714
1994 2715
1995 2716
1996 2717
1997 2718
1998 2719
1999 272
2000 2720
2001 2721
2002 2722
2003 2723
2004 2724
2005 2725
2006 2726
2007 2727
2008 2728
2009 2729
2010 273
2011 2731
2012 2732
2013 2733
2014 2734
2015 2735
2016 2736
2017 2738
2018 2739
2019 274
2020 2740
2021 2741
2022 2742
2023 2745
2024 2746
2025 2747
2026 2748
2027 2749
2028 275
2029 2750
2030 2751
2031 2752
2032 2753
2033 2754
2034 2755
2035 2756
2036 2757
2037 2758
2038 2759
2039 276
2040 2760
2041 2761
2042 2762
2043 2763
2044 2764
2045 2765
2046 2766
2047 2767
2048 2768
2049 2769
2050 277
2051 2770
2052 2771
2053 2772
2054 2773
2055 2776
2056 2777
2057 2778
2058 2779
2059 278
2060 2780
2061 2781
2062 2782
2063 2783
2064 2784
2065 2785
2066 2786
2067 2787
2068 2788
2069 2789
2070 279
2071 2790
2072 2791
2073 2792
2074 2793
2075 2794
2076 2795
2077 2796
2078 2797
2079 2798
2080 2799
2081 28
2082 280
2083 2800
2084 2801
2085 2802
2086 2803
2087 2804
2088 2805
2089 2806
2090 2807
2091 2808
2092 2809
2093 281
2094 2810
2095 2811
2096 2812
2097 2813
2098 2814
2099 2816
2100 2817
2101 2818
2102 2819
2103 282
2104 2820
2105 2821
2106 2822
2107 2823
2108 2824
2109 2826
2110 2827
2111 2828
2112 2829
2113 283
2114 2830
2115 2831
2116 2832
2117 2833
2118 2834
2119 2835
2120 2836
2121 2837
2122 2965
2123 2966
2124 2838
2125 2839
2126 284
2127 2840
2128 2841
2129 2842
2130 2843
2131 2844
2132 2845
2133 2846
2134 2847
2135 2848
2136 2849
2137 285
2138 2850
2139 2851
2140 2852
2141 2853
2142 2854
2143 2855
2144 2856
2145 2857
2146 2858
2147 2859
2148 286
2149 2860
2150 2861
2151 2862
2152 2863
2153 2864
2154 2865
2155 2866
2156 2867
2157 2868
2158 2869
2159 287
2160 2870
2161 2871
2162 2872
2163 2873
2164 2874
2165 2875
2166 2876
2167 2877
2168 2878
2169 2879
2170 288
2171 2880
2172 2881
2173 2882
2174 2883
2175 2884
2176 2885
2177 2886
2178 2887
2179 2888
2180 2889
2181 289
2182 2890
2183 2891
2184 2892
2185 2893
2186 2894
2187 2895
2188 2896
2189 2897
2190 2898
2191 2899
2192 29
2193 290
2194 2900
2195 2901
2196 2902
2197 2903
2198 2904
2199 2906
2200 2905
2201 2907
2202 2908
2203 2909
2204 291
2205 2910
2206 2912
2207 2913
2208 2914
2209 2915
2210 2916
2211 2917
2212 2918
2213 2919
2214 292
2215 2920
2216 2921
2217 2922
2218 2923
2219 2924
2220 2925
2221 2926
2222 2927
2223 2928
2224 2929
2225 293
2226 2930
2227 2931
2228 2932
2229 2933
2230 2934
2231 2935
2232 2936
2233 2937
2234 2938
2235 294
2236 2941
2237 2942
2238 2943
2239 2944
2240 2945
2241 2946
2242 2947
2243 967
2244 2948
2245 2949
2246 295
2247 2950
2248 2951
2249 2952
2250 3001
2251 2954
2252 2955
2253 2956
2254 2958
2255 2959
2256 296
2257 2960
2258 2961
2259 2962
2260 2963
2261 2964
2262 2967
2263 2968
2264 2969
2265 297
2266 2970
2267 2971
2268 2972
2269 2973
2270 2974
2271 2975
2272 2976
2273 2977
2274 2978
2275 2979
2276 298
2277 2980
2278 2981
2279 2982
2280 2983
2281 2984
2282 2985
2283 2986
2284 2987
2285 2988
2286 2989
2287 2990
2288 299
2289 2991
2290 2992
2291 2993
2292 2994
2293 2995
2294 2996
2295 2997
2296 2998
2297 2999
2298 3
2299 30
2300 300
2301 3000
2302 3002
2303 3003
2304 3004
2305 3005
2306 3006
2307 3008
2308 3009
2309 3010
2310 783
2311 301
2312 3011
2313 3012
2314 3013
2315 3014
2316 3015
2317 3016
2318 3017
2319 3018
2320 3019
2321 302
2322 3020
2323 3021
2324 3022
2325 3023
2326 3024
2327 3025
2328 3026
2329 3027
2330 3028
2331 3029
2332 3030
2333 303
2334 3031
2335 3032
2336 3033
2337 3034
2338 3035
2339 3036
2340 3037
2341 3038
2342 3039
2343 304
2344 3040
2345 3041
2346 3042
2347 3043
2348 3044
2349 3045
2350 3046
2351 3047
2352 3048
2353 3049
2354 305
2355 3050
2356 3051
2357 3052
2358 3053
2359 3054
2360 3055
2361 3056
2362 3057
2363 3058
2364 3059
2365 306
2366 3060
2367 3061
2368 3062
2369 3063
2370 3064
2371 3065
2372 3066
2373 3067
2374 3068
2375 3069
2376 307
2377 3070
2378 3071
2379 3072
2380 3073
2381 3074
2382 3075
2383 3076
2384 3270
2385 3077
2386 3078
2387 3079
2388 308
2389 3080
2390 3081
2391 3082
2392 3083
2393 3084
2394 3085
2395 3086
2396 3087
2397 3088
2398 3089
2399 309
2400 3090
2401 3091
2402 3092
2403 3093
2404 3094
2405 3095
2406 3096
2407 3097
2408 3213
2409 3098
2410 3099
2411 31
2412 310
2413 3100
2414 3101
2415 3102
2416 3103
2417 3244
2418 3104
2419 3105
2420 3106
2421 3107
2422 3108
2423 3109
2424 311
2425 3110
2426 3111
2427 3112
2428 3113
2429 3114
2430 3115
2431 3116
2432 3117
2433 3118
2434 3119
2435 312
2436 3120
2437 3121
2438 3122
2439 3123
2440 3124
2441 3125
2442 3126
2443 3127
2444 3128
2445 3129
2446 313
2447 3130
2448 3131
2449 3132
2450 3133
2451 3134
2452 3135
2453 3136
2454 3137
2455 3138
2456 3139
2457 314
2458 3140
2459 3141
2460 3142
2461 3143
2462 3144
2463 3145
2464 3146
2465 3147
2466 3148
2467 3149
2468 315
2469 3150
2470 3151
2471 3152
2472 3153
2473 3154
2474 3155
2475 3156
2476 3157
2477 3158
2478 3159
2479 316
2480 3160
2481 3161
2482 3162
2483 3163
2484 3164
2485 3165
2486 3166
2487 3167
2488 3168
2489 3169
2490 317
2491 3170
2492 3171
2493 3172
2494 3173
2495 1652
2496 3174
2497 3175
2498 3176
2499 3177
2500 3178
2501 3179
2502 318
2503 3180
2504 3181
2505 3182
2506 3183
2507 3184
2508 3185
2509 3186
2510 3187
2511 3188
2512 3189
2513 319
2514 3190
2515 3191
2516 3192
2517 3193
2518 3194
2519 3195
2520 3196
2521 3197
2522 3198
2523 3199
2524 32
2525 320
2526 3200
2527 3201
2528 3202
2529 3203
2530 3204
2531 3205
2532 3206
2533 3207
2534 3208
2535 3209
2536 3210
2537 3212
2538 321
2539 3211
2540 3214
2541 3215
2542 3216
2543 3217
2544 3218
2545 3219
2546 322
2547 3220
2548 3221
2549 3222
2550 3223
2551 3224
2552 3225
2553 3226
2554 3227
2555 1650
2556 3228
2557 3229
2558 323
2559 3230
2560 3231
2561 3232
2562 3233
2563 3234
2564 3235
2565 3236
2566 3237
2567 3238
2568 3239
2569 324
2570 3240
2571 3241
2572 3242
2573 3243
2574 3245
2575 3246
2576 3247
2577 3248
2578 3249
2579 325
2580 3250
2581 3251
2582 3252
2583 3253
2584 3254
2585 3255
2586 3256
2587 3257
2588 3258
2589 3259
2590 326
2591 3260
2592 3261
2593 3262
2594 3263
2595 3264
2596 3265
2597 3266
2598 3267
2599 3268
2600 3269
2601 327
2602 3271
2603 3272
2604 3273
2605 3274
2606 3275
2607 3277
2608 3278
2609 3279
2610 328
2611 3280
2612 3281
2613 3282
2614 3283
2615 3284
2616 3285
2617 3286
2618 3287
2619 3288
2620 3289
2621 329
2622 3290
2623 3291
2624 33
2625 330
2626 331
2627 332
2628 333
2629 334
2630 335
2631 336
2632 337
2633 338
2634 339
2635 34
2636 340
2637 341
2638 342
2639 343
2640 344
2641 345
2642 346
2643 347
2644 348
2645 349
2646 35
2647 350
2648 351
2649 352
2650 353
2651 354
2652 355
2653 356
2654 357
2655 358
2656 359
2657 36
2658 360
2659 361
2660 362
2661 363
2662 364
2663 365
2664 366
2665 367
2666 368
2667 369
2668 37
2669 370
2670 371
2671 372
2672 373
2673 374
2674 375
2675 376
2676 377
2677 378
2678 379
2679 38
2680 380
2681 381
2682 382
2683 383
2684 384
2685 385
2686 386
2687 387
2688 388
2689 389
2690 39
2691 390
2692 391
2693 392
2694 393
2695 394
2696 395
2697 396
2698 397
2699 398
2700 399
2701 4
2702 40
2703 400
2704 401
2705 402
2706 403
2707 404
2708 405
2709 406
2710 407
2711 408
2712 409
2713 41
2714 410
2715 411
2716 412
2717 413
2718 414
2719 415
2720 416
2721 417
2722 418
2723 419
2724 42
2725 420
2726 421
2727 422
2728 423
2729 424
2730 425
2731 426
2732 427
2733 428
2734 429
2735 43
2736 430
2737 431
2738 432
2739 433
2740 434
2741 435
2742 436
2743 437
2744 438
2745 439
2746 44
2747 440
2748 441
2749 442
2750 443
2751 444
2752 445
2753 446
2754 447
2755 448
2756 449
2757 45
2758 450
2759 451
2760 452
2761 453
2762 454
2763 455
2764 456
2765 457
2766 458
2767 459
2768 46
2769 460
2770 461
2771 462
2772 463
2773 464
2774 465
2775 466
2776 467
2777 469
2778 47
2779 470
2780 471
2781 472
2782 473
2783 474
2784 475
2785 476
2786 477
2787 478
2788 479
2789 48
2790 480
2791 481
2792 482
2793 483
2794 484
2795 485
2796 486
2797 487
2798 488
2799 489
2800 49
2801 490
2802 491
2803 492
2804 493
2805 494
2806 495
2807 496
2808 497
2809 498
2810 499
2811 5
2812 50
2813 501
2814 502
2815 503
2816 504
2817 505
2818 506
2819 507
2820 508
2821 509
2822 51
2823 510
2824 511
2825 512
2826 513
2827 515
2828 516
2829 517
2830 518
2831 519
2832 52
2833 520
2834 521
2835 522
2836 523
2837 524
2838 526
2839 527
2840 528
2841 529
2842 53
2843 530
2844 531
2845 532
2846 533
2847 534
2848 535
2849 536
2850 537
2851 538
2852 539
2853 54
2854 540
2855 541
2856 542
2857 543
2858 544
2859 545
2860 546
2861 547
2862 548
2863 549
2864 55
2865 550
2866 551
2867 552
2868 553
2869 554
2870 555
2871 556
2872 557
2873 558
2874 559
2875 56
2876 560
2877 561
2878 562
2879 563
2880 564
2881 565
2882 566
2883 567
2884 568
2885 569
2886 57
2887 570
2888 571
2889 572
2890 573
2891 574
2892 575
2893 576
2894 577
2895 578
2896 579
2897 58
2898 580
2899 581
2900 582
2901 583
2902 584
2903 585
2904 586
2905 587
2906 588
2907 589
2908 59
2909 590
2910 591
2911 592
2912 593
2913 594
2914 595
2915 596
2916 597
2917 598
2918 599
2919 6
2920 60
2921 600
2922 601
2923 602
2924 603
2925 604
2926 605
2927 606
2928 607
2929 608
2930 609
2931 61
2932 610
2933 611
2934 612
2935 613
2936 614
2937 615
2938 616
2939 617
2940 618
2941 619
2942 62
2943 621
2944 622
2945 623
2946 624
2947 625
2948 626
2949 627
2950 628
2951 629
2952 63
2953 630
2954 632
2955 633
2956 634
2957 635
2958 636
2959 637
2960 638
2961 639
2962 64
2963 640
2964 641
2965 643
2966 644
2967 645
2968 646
2969 647
2970 648
2971 649
2972 65
2973 650
2974 651
2975 652
2976 655
2977 656
2978 657
2979 658
2980 659
2981 66
2982 660
2983 661
2984 662
2985 663
2986 664
2987 665
2988 666
2989 667
2990 668
2991 669
2992 67
2993 670
2994 671
2995 672
2996 673
2997 674
2998 675
2999 676
3000 677
3001 678
3002 679
3003 68
3004 680
3005 681
3006 682
3007 683
3008 684
3009 685
3010 686
3011 687
3012 689
3013 69
3014 690
3015 691
3016 692
3017 693
3018 694
3019 695
3020 696
3021 697
3022 7
3023 70
3024 700
3025 701
3026 702
3027 703
3028 704
3029 706
3030 707
3031 708
3032 709
3033 71
3034 710
3035 711
3036 712
3037 713
3038 715
3039 717
3040 718
3041 719
3042 72
3043 720
3044 721
3045 722
3046 723
3047 724
3048 725
3049 726
3050 727
3051 728
3052 729
3053 73
3054 730
3055 731
3056 733
3057 734
3058 735
3059 736
3060 737
3061 74
3062 75
3063 754
3064 755
3065 756
3066 757
3067 758
3068 759
3069 76
3070 760
3071 761
3072 762
3073 763
3074 764
3075 765
3076 766
3077 767
3078 768
3079 769
3080 77
3081 770
3082 771
3083 772
3084 773
3085 774
3086 775
3087 776
3088 777
3089 778
3090 779
3091 78
3092 781
3093 782
3094 785
3095 787
3096 825
3097 788
3098 789
3099 79
3100 790
3101 791
3102 792
3103 793
3104 794
3105 795
3106 796
3107 797
3108 798
3109 799
3110 8
3111 80
3112 800
3113 801
3114 806
3115 807
3116 808
3117 809
3118 81
3119 810
3120 812
3121 813
3122 814
3123 815
3124 816
3125 817
3126 818
3127 819
3128 82
3129 820
3130 821
3131 822
3132 823
3133 824
3134 826
3135 828
3136 83
3137 830
3138 831
3139 832
3140 833
3141 834
3142 835
3143 836
3144 837
3145 838
3146 839
3147 84
3148 840
3149 841
3150 842
3151 843
3152 844
3153 846
3154 847
3155 849
3156 85
3157 850
3158 851
3159 852
3160 853
3161 854
3162 855
3163 2957
3164 884
3165 971
3166 857
3167 858
3168 86
3169 860
3170 861
3171 862
3172 863
3173 865
3174 866
3175 867
3176 869
3177 87
3178 870
3179 872
3180 873
3181 874
3182 875
3183 876
3184 877
3185 878
3186 879
3187 88
3188 880
3189 881
3190 882
3191 883
3192 885
3193 886
3194 887
3195 889
3196 89
3197 890
3198 891
3199 893
3200 894
3201 895
3202 896
3203 897
3204 898
3205 899
3206 9
3207 90
3208 900
3209 901
3210 902
3211 904
3212 906
3213 907
3214 908
3215 909
3216 91
3217 910
3218 911
3219 912
3220 913
3221 915
3222 916
3223 917
3224 918
3225 919
3226 92
3227 920
3228 921
3229 922
3230 923
3231 924
3232 926
3233 927
3234 929
3235 93
3236 930
3237 931
3238 932
3239 936
3240 938
3241 939
3242 94
3243 940
3244 941
3245 942
3246 944
3247 945
3248 946
3249 947
3250 949
3251 95
3252 950
3253 952
3254 953
3255 954
3256 955
3257 956
3258 957
3259 958
3260 959
3261 96
3262 960
3263 961
3264 962
3265 964
3266 965
3267 966
3268 968
3269 969
3270 974
3271 97
3272 1288
3273 98
3274 982
3275 983
3276 984
3277 985
3278 986
3279 987
3280 988
3281 989
3282 99
3283 990
3284 991
3285 993
3286 994
3287 995
3288 996
3289 997
3290 998
3291 999
