0 4567yu
1 12
2 61
3 7trg6f4
4 "Blog2Social
5 APP"
6 Buffer
7 11269
8 422
9 Canva
10 7444
11 ChileAlerta
12 96
13 ColombiacomTW
14 6333
15 Cooperativa.cl
16 1582
17 Echofon
18 1181
19 1182
20 1675
21 8012
22 8498
23 "EcuaBot
24 2.0"
25 "Fenix
26 2"
27 FutbolPeruano
28 201
29 GSeisBot
30 Hootsuite
31 791
32 "Hootsuite
33 Inc."
34 IFTTT
35 12008
36 12022
37 15
38 6345
39 6390
40 6403
41 6420
42 7521
43 INSIMU
44 Instagram
45 7285
46 916
47 "LGBTQ
48 +
49 Memething
50 602
51 8058
52 Miranda18
53 10697
54 "Mobile
55 Web
56 "Model
57 pics
58 "Post
59 Tenebras
60 "Red
61 Nacional
62 SismosColombiaBot
63 55
64 "Sprout
65 Social"
66 "TW
67 Blue"
68 "TweetCaster
69 for
70 TweetDeck
71 10212
72 10447
73 10548
74 10764
75 10828
76 1104
77 1352
78 1388
79 1737
80 178
81 2
82 2010
83 2056
84 2204
85 2710
86 2900
87 3119
88 4167
89 4328
90 4499
91 4942
92 4956
93 5153
94 526
95 6511
96 6548
97 6624
98 6679
99 6769
100 6770
101 6779
102 7120
103 7186
104 7291
105 7311
106 7312
107 7313
108 7841
109 9
110 9184
111 930
112 "Tweetbot
113 "Twitter
114 Icecast"
115 "Twitterrific
116 "Twitts
117 Automáticos"
118 "UNIPLEX
119 (from
120 "WEB
121 Post
122 "ZT
123 Social
124 "[Bot]
125 TembloresChile"
126 battou_dev_botr
127 5842
128 5843
129 dlvr.it
130 141
131 eqgr-bot
132 100
133 espineraculiao
134 4254
135 5109
136 tatemblando
137 121
