0 3dRenderBot
1 11076
2 "@StarTrekNetflix
3 Retweet"
4 "Adriano
5 Bot"
6 "Automation
7 Solutions"
8 "BSPN
9 twitter
10 BenBots
11 5151
12 "Big3
13 News"
14 BotNagew
15 816
16 Buffer
17 1267
18 4217
19 4922
20 82
21 "DIYMike
22 Content
23 DisneyDuder
24 7172
25 Echofon
26 20
27 "Fantha
28 Tracks"
29 "Fenix
30 2"
31 "Flamingo
32 for
33 FursuitRT
34 10206
35 "Hootsuite
36 Inc."
37 "Huawei
38 Mate
39 IFTTT
40 143
41 3065
42 Instagram
43 12436
44 13
45 1802
46 44
47 4531
48 4532
49 5545
50 7926
51 7927
52 "Keto
53 Twitter"
54 "Khoros
55 Marketing"
56 KirkRetweet
57 892
58 Lewie
59 4601
60 4603
61 "Merchant
62 Media
63 "Mice
64 Town"
65 "Mixer
66 Plume for Android
67 468
68 QWVR
69 10043
70 10119
71 10131
72 10181
73 10205
74 10491
75 10531
76 10666
77 11024
78 11246
79 1150
80 11551
81 11558
82 11675
83 11878
84 11912
85 11942
86 120
87 12022
88 12033
89 12077
90 12101
91 12333
92 12547
93 2019
94 2361
95 3246
96 3663
97 4084
98 4170
99 4403
100 4404
101 4405
102 4406
103 4407
104 4408
105 4409
106 4410
107 4411
108 4412
109 4413
110 4414
111 4416
112 4417
113 4418
114 4419
115 4420
116 4421
117 4422
118 4423
119 4424
120 4425
121 4426
122 4427
123 4428
124 4429
125 4430
126 4431
127 4432
128 4433
129 4434
130 4435
131 4436
132 4437
133 4438
134 4439
135 4440
136 4441
137 4442
138 4443
139 4444
140 4445
141 4446
142 4447
143 4448
144 4449
145 4485
146 4743
147 4752
148 4782
149 4787
150 4804
151 4810
152 4944
153 5026
154 5075
155 5285
156 5343
157 5405
158 5489
159 5494
160 5543
161 5647
162 5663
163 5686
164 5734
165 5750
166 5807
167 5808
168 5874
169 5888
170 6181
171 6185
172 6188
173 6217
174 6559
175 6633
176 6663
177 6823
178 7068
179 7333
180 7438
181 7510
182 7685
183 7862
184 7972
185 8132
186 8166
187 833
188 8373
189 8396
190 8641
191 8836
192 8863
193 8924
194 8927
195 8932
196 9013
197 9031
198 9040
199 9207
200 9209
201 9279
202 9510
203 9668
204 9775
205 9860
206 9878
207 9912
208 9931
209 9939
210 ReplyFromMusicForFilms
211 2679
212 SocialFlow
213 2730
214 Spreaker
215 2924
216 Sprinklr
217 1812
218 "Sprout
219 Social"
220 "Streamlabs
221 "Talon
222 Android"
223 "The
224 Tweeted
225 "TweetCaster
226 TweetDeck
227 10058
228 10909
229 1119
230 12024
231 162
232 1865
233 1931
234 1932
235 1933
236 1934
237 221
238 241
239 2749
240 299
241 301
242 3221
243 369
244 3752
245 3753
246 3755
247 4352
248 4353
249 4354
250 4355
251 4356
252 4357
253 4358
254 4451
255 5291
256 5579
257 5704
258 59
259 6062
260 665
261 7233
262 7495
263 7496
264 750
265 8405
266 91
267 9982
268 9992
269 "Tweetbot
270 "TwitchSIE
271 Bot
272 "Twitter
273 Web
274 "Twitterrific
275 "Varun
276 Jain"
277 "ViralSweep
278 App"
279 "Whats
280 The
281 WordPress.com
282 1289
283 235
284 2449
285 8873
286 8875
287 artistontwitter
288 6163
289 "bot
290 rt
291 fdsrtw
292 3729
293 g7h8j90k8
294 10560
295 iamitech
296 172
297 nan
298 2367
299 norbottw
300 1017
301 numerorespuestas
302 9289
303 stem_ai
304 12380
305 12381
306 12383
307 swtor_retweets
308 4154
309 4155
310 4157
311 4158
312 "tweecha
313 utopianunion
314 8319
