0 0
1 1
2 4
3 10
4 100
5 16
6 1000
7 81
8 1001
9 1002
10 1003
11 1004
12 1005
13 1006
14 262
15 318
16 402
17 455
18 950
19 1007
20 177
21 1008
22 18
23 1009
24 37
25 101
26 102
27 1010
28 403
29 1011
30 1012
31 1013
32 529
33 1014
34 170
35 1015
36 1016
37 1017
38 26
39 1018
40 1019
41 1020
42 4131
43 4132
44 4582
45 1021
46 1022
47 730
48 1023
49 14
50 1024
51 447
52 1025
53 1026
54 1027
55 1028
56 284
57 1029
58 1030
59 232
60 233
61 424
62 103
63 104
64 1031
65 1032
66 1033
67 1034
68 1035
69 1036
70 1037
71 1038
72 1039
73 1040
74 1041
75 1042
76 1043
77 1044
78 1045
79 109
80 121
81 29
82 34
83 1046
84 1047
85 1048
86 1049
87 105
88 106
89 107
90 1050
91 39
92 1051
93 1052
94 1053
95 1054
96 1055
97 1056
98 68
99 1057
100 1058
101 1059
102 1060
103 1061
104 234
105 1062
106 1063
107 469
108 1064
109 1065
110 695
111 1066
112 1067
113 1068
114 703
115 1069
116 257
117 94
118 278
119 1070
120 1071
121 1072
122 8
123 1073
124 1074
125 1075
126 1076
127 198
128 1077
129 235
130 46
131 1078
132 1079
133 108
134 1080
135 12
136 143
137 994
138 1081
139 492
140 1082
141 444
142 1083
143 1084
144 1085
145 1086
146 1087
147 1088
148 1089
149 1090
150 1091
151 154
152 1092
153 288
154 1093
155 1094
156 696
157 1095
158 1096
159 182
160 1097
161 1098
162 1099
163 11
164 110
165 111
166 112
167 1100
168 1101
169 1102
170 1103
171 1104
172 1105
173 1106
174 1107
175 1108
176 1109
177 1110
178 1111
179 1112
180 1113
181 1114
182 375
183 1115
184 1116
185 146
186 1117
187 1118
188 1119
189 1120
190 1121
191 1122
192 1123
193 1124
194 1125
195 117
196 1126
197 1127
198 1128
199 1129
200 793
201 113
202 1130
203 1131
204 1132
205 265
206 91
207 1133
208 1134
209 1135
210 339
211 1136
212 1137
213 3
214 1138
215 1139
216 1140
217 645
218 114
219 115
220 1141
221 358
222 594
223 1142
224 1143
225 1144
226 1145
227 51
228 1146
229 194
230 1147
231 1148
232 1149
233 1150
234 1151
235 1152
236 1153
237 1154
238 1155
239 1156
240 1157
241 1158
242 1159
243 116
244 1160
245 1161
246 1162
247 1163
248 1164
249 1165
250 1166
251 706
252 1167
253 549
254 1168
255 1169
256 1170
257 1171
258 1172
259 1173
260 1174
261 1175
262 1176
263 1177
264 1178
265 678
266 1179
267 118
268 119
269 1180
270 276
271 1181
272 1182
273 1183
274 1184
275 271
276 784
277 1185
278 1186
279 1187
280 1188
281 1189
282 1190
283 1191
284 1192
285 1193
286 1194
287 1195
288 757
289 1196
290 814
291 1197
292 1198
293 1199
294 120
295 1200
296 1201
297 1202
298 1203
299 1204
300 1205
301 1206
302 1207
303 1208
304 1209
305 254
306 819
307 929
308 96
309 987
310 996
311 1623
312 299
313 1210
314 1211
315 44
316 1212
317 1213
318 1214
319 1215
320 1216
321 1217
322 1218
323 1219
324 23
325 497
326 122
327 123
328 124
329 1220
330 1221
331 1222
332 1223
333 1224
334 1225
335 591
336 1226
337 834
338 1227
339 1228
340 1229
341 1230
342 1231
343 1232
344 1233
345 1234
346 1235
347 21
348 1236
349 480
350 1237
351 1238
352 1239
353 1240
354 1241
355 560
356 1242
357 240
358 1243
359 1244
360 1245
361 1246
362 1247
363 1248
364 1249
365 1250
366 125
367 126
368 1251
369 1252
370 253
371 1253
372 1254
373 1255
374 1256
375 1257
376 1258
377 1259
378 1260
379 1261
380 1262
381 1263
382 1264
383 1265
384 1266
385 192
386 515
387 637
388 687
389 1267
390 1268
391 1269
392 127
393 128
394 1270
395 1271
396 1272
397 1273
398 791
399 1274
400 1275
401 228
402 617
403 1276
404 1277
405 1278
406 1279
407 1280
408 1281
409 1282
410 1283
411 1284
412 1285
413 1286
414 1287
415 1288
416 1289
417 137
418 246
419 446
420 129
421 1290
422 1291
423 333
424 1292
425 1293
426 1294
427 1295
428 1296
429 689
430 1297
431 1298
432 1299
433 13
434 130
435 1300
436 1301
437 1302
438 1303
439 1304
440 1305
441 1306
442 1307
443 1308
444 1309
445 161
446 969
447 972
448 131
449 132
450 1310
451 397
452 1311
453 1312
454 1313
455 1314
456 1315
457 1316
458 1317
459 1318
460 1319
461 1320
462 1321
463 1322
464 1323
465 1324
466 1325
467 1326
468 1327
469 1328
470 1329
471 133
472 1330
473 1331
474 1332
475 781
476 1333
477 1334
478 1335
479 1336
480 1337
481 1338
482 188
483 1339
484 134
485 135
486 1340
487 1341
488 1342
489 1343
490 1344
491 1345
492 1346
493 1347
494 1348
495 509
496 1349
497 1350
498 1351
499 191
500 1352
501 1353
502 326
503 1354
504 1355
505 1356
506 1357
507 1358
508 1359
509 520
510 136
511 1360
512 1361
513 211
514 1362
515 1363
516 60
517 1364
518 1365
519 1366
520 1367
521 1368
522 1369
523 1370
524 1371
525 1372
526 1373
527 1374
528 1375
529 1376
530 1377
531 384
532 1378
533 1379
534 138
535 139
536 1380
537 1381
538 1382
539 1383
540 1384
541 1385
542 1386
543 1387
544 1388
545 713
546 1389
547 1390
548 1391
549 1392
550 1393
551 1394
552 1395
553 1396
554 1397
555 77
556 1398
557 1399
558 140
559 1400
560 1401
561 1402
562 1403
563 1404
564 1405
565 1406
566 1407
567 1408
568 216
569 1409
570 657
571 141
572 1410
573 1411
574 1412
575 1413
576 1414
577 1415
578 1416
579 526
580 1417
581 1418
582 1419
583 1420
584 433
585 142
586 1421
587 1422
588 1423
589 1424
590 1425
591 1426
592 1427
593 1428
594 1429
595 7833
596 1430
597 1431
598 311
599 1432
600 1433
601 573
602 1434
603 1435
604 1436
605 1437
606 1438
607 1439
608 226
609 144
610 1440
611 1441
612 1660
613 4823
614 7165
615 7744
616 7745
617 7746
618 1442
619 1443
620 1444
621 1445
622 1446
623 1447
624 1448
625 1449
626 145
627 1450
628 1451
629 407
630 1452
631 1453
632 1454
633 1455
634 1456
635 1457
636 1458
637 1459
638 1460
639 625
640 1461
641 1462
642 1463
643 1464
644 1465
645 1466
646 484
647 636
648 1467
649 1468
650 1469
651 147
652 148
653 1470
654 1471
655 1472
656 1473
657 1474
658 1475
659 1476
660 1477
661 1478
662 821
663 1479
664 1480
665 1481
666 1482
667 1483
668 1484
669 1485
670 1486
671 1487
672 1488
673 1489
674 149
675 150
676 1490
677 1491
678 1492
679 1493
680 1494
681 1495
682 1496
683 1497
684 1498
685 1499
686 15
687 1500
688 1501
689 601
690 1502
691 1503
692 1504
693 1505
694 1506
695 1507
696 1508
697 1509
698 474
699 151
700 1510
701 1511
702 1512
703 1513
704 1514
705 1515
706 1516
707 1517
708 1518
709 1519
710 152
711 1520
712 1521
713 1522
714 1523
715 811
716 1524
717 1525
718 1526
719 1527
720 1528
721 1529
722 153
723 1530
724 1531
725 1532
726 1533
727 1534
728 167
729 1535
730 186
731 1536
732 1537
733 1538
734 1539
735 1540
736 1541
737 1542
738 438
739 810
740 1543
741 1544
742 869
743 1545
744 1546
745 1547
746 1548
747 1549
748 155
749 1550
750 1551
751 1552
752 1553
753 1554
754 1555
755 1556
756 1557
757 1558
758 1559
759 156
760 1560
761 1561
762 1562
763 1563
764 1564
765 1565
766 948
767 1566
768 1567
769 1568
770 1569
771 157
772 1570
773 1571
774 1572
775 1573
776 1574
777 1575
778 1576
779 1577
780 1578
781 1579
782 158
783 159
784 1580
785 1581
786 563
787 1582
788 1583
789 1584
790 350
791 1585
792 1586
793 1587
794 1588
795 1589
796 1590
797 1591
798 1592
799 1593
800 1594
801 1595
802 1596
803 1597
804 222
805 1598
806 1599
807 1600
808 1601
809 160
810 1602
811 1603
812 1604
813 1605
814 1606
815 1607
816 1608
817 1609
818 1610
819 1611
820 1612
821 1613
822 1614
823 1615
824 1616
825 1617
826 1618
827 1619
828 162
829 1620
830 1621
831 346
832 1622
833 1624
834 1625
835 1626
836 1627
837 1628
838 1629
839 163
840 1630
841 1631
842 1632
843 1633
844 555
845 1634
846 1635
847 1636
848 1637
849 456
850 1638
851 1639
852 164
853 165
854 1640
855 1641
856 1642
857 1643
858 1644
859 1645
860 1646
861 1647
862 1648
863 1649
864 1650
865 1651
866 1652
867 1653
868 1654
869 1655
870 1656
871 1657
872 1658
873 1659
874 1661
875 1662
876 1663
877 1664
878 1665
879 1666
880 1667
881 1668
882 3115
883 3849
884 4909
885 7752
886 166
887 1669
888 1670
889 1671
890 1672
891 1673
892 889
893 1674
894 1675
895 1676
896 1677
897 1678
898 1679
899 168
900 1680
901 1681
902 1682
903 1683
904 1684
905 1685
906 1686
907 1687
908 1688
909 1689
910 7636
911 7637
912 169
913 171
914 1690
915 1691
916 1692
917 1693
918 1694
919 1695
920 1696
921 1697
922 1698
923 1699
924 17
925 244
926 1700
927 1701
928 1702
929 1703
930 1704
931 1705
932 1706
933 1707
934 1708
935 1709
936 1710
937 1711
938 1712
939 1713
940 1714
941 1715
942 1716
943 1717
944 1718
945 1719
946 172
947 173
948 174
949 1720
950 1721
951 1722
952 1723
953 1724
954 1725
955 1726
956 6
957 865
958 1727
959 1728
960 1729
961 1730
962 1731
963 1732
964 1733
965 1734
966 1735
967 1736
968 1737
969 1738
970 1739
971 1740
972 1741
973 1742
974 1743
975 1744
976 1745
977 1746
978 1747
979 1748
980 238
981 1749
982 175
983 1750
984 1751
985 1752
986 1753
987 1754
988 1755
989 1756
990 1757
991 1758
992 1759
993 1760
994 176
995 1761
996 1762
997 844
998 1763
999 1764
1000 1765
1001 1766
1002 1767
1003 1768
1004 1769
1005 1770
1006 1771
1007 1772
1008 1773
1009 1774
1010 1775
1011 1776
1012 1777
1013 1778
1014 1779
1015 178
1016 179
1017 1780
1018 1781
1019 1782
1020 1783
1021 1784
1022 1785
1023 1786
1024 1787
1025 2718
1026 1788
1027 921
1028 1789
1029 1790
1030 1791
1031 1792
1032 1793
1033 1794
1034 1795
1035 1796
1036 709
1037 1797
1038 1798
1039 1799
1040 180
1041 1800
1042 1801
1043 1802
1044 1803
1045 1804
1046 1805
1047 1806
1048 1807
1049 1808
1050 1809
1051 953
1052 181
1053 1810
1054 1811
1055 1812
1056 1813
1057 1814
1058 1815
1059 1816
1060 1817
1061 1818
1062 1819
1063 1820
1064 1821
1065 481
1066 1822
1067 1823
1068 1824
1069 1825
1070 1826
1071 1827
1072 1828
1073 1829
1074 183
1075 1830
1076 1831
1077 1832
1078 1833
1079 1834
1080 341
1081 1835
1082 1836
1083 1837
1084 1838
1085 1839
1086 184
1087 1840
1088 1841
1089 1842
1090 1843
1091 1844
1092 1845
1093 1846
1094 1847
1095 1848
1096 1849
1097 185
1098 1850
1099 1851
1100 1852
1101 1853
1102 1854
1103 1855
1104 1856
1105 1857
1106 1858
1107 1859
1108 1860
1109 1861
1110 1862
1111 1863
1112 1864
1113 1865
1114 1866
1115 1867
1116 1868
1117 1869
1118 187
1119 1870
1120 1871
1121 1872
1122 1873
1123 1874
1124 1875
1125 1876
1126 1877
1127 518
1128 1878
1129 1879
1130 1880
1131 1881
1132 1882
1133 1883
1134 1884
1135 1885
1136 511
1137 512
1138 1886
1139 1887
1140 1888
1141 450
1142 1889
1143 189
1144 1890
1145 1891
1146 1892
1147 1893
1148 1894
1149 1895
1150 1896
1151 1897
1152 1898
1153 1899
1154 19
1155 190
1156 1900
1157 1901
1158 1902
1159 1903
1160 1904
1161 1905
1162 1906
1163 1907
1164 1908
1165 1909
1166 1910
1167 1911
1168 1912
1169 1913
1170 1914
1171 1915
1172 504
1173 1916
1174 1917
1175 1918
1176 1919
1177 1920
1178 1921
1179 1922
1180 1923
1181 1924
1182 1925
1183 1926
1184 1927
1185 1928
1186 1929
1187 193
1188 1930
1189 1931
1190 1932
1191 1933
1192 1934
1193 1935
1194 1936
1195 1937
1196 1938
1197 1939
1198 1940
1199 1941
1200 1942
1201 1943
1202 1944
1203 1945
1204 1946
1205 1947
1206 1948
1207 1949
1208 195
1209 1950
1210 1951
1211 1952
1212 1953
1213 1954
1214 1955
1215 1956
1216 1957
1217 1958
1218 1959
1219 196
1220 1960
1221 1961
1222 1962
1223 1963
1224 1964
1225 1965
1226 1966
1227 1967
1228 1968
1229 547
1230 1969
1231 197
1232 1970
1233 1971
1234 1972
1235 1973
1236 1974
1237 1975
1238 1976
1239 1977
1240 1978
1241 1979
1242 1980
1243 1981
1244 1982
1245 1983
1246 1984
1247 1985
1248 1986
1249 1987
1250 1988
1251 1989
1252 199
1253 1990
1254 1991
1255 1992
1256 1993
1257 1994
1258 1995
1259 1996
1260 1997
1261 1998
1262 1999
1263 2
1264 20
1265 200
1266 201
1267 2000
1268 2001
1269 2002
1270 2003
1271 2004
1272 2005
1273 2006
1274 2007
1275 2008
1276 2009
1277 477
1278 2010
1279 2011
1280 2012
1281 2013
1282 2014
1283 2015
1284 2016
1285 2017
1286 2018
1287 2019
1288 202
1289 203
1290 2020
1291 2021
1292 2022
1293 2023
1294 2024
1295 2025
1296 2026
1297 2027
1298 2028
1299 2029
1300 2030
1301 2031
1302 2032
1303 2033
1304 2034
1305 2035
1306 2036
1307 2037
1308 2038
1309 2039
1310 204
1311 2040
1312 2041
1313 2042
1314 2043
1315 2044
1316 2045
1317 2046
1318 2047
1319 2048
1320 2049
1321 205
1322 2050
1323 2051
1324 2052
1325 2053
1326 2054
1327 2055
1328 2056
1329 2057
1330 2058
1331 2059
1332 206
1333 2060
1334 2061
1335 2062
1336 354
1337 2063
1338 2064
1339 2065
1340 2066
1341 2067
1342 2068
1343 2069
1344 2070
1345 207
1346 208
1347 2071
1348 32
1349 2072
1350 2073
1351 2074
1352 2075
1353 2076
1354 2077
1355 2078
1356 2079
1357 2080
1358 2081
1359 2082
1360 2083
1361 2084
1362 2085
1363 2086
1364 2087
1365 2088
1366 2089
1367 209
1368 2090
1369 2091
1370 2092
1371 2093
1372 2094
1373 2095
1374 2096
1375 2097
1376 2098
1377 2099
1378 210
1379 2100
1380 2101
1381 2102
1382 2103
1383 2104
1384 2105
1385 2106
1386 2107
1387 759
1388 2108
1389 2109
1390 2110
1391 2111
1392 2112
1393 2113
1394 2114
1395 2115
1396 2116
1397 2117
1398 2118
1399 2119
1400 212
1401 2120
1402 2121
1403 2122
1404 2123
1405 2124
1406 2125
1407 2126
1408 2127
1409 2128
1410 2129
1411 2130
1412 213
1413 214
1414 2131
1415 2132
1416 2133
1417 2134
1418 2135
1419 2136
1420 2137
1421 2138
1422 2139
1423 2140
1424 2141
1425 476
1426 2142
1427 2143
1428 2144
1429 2145
1430 2146
1431 2147
1432 2148
1433 2149
1434 2150
1435 215
1436 2151
1437 2152
1438 2153
1439 2154
1440 2155
1441 2156
1442 2157
1443 2158
1444 2159
1445 2160
1446 2161
1447 2162
1448 2163
1449 2164
1450 2165
1451 2166
1452 2167
1453 2168
1454 2169
1455 217
1456 2170
1457 2171
1458 2172
1459 2173
1460 2174
1461 2175
1462 808
1463 2176
1464 2177
1465 2178
1466 2179
1467 218
1468 2180
1469 2181
1470 2182
1471 2183
1472 2184
1473 2185
1474 2186
1475 2187
1476 2188
1477 2189
1478 219
1479 2190
1480 2191
1481 2192
1482 2193
1483 2194
1484 2195
1485 2196
1486 2197
1487 2198
1488 2199
1489 22
1490 220
1491 2200
1492 2201
1493 2202
1494 2203
1495 2204
1496 2205
1497 2206
1498 2207
1499 2208
1500 2209
1501 221
1502 2210
1503 2211
1504 2212
1505 2213
1506 2214
1507 2215
1508 2216
1509 2217
1510 2218
1511 2219
1512 2220
1513 2221
1514 2222
1515 2223
1516 2224
1517 2225
1518 2226
1519 2227
1520 2228
1521 2229
1522 223
1523 2230
1524 2231
1525 2232
1526 2233
1527 2234
1528 2235
1529 2236
1530 2237
1531 2238
1532 2239
1533 224
1534 2240
1535 2241
1536 2242
1537 2243
1538 2244
1539 2245
1540 2246
1541 2247
1542 2248
1543 2249
1544 225
1545 2250
1546 2251
1547 2252
1548 2253
1549 2254
1550 2255
1551 3808
1552 7770
1553 2256
1554 2257
1555 2258
1556 599
1557 2259
1558 2260
1559 2261
1560 2262
1561 2263
1562 2264
1563 2265
1564 75
1565 2266
1566 2267
1567 2268
1568 2269
1569 227
1570 2270
1571 2271
1572 2272
1573 2273
1574 2274
1575 2275
1576 2276
1577 2277
1578 2278
1579 2279
1580 2280
1581 328
1582 2281
1583 2282
1584 2283
1585 2284
1586 2285
1587 2286
1588 2287
1589 2288
1590 2289
1591 229
1592 2290
1593 2291
1594 2292
1595 2293
1596 2294
1597 2295
1598 2296
1599 2297
1600 2298
1601 2299
1602 3048
1603 230
1604 2300
1605 2301
1606 2302
1607 2303
1608 2304
1609 2305
1610 2306
1611 2307
1612 2308
1613 2309
1614 231
1615 2310
1616 2311
1617 2312
1618 2313
1619 2314
1620 2315
1621 2316
1622 2317
1623 2318
1624 2319
1625 2320
1626 2321
1627 2322
1628 2323
1629 2324
1630 2325
1631 2326
1632 2327
1633 2328
1634 2329
1635 2330
1636 2331
1637 2332
1638 2333
1639 2334
1640 2335
1641 2336
1642 602
1643 2337
1644 2338
1645 2339
1646 2340
1647 2341
1648 2342
1649 2343
1650 2344
1651 2345
1652 2346
1653 2347
1654 2348
1655 2349
1656 2350
1657 2351
1658 2352
1659 2353
1660 2354
1661 2355
1662 2356
1663 2357
1664 2358
1665 2359
1666 2360
1667 236
1668 2361
1669 2362
1670 2363
1671 2364
1672 2365
1673 2366
1674 2367
1675 2368
1676 2369
1677 237
1678 2370
1679 2371
1680 2372
1681 2373
1682 2374
1683 2375
1684 2376
1685 2377
1686 2378
1687 2379
1688 2380
1689 2381
1690 2382
1691 2383
1692 2384
1693 832
1694 833
1695 2385
1696 2386
1697 2387
1698 2388
1699 2389
1700 239
1701 2390
1702 2391
1703 2392
1704 2393
1705 2394
1706 2395
1707 2396
1708 2397
1709 2398
1710 2399
1711 24
1712 2400
1713 478
1714 2401
1715 2402
1716 2403
1717 2404
1718 2405
1719 2406
1720 2407
1721 2408
1722 2409
1723 241
1724 2410
1725 2411
1726 2412
1727 2413
1728 2414
1729 2415
1730 2416
1731 2417
1732 2418
1733 2419
1734 242
1735 2420
1736 2421
1737 2422
1738 87
1739 2423
1740 2424
1741 2425
1742 2426
1743 2427
1744 2428
1745 2429
1746 243
1747 2430
1748 2431
1749 2432
1750 827
1751 2433
1752 2434
1753 2435
1754 2436
1755 2437
1756 2438
1757 2439
1758 5433
1759 2440
1760 2441
1761 2442
1762 2443
1763 2444
1764 2445
1765 2446
1766 2447
1767 2448
1768 2449
1769 245
1770 2450
1771 2451
1772 2452
1773 2453
1774 2454
1775 2455
1776 2456
1777 2457
1778 567
1779 2458
1780 2459
1781 3499
1782 2460
1783 2461
1784 2462
1785 56
1786 2463
1787 2464
1788 2465
1789 2466
1790 2467
1791 2468
1792 2469
1793 247
1794 2470
1795 2471
1796 2472
1797 2473
1798 2474
1799 855
1800 2475
1801 2476
1802 2477
1803 2478
1804 2479
1805 248
1806 2480
1807 2481
1808 2482
1809 2483
1810 2484
1811 2485
1812 2486
1813 2487
1814 2488
1815 2489
1816 249
1817 2490
1818 2491
1819 2492
1820 2493
1821 2494
1822 2495
1823 2496
1824 2497
1825 2498
1826 2499
1827 2500
1828 25
1829 250
1830 2501
1831 2502
1832 2503
1833 2504
1834 2505
1835 2506
1836 2507
1837 2508
1838 2509
1839 251
1840 252
1841 255
1842 2510
1843 2511
1844 2512
1845 2513
1846 2514
1847 2515
1848 2516
1849 2517
1850 2518
1851 2519
1852 2520
1853 2521
1854 2522
1855 2523
1856 2524
1857 2525
1858 2526
1859 2527
1860 2528
1861 7306
1862 2529
1863 2530
1864 2531
1865 2532
1866 2533
1867 2534
1868 2535
1869 2536
1870 2537
1871 2538
1872 2539
1873 2540
1874 2541
1875 2542
1876 2543
1877 2544
1878 2545
1879 2546
1880 2547
1881 2548
1882 2549
1883 2550
1884 2551
1885 2552
1886 2553
1887 2554
1888 2555
1889 2556
1890 2557
1891 2558
1892 2559
1893 256
1894 2560
1895 2561
1896 2562
1897 2563
1898 2564
1899 2565
1900 2566
1901 2567
1902 2568
1903 2569
1904 2570
1905 2571
1906 2572
1907 2573
1908 2574
1909 2575
1910 2576
1911 2577
1912 2578
1913 2579
1914 258
1915 2580
1916 2581
1917 2582
1918 2583
1919 2584
1920 2585
1921 2586
1922 2587
1923 2588
1924 2589
1925 259
1926 2590
1927 2591
1928 2592
1929 2593
1930 2594
1931 2595
1932 2596
1933 2597
1934 2598
1935 2599
1936 260
1937 2600
1938 2601
1939 2602
1940 2603
1941 2604
1942 747
1943 2605
1944 2606
1945 2607
1946 2608
1947 294
1948 2609
1949 2610
1950 2611
1951 261
1952 2612
1953 2613
1954 2614
1955 2615
1956 2616
1957 2617
1958 2618
1959 2619
1960 2620
1961 2621
1962 2622
1963 2623
1964 2624
1965 2625
1966 2626
1967 2627
1968 2628
1969 2629
1970 2630
1971 715
1972 263
1973 2631
1974 2632
1975 2633
1976 2634
1977 2635
1978 2636
1979 2637
1980 2638
1981 2639
1982 264
1983 2640
1984 2641
1985 2642
1986 2643
1987 2644
1988 2645
1989 2646
1990 2647
1991 2648
1992 2649
1993 2650
1994 2651
1995 2652
1996 2653
1997 2654
1998 2655
1999 2656
2000 2657
2001 2658
2002 2659
2003 266
2004 2660
2005 2661
2006 2662
2007 2663
2008 2664
2009 2665
2010 2666
2011 2667
2012 2668
2013 2669
2014 267
2015 2670
2016 2671
2017 2672
2018 2673
2019 2674
2020 2675
2021 2676
2022 2677
2023 2678
2024 2679
2025 268
2026 2680
2027 2681
2028 2682
2029 2683
2030 2684
2031 2685
2032 2686
2033 2687
2034 2688
2035 2689
2036 269
2037 2690
2038 2691
2039 2692
2040 2693
2041 2694
2042 2695
2043 2696
2044 2697
2045 2698
2046 2699
2047 27
2048 270
2049 2700
2050 2701
2051 2702
2052 2703
2053 2704
2054 2705
2055 2706
2056 2707
2057 2708
2058 2709
2059 2710
2060 2711
2061 2712
2062 2713
2063 2714
2064 2715
2065 2716
2066 2717
2067 2719
2068 272
2069 2720
2070 2721
2071 2722
2072 2723
2073 2724
2074 2725
2075 2726
2076 2727
2077 2728
2078 2729
2079 273
2080 2730
2081 2731
2082 2732
2083 2733
2084 2734
2085 2735
2086 2736
2087 2737
2088 2738
2089 2739
2090 274
2091 2740
2092 2741
2093 2742
2094 2743
2095 2744
2096 2745
2097 2746
2098 2747
2099 2748
2100 2749
2101 2750
2102 275
2103 277
2104 2751
2105 2752
2106 2753
2107 2754
2108 2755
2109 2756
2110 2757
2111 2758
2112 5037
2113 2759
2114 2760
2115 2761
2116 2762
2117 2763
2118 2764
2119 2765
2120 2766
2121 2767
2122 2768
2123 2769
2124 2770
2125 2771
2126 2772
2127 2773
2128 2774
2129 2775
2130 2776
2131 2777
2132 2778
2133 2779
2134 2780
2135 2781
2136 2782
2137 2783
2138 2784
2139 2785
2140 2858
2141 2786
2142 2787
2143 2788
2144 2789
2145 279
2146 2790
2147 2791
2148 2792
2149 2793
2150 2794
2151 2795
2152 2796
2153 2797
2154 2798
2155 676
2156 2799
2157 28
2158 280
2159 2800
2160 2801
2161 2802
2162 2803
2163 2804
2164 2805
2165 2806
2166 482
2167 2807
2168 2808
2169 2809
2170 281
2171 2810
2172 2811
2173 2812
2174 2813
2175 2814
2176 2815
2177 2816
2178 2817
2179 2818
2180 2819
2181 282
2182 2820
2183 2821
2184 2822
2185 2823
2186 2824
2187 2825
2188 2826
2189 2827
2190 2828
2191 2829
2192 283
2193 2830
2194 2831
2195 2832
2196 2833
2197 2834
2198 2835
2199 2836
2200 2837
2201 2838
2202 2839
2203 2840
2204 2841
2205 2842
2206 2843
2207 2844
2208 2845
2209 2846
2210 2847
2211 2848
2212 2849
2213 285
2214 286
2215 2850
2216 2851
2217 2852
2218 2853
2219 2854
2220 2855
2221 2856
2222 2857
2223 2859
2224 2860
2225 2861
2226 2862
2227 2863
2228 2864
2229 2865
2230 2866
2231 2867
2232 7932
2233 2868
2234 2869
2235 287
2236 2870
2237 2871
2238 2872
2239 2873
2240 2874
2241 2875
2242 2876
2243 2877
2244 2878
2245 2879
2246 2880
2247 2881
2248 2882
2249 2883
2250 2884
2251 2885
2252 2886
2253 2887
2254 2888
2255 2889
2256 289
2257 2890
2258 2891
2259 2892
2260 2893
2261 2894
2262 2895
2263 2896
2264 2897
2265 2898
2266 2899
2267 290
2268 2900
2269 2901
2270 2902
2271 2903
2272 2904
2273 2905
2274 2906
2275 2907
2276 2908
2277 2909
2278 291
2279 2910
2280 2911
2281 2912
2282 2913
2283 2914
2284 2915
2285 2916
2286 2917
2287 596
2288 2918
2289 2919
2290 2920
2291 2921
2292 2922
2293 2923
2294 2924
2295 2925
2296 306
2297 307
2298 643
2299 644
2300 914
2301 292
2302 3138
2303 3957
2304 4660
2305 4971
2306 7249
2307 7480
2308 7896
2309 7897
2310 7898
2311 7899
2312 2926
2313 2927
2314 2928
2315 2929
2316 2930
2317 293
2318 2931
2319 2932
2320 2933
2321 2934
2322 2935
2323 2936
2324 2937
2325 2938
2326 2939
2327 2940
2328 2941
2329 2942
2330 2943
2331 2944
2332 2945
2333 2946
2334 2947
2335 2948
2336 2949
2337 2950
2338 295
2339 2951
2340 2952
2341 2953
2342 2954
2343 2955
2344 2956
2345 2957
2346 2958
2347 2959
2348 639
2349 296
2350 2960
2351 2961
2352 2962
2353 2963
2354 2964
2355 2965
2356 2966
2357 2967
2358 2968
2359 2969
2360 297
2361 2970
2362 2971
2363 2972
2364 2973
2365 2974
2366 2975
2367 2976
2368 2977
2369 2978
2370 2979
2371 298
2372 2980
2373 2981
2374 2982
2375 2983
2376 2984
2377 2985
2378 2986
2379 2987
2380 2988
2381 2989
2382 5332
2383 5334
2384 5336
2385 2990
2386 2991
2387 2992
2388 2993
2389 2994
2390 386
2391 2995
2392 2996
2393 2997
2394 2998
2395 2999
2396 30
2397 300
2398 3000
2399 3001
2400 3002
2401 3003
2402 3004
2403 3005
2404 3006
2405 3007
2406 3008
2407 3009
2408 301
2409 3010
2410 3011
2411 3012
2412 3013
2413 3014
2414 3015
2415 3016
2416 3017
2417 3018
2418 3019
2419 302
2420 3020
2421 3021
2422 3022
2423 3023
2424 3024
2425 3025
2426 3026
2427 3027
2428 3028
2429 3029
2430 303
2431 3030
2432 3031
2433 3032
2434 3033
2435 3034
2436 3035
2437 3036
2438 3037
2439 3038
2440 3039
2441 304
2442 3040
2443 3041
2444 3042
2445 3043
2446 3044
2447 3045
2448 3046
2449 3047
2450 321
2451 71
2452 3049
2453 305
2454 3050
2455 3051
2456 3052
2457 3053
2458 3054
2459 3055
2460 3056
2461 3057
2462 3058
2463 3059
2464 3060
2465 3061
2466 3062
2467 3063
2468 3064
2469 3065
2470 3066
2471 3067
2472 3068
2473 3069
2474 3070
2475 3071
2476 3072
2477 3073
2478 3074
2479 3075
2480 3076
2481 3077
2482 3078
2483 3079
2484 308
2485 3080
2486 3081
2487 3082
2488 3083
2489 3084
2490 3085
2491 3086
2492 5493
2493 3087
2494 3088
2495 3089
2496 309
2497 3090
2498 3091
2499 3092
2500 3093
2501 3094
2502 3095
2503 3096
2504 3097
2505 3098
2506 3099
2507 31
2508 310
2509 3100
2510 3101
2511 3102
2512 3103
2513 3104
2514 3105
2515 3106
2516 3107
2517 3108
2518 3109
2519 3110
2520 3111
2521 3112
2522 3113
2523 3114
2524 692
2525 3116
2526 3117
2527 3118
2528 3119
2529 312
2530 3120
2531 3121
2532 3122
2533 3123
2534 3124
2535 3125
2536 3126
2537 3127
2538 3128
2539 3129
2540 313
2541 3130
2542 3131
2543 3132
2544 3133
2545 3134
2546 3135
2547 3136
2548 3137
2549 3281
2550 5475
2551 5839
2552 7394
2553 7783
2554 7934
2555 7935
2556 7936
2557 3139
2558 314
2559 3140
2560 3141
2561 3142
2562 3143
2563 457
2564 5762
2565 3144
2566 3145
2567 3146
2568 3147
2569 3148
2570 3149
2571 315
2572 3150
2573 3151
2574 3152
2575 3153
2576 3154
2577 3155
2578 3156
2579 3157
2580 3158
2581 3159
2582 316
2583 3160
2584 3161
2585 3162
2586 3163
2587 3164
2588 3165
2589 3166
2590 3167
2591 3168
2592 3169
2593 317
2594 3170
2595 3171
2596 3172
2597 3173
2598 3174
2599 3175
2600 3176
2601 3177
2602 3178
2603 3179
2604 3180
2605 3181
2606 3182
2607 3183
2608 3184
2609 3185
2610 3186
2611 3187
2612 3188
2613 3189
2614 319
2615 3190
2616 3191
2617 3192
2618 3193
2619 3194
2620 3195
2621 3196
2622 3197
2623 3198
2624 3199
2625 320
2626 3200
2627 3201
2628 3202
2629 3203
2630 3204
2631 3205
2632 3206
2633 3207
2634 3208
2635 3209
2636 3210
2637 3211
2638 3212
2639 3213
2640 3214
2641 3215
2642 3216
2643 3217
2644 3218
2645 3219
2646 322
2647 3220
2648 3221
2649 3222
2650 3223
2651 3224
2652 3225
2653 3226
2654 3227
2655 3228
2656 3229
2657 323
2658 3230
2659 3231
2660 3232
2661 3233
2662 3234
2663 3235
2664 3236
2665 3237
2666 3238
2667 3239
2668 324
2669 3240
2670 3241
2671 3242
2672 3243
2673 3244
2674 3245
2675 3246
2676 3247
2677 3248
2678 3249
2679 325
2680 3250
2681 3251
2682 3252
2683 3253
2684 3254
2685 3255
2686 3256
2687 3257
2688 3258
2689 3259
2690 3260
2691 3261
2692 3262
2693 3263
2694 3264
2695 3265
2696 3266
2697 3267
2698 3268
2699 3269
2700 327
2701 3270
2702 3271
2703 3272
2704 3273
2705 3274
2706 3275
2707 3276
2708 3277
2709 3278
2710 3279
2711 3280
2712 3282
2713 3283
2714 3284
2715 3285
2716 3286
2717 3287
2718 3288
2719 3289
2720 329
2721 3290
2722 3291
2723 3292
2724 3293
2725 3294
2726 3295
2727 3296
2728 3297
2729 3298
2730 3299
2731 33
2732 330
2733 3300
2734 3301
2735 3302
2736 3303
2737 3304
2738 3305
2739 3306
2740 3307
2741 3308
2742 3309
2743 331
2744 3310
2745 3311
2746 3312
2747 3313
2748 3314
2749 3315
2750 3316
2751 3317
2752 3318
2753 3319
2754 332
2755 3320
2756 3321
2757 3322
2758 3323
2759 3324
2760 3325
2761 3326
2762 3327
2763 3328
2764 3329
2765 3330
2766 3331
2767 3332
2768 3333
2769 3334
2770 3335
2771 3336
2772 3337
2773 3338
2774 3339
2775 334
2776 3340
2777 3341
2778 3342
2779 3343
2780 3344
2781 3345
2782 3346
2783 3347
2784 3348
2785 578
2786 3349
2787 661
2788 335
2789 3350
2790 3351
2791 3352
2792 3353
2793 3354
2794 3355
2795 3356
2796 3357
2797 3358
2798 3359
2799 336
2800 3360
2801 3361
2802 3362
2803 3363
2804 3364
2805 3365
2806 3366
2807 3367
2808 3368
2809 3369
2810 3370
2811 337
2812 3371
2813 3372
2814 3373
2815 3374
2816 3375
2817 3376
2818 3377
2819 3378
2820 3379
2821 367
2822 338
2823 3380
2824 3381
2825 3382
2826 3383
2827 3384
2828 3385
2829 3386
2830 3387
2831 3388
2832 3389
2833 3390
2834 3391
2835 3392
2836 3393
2837 3394
2838 3395
2839 3396
2840 3397
2841 3398
2842 3399
2843 340
2844 3400
2845 3401
2846 3402
2847 3403
2848 3404
2849 584
2850 3405
2851 3406
2852 3407
2853 3408
2854 544
2855 3409
2856 3410
2857 3411
2858 3412
2859 3413
2860 3414
2861 3415
2862 3416
2863 3417
2864 3418
2865 3419
2866 342
2867 3420
2868 3421
2869 3422
2870 3423
2871 473
2872 475
2873 3424
2874 3425
2875 3426
2876 3427
2877 3428
2878 859
2879 3429
2880 343
2881 3430
2882 3431
2883 3432
2884 3433
2885 3434
2886 3435
2887 3436
2888 459
2889 3796
2890 3797
2891 4827
2892 6483
2893 7667
2894 3437
2895 3438
2896 3439
2897 344
2898 3440
2899 3441
2900 3442
2901 3443
2902 3444
2903 3445
2904 3446
2905 3447
2906 931
2907 3448
2908 3449
2909 345
2910 3450
2911 3451
2912 3452
2913 3453
2914 3454
2915 3455
2916 3456
2917 3457
2918 3458
2919 3459
2920 3460
2921 3461
2922 3462
2923 3463
2924 3464
2925 3465
2926 3466
2927 3467
2928 3468
2929 3469
2930 347
2931 3470
2932 3471
2933 3472
2934 3473
2935 3474
2936 3475
2937 3476
2938 3477
2939 3478
2940 3479
2941 348
2942 3480
2943 3481
2944 3482
2945 3483
2946 3484
2947 3485
2948 3486
2949 3487
2950 3488
2951 3489
2952 349
2953 3490
2954 3491
2955 3492
2956 3493
2957 3494
2958 3495
2959 3496
2960 3497
2961 3498
2962 3500
2963 35
2964 3501
2965 3502
2966 3503
2967 3504
2968 3505
2969 3506
2970 3507
2971 3508
2972 3509
2973 351
2974 3510
2975 3511
2976 3512
2977 3513
2978 3514
2979 3515
2980 3516
2981 3517
2982 3518
2983 3519
2984 352
2985 3520
2986 3521
2987 3522
2988 3523
2989 3524
2990 3525
2991 3526
2992 3527
2993 3528
2994 3529
2995 353
2996 3530
2997 3531
2998 3532
2999 3533
3000 3534
3001 3535
3002 3536
3003 3537
3004 3538
3005 3539
3006 3540
3007 3541
3008 720
3009 3542
3010 3543
3011 3544
3012 3545
3013 3546
3014 3547
3015 3548
3016 3549
3017 355
3018 356
3019 3550
3020 3551
3021 3552
3022 3553
3023 3554
3024 3555
3025 3556
3026 3557
3027 3558
3028 3559
3029 3560
3030 3561
3031 614
3032 3562
3033 3563
3034 3564
3035 3565
3036 3566
3037 3567
3038 3568
3039 3569
3040 357
3041 3570
3042 3571
3043 3572
3044 3573
3045 3574
3046 3575
3047 3576
3048 3577
3049 3578
3050 3579
3051 3580
3052 3581
3053 3582
3054 3583
3055 3584
3056 3585
3057 3586
3058 3587
3059 3588
3060 3589
3061 359
3062 3590
3063 3591
3064 3592
3065 3593
3066 3594
3067 3595
3068 3596
3069 3597
3070 3598
3071 3599
3072 36
3073 360
3074 3600
3075 3601
3076 3602
3077 3603
3078 3604
3079 3605
3080 3606
3081 3607
3082 3608
3083 3609
3084 361
3085 3610
3086 3611
3087 3612
3088 3613
3089 3614
3090 3615
3091 3616
3092 3617
3093 3618
3094 3619
3095 3620
3096 362
3097 363
3098 3621
3099 3622
3100 3623
3101 3624
3102 3625
3103 3626
3104 3627
3105 3628
3106 3629
3107 3630
3108 3631
3109 3632
3110 3633
3111 3634
3112 3635
3113 3636
3114 3637
3115 3638
3116 3639
3117 364
3118 365
3119 3640
3120 370
3121 3641
3122 3642
3123 3643
3124 3644
3125 3645
3126 3646
3127 3647
3128 3648
3129 3649
3130 3650
3131 3651
3132 3652
3133 3653
3134 3654
3135 3655
3136 3656
3137 4261
3138 6709
3139 6710
3140 6711
3141 6712
3142 6713
3143 6714
3144 6715
3145 6716
3146 6717
3147 6718
3148 6719
3149 6720
3150 6721
3151 6722
3152 6723
3153 6724
3154 6725
3155 6726
3156 6727
3157 6728
3158 6729
3159 6730
3160 6731
3161 6732
3162 6733
3163 6734
3164 6735
3165 6736
3166 6737
3167 6738
3168 6739
3169 3657
3170 3658
3171 3659
3172 366
3173 3660
3174 3661
3175 3662
3176 3663
3177 3664
3178 3665
3179 3666
3180 3667
3181 3668
3182 3669
3183 3670
3184 3671
3185 3672
3186 3673
3187 3674
3188 3675
3189 3676
3190 3677
3191 3678
3192 3679
3193 368
3194 3680
3195 3681
3196 3682
3197 64
3198 3683
3199 3684
3200 3685
3201 3686
3202 3687
3203 3688
3204 3689
3205 3690
3206 3691
3207 369
3208 3692
3209 3693
3210 3694
3211 3695
3212 3696
3213 3697
3214 3698
3215 3699
3216 3700
3217 3701
3218 3702
3219 3703
3220 3704
3221 3705
3222 3706
3223 3707
3224 3708
3225 3709
3226 3710
3227 3711
3228 3712
3229 3713
3230 3714
3231 3715
3232 3716
3233 3717
3234 835
3235 836
3236 870
3237 926
3238 928
3239 371
3240 3718
3241 3719
3242 372
3243 3720
3244 3721
3245 3722
3246 3723
3247 3724
3248 3725
3249 3726
3250 3727
3251 3728
3252 3729
3253 3730
3254 3731
3255 373
3256 3732
3257 3733
3258 3734
3259 3735
3260 3736
3261 3737
3262 3738
3263 3739
3264 3740
3265 374
3266 3741
3267 3742
3268 3743
3269 3744
3270 3745
3271 3746
3272 3747
3273 3748
3274 3749
3275 3750
3276 3751
3277 3752
3278 3753
3279 3754
3280 3755
3281 3756
3282 3757
3283 561
3284 3758
3285 3759
3286 376
3287 3760
3288 3761
3289 3762
3290 3763
3291 3764
3292 3765
3293 3766
3294 3767
3295 3768
3296 3769
3297 377
3298 3770
3299 3771
3300 3772
3301 3773
3302 3774
3303 3775
3304 3776
3305 3777
3306 3778
3307 3779
3308 378
3309 3780
3310 3781
3311 3782
3312 3783
3313 3784
3314 3785
3315 3786
3316 3787
3317 3788
3318 3789
3319 379
3320 3790
3321 3791
3322 3792
3323 3793
3324 3794
3325 3795
3326 3798
3327 3799
3328 38
3329 380
3330 3800
3331 3801
3332 3802
3333 3803
3334 3804
3335 3805
3336 3806
3337 3807
3338 3809
3339 381
3340 3810
3341 3811
3342 3812
3343 3813
3344 3814
3345 3815
3346 3816
3347 3817
3348 3818
3349 3819
3350 382
3351 3820
3352 3821
3353 3822
3354 3823
3355 3824
3356 3825
3357 3826
3358 3827
3359 3828
3360 3829
3361 383
3362 3830
3363 3831
3364 3832
3365 3833
3366 3834
3367 489
3368 3835
3369 3836
3370 3837
3371 3838
3372 3839
3373 3840
3374 3841
3375 3842
3376 3843
3377 3844
3378 3845
3379 3846
3380 3847
3381 3848
3382 3850
3383 654
3384 7248
3385 8011
3386 385
3387 6364
3388 7184
3389 3851
3390 3852
3391 3853
3392 3854
3393 3855
3394 3856
3395 3857
3396 3858
3397 3859
3398 3860
3399 3861
3400 3862
3401 3863
3402 3864
3403 3865
3404 3866
3405 3867
3406 3868
3407 3869
3408 387
3409 388
3410 3870
3411 3871
3412 3872
3413 3873
3414 3874
3415 3875
3416 3876
3417 417
3418 487
3419 3877
3420 3878
3421 3879
3422 3880
3423 3881
3424 3882
3425 3883
3426 3884
3427 3885
3428 3886
3429 3887
3430 3888
3431 3889
3432 389
3433 3890
3434 3891
3435 3892
3436 3893
3437 3894
3438 3895
3439 3896
3440 3897
3441 3898
3442 3899
3443 390
3444 3900
3445 3901
3446 3902
3447 3903
3448 3904
3449 3905
3450 3906
3451 3907
3452 3908
3453 3909
3454 391
3455 3910
3456 3911
3457 3912
3458 3913
3459 3914
3460 3915
3461 3916
3462 3917
3463 3918
3464 3919
3465 392
3466 3920
3467 3921
3468 3922
3469 3923
3470 3924
3471 3925
3472 3926
3473 3927
3474 3928
3475 3929
3476 393
3477 3930
3478 3931
3479 3932
3480 3933
3481 3934
3482 3935
3483 3936
3484 3937
3485 3938
3486 3939
3487 394
3488 3940
3489 3941
3490 3942
3491 3943
3492 3944
3493 3945
3494 3946
3495 3947
3496 3948
3497 3949
3498 395
3499 3950
3500 3951
3501 3952
3502 3953
3503 3954
3504 3955
3505 3956
3506 3958
3507 3959
3508 396
3509 3960
3510 3961
3511 3962
3512 3963
3513 3964
3514 3965
3515 3966
3516 3967
3517 3968
3518 3969
3519 3970
3520 3971
3521 568
3522 3972
3523 3973
3524 3974
3525 3975
3526 3976
3527 3977
3528 3978
3529 3979
3530 398
3531 3980
3532 3981
3533 3982
3534 3983
3535 3984
3536 3985
3537 3986
3538 3987
3539 3988
3540 3989
3541 399
3542 3990
3543 3991
3544 3992
3545 3993
3546 3994
3547 419
3548 3995
3549 3996
3550 3997
3551 3998
3552 3999
3553 40
3554 400
3555 4000
3556 4001
3557 4002
3558 4003
3559 4004
3560 4005
3561 4006
3562 4007
3563 4008
3564 4009
3565 401
3566 4010
3567 4011
3568 4012
3569 4013
3570 4014
3571 4015
3572 4016
3573 4017
3574 4018
3575 4019
3576 4020
3577 4021
3578 4022
3579 4023
3580 4024
3581 4025
3582 4026
3583 4027
3584 4028
3585 4029
3586 4030
3587 4031
3588 4032
3589 4033
3590 4034
3591 4035
3592 4036
3593 4037
3594 4038
3595 4039
3596 404
3597 4040
3598 4041
3599 4042
3600 4043
3601 4044
3602 4045
3603 4046
3604 4047
3605 4048
3606 4049
3607 405
3608 4050
3609 4051
3610 4052
3611 4053
3612 4054
3613 4055
3614 4056
3615 4057
3616 4058
3617 4059
3618 406
3619 4060
3620 4061
3621 4062
3622 4063
3623 4064
3624 4065
3625 4066
3626 4067
3627 4068
3628 4069
3629 4070
3630 4071
3631 4072
3632 4073
3633 4074
3634 4075
3635 4076
3636 4077
3637 4078
3638 4079
3639 408
3640 4080
3641 4081
3642 4082
3643 4083
3644 4084
3645 4085
3646 4086
3647 4087
3648 4088
3649 4089
3650 4090
3651 409
3652 4091
3653 4092
3654 4093
3655 4094
3656 4095
3657 4096
3658 4097
3659 4098
3660 4099
3661 41
3662 410
3663 4100
3664 4101
3665 4102
3666 4103
3667 4104
3668 4105
3669 4106
3670 4107
3671 4108
3672 4109
3673 411
3674 4110
3675 4111
3676 4112
3677 4113
3678 4114
3679 4115
3680 4116
3681 4117
3682 4118
3683 4119
3684 412
3685 4120
3686 4121
3687 4122
3688 4123
3689 4124
3690 4125
3691 4126
3692 4127
3693 4128
3694 4129
3695 413
3696 4130
3697 4133
3698 4134
3699 4135
3700 4136
3701 4137
3702 4138
3703 4139
3704 414
3705 4140
3706 4141
3707 4142
3708 4143
3709 4144
3710 4145
3711 4146
3712 4147
3713 4148
3714 4149
3715 415
3716 4150
3717 4151
3718 4152
3719 4153
3720 4154
3721 4155
3722 4156
3723 4157
3724 4158
3725 4159
3726 416
3727 4160
3728 4161
3729 4162
3730 4163
3731 4164
3732 4165
3733 4166
3734 4167
3735 4168
3736 4169
3737 4170
3738 4171
3739 4172
3740 4173
3741 4174
3742 4175
3743 4176
3744 4177
3745 4178
3746 4179
3747 4180
3748 4181
3749 4182
3750 4183
3751 4184
3752 4185
3753 4186
3754 4187
3755 418
3756 4188
3757 4189
3758 4190
3759 4191
3760 4192
3761 4193
3762 4194
3763 680
3764 4195
3765 4196
3766 4197
3767 4198
3768 4199
3769 42
3770 420
3771 4200
3772 4201
3773 4202
3774 4203
3775 4204
3776 4205
3777 4206
3778 4207
3779 4208
3780 4209
3781 421
3782 4210
3783 4211
3784 4212
3785 4213
3786 4214
3787 4215
3788 4216
3789 4217
3790 4218
3791 4219
3792 422
3793 4220
3794 4221
3795 4222
3796 4223
3797 4224
3798 4225
3799 4226
3800 4227
3801 4228
3802 4229
3803 423
3804 4230
3805 4231
3806 4232
3807 4233
3808 4234
3809 4235
3810 4236
3811 4237
3812 4238
3813 4239
3814 4240
3815 4241
3816 4242
3817 4243
3818 4244
3819 4245
3820 4246
3821 4247
3822 4248
3823 4249
3824 425
3825 4250
3826 4251
3827 4252
3828 4253
3829 4254
3830 4255
3831 4256
3832 4257
3833 4258
3834 4259
3835 426
3836 4260
3837 4262
3838 4263
3839 4264
3840 8056
3841 8057
3842 8058
3843 8059
3844 8060
3845 8061
3846 8062
3847 8063
3848 4265
3849 4266
3850 4267
3851 962
3852 4268
3853 4269
3854 427
3855 4270
3856 4271
3857 4272
3858 4273
3859 4274
3860 4275
3861 4276
3862 4277
3863 4278
3864 4279
3865 428
3866 4280
3867 4281
3868 4282
3869 4283
3870 4284
3871 4285
3872 4286
3873 4287
3874 4288
3875 4289
3876 429
3877 4290
3878 4291
3879 4292
3880 4293
3881 4294
3882 4295
3883 4296
3884 4297
3885 4298
3886 4299
3887 43
3888 430
3889 4300
3890 4301
3891 4302
3892 4303
3893 4304
3894 4305
3895 4306
3896 4307
3897 4308
3898 4309
3899 431
3900 4310
3901 4311
3902 4312
3903 4313
3904 4314
3905 4315
3906 4316
3907 4317
3908 4318
3909 4319
3910 432
3911 4320
3912 4321
3913 4322
3914 4323
3915 4324
3916 4325
3917 4326
3918 4327
3919 4328
3920 4329
3921 4330
3922 4331
3923 4332
3924 4333
3925 4334
3926 4335
3927 4336
3928 4337
3929 4338
3930 4339
3931 434
3932 4340
3933 4341
3934 4342
3935 4343
3936 4344
3937 4345
3938 4346
3939 4347
3940 4348
3941 4349
3942 435
3943 4350
3944 4351
3945 4352
3946 4353
3947 4354
3948 4355
3949 4356
3950 4357
3951 4358
3952 4359
3953 436
3954 4360
3955 4361
3956 4362
3957 4363
3958 4364
3959 4365
3960 4366
3961 4367
3962 4368
3963 4369
3964 437
3965 4370
3966 4371
3967 4372
3968 4373
3969 4374
3970 4375
3971 4376
3972 4377
3973 4378
3974 4379
3975 922
3976 4380
3977 4381
3978 4382
3979 4383
3980 4384
3981 4385
3982 4386
3983 4387
3984 4388
3985 4389
3986 439
3987 4390
3988 4391
3989 4392
3990 4393
3991 4394
3992 4395
3993 4396
3994 4397
3995 4398
3996 4399
3997 4400
3998 440
3999 4401
4000 4402
4001 4403
4002 4404
4003 4405
4004 4406
4005 4407
4006 4408
4007 4409
4008 441
4009 4410
4010 4411
4011 4412
4012 4413
4013 4414
4014 4415
4015 4416
4016 4417
4017 4418
4018 4419
4019 442
4020 4420
4021 4421
4022 4422
4023 4423
4024 4424
4025 4425
4026 4426
4027 4427
4028 4428
4029 4429
4030 443
4031 4430
4032 4431
4033 4432
4034 4433
4035 4434
4036 4435
4037 4436
4038 4437
4039 4438
4040 4439
4041 4440
4042 4441
4043 4442
4044 4443
4045 4444
4046 4445
4047 4446
4048 4447
4049 4448
4050 4449
4051 445
4052 4450
4053 4451
4054 4452
4055 4453
4056 4454
4057 4455
4058 4456
4059 4457
4060 4458
4061 4459
4062 4460
4063 4461
4064 4462
4065 4463
4066 4464
4067 4465
4068 4466
4069 4467
4070 4468
4071 4469
4072 6967
4073 4470
4074 4471
4075 4472
4076 4473
4077 4474
4078 4475
4079 4476
4080 4477
4081 4478
4082 4479
4083 448
4084 4480
4085 4481
4086 4482
4087 4483
4088 4484
4089 4485
4090 4486
4091 4487
4092 4488
4093 4489
4094 449
4095 4490
4096 4491
4097 4492
4098 4493
4099 4494
4100 4495
4101 4496
4102 4497
4103 4498
4104 4499
4105 45
4106 4500
4107 4501
4108 4502
4109 4503
4110 4504
4111 4505
4112 4506
4113 4507
4114 4508
4115 4509
4116 451
4117 4510
4118 4511
4119 4512
4120 4513
4121 4514
4122 4515
4123 4516
4124 4517
4125 4518
4126 4519
4127 452
4128 4520
4129 4521
4130 4522
4131 663
4132 4523
4133 4524
4134 4525
4135 4526
4136 4527
4137 4528
4138 4529
4139 453
4140 4530
4141 4531
4142 4532
4143 4533
4144 4534
4145 4535
4146 4536
4147 4537
4148 4538
4149 4539
4150 454
4151 4540
4152 4541
4153 4542
4154 4543
4155 4544
4156 4545
4157 4546
4158 4547
4159 4548
4160 4549
4161 4550
4162 4551
4163 4552
4164 4553
4165 4554
4166 4555
4167 4556
4168 4557
4169 4558
4170 4559
4171 4560
4172 4561
4173 4562
4174 4563
4175 4564
4176 4565
4177 4566
4178 4567
4179 4568
4180 4569
4181 4570
4182 4571
4183 4572
4184 4573
4185 4574
4186 4575
4187 4576
4188 4577
4189 4578
4190 4579
4191 458
4192 4580
4193 4581
4194 4583
4195 4584
4196 4585
4197 4586
4198 4587
4199 4588
4200 4589
4201 4590
4202 4591
4203 4592
4204 4593
4205 4594
4206 611
4207 4595
4208 4596
4209 4597
4210 4598
4211 4599
4212 460
4213 4600
4214 4601
4215 4602
4216 4603
4217 4604
4218 4605
4219 4606
4220 4607
4221 7608
4222 4608
4223 4609
4224 461
4225 4610
4226 4611
4227 4612
4228 4613
4229 4614
4230 916
4231 4615
4232 4616
4233 4617
4234 4618
4235 995
4236 4619
4237 462
4238 4620
4239 4621
4240 4622
4241 4623
4242 797
4243 4624
4244 4625
4245 4626
4246 4627
4247 4628
4248 4629
4249 463
4250 4630
4251 4631
4252 4632
4253 4633
4254 4634
4255 4635
4256 4636
4257 4637
4258 4638
4259 4639
4260 464
4261 4640
4262 4641
4263 4642
4264 4643
4265 4644
4266 4645
4267 4646
4268 4647
4269 4648
4270 4649
4271 465
4272 4650
4273 4651
4274 4652
4275 4653
4276 4654
4277 4655
4278 4656
4279 4657
4280 4658
4281 4659
4282 466
4283 4661
4284 4662
4285 4663
4286 4664
4287 4665
4288 4666
4289 4667
4290 4668
4291 4669
4292 467
4293 4670
4294 4671
4295 4672
4296 4673
4297 4674
4298 4675
4299 4676
4300 4677
4301 4678
4302 4679
4303 4680
4304 4681
4305 4682
4306 468
4307 4683
4308 963
4309 4684
4310 4685
4311 4686
4312 4687
4313 4688
4314 4689
4315 4690
4316 4691
4317 4692
4318 4693
4319 4694
4320 4695
4321 4696
4322 4697
4323 4698
4324 4699
4325 47
4326 470
4327 4700
4328 4701
4329 4702
4330 4703
4331 4704
4332 4705
4333 4706
4334 4707
4335 4708
4336 4709
4337 471
4338 472
4339 479
4340 483
4341 485
4342 486
4343 4710
4344 4711
4345 4712
4346 4713
4347 4714
4348 4715
4349 4716
4350 4717
4351 4718
4352 4719
4353 4720
4354 4721
4355 4722
4356 4723
4357 4724
4358 4725
4359 4726
4360 4727
4361 4728
4362 4729
4363 4730
4364 4731
4365 4732
4366 4733
4367 4734
4368 4735
4369 4736
4370 4737
4371 4738
4372 4739
4373 4740
4374 4741
4375 4742
4376 4743
4377 4744
4378 4745
4379 4746
4380 4747
4381 4748
4382 4749
4383 4750
4384 4751
4385 4752
4386 4753
4387 4754
4388 4755
4389 4756
4390 4757
4391 4758
4392 4759
4393 4760
4394 4761
4395 4762
4396 4763
4397 4764
4398 4765
4399 4766
4400 4767
4401 4768
4402 4769
4403 4770
4404 4771
4405 4772
4406 4773
4407 4774
4408 4775
4409 4776
4410 4777
4411 4778
4412 4779
4413 4780
4414 5060
4415 5761
4416 7398
4417 7448
4418 7469
4419 7470
4420 7471
4421 7472
4422 7473
4423 7474
4424 7475
4425 7476
4426 7477
4427 4781
4428 4782
4429 4783
4430 4784
4431 4785
4432 4786
4433 4787
4434 4788
4435 4789
4436 4790
4437 4791
4438 4792
4439 4793
4440 4794
4441 4795
4442 4796
4443 4797
4444 6497
4445 4798
4446 4799
4447 48
4448 4800
4449 4801
4450 4802
4451 4803
4452 4804
4453 4805
4454 4806
4455 4807
4456 4808
4457 4809
4458 4810
4459 4811
4460 4812
4461 4813
4462 4814
4463 4815
4464 4816
4465 4817
4466 4818
4467 4819
4468 4820
4469 4821
4470 4822
4471 4824
4472 4825
4473 4826
4474 4828
4475 4829
4476 4830
4477 4831
4478 4832
4479 4833
4480 4834
4481 4835
4482 4836
4483 4837
4484 4838
4485 4839
4486 4840
4487 4841
4488 4842
4489 4843
4490 4844
4491 4845
4492 4846
4493 4847
4494 4848
4495 4849
4496 4850
4497 4851
4498 4852
4499 4853
4500 4854
4501 4855
4502 4856
4503 4857
4504 4858
4505 4859
4506 4860
4507 4861
4508 4862
4509 4863
4510 4864
4511 7671
4512 4865
4513 4866
4514 4867
4515 4868
4516 4869
4517 4870
4518 4871
4519 4872
4520 4873
4521 4874
4522 4875
4523 4876
4524 4877
4525 4878
4526 4879
4527 488
4528 4880
4529 4881
4530 4882
4531 4883
4532 4884
4533 4885
4534 4886
4535 4887
4536 4888
4537 4889
4538 4890
4539 4891
4540 4892
4541 4893
4542 4894
4543 4895
4544 4896
4545 4897
4546 4898
4547 4899
4548 49
4549 490
4550 4900
4551 4901
4552 4902
4553 4903
4554 4904
4555 4905
4556 4906
4557 4907
4558 4908
4559 5035
4560 491
4561 4910
4562 4911
4563 4912
4564 4913
4565 4914
4566 4915
4567 4916
4568 4917
4569 4989
4570 6324
4571 4918
4572 4919
4573 4920
4574 4921
4575 4922
4576 4923
4577 4924
4578 4925
4579 4926
4580 4927
4581 4928
4582 4929
4583 493
4584 4930
4585 4931
4586 4932
4587 4933
4588 4934
4589 4935
4590 4936
4591 4937
4592 4938
4593 4939
4594 494
4595 4940
4596 4941
4597 4942
4598 4943
4599 4944
4600 4945
4601 4946
4602 4947
4603 4948
4604 4949
4605 495
4606 4950
4607 4951
4608 4952
4609 4953
4610 4954
4611 4955
4612 4956
4613 4957
4614 4958
4615 4959
4616 496
4617 4960
4618 4961
4619 4962
4620 4963
4621 4964
4622 4965
4623 4966
4624 4967
4625 4968
4626 4969
4627 4970
4628 4972
4629 4973
4630 4974
4631 4975
4632 4976
4633 4977
4634 4978
4635 4979
4636 498
4637 499
4638 4980
4639 4981
4640 4982
4641 4983
4642 4984
4643 4985
4644 4986
4645 4987
4646 4988
4647 4990
4648 4991
4649 4992
4650 4993
4651 4994
4652 4995
4653 4996
4654 4997
4655 4998
4656 4999
4657 5000
4658 5
4659 50
4660 500
4661 5001
4662 5002
4663 5003
4664 5004
4665 5005
4666 5006
4667 5007
4668 5008
4669 5009
4670 501
4671 5010
4672 5011
4673 5012
4674 5013
4675 5014
4676 5015
4677 5016
4678 5017
4679 5018
4680 5019
4681 502
4682 5020
4683 5021
4684 5022
4685 5023
4686 5024
4687 5025
4688 5026
4689 5027
4690 5028
4691 5029
4692 503
4693 5030
4694 5031
4695 5032
4696 5033
4697 5034
4698 5036
4699 5038
4700 5039
4701 5040
4702 5041
4703 5042
4704 5043
4705 5044
4706 5045
4707 5046
4708 5047
4709 5048
4710 5049
4711 505
4712 5050
4713 5051
4714 5052
4715 5053
4716 5054
4717 5055
4718 5056
4719 5057
4720 5058
4721 5059
4722 5061
4723 5062
4724 5063
4725 5064
4726 925
4727 927
4728 506
4729 5065
4730 5066
4731 5067
4732 5068
4733 5069
4734 507
4735 5070
4736 5071
4737 5072
4738 5073
4739 5074
4740 5075
4741 5076
4742 5077
4743 5078
4744 5079
4745 508
4746 5080
4747 5081
4748 5082
4749 5083
4750 5084
4751 5085
4752 5086
4753 5087
4754 5088
4755 5089
4756 8029
4757 5090
4758 5091
4759 5092
4760 5093
4761 5094
4762 5095
4763 5096
4764 5097
4765 5098
4766 5099
4767 510
4768 5100
4769 5101
4770 5102
4771 5103
4772 5104
4773 5105
4774 5106
4775 5107
4776 5108
4777 5109
4778 5586
4779 5587
4780 7860
4781 5110
4782 5111
4783 5112
4784 5113
4785 5114
4786 5115
4787 5116
4788 5117
4789 5118
4790 5119
4791 5120
4792 5121
4793 5122
4794 5123
4795 5124
4796 5125
4797 5126
4798 5127
4799 5128
4800 5129
4801 513
4802 514
4803 5130
4804 5131
4805 5132
4806 5133
4807 5134
4808 5135
4809 5136
4810 5137
4811 5138
4812 5139
4813 5140
4814 5141
4815 5142
4816 5143
4817 5144
4818 5145
4819 5146
4820 5147
4821 5148
4822 5149
4823 5150
4824 5151
4825 5152
4826 5153
4827 5154
4828 5155
4829 5156
4830 5157
4831 5158
4832 5159
4833 5160
4834 516
4835 5161
4836 5162
4837 5163
4838 5164
4839 5165
4840 5166
4841 5167
4842 5168
4843 5169
4844 517
4845 5170
4846 5171
4847 5172
4848 5173
4849 5174
4850 5175
4851 5176
4852 5177
4853 5178
4854 5179
4855 537
4856 5180
4857 5181
4858 5182
4859 5183
4860 5184
4861 5185
4862 5186
4863 5187
4864 5188
4865 5189
4866 519
4867 5190
4868 5191
4869 5192
4870 5193
4871 5194
4872 5195
4873 5196
4874 5197
4875 5198
4876 5199
4877 52
4878 5200
4879 5201
4880 5202
4881 5203
4882 5204
4883 5205
4884 5206
4885 5207
4886 5208
4887 5209
4888 521
4889 5210
4890 5211
4891 5212
4892 5213
4893 5214
4894 5215
4895 5216
4896 5217
4897 5218
4898 5219
4899 522
4900 5220
4901 5221
4902 5222
4903 5223
4904 5224
4905 5225
4906 5226
4907 5227
4908 5228
4909 5229
4910 5230
4911 523
4912 5231
4913 5232
4914 5233
4915 5234
4916 5235
4917 5236
4918 5237
4919 5238
4920 5239
4921 524
4922 5240
4923 5241
4924 5242
4925 5243
4926 5244
4927 5245
4928 5246
4929 5247
4930 5248
4931 5249
4932 525
4933 5250
4934 5251
4935 5252
4936 5253
4937 5254
4938 5255
4939 5256
4940 5257
4941 5258
4942 5259
4943 5260
4944 5261
4945 5262
4946 5263
4947 5264
4948 5265
4949 5266
4950 5267
4951 5268
4952 5269
4953 527
4954 5270
4955 5271
4956 5272
4957 5273
4958 5274
4959 5275
4960 5276
4961 5277
4962 5278
4963 5279
4964 528
4965 5280
4966 5281
4967 5282
4968 5283
4969 5284
4970 5285
4971 5286
4972 5287
4973 5288
4974 5289
4975 5290
4976 5291
4977 5292
4978 5293
4979 5294
4980 5295
4981 5296
4982 5297
4983 5298
4984 5299
4985 53
4986 530
4987 5300
4988 5301
4989 5302
4990 5303
4991 5304
4992 5305
4993 5306
4994 5307
4995 5308
4996 5309
4997 531
4998 5310
4999 5311
5000 5312
5001 5313
5002 5314
5003 5315
5004 5316
5005 5317
5006 5318
5007 5319
5008 532
5009 5320
5010 5321
5011 5322
5012 5323
5013 5324
5014 5325
5015 5326
5016 5327
5017 5328
5018 5329
5019 533
5020 534
5021 5330
5022 5331
5023 5333
5024 5335
5025 5337
5026 5338
5027 5339
5028 5340
5029 5341
5030 5342
5031 5343
5032 5344
5033 5345
5034 5346
5035 5347
5036 5348
5037 5349
5038 5350
5039 535
5040 5351
5041 5352
5042 5353
5043 5354
5044 5355
5045 5356
5046 5357
5047 5358
5048 5359
5049 536
5050 5360
5051 5361
5052 5362
5053 5363
5054 5364
5055 5365
5056 5366
5057 5367
5058 5368
5059 5369
5060 5370
5061 5371
5062 5372
5063 5373
5064 5374
5065 5375
5066 5376
5067 5377
5068 5378
5069 5379
5070 538
5071 5380
5072 5381
5073 5382
5074 5383
5075 5384
5076 5385
5077 5386
5078 5387
5079 5388
5080 5389
5081 539
5082 5390
5083 5391
5084 5392
5085 5393
5086 5394
5087 5395
5088 5396
5089 5397
5090 5398
5091 5399
5092 54
5093 540
5094 5400
5095 5401
5096 5402
5097 5403
5098 5404
5099 5405
5100 5406
5101 5407
5102 5408
5103 5409
5104 541
5105 5410
5106 5411
5107 5412
5108 5413
5109 5414
5110 5415
5111 5416
5112 5417
5113 5418
5114 5419
5115 542
5116 5420
5117 5421
5118 5422
5119 5423
5120 5838
5121 5424
5122 5425
5123 5426
5124 5427
5125 5428
5126 5429
5127 543
5128 5430
5129 5431
5130 5432
5131 5434
5132 5435
5133 5436
5134 5437
5135 5438
5136 5439
5137 5440
5138 5441
5139 5442
5140 5443
5141 5444
5142 5445
5143 5446
5144 5447
5145 5448
5146 5449
5147 545
5148 5450
5149 5451
5150 5452
5151 5453
5152 5454
5153 5455
5154 5456
5155 5457
5156 5458
5157 5459
5158 546
5159 5460
5160 5461
5161 5462
5162 5463
5163 5464
5164 5465
5165 5466
5166 5467
5167 5468
5168 5469
5169 5470
5170 5471
5171 5472
5172 5473
5173 5474
5174 5476
5175 5477
5176 5478
5177 5479
5178 548
5179 5480
5180 5481
5181 5482
5182 5483
5183 5484
5184 5485
5185 5486
5186 5487
5187 5488
5188 5489
5189 5490
5190 5491
5191 5492
5192 5494
5193 5495
5194 5496
5195 5497
5196 5498
5197 5499
5198 55
5199 550
5200 5500
5201 5501
5202 5502
5203 5503
5204 5504
5205 5505
5206 5506
5207 5507
5208 5508
5209 5509
5210 551
5211 5510
5212 5511
5213 5512
5214 5513
5215 5514
5216 5515
5217 5516
5218 5517
5219 5518
5220 5519
5221 552
5222 5520
5223 5521
5224 5522
5225 5523
5226 5524
5227 5525
5228 5526
5229 5527
5230 5528
5231 5529
5232 553
5233 5530
5234 5531
5235 5532
5236 5533
5237 5534
5238 5535
5239 5536
5240 5537
5241 5538
5242 5539
5243 554
5244 5540
5245 5541
5246 5542
5247 5543
5248 5544
5249 5545
5250 5546
5251 5547
5252 5548
5253 5549
5254 5550
5255 5551
5256 5552
5257 5553
5258 5554
5259 5555
5260 5556
5261 5557
5262 5558
5263 5559
5264 556
5265 5560
5266 5561
5267 5562
5268 5563
5269 5564
5270 5565
5271 5566
5272 5567
5273 5568
5274 5569
5275 557
5276 5570
5277 5571
5278 5572
5279 5573
5280 5574
5281 5575
5282 5576
5283 5577
5284 5578
5285 5579
5286 558
5287 5580
5288 5581
5289 5582
5290 5583
5291 5584
5292 5585
5293 5588
5294 5589
5295 559
5296 5590
5297 5591
5298 5592
5299 5593
5300 5594
5301 5595
5302 5596
5303 5597
5304 5598
5305 5599
5306 5600
5307 5601
5308 5602
5309 5603
5310 5604
5311 5605
5312 5606
5313 5607
5314 5608
5315 5609
5316 5610
5317 5611
5318 5612
5319 5613
5320 5614
5321 5615
5322 5616
5323 5617
5324 5618
5325 5619
5326 562
5327 5620
5328 5621
5329 5622
5330 5623
5331 5624
5332 5625
5333 5626
5334 5627
5335 5628
5336 5629
5337 5630
5338 5631
5339 5632
5340 5633
5341 5634
5342 5635
5343 5636
5344 5637
5345 5638
5346 5639
5347 564
5348 5640
5349 5641
5350 5642
5351 5643
5352 5644
5353 5645
5354 5646
5355 5647
5356 5648
5357 5649
5358 565
5359 5650
5360 5651
5361 5652
5362 5653
5363 5654
5364 5655
5365 5656
5366 5657
5367 5658
5368 5659
5369 566
5370 5660
5371 5661
5372 5662
5373 5663
5374 5664
5375 5665
5376 5666
5377 5667
5378 5668
5379 5669
5380 5670
5381 5671
5382 5672
5383 5673
5384 5674
5385 5675
5386 5676
5387 5677
5388 5678
5389 5679
5390 5680
5391 5681
5392 5682
5393 5683
5394 5684
5395 5685
5396 5686
5397 5687
5398 5688
5399 5689
5400 569
5401 5690
5402 5691
5403 5692
5404 5693
5405 5694
5406 5695
5407 5696
5408 5697
5409 5698
5410 5699
5411 57
5412 58
5413 570
5414 5700
5415 5701
5416 5702
5417 5703
5418 5704
5419 5705
5420 5706
5421 5707
5422 5708
5423 5709
5424 571
5425 5710
5426 5711
5427 5712
5428 5713
5429 5714
5430 5715
5431 5716
5432 5717
5433 5718
5434 5719
5435 572
5436 5720
5437 5721
5438 5722
5439 5723
5440 5724
5441 5725
5442 5726
5443 5727
5444 5728
5445 5729
5446 5730
5447 5731
5448 5732
5449 5733
5450 5734
5451 5735
5452 5736
5453 5737
5454 5738
5455 5739
5456 574
5457 5740
5458 5741
5459 5742
5460 5743
5461 5744
5462 5745
5463 5746
5464 5747
5465 5748
5466 5749
5467 575
5468 5750
5469 5751
5470 5752
5471 5753
5472 5754
5473 5755
5474 5756
5475 5757
5476 5758
5477 5759
5478 5760
5479 576
5480 5763
5481 5764
5482 5765
5483 5766
5484 5767
5485 5768
5486 5769
5487 577
5488 5770
5489 5771
5490 5772
5491 5773
5492 5774
5493 5775
5494 5776
5495 5777
5496 5778
5497 5779
5498 5780
5499 5781
5500 5782
5501 5783
5502 5784
5503 5785
5504 5786
5505 5787
5506 5788
5507 5789
5508 579
5509 5790
5510 5791
5511 5792
5512 5793
5513 5794
5514 5795
5515 5796
5516 5797
5517 5798
5518 5799
5519 580
5520 581
5521 5800
5522 5801
5523 5802
5524 5803
5525 5804
5526 5805
5527 5806
5528 5807
5529 5808
5530 5809
5531 5810
5532 5811
5533 5812
5534 5813
5535 5814
5536 5815
5537 5816
5538 5817
5539 5818
5540 5819
5541 582
5542 583
5543 5820
5544 5821
5545 5822
5546 5823
5547 5824
5548 5825
5549 5826
5550 5827
5551 5828
5552 5829
5553 5830
5554 5831
5555 5832
5556 5833
5557 5834
5558 5835
5559 5836
5560 5837
5561 5840
5562 5841
5563 5842
5564 5843
5565 5844
5566 5845
5567 5846
5568 5847
5569 5848
5570 5849
5571 585
5572 5850
5573 5851
5574 5852
5575 5853
5576 5854
5577 5855
5578 5856
5579 5857
5580 5858
5581 5859
5582 586
5583 5860
5584 5861
5585 5862
5586 5863
5587 5864
5588 5865
5589 5866
5590 5867
5591 5868
5592 5869
5593 5870
5594 5871
5595 5872
5596 5873
5597 5874
5598 5875
5599 5876
5600 587
5601 5877
5602 5878
5603 5879
5604 588
5605 5880
5606 5881
5607 5882
5608 5883
5609 5884
5610 5885
5611 5886
5612 5887
5613 5888
5614 5889
5615 589
5616 5890
5617 5891
5618 5892
5619 5893
5620 5894
5621 5895
5622 5896
5623 5897
5624 5898
5625 5899
5626 59
5627 590
5628 5900
5629 5901
5630 5902
5631 5903
5632 5904
5633 5905
5634 5906
5635 5907
5636 5908
5637 5909
5638 5910
5639 5911
5640 5912
5641 5913
5642 5914
5643 5915
5644 5916
5645 5917
5646 5918
5647 5919
5648 592
5649 5920
5650 5921
5651 5922
5652 5923
5653 5924
5654 5925
5655 5926
5656 5927
5657 5928
5658 5929
5659 593
5660 5930
5661 5931
5662 5932
5663 5933
5664 5934
5665 5935
5666 5936
5667 5937
5668 5938
5669 5939
5670 5940
5671 5941
5672 5942
5673 5943
5674 5944
5675 5945
5676 5946
5677 5947
5678 5948
5679 5949
5680 595
5681 5950
5682 5951
5683 5952
5684 5953
5685 5954
5686 5955
5687 5956
5688 5957
5689 5958
5690 5959
5691 5960
5692 5961
5693 5962
5694 5963
5695 5964
5696 5965
5697 5966
5698 5967
5699 5968
5700 5969
5701 597
5702 5970
5703 5971
5704 5972
5705 5973
5706 5974
5707 5975
5708 5976
5709 5977
5710 5978
5711 5979
5712 598
5713 5980
5714 5981
5715 5982
5716 5983
5717 5984
5718 5985
5719 5986
5720 5987
5721 5988
5722 5989
5723 5990
5724 5991
5725 5992
5726 5993
5727 5994
5728 5995
5729 5996
5730 5997
5731 5998
5732 5999
5733 600
5734 6000
5735 6001
5736 6002
5737 6003
5738 6004
5739 6005
5740 6006
5741 6007
5742 6008
5743 6009
5744 6010
5745 6011
5746 6012
5747 6013
5748 6014
5749 6015
5750 6016
5751 6017
5752 6018
5753 6019
5754 6020
5755 66
5756 6021
5757 6022
5758 6023
5759 6024
5760 6025
5761 6026
5762 6027
5763 6028
5764 6029
5765 603
5766 6030
5767 6031
5768 6032
5769 6033
5770 6034
5771 6035
5772 6036
5773 6037
5774 6038
5775 6039
5776 604
5777 6040
5778 6041
5779 6042
5780 6043
5781 6044
5782 6045
5783 6046
5784 6047
5785 6048
5786 6049
5787 605
5788 6050
5789 6051
5790 6052
5791 6053
5792 6054
5793 6055
5794 6056
5795 6057
5796 6058
5797 6059
5798 606
5799 6060
5800 6061
5801 6062
5802 6063
5803 6064
5804 6065
5805 6066
5806 6067
5807 6068
5808 6069
5809 607
5810 608
5811 6070
5812 6071
5813 6072
5814 6073
5815 6074
5816 6075
5817 6076
5818 6077
5819 6078
5820 6079
5821 6080
5822 6081
5823 6082
5824 6083
5825 6084
5826 6085
5827 6086
5828 6087
5829 6088
5830 6089
5831 609
5832 6090
5833 6091
5834 6092
5835 6093
5836 6094
5837 6095
5838 6096
5839 6097
5840 6098
5841 6099
5842 61
5843 610
5844 6100
5845 6101
5846 6102
5847 6103
5848 6104
5849 6105
5850 6106
5851 6107
5852 6108
5853 6109
5854 6110
5855 6111
5856 6112
5857 6113
5858 6114
5859 6115
5860 6116
5861 6117
5862 6118
5863 6119
5864 612
5865 6120
5866 6121
5867 6122
5868 6123
5869 6124
5870 6125
5871 6126
5872 6127
5873 6128
5874 6129
5875 613
5876 6130
5877 6131
5878 6132
5879 6133
5880 6134
5881 6135
5882 6136
5883 6137
5884 6138
5885 6139
5886 6140
5887 6141
5888 6142
5889 6143
5890 6144
5891 6145
5892 6146
5893 6147
5894 6148
5895 6149
5896 615
5897 6150
5898 6151
5899 6152
5900 6153
5901 6154
5902 6155
5903 6156
5904 6157
5905 6158
5906 6159
5907 616
5908 6160
5909 6161
5910 6162
5911 6163
5912 6164
5913 6165
5914 6166
5915 6167
5916 6168
5917 6169
5918 6170
5919 6171
5920 6172
5921 6173
5922 6174
5923 6175
5924 6176
5925 6177
5926 6178
5927 6179
5928 618
5929 6180
5930 6181
5931 6182
5932 6183
5933 6184
5934 6185
5935 6186
5936 6187
5937 6188
5938 6189
5939 619
5940 6190
5941 6191
5942 6192
5943 6193
5944 6194
5945 6195
5946 6196
5947 6197
5948 6198
5949 6199
5950 62
5951 620
5952 6200
5953 6201
5954 6202
5955 6203
5956 6204
5957 6205
5958 6206
5959 6207
5960 6208
5961 6209
5962 621
5963 6210
5964 6211
5965 6212
5966 6213
5967 6214
5968 6215
5969 6216
5970 6217
5971 6218
5972 6219
5973 622
5974 6220
5975 6221
5976 6222
5977 6223
5978 6224
5979 6225
5980 6226
5981 6227
5982 6228
5983 6229
5984 623
5985 6230
5986 6231
5987 6232
5988 6233
5989 6234
5990 6235
5991 6236
5992 6237
5993 6238
5994 6239
5995 624
5996 6240
5997 6241
5998 6242
5999 6243
6000 6244
6001 6245
6002 6246
6003 6247
6004 6248
6005 6249
6006 6250
6007 6251
6008 6252
6009 6253
6010 6254
6011 6255
6012 6256
6013 6257
6014 6258
6015 6259
6016 626
6017 6260
6018 6261
6019 6262
6020 6263
6021 6264
6022 6265
6023 6266
6024 6267
6025 6268
6026 6269
6027 627
6028 6270
6029 6271
6030 6272
6031 6273
6032 6274
6033 6275
6034 6276
6035 6277
6036 6278
6037 6279
6038 628
6039 6280
6040 6281
6041 6282
6042 6283
6043 6284
6044 6285
6045 6286
6046 6287
6047 6288
6048 6289
6049 629
6050 6290
6051 6291
6052 6292
6053 6293
6054 6294
6055 6295
6056 6296
6057 6297
6058 6298
6059 6299
6060 63
6061 630
6062 6300
6063 6301
6064 6302
6065 6303
6066 6304
6067 6305
6068 6306
6069 6307
6070 6308
6071 6309
6072 631
6073 6310
6074 6311
6075 6312
6076 6313
6077 6314
6078 6315
6079 6316
6080 6317
6081 6318
6082 6319
6083 632
6084 6320
6085 6321
6086 6322
6087 6323
6088 6325
6089 6326
6090 6327
6091 6328
6092 6329
6093 633
6094 6330
6095 6331
6096 6332
6097 6333
6098 6334
6099 6335
6100 6336
6101 6337
6102 6338
6103 6339
6104 6340
6105 6341
6106 6342
6107 6343
6108 6344
6109 6345
6110 6346
6111 6347
6112 6348
6113 6349
6114 6350
6115 6351
6116 6352
6117 6353
6118 6354
6119 6355
6120 6356
6121 6357
6122 634
6123 635
6124 6358
6125 6359
6126 6360
6127 6361
6128 6362
6129 6363
6130 6365
6131 6366
6132 6367
6133 6368
6134 6369
6135 6370
6136 6371
6137 6372
6138 6373
6139 6374
6140 6375
6141 6376
6142 6377
6143 6378
6144 6379
6145 638
6146 6380
6147 6381
6148 6382
6149 6383
6150 6384
6151 7420
6152 6385
6153 6386
6154 6387
6155 6388
6156 6389
6157 6390
6158 6391
6159 6392
6160 6393
6161 6394
6162 6395
6163 6396
6164 6397
6165 6398
6166 6399
6167 640
6168 6400
6169 6401
6170 6402
6171 6403
6172 6404
6173 6405
6174 6406
6175 6407
6176 6408
6177 6409
6178 641
6179 6410
6180 6411
6181 6412
6182 6413
6183 6414
6184 6415
6185 6416
6186 6417
6187 6418
6188 6419
6189 642
6190 6420
6191 6421
6192 6422
6193 6423
6194 6424
6195 6425
6196 6426
6197 6427
6198 6428
6199 6429
6200 6430
6201 6431
6202 6432
6203 6433
6204 6434
6205 6435
6206 6436
6207 6437
6208 6438
6209 6439
6210 7490
6211 7584
6212 6440
6213 6441
6214 6442
6215 6443
6216 6444
6217 6445
6218 6446
6219 6447
6220 6448
6221 6449
6222 6450
6223 6451
6224 6452
6225 6453
6226 6454
6227 6455
6228 6456
6229 6457
6230 6458
6231 6459
6232 646
6233 6460
6234 6461
6235 6462
6236 6463
6237 6464
6238 6465
6239 6466
6240 6467
6241 6468
6242 6469
6243 647
6244 6470
6245 6471
6246 6472
6247 6473
6248 6474
6249 6475
6250 6476
6251 6477
6252 6478
6253 6479
6254 648
6255 6480
6256 6481
6257 6482
6258 6484
6259 6485
6260 6486
6261 6487
6262 6488
6263 6489
6264 649
6265 6490
6266 6491
6267 6492
6268 6493
6269 6494
6270 6495
6271 6496
6272 6498
6273 6499
6274 65
6275 650
6276 6500
6277 6501
6278 6502
6279 6503
6280 6504
6281 6505
6282 6506
6283 6507
6284 6508
6285 6509
6286 651
6287 652
6288 6510
6289 6511
6290 6512
6291 6513
6292 6514
6293 6515
6294 6516
6295 6517
6296 6518
6297 6519
6298 6520
6299 6521
6300 6522
6301 6523
6302 6524
6303 6525
6304 6526
6305 6955
6306 6527
6307 6528
6308 6529
6309 653
6310 6530
6311 6531
6312 6532
6313 6533
6314 6534
6315 6535
6316 6536
6317 6537
6318 6538
6319 6539
6320 6540
6321 6541
6322 6542
6323 6543
6324 6544
6325 6545
6326 6546
6327 6547
6328 6548
6329 6549
6330 655
6331 6550
6332 6551
6333 6552
6334 6553
6335 6554
6336 6555
6337 6556
6338 6557
6339 6558
6340 6559
6341 656
6342 6560
6343 6561
6344 6562
6345 6563
6346 6564
6347 6565
6348 6566
6349 6567
6350 6568
6351 6569
6352 6570
6353 6571
6354 6572
6355 6573
6356 6574
6357 6575
6358 6576
6359 6577
6360 6578
6361 6579
6362 6580
6363 6581
6364 658
6365 6582
6366 6583
6367 6584
6368 6585
6369 6586
6370 6587
6371 6588
6372 6589
6373 659
6374 6590
6375 6591
6376 6592
6377 6593
6378 6594
6379 6595
6380 6596
6381 6597
6382 6598
6383 6599
6384 660
6385 6600
6386 6601
6387 6602
6388 6603
6389 6604
6390 6605
6391 6606
6392 6607
6393 6608
6394 6609
6395 6610
6396 6611
6397 6612
6398 6613
6399 6614
6400 6615
6401 6616
6402 6617
6403 6618
6404 6619
6405 662
6406 6620
6407 6621
6408 6622
6409 6623
6410 6624
6411 6625
6412 6626
6413 6627
6414 6628
6415 6629
6416 6630
6417 6631
6418 6632
6419 6633
6420 6634
6421 6635
6422 6636
6423 6637
6424 6638
6425 6639
6426 664
6427 6640
6428 6641
6429 6642
6430 6643
6431 6644
6432 6645
6433 6646
6434 6647
6435 6648
6436 6649
6437 665
6438 6650
6439 6651
6440 6652
6441 6653
6442 6654
6443 6655
6444 6656
6445 6657
6446 938
6447 6658
6448 6659
6449 666
6450 6660
6451 6661
6452 6662
6453 6663
6454 6664
6455 6665
6456 6666
6457 6667
6458 6668
6459 6669
6460 6670
6461 667
6462 6671
6463 6672
6464 6673
6465 6674
6466 6675
6467 6676
6468 6677
6469 6678
6470 6679
6471 668
6472 6680
6473 6681
6474 6682
6475 6683
6476 6684
6477 6685
6478 6686
6479 6687
6480 6688
6481 6689
6482 669
6483 6690
6484 6691
6485 6692
6486 6693
6487 6694
6488 6695
6489 6696
6490 6697
6491 6698
6492 6699
6493 67
6494 670
6495 6700
6496 6701
6497 6702
6498 6703
6499 6704
6500 6705
6501 6706
6502 6707
6503 6708
6504 671
6505 672
6506 673
6507 674
6508 6740
6509 6741
6510 6742
6511 6743
6512 6744
6513 6745
6514 6746
6515 6747
6516 6748
6517 6749
6518 6750
6519 675
6520 6751
6521 6752
6522 6753
6523 6754
6524 6755
6525 6756
6526 6757
6527 6758
6528 6759
6529 6760
6530 6761
6531 6762
6532 6763
6533 6764
6534 6765
6535 6766
6536 6767
6537 6768
6538 6769
6539 677
6540 6770
6541 6771
6542 6772
6543 6773
6544 6774
6545 6775
6546 6776
6547 6777
6548 6778
6549 6779
6550 6780
6551 6781
6552 6782
6553 6783
6554 6784
6555 6785
6556 6786
6557 6787
6558 6788
6559 6789
6560 679
6561 6790
6562 6791
6563 6792
6564 6793
6565 6794
6566 6795
6567 6796
6568 6797
6569 6798
6570 6799
6571 7328
6572 6800
6573 6801
6574 6802
6575 6803
6576 6804
6577 6805
6578 6806
6579 6807
6580 6808
6581 6809
6582 681
6583 6810
6584 6811
6585 6812
6586 6813
6587 6814
6588 6815
6589 6816
6590 6817
6591 6818
6592 6819
6593 682
6594 6820
6595 6821
6596 6822
6597 6823
6598 6824
6599 6825
6600 6826
6601 6827
6602 6828
6603 6829
6604 683
6605 6830
6606 6831
6607 6832
6608 6833
6609 6834
6610 6835
6611 6836
6612 6837
6613 6838
6614 6839
6615 684
6616 6840
6617 6841
6618 6842
6619 6843
6620 6844
6621 6845
6622 6846
6623 6847
6624 6848
6625 6849
6626 685
6627 6850
6628 6851
6629 6852
6630 6853
6631 6854
6632 6855
6633 6856
6634 6857
6635 6858
6636 6859
6637 686
6638 6860
6639 6861
6640 6862
6641 6863
6642 6864
6643 6865
6644 6866
6645 6867
6646 6868
6647 6869
6648 6870
6649 6871
6650 6872
6651 6873
6652 6874
6653 6875
6654 6876
6655 6877
6656 6878
6657 6879
6658 688
6659 6880
6660 6881
6661 6882
6662 6883
6663 6884
6664 6885
6665 6886
6666 6887
6667 6888
6668 6889
6669 6890
6670 6891
6671 6892
6672 6893
6673 6894
6674 6895
6675 6896
6676 6897
6677 6898
6678 6899
6679 69
6680 690
6681 6900
6682 6901
6683 6902
6684 6903
6685 6904
6686 6905
6687 6906
6688 6907
6689 6908
6690 6909
6691 691
6692 6910
6693 6911
6694 6912
6695 6913
6696 6914
6697 6915
6698 6916
6699 6917
6700 6918
6701 6919
6702 6920
6703 6921
6704 6922
6705 6923
6706 6924
6707 6925
6708 6926
6709 6927
6710 6928
6711 6929
6712 693
6713 6930
6714 6931
6715 6932
6716 6933
6717 6934
6718 6935
6719 6936
6720 6937
6721 6938
6722 6939
6723 694
6724 6940
6725 6941
6726 6942
6727 6943
6728 6944
6729 6945
6730 6946
6731 6947
6732 6948
6733 6949
6734 6950
6735 6951
6736 6952
6737 6953
6738 6954
6739 6956
6740 6957
6741 6958
6742 6959
6743 6960
6744 6961
6745 6962
6746 6963
6747 6964
6748 6965
6749 6966
6750 6968
6751 6969
6752 697
6753 6970
6754 6971
6755 6972
6756 6973
6757 6974
6758 6975
6759 6976
6760 6977
6761 6978
6762 6979
6763 698
6764 6980
6765 6981
6766 6983
6767 6982
6768 6984
6769 6985
6770 6986
6771 6987
6772 6988
6773 6989
6774 699
6775 6990
6776 6991
6777 6992
6778 6993
6779 6994
6780 6995
6781 6996
6782 6997
6783 6998
6784 6999
6785 7
6786 70
6787 700
6788 7000
6789 7001
6790 7002
6791 7003
6792 7004
6793 7005
6794 7006
6795 7007
6796 7008
6797 7009
6798 701
6799 7010
6800 7011
6801 7012
6802 7013
6803 7014
6804 7015
6805 7016
6806 7017
6807 7018
6808 7019
6809 702
6810 7020
6811 7021
6812 7022
6813 7023
6814 7024
6815 7025
6816 7026
6817 7027
6818 7028
6819 7029
6820 7030
6821 7031
6822 7032
6823 7033
6824 7034
6825 7035
6826 7036
6827 7037
6828 7038
6829 7039
6830 704
6831 7040
6832 7041
6833 7042
6834 7043
6835 7044
6836 7045
6837 7046
6838 7047
6839 7048
6840 7049
6841 705
6842 7050
6843 7051
6844 7052
6845 7053
6846 7054
6847 7055
6848 7056
6849 7057
6850 7058
6851 7059
6852 7060
6853 7061
6854 7062
6855 7063
6856 7064
6857 7065
6858 7066
6859 7067
6860 7068
6861 7069
6862 707
6863 7070
6864 7071
6865 7072
6866 7073
6867 7074
6868 7075
6869 7076
6870 7077
6871 7078
6872 7079
6873 708
6874 7080
6875 7081
6876 7082
6877 7083
6878 7084
6879 7085
6880 7086
6881 7087
6882 7088
6883 7089
6884 7090
6885 7091
6886 7092
6887 7093
6888 7094
6889 7095
6890 7096
6891 7097
6892 7098
6893 7099
6894 710
6895 7100
6896 7101
6897 7102
6898 7103
6899 7104
6900 7105
6901 7106
6902 7107
6903 7108
6904 7109
6905 711
6906 7110
6907 7111
6908 7112
6909 7113
6910 7114
6911 7115
6912 7116
6913 7117
6914 7118
6915 7119
6916 712
6917 7120
6918 7121
6919 7122
6920 7123
6921 7124
6922 7125
6923 7126
6924 7127
6925 7128
6926 7129
6927 7130
6928 7131
6929 7132
6930 7133
6931 7134
6932 7135
6933 7136
6934 7137
6935 7138
6936 7139
6937 714
6938 7140
6939 7141
6940 7142
6941 7143
6942 7144
6943 7145
6944 7146
6945 7147
6946 7148
6947 7149
6948 7150
6949 7151
6950 7152
6951 7153
6952 7154
6953 7155
6954 7156
6955 7157
6956 7158
6957 7159
6958 716
6959 7160
6960 7161
6961 7162
6962 7163
6963 7164
6964 7166
6965 7167
6966 7168
6967 7169
6968 717
6969 7170
6970 7171
6971 7172
6972 7173
6973 7174
6974 7175
6975 7176
6976 7177
6977 7178
6978 7179
6979 718
6980 7180
6981 7181
6982 7182
6983 7183
6984 7185
6985 7186
6986 7187
6987 7188
6988 7189
6989 719
6990 7190
6991 7191
6992 7192
6993 7193
6994 7194
6995 7195
6996 7196
6997 7197
6998 7198
6999 7199
7000 72
7001 7200
7002 7201
7003 7202
7004 7203
7005 7204
7006 7205
7007 7206
7008 7207
7009 7208
7010 7209
7011 7210
7012 721
7013 7211
7014 7212
7015 7213
7016 7214
7017 7215
7018 7216
7019 7217
7020 7218
7021 7219
7022 722
7023 7220
7024 7221
7025 7222
7026 7223
7027 7224
7028 7225
7029 7226
7030 7227
7031 7228
7032 7229
7033 723
7034 7230
7035 7231
7036 7232
7037 7233
7038 7234
7039 7235
7040 7236
7041 7237
7042 7238
7043 7239
7044 724
7045 7240
7046 7241
7047 7242
7048 7243
7049 7244
7050 7245
7051 7246
7052 7247
7053 7250
7054 7251
7055 725
7056 7252
7057 7253
7058 7254
7059 7255
7060 7256
7061 7257
7062 7258
7063 7259
7064 726
7065 7260
7066 7261
7067 7262
7068 7263
7069 7264
7070 7265
7071 7266
7072 7267
7073 7268
7074 7269
7075 727
7076 7270
7077 7271
7078 7272
7079 7273
7080 7274
7081 7275
7082 7276
7083 7277
7084 7278
7085 7279
7086 728
7087 7280
7088 7281
7089 7282
7090 7283
7091 7284
7092 7285
7093 7286
7094 7287
7095 7288
7096 7289
7097 729
7098 7290
7099 7291
7100 7292
7101 7293
7102 7294
7103 7295
7104 7296
7105 7297
7106 7298
7107 7299
7108 73
7109 7300
7110 7301
7111 7302
7112 7303
7113 7304
7114 7305
7115 7307
7116 7308
7117 7309
7118 731
7119 7310
7120 7311
7121 7312
7122 7313
7123 7314
7124 7315
7125 7316
7126 7317
7127 7318
7128 7319
7129 732
7130 7320
7131 7321
7132 7322
7133 7323
7134 7324
7135 7325
7136 7326
7137 7327
7138 7329
7139 733
7140 7330
7141 7331
7142 7332
7143 7333
7144 7334
7145 7335
7146 7336
7147 7337
7148 7338
7149 7339
7150 734
7151 7340
7152 7341
7153 7342
7154 7343
7155 7344
7156 7345
7157 7346
7158 7347
7159 7348
7160 7349
7161 735
7162 7350
7163 7351
7164 7352
7165 7353
7166 7354
7167 7355
7168 7356
7169 7357
7170 7358
7171 7359
7172 736
7173 7360
7174 7361
7175 7362
7176 7363
7177 7364
7178 7365
7179 7366
7180 7367
7181 7368
7182 7369
7183 737
7184 7370
7185 7371
7186 7372
7187 7373
7188 7374
7189 7375
7190 7376
7191 7377
7192 7378
7193 7379
7194 738
7195 7380
7196 7381
7197 7382
7198 7383
7199 7384
7200 7385
7201 7386
7202 7387
7203 7388
7204 7389
7205 739
7206 7390
7207 7391
7208 7392
7209 7393
7210 7395
7211 7396
7212 7397
7213 7399
7214 74
7215 740
7216 7400
7217 7401
7218 7402
7219 7403
7220 7404
7221 7405
7222 7406
7223 7407
7224 7408
7225 7409
7226 741
7227 7410
7228 7411
7229 7412
7230 7413
7231 7414
7232 7415
7233 7416
7234 7417
7235 7418
7236 7419
7237 742
7238 7421
7239 7422
7240 7423
7241 7424
7242 7425
7243 7426
7244 7427
7245 7428
7246 7429
7247 7430
7248 7431
7249 7432
7250 7433
7251 7434
7252 7436
7253 7437
7254 7438
7255 7439
7256 7440
7257 7441
7258 7442
7259 7443
7260 7444
7261 7445
7262 7446
7263 7447
7264 7449
7265 7450
7266 7451
7267 7452
7268 7453
7269 7454
7270 7455
7271 7456
7272 7457
7273 7458
7274 7459
7275 7460
7276 7461
7277 7462
7278 7463
7279 7464
7280 7465
7281 7466
7282 7467
7283 7468
7284 7478
7285 7479
7286 743
7287 7435
7288 744
7289 745
7290 746
7291 748
7292 7481
7293 7482
7294 7483
7295 7484
7296 7485
7297 7486
7298 7487
7299 7488
7300 7489
7301 749
7302 7491
7303 7492
7304 7493
7305 7494
7306 7495
7307 7496
7308 7497
7309 7498
7310 7499
7311 7500
7312 7501
7313 7502
7314 7503
7315 750
7316 751
7317 752
7318 753
7319 7504
7320 7505
7321 7506
7322 7507
7323 7508
7324 7509
7325 7510
7326 7511
7327 7512
7328 7513
7329 7514
7330 7515
7331 7516
7332 7517
7333 7518
7334 7519
7335 7520
7336 7521
7337 7522
7338 7523
7339 7524
7340 7525
7341 7526
7342 7527
7343 7528
7344 7529
7345 7530
7346 7531
7347 7532
7348 7533
7349 7534
7350 7535
7351 7536
7352 7537
7353 7538
7354 7539
7355 754
7356 7540
7357 7541
7358 7542
7359 7543
7360 7544
7361 7545
7362 7546
7363 7547
7364 7548
7365 7549
7366 755
7367 7550
7368 7551
7369 7552
7370 7553
7371 7554
7372 7555
7373 7556
7374 7557
7375 7558
7376 7559
7377 756
7378 7560
7379 7561
7380 7562
7381 7563
7382 7564
7383 7565
7384 7566
7385 7567
7386 7568
7387 7569
7388 7570
7389 7571
7390 7572
7391 7573
7392 7574
7393 7575
7394 7576
7395 7577
7396 7578
7397 7579
7398 758
7399 7580
7400 7581
7401 7582
7402 7583
7403 7585
7404 7586
7405 7587
7406 7588
7407 7589
7408 7590
7409 7591
7410 7592
7411 7593
7412 7594
7413 7595
7414 7596
7415 7597
7416 7598
7417 7599
7418 76
7419 760
7420 7600
7421 7601
7422 7602
7423 7603
7424 7604
7425 7605
7426 7606
7427 7607
7428 7609
7429 761
7430 7610
7431 7611
7432 7612
7433 7613
7434 7614
7435 7615
7436 7616
7437 7617
7438 7618
7439 7619
7440 762
7441 7620
7442 7621
7443 7622
7444 7623
7445 7624
7446 7625
7447 7626
7448 7627
7449 7628
7450 7629
7451 763
7452 7630
7453 7631
7454 7632
7455 7633
7456 7634
7457 7635
7458 7638
7459 7639
7460 764
7461 7640
7462 7641
7463 7642
7464 7643
7465 7644
7466 7645
7467 7646
7468 7647
7469 7648
7470 7649
7471 765
7472 7650
7473 7651
7474 7652
7475 7653
7476 7654
7477 7655
7478 7656
7479 7657
7480 7658
7481 7659
7482 766
7483 7660
7484 7661
7485 7662
7486 7663
7487 7664
7488 7665
7489 7666
7490 7668
7491 7669
7492 767
7493 7670
7494 7672
7495 7673
7496 7674
7497 7675
7498 7676
7499 7677
7500 7678
7501 7679
7502 768
7503 7680
7504 7681
7505 7682
7506 7683
7507 7684
7508 7685
7509 7686
7510 7687
7511 7688
7512 7689
7513 769
7514 7690
7515 7691
7516 7692
7517 7693
7518 7694
7519 7695
7520 7696
7521 7697
7522 7698
7523 7699
7524 7700
7525 7701
7526 7702
7527 770
7528 7703
7529 7704
7530 7705
7531 7706
7532 7707
7533 7708
7534 7709
7535 771
7536 7710
7537 7711
7538 7712
7539 7713
7540 7714
7541 7715
7542 7716
7543 7717
7544 7718
7545 7719
7546 772
7547 7720
7548 7721
7549 7722
7550 7723
7551 7724
7552 7725
7553 7726
7554 7727
7555 7728
7556 7729
7557 773
7558 7730
7559 7731
7560 7732
7561 7733
7562 7734
7563 7735
7564 7736
7565 7737
7566 7738
7567 7739
7568 774
7569 7740
7570 7741
7571 7742
7572 7743
7573 7747
7574 7748
7575 7749
7576 775
7577 7750
7578 7751
7579 7753
7580 7754
7581 7755
7582 7756
7583 7757
7584 7758
7585 7759
7586 776
7587 7760
7588 7761
7589 7762
7590 7763
7591 7764
7592 7765
7593 7766
7594 7767
7595 7768
7596 7769
7597 777
7598 7771
7599 7772
7600 7773
7601 7774
7602 7775
7603 7776
7604 7777
7605 7778
7606 7779
7607 778
7608 7780
7609 7781
7610 7782
7611 7784
7612 7785
7613 7786
7614 7787
7615 7788
7616 7789
7617 7790
7618 779
7619 7791
7620 7792
7621 7793
7622 7794
7623 7795
7624 7796
7625 7797
7626 7798
7627 7799
7628 78
7629 780
7630 7800
7631 7801
7632 7802
7633 7803
7634 7804
7635 7805
7636 7806
7637 7807
7638 7808
7639 7809
7640 7810
7641 7811
7642 7812
7643 7813
7644 7814
7645 7815
7646 7816
7647 7817
7648 7818
7649 7819
7650 782
7651 783
7652 7820
7653 7821
7654 7822
7655 7823
7656 7824
7657 7825
7658 7826
7659 7827
7660 7828
7661 7829
7662 7830
7663 7831
7664 7832
7665 7834
7666 7835
7667 7836
7668 7837
7669 7838
7670 7839
7671 7840
7672 7841
7673 7842
7674 7843
7675 7844
7676 7845
7677 7846
7678 7847
7679 7848
7680 7849
7681 785
7682 7850
7683 7851
7684 7852
7685 7853
7686 7854
7687 7855
7688 7856
7689 7857
7690 7858
7691 7859
7692 786
7693 7861
7694 7862
7695 7863
7696 7864
7697 7865
7698 7866
7699 7867
7700 7868
7701 7869
7702 787
7703 7870
7704 7871
7705 7872
7706 7873
7707 7874
7708 7875
7709 7876
7710 7877
7711 7878
7712 7879
7713 788
7714 7880
7715 7881
7716 7882
7717 7883
7718 7884
7719 7885
7720 7886
7721 7887
7722 7888
7723 7889
7724 789
7725 7890
7726 7891
7727 7892
7728 7893
7729 7894
7730 7895
7731 79
7732 790
7733 7900
7734 7901
7735 7902
7736 7903
7737 7904
7738 7905
7739 7906
7740 7907
7741 7908
7742 7909
7743 7910
7744 7911
7745 7912
7746 7913
7747 7914
7748 7915
7749 7916
7750 7917
7751 7918
7752 7919
7753 792
7754 7920
7755 7921
7756 7922
7757 7923
7758 7924
7759 7925
7760 7926
7761 7927
7762 7928
7763 7929
7764 7930
7765 7931
7766 7933
7767 7937
7768 7938
7769 7939
7770 794
7771 7940
7772 7941
7773 7942
7774 7943
7775 7944
7776 7945
7777 7946
7778 7947
7779 7948
7780 7949
7781 795
7782 7950
7783 7951
7784 7952
7785 7953
7786 7954
7787 7955
7788 7956
7789 7957
7790 7958
7791 7959
7792 796
7793 798
7794 7960
7795 7961
7796 7962
7797 7963
7798 7964
7799 7965
7800 7966
7801 7967
7802 7968
7803 7969
7804 7970
7805 7971
7806 7972
7807 7973
7808 7974
7809 7975
7810 7976
7811 7977
7812 7978
7813 7979
7814 7980
7815 7981
7816 7982
7817 7983
7818 7984
7819 7985
7820 7986
7821 7987
7822 7988
7823 7989
7824 799
7825 7990
7826 7991
7827 7992
7828 7993
7829 7994
7830 7995
7831 7996
7832 7997
7833 7998
7834 7999
7835 80
7836 800
7837 8000
7838 8001
7839 8002
7840 8003
7841 8004
7842 8005
7843 8006
7844 8007
7845 8008
7846 8009
7847 801
7848 8010
7849 8012
7850 8013
7851 8014
7852 8015
7853 8016
7854 8017
7855 8018
7856 8019
7857 802
7858 8020
7859 8021
7860 8022
7861 8023
7862 8024
7863 8025
7864 8026
7865 8027
7866 8028
7867 803
7868 8030
7869 8031
7870 8032
7871 8033
7872 8034
7873 8035
7874 8036
7875 8037
7876 8038
7877 8039
7878 804
7879 8040
7880 8041
7881 8042
7882 8043
7883 8044
7884 8045
7885 8046
7886 8047
7887 8048
7888 8049
7889 805
7890 8050
7891 8051
7892 8052
7893 8053
7894 8054
7895 8055
7896 806
7897 8064
7898 8065
7899 8066
7900 8067
7901 8068
7902 8069
7903 807
7904 8070
7905 8071
7906 8072
7907 8073
7908 8074
7909 8075
7910 8076
7911 8077
7912 8078
7913 8079
7914 8080
7915 8081
7916 8082
7917 8083
7918 8084
7919 8085
7920 8086
7921 8087
7922 8088
7923 8089
7924 809
7925 8090
7926 8091
7927 8092
7928 8093
7929 8094
7930 8095
7931 8096
7932 8097
7933 8098
7934 8099
7935 8100
7936 8101
7937 8102
7938 8103
7939 8104
7940 8105
7941 8106
7942 8107
7943 8108
7944 8109
7945 8110
7946 8111
7947 8112
7948 8113
7949 8114
7950 8115
7951 8116
7952 8117
7953 8118
7954 8119
7955 812
7956 8120
7957 8121
7958 8122
7959 8123
7960 8124
7961 8125
7962 8126
7963 8127
7964 8128
7965 8129
7966 813
7967 8130
7968 8131
7969 8132
7970 8133
7971 8134
7972 8135
7973 8136
7974 8137
7975 8138
7976 8139
7977 8140
7978 8141
7979 8142
7980 8143
7981 8144
7982 8145
7983 8146
7984 8147
7985 8148
7986 8149
7987 815
7988 8150
7989 8151
7990 8152
7991 8153
7992 8154
7993 8155
7994 8156
7995 8157
7996 8158
7997 8159
7998 8160
7999 8161
8000 8163
8001 816
8002 8162
8003 8164
8004 8165
8005 8166
8006 8167
8007 8168
8008 8169
8009 8170
8010 817
8011 8171
8012 8172
8013 8173
8014 8174
8015 8175
8016 8176
8017 8177
8018 8178
8019 8179
8020 818
8021 8180
8022 8181
8023 8182
8024 8183
8025 8184
8026 8185
8027 8186
8028 8187
8029 8188
8030 8189
8031 8190
8032 8191
8033 8192
8034 8193
8035 8194
8036 8195
8037 8196
8038 8197
8039 8198
8040 8199
8041 82
8042 820
8043 8200
8044 8201
8045 8202
8046 8203
8047 8204
8048 8205
8049 8206
8050 8207
8051 8208
8052 8209
8053 8210
8054 8211
8055 8212
8056 8213
8057 8214
8058 8215
8059 8216
8060 8217
8061 8218
8062 8219
8063 822
8064 8220
8065 8221
8066 8222
8067 8223
8068 8224
8069 8225
8070 8226
8071 8227
8072 8228
8073 8229
8074 823
8075 8230
8076 8231
8077 8232
8078 8233
8079 8234
8080 8235
8081 8236
8082 8237
8083 8238
8084 8239
8085 824
8086 8240
8087 8241
8088 8242
8089 8243
8090 8244
8091 8245
8092 8246
8093 8247
8094 8248
8095 8249
8096 825
8097 8250
8098 8251
8099 8252
8100 8253
8101 8254
8102 8255
8103 8256
8104 8257
8105 8258
8106 8259
8107 826
8108 8260
8109 8261
8110 8262
8111 8263
8112 8264
8113 8265
8114 8266
8115 8267
8116 8268
8117 8269
8118 8270
8119 8271
8120 8272
8121 8273
8122 8274
8123 8275
8124 8276
8125 8277
8126 8278
8127 8279
8128 828
8129 8280
8130 8281
8131 8282
8132 8283
8133 8284
8134 8285
8135 8286
8136 8287
8137 8288
8138 8289
8139 829
8140 8290
8141 8291
8142 8292
8143 8293
8144 8294
8145 8295
8146 8296
8147 8297
8148 8298
8149 8299
8150 83
8151 830
8152 831
8153 8300
8154 8301
8155 8302
8156 8303
8157 8304
8158 8305
8159 8306
8160 8307
8161 8308
8162 8309
8163 8310
8164 8311
8165 988
8166 837
8167 838
8168 839
8169 84
8170 840
8171 841
8172 842
8173 843
8174 845
8175 846
8176 847
8177 848
8178 849
8179 85
8180 850
8181 851
8182 852
8183 853
8184 854
8185 856
8186 857
8187 858
8188 86
8189 860
8190 861
8191 862
8192 863
8193 864
8194 866
8195 867
8196 868
8197 871
8198 872
8199 873
8200 874
8201 875
8202 876
8203 877
8204 878
8205 879
8206 88
8207 880
8208 881
8209 882
8210 883
8211 884
8212 885
8213 886
8214 887
8215 888
8216 89
8217 890
8218 891
8219 892
8220 893
8221 894
8222 895
8223 896
8224 897
8225 898
8226 899
8227 9
8228 90
8229 900
8230 901
8231 902
8232 903
8233 904
8234 905
8235 906
8236 907
8237 908
8238 909
8239 910
8240 911
8241 912
8242 913
8243 915
8244 917
8245 918
8246 919
8247 92
8248 920
8249 923
8250 924
8251 93
8252 930
8253 932
8254 933
8255 934
8256 935
8257 936
8258 937
8259 939
8260 940
8261 941
8262 942
8263 943
8264 944
8265 945
8266 946
8267 947
8268 949
8269 95
8270 951
8271 952
8272 954
8273 955
8274 956
8275 957
8276 958
8277 959
8278 960
8279 961
8280 964
8281 965
8282 966
8283 967
8284 968
8285 97
8286 970
8287 971
8288 973
8289 974
8290 975
8291 976
8292 977
8293 978
8294 979
8295 98
8296 980
8297 981
8298 982
8299 983
8300 984
8301 985
8302 986
8303 989
8304 99
8305 990
8306 991
8307 992
8308 993
8309 997
8310 998
8311 999
