0 0
1 1
2 10
3 11
4 12
5 1000
6 1001
7 15
8 17
9 173
10 20
11 250
12 266
13 349
14 35
15 1002
16 747
17 1003
18 206
19 9
20 1004
21 1005
22 1006
23 1007
24 1008
25 70
26 1009
27 150
28 288
29 39
30 7
31 101
32 102
33 1010
34 1011
35 1012
36 1013
37 1014
38 54
39 828
40 1089
41 1141
42 1374
43 4384
44 458
45 4582
46 5321
47 5322
48 1015
49 1016
50 37
51 1017
52 1018
53 5
54 1019
55 1020
56 1021
57 1022
58 1023
59 639
60 641
61 1024
62 1025
63 1026
64 1027
65 1028
66 14
67 140
68 235
69 1029
70 103
71 1030
72 1031
73 223
74 1032
75 306
76 1033
77 1034
78 1035
79 357
80 1036
81 1037
82 1038
83 29
84 1039
85 104
86 105
87 1040
88 58
89 1041
90 134
91 1042
92 141
93 1043
94 1044
95 1045
96 1046
97 342
98 359
99 1047
100 1048
101 1049
102 33
103 1050
104 1051
105 1052
106 1053
107 1054
108 1055
109 1056
110 1057
111 1058
112 1059
113 1060
114 106
115 1061
116 1062
117 49
118 1063
119 1064
120 1065
121 241
122 25
123 656
124 863
125 1066
126 1067
127 1068
128 1069
129 1070
130 476
131 857
132 858
133 107
134 1071
135 1072
136 853
137 1073
138 100
139 366
140 1074
141 1075
142 1076
143 1077
144 1078
145 1079
146 78
147 108
148 109
149 1080
150 1081
151 1082
152 1083
153 1084
154 1085
155 1086
156 1087
157 1088
158 123
159 336
160 826
161 196
162 418
163 60
164 886
165 1090
166 1091
167 1092
168 157
169 1093
170 889
171 1094
172 1095
173 80
174 1096
175 985
176 1097
177 1098
178 1099
179 1100
180 110
181 1101
182 1102
183 1103
184 1104
185 1105
186 1106
187 1107
188 430
189 1108
190 125
191 466
192 1109
193 1110
194 111
195 1111
196 1112
197 115
198 1113
199 1114
200 1115
201 83
202 1116
203 1117
204 1118
205 1119
206 1120
207 112
208 1121
209 129
210 3
211 1122
212 834
213 1123
214 1124
215 1125
216 1126
217 1127
218 1128
219 1129
220 1130
221 113
222 1131
223 1132
224 1133
225 1134
226 1135
227 1136
228 984
229 1488
230 212
231 1137
232 1138
233 1139
234 114
235 1140
236 923
237 1142
238 1143
239 1144
240 339
241 1145
242 1146
243 1147
244 1148
245 1149
246 1150
247 1151
248 1152
249 1153
250 453
251 1154
252 1155
253 1156
254 1157
255 1158
256 1159
257 116
258 1160
259 51
260 1161
261 1162
262 1163
263 1164
264 1165
265 148
266 1166
267 1167
268 1168
269 1169
270 117
271 1170
272 1171
273 1172
274 1173
275 1174
276 1175
277 1176
278 1177
279 1178
280 1179
281 1180
282 118
283 1181
284 1182
285 1183
286 1184
287 1185
288 1186
289 1187
290 1188
291 214
292 1189
293 119
294 1190
295 1191
296 1192
297 1193
298 1194
299 1195
300 1196
301 1197
302 540
303 1198
304 1199
305 120
306 1200
307 1201
308 303
309 1202
310 1203
311 1204
312 1205
313 1206
314 1207
315 1208
316 1209
317 121
318 1210
319 632
320 1211
321 472
322 1212
323 1213
324 1214
325 1215
326 1216
327 1217
328 1218
329 1219
330 122
331 1220
332 1221
333 1222
334 1223
335 1224
336 756
337 1225
338 132
339 1226
340 1227
341 1228
342 1229
343 1230
344 1231
345 202
346 1232
347 1233
348 1234
349 1235
350 1236
351 27
352 1237
353 1238
354 1239
355 124
356 1240
357 1241
358 1242
359 1243
360 1244
361 1245
362 1246
363 1247
364 1248
365 1249
366 1250
367 709
368 1251
369 1252
370 1253
371 1254
372 1255
373 1256
374 1257
375 1258
376 160
377 1259
378 126
379 127
380 1260
381 1261
382 1262
383 1263
384 1264
385 1265
386 1266
387 1267
388 737
389 1268
390 1269
391 1270
392 1271
393 1272
394 1273
395 1274
396 1275
397 585
398 1276
399 1277
400 1278
401 1279
402 128
403 1280
404 1281
405 1282
406 1436
407 165
408 409
409 4547
410 5276
411 5277
412 5278
413 5279
414 5280
415 891
416 1409
417 1283
418 1284
419 1285
420 1286
421 1287
422 1288
423 1289
424 1290
425 1291
426 1292
427 1293
428 1294
429 1295
430 1296
431 1297
432 1298
433 1299
434 1300
435 13
436 130
437 1473
438 2643
439 3504
440 5591
441 1301
442 1302
443 1303
444 845
445 1304
446 1305
447 1306
448 1307
449 1308
450 1309
451 131
452 1310
453 1311
454 1312
455 1313
456 1314
457 1315
458 419
459 1316
460 1317
461 1318
462 1319
463 1320
464 1321
465 56
466 1322
467 1323
468 1324
469 1325
470 1326
471 1327
472 487
473 498
474 1328
475 1329
476 133
477 1330
478 1331
479 1332
480 1333
481 1334
482 1335
483 1336
484 1337
485 1338
486 1339
487 1340
488 438
489 1341
490 1342
491 1636
492 1652
493 172
494 1813
495 246
496 4412
497 5566
498 5675
499 6302
500 1343
501 1344
502 1345
503 1346
504 711
505 1347
506 1348
507 1349
508 135
509 1350
510 1351
511 1352
512 1353
513 346
514 1354
515 1355
516 1356
517 1357
518 1358
519 1359
520 136
521 1360
522 1361
523 1362
524 1363
525 873
526 928
527 1364
528 1365
529 1366
530 1367
531 1368
532 200
533 1369
534 1370
535 137
536 1371
537 1372
538 1373
539 208
540 4579
541 1375
542 1376
543 1377
544 1378
545 1379
546 138
547 1380
548 1381
549 1382
550 1383
551 1384
552 1385
553 1386
554 1387
555 1388
556 1389
557 139
558 142
559 1390
560 1391
561 1392
562 997
563 1393
564 1394
565 1395
566 1396
567 1397
568 1398
569 1399
570 1400
571 1401
572 1402
573 1403
574 1404
575 1405
576 1406
577 1407
578 1408
579 1410
580 1411
581 1412
582 1413
583 1414
584 1415
585 1416
586 1417
587 1418
588 1419
589 316
590 1420
591 1421
592 1422
593 1423
594 1424
595 1919
596 3926
597 3927
598 640
599 1425
600 1426
601 1427
602 1428
603 1429
604 1430
605 143
606 1431
607 1432
608 1433
609 1434
610 1435
611 1437
612 1438
613 1439
614 398
615 399
616 406
617 408
618 410
619 144
620 1440
621 1441
622 1442
623 1443
624 1444
625 1445
626 1446
627 1447
628 1448
629 1449
630 145
631 1450
632 1451
633 1452
634 1453
635 1454
636 1455
637 1456
638 1457
639 1458
640 1459
641 146
642 1460
643 890
644 1461
645 1462
646 1463
647 1464
648 1465
649 1466
650 604
651 1467
652 1468
653 1469
654 147
655 149
656 1470
657 1471
658 1472
659 22
660 1474
661 177
662 1475
663 1476
664 1477
665 1478
666 1479
667 1480
668 1481
669 319
670 778
671 1482
672 1483
673 1484
674 1485
675 273
676 1486
677 1487
678 1489
679 1490
680 646
681 1491
682 1492
683 1493
684 1494
685 1495
686 1496
687 1497
688 75
689 1498
690 1499
691 1500
692 1501
693 1502
694 1503
695 1504
696 1505
697 1506
698 1507
699 1508
700 1509
701 981
702 151
703 152
704 1510
705 1511
706 1512
707 1513
708 1514
709 1515
710 1516
711 1517
712 1518
713 1519
714 1520
715 1521
716 1522
717 1523
718 1524
719 1525
720 1526
721 1527
722 1528
723 1529
724 153
725 1530
726 1531
727 1532
728 1533
729 1534
730 1535
731 1536
732 1537
733 1538
734 161
735 572
736 590
737 1539
738 1540
739 154
740 999
741 1541
742 1542
743 1543
744 1544
745 1545
746 1546
747 1547
748 1548
749 1549
750 155
751 1550
752 1551
753 1552
754 1553
755 1554
756 1555
757 1556
758 1557
759 1558
760 1559
761 156
762 1560
763 1561
764 1562
765 1563
766 1564
767 1565
768 1566
769 1567
770 1568
771 1569
772 1570
773 1571
774 1572
775 1573
776 1574
777 1575
778 1576
779 1577
780 1578
781 1579
782 158
783 1580
784 1581
785 1582
786 1583
787 1584
788 1585
789 1586
790 248
791 1587
792 1588
793 1589
794 159
795 162
796 163
797 164
798 166
799 1590
800 1591
801 1592
802 1593
803 1594
804 1595
805 1596
806 1597
807 1598
808 1599
809 16
810 1600
811 1601
812 1602
813 1603
814 290
815 1604
816 1605
817 1606
818 1607
819 1608
820 1609
821 1610
822 1611
823 1612
824 1613
825 1614
826 1615
827 1616
828 1617
829 1618
830 1619
831 1620
832 1621
833 1622
834 1623
835 1624
836 1625
837 1626
838 1627
839 1628
840 1629
841 1630
842 827
843 1631
844 1632
845 1633
846 1634
847 1635
848 1637
849 1638
850 1639
851 1640
852 1641
853 1642
854 1643
855 1644
856 1645
857 171
858 1646
859 1647
860 1648
861 1649
862 1650
863 1651
864 5979
865 1653
866 1654
867 763
868 1655
869 1656
870 1657
871 1658
872 1659
873 1660
874 1661
875 1662
876 1663
877 1664
878 1665
879 1666
880 1667
881 1668
882 1669
883 167
884 1670
885 1671
886 412
887 1672
888 1673
889 1674
890 633
891 898
892 1675
893 1676
894 1677
895 1678
896 882
897 1679
898 168
899 1680
900 1681
901 1682
902 1683
903 1684
904 1685
905 1686
906 1687
907 1688
908 407
909 1689
910 169
911 170
912 1690
913 1691
914 1692
915 1693
916 259
917 1694
918 1695
919 1696
920 1697
921 1698
922 1699
923 1700
924 1701
925 1702
926 1703
927 1704
928 1705
929 1706
930 1707
931 1708
932 1709
933 1710
934 1711
935 1712
936 1713
937 1714
938 1715
939 1716
940 1717
941 1718
942 1719
943 1720
944 1721
945 1722
946 1723
947 1724
948 1725
949 1726
950 1727
951 1728
952 1729
953 1730
954 1731
955 1732
956 1733
957 1734
958 1735
959 1736
960 1737
961 1738
962 1739
963 174
964 1740
965 1741
966 1742
967 1743
968 1744
969 1745
970 1746
971 1747
972 1748
973 1749
974 175
975 1750
976 1751
977 1752
978 1753
979 1754
980 1755
981 1756
982 1757
983 1758
984 1759
985 1760
986 1761
987 1762
988 525
989 176
990 1763
991 1764
992 1765
993 1766
994 1767
995 1768
996 1769
997 1770
998 1771
999 1772
1000 1773
1001 1774
1002 1775
1003 1776
1004 1777
1005 1778
1006 1779
1007 1780
1008 1781
1009 1782
1010 1783
1011 1784
1012 1785
1013 178
1014 1786
1015 1787
1016 1788
1017 1789
1018 179
1019 1790
1020 1791
1021 1792
1022 1793
1023 1794
1024 1795
1025 1796
1026 1797
1027 1798
1028 1799
1029 18
1030 180
1031 1800
1032 1801
1033 1802
1034 1803
1035 1804
1036 1805
1037 1806
1038 1807
1039 1808
1040 1809
1041 181
1042 1810
1043 887
1044 1811
1045 1812
1046 261
1047 454
1048 6944
1049 1814
1050 1815
1051 1816
1052 1817
1053 1818
1054 1819
1055 182
1056 1820
1057 1821
1058 1822
1059 1823
1060 1824
1061 1825
1062 1826
1063 1827
1064 1828
1065 1829
1066 183
1067 1830
1068 1831
1069 1832
1070 1833
1071 1834
1072 1835
1073 1836
1074 1837
1075 1838
1076 1839
1077 184
1078 1840
1079 1841
1080 1842
1081 3097
1082 1843
1083 1844
1084 1845
1085 1846
1086 1847
1087 1848
1088 1849
1089 185
1090 186
1091 187
1092 1850
1093 1851
1094 1852
1095 1853
1096 1854
1097 1855
1098 1856
1099 1857
1100 1858
1101 1859
1102 6114
1103 1860
1104 1861
1105 1862
1106 1863
1107 1864
1108 1865
1109 1866
1110 1867
1111 1868
1112 1869
1113 1870
1114 1871
1115 1872
1116 1873
1117 1874
1118 1875
1119 1876
1120 1877
1121 1878
1122 1879
1123 188
1124 1880
1125 1881
1126 1882
1127 1883
1128 1884
1129 1885
1130 1886
1131 1887
1132 1888
1133 1889
1134 189
1135 1890
1136 1891
1137 1892
1138 1893
1139 1894
1140 1895
1141 1896
1142 1897
1143 1898
1144 1899
1145 19
1146 190
1147 1900
1148 1901
1149 1902
1150 1903
1151 1904
1152 1905
1153 1906
1154 1907
1155 1908
1156 1909
1157 191
1158 1910
1159 1911
1160 1912
1161 1913
1162 735
1163 1914
1164 1915
1165 1916
1166 1917
1167 1918
1168 455
1169 192
1170 1920
1171 1921
1172 1922
1173 1923
1174 1924
1175 1925
1176 1926
1177 1927
1178 1928
1179 1929
1180 193
1181 1930
1182 1931
1183 1932
1184 1933
1185 1934
1186 1935
1187 1936
1188 1937
1189 1938
1190 1939
1191 194
1192 1940
1193 1941
1194 1942
1195 1943
1196 1944
1197 1945
1198 967
1199 1946
1200 1947
1201 1948
1202 1949
1203 195
1204 1950
1205 1951
1206 1952
1207 1953
1208 1954
1209 1955
1210 1956
1211 1957
1212 1958
1213 1959
1214 1960
1215 1961
1216 1962
1217 1963
1218 1964
1219 1965
1220 1966
1221 1967
1222 1968
1223 1969
1224 197
1225 1970
1226 1971
1227 1972
1228 1973
1229 1974
1230 1975
1231 1976
1232 1977
1233 1978
1234 1979
1235 52
1236 198
1237 1980
1238 1981
1239 1982
1240 1983
1241 1984
1242 1985
1243 1986
1244 1987
1245 1988
1246 1989
1247 199
1248 1990
1249 794
1250 1991
1251 1992
1252 1993
1253 1994
1254 1995
1255 1996
1256 1997
1257 1998
1258 1999
1259 2
1260 2000
1261 2001
1262 2002
1263 2003
1264 2004
1265 2005
1266 2006
1267 2007
1268 2008
1269 2009
1270 201
1271 2010
1272 2011
1273 2012
1274 2013
1275 644
1276 879
1277 92
1278 93
1279 2014
1280 2015
1281 2016
1282 2017
1283 2018
1284 2019
1285 2020
1286 2021
1287 2022
1288 2023
1289 2024
1290 2025
1291 2026
1292 2027
1293 2028
1294 2029
1295 203
1296 2030
1297 2031
1298 2032
1299 2033
1300 2034
1301 2035
1302 2036
1303 2037
1304 2038
1305 2039
1306 2040
1307 204
1308 2041
1309 2042
1310 2043
1311 2044
1312 2045
1313 2046
1314 2047
1315 2048
1316 2049
1317 830
1318 205
1319 2050
1320 2051
1321 2052
1322 2053
1323 2054
1324 2055
1325 2056
1326 2057
1327 2058
1328 2059
1329 2060
1330 2061
1331 2062
1332 2063
1333 2064
1334 2065
1335 2066
1336 2067
1337 2068
1338 2069
1339 207
1340 2070
1341 2071
1342 2072
1343 2073
1344 2074
1345 2075
1346 2076
1347 2077
1348 2078
1349 2079
1350 2080
1351 615
1352 2081
1353 2082
1354 2083
1355 2084
1356 2085
1357 2086
1358 404
1359 411
1360 2087
1361 271
1362 2088
1363 558
1364 2089
1365 209
1366 2090
1367 2091
1368 2092
1369 2093
1370 2094
1371 2095
1372 2096
1373 2097
1374 2098
1375 2099
1376 435
1377 21
1378 210
1379 211
1380 2100
1381 2101
1382 2102
1383 2103
1384 2104
1385 2105
1386 2106
1387 2107
1388 2108
1389 2109
1390 2110
1391 2111
1392 2112
1393 2113
1394 2114
1395 2115
1396 2116
1397 2117
1398 2118
1399 2119
1400 2120
1401 2121
1402 2122
1403 2123
1404 2124
1405 2125
1406 2126
1407 2127
1408 2128
1409 2129
1410 213
1411 2130
1412 2131
1413 2132
1414 2133
1415 2134
1416 2135
1417 2136
1418 2137
1419 2138
1420 2139
1421 2140
1422 2141
1423 2142
1424 2143
1425 2144
1426 2145
1427 2146
1428 2147
1429 2148
1430 2149
1431 215
1432 2150
1433 2151
1434 2152
1435 2153
1436 2154
1437 2155
1438 2156
1439 2157
1440 2158
1441 2159
1442 216
1443 2160
1444 2161
1445 2162
1446 2163
1447 2164
1448 2165
1449 2321
1450 2166
1451 2167
1452 2168
1453 2169
1454 217
1455 2170
1456 2171
1457 2172
1458 2173
1459 2174
1460 2175
1461 2176
1462 2177
1463 2178
1464 2179
1465 218
1466 219
1467 2180
1468 2181
1469 2182
1470 2183
1471 2184
1472 2185
1473 2186
1474 2187
1475 2188
1476 2189
1477 2190
1478 2191
1479 2192
1480 2193
1481 2194
1482 2195
1483 2196
1484 2197
1485 2198
1486 2199
1487 220
1488 2200
1489 2201
1490 2202
1491 2203
1492 2204
1493 2205
1494 2206
1495 2207
1496 2208
1497 2209
1498 221
1499 2210
1500 2211
1501 2212
1502 2213
1503 2214
1504 2215
1505 2216
1506 2217
1507 2218
1508 2219
1509 2220
1510 222
1511 2221
1512 2222
1513 2223
1514 2224
1515 2225
1516 2226
1517 2227
1518 2228
1519 2229
1520 2230
1521 3593
1522 2231
1523 2232
1524 2233
1525 2234
1526 2235
1527 2236
1528 2237
1529 2238
1530 2239
1531 224
1532 2240
1533 2241
1534 2242
1535 2243
1536 2244
1537 2245
1538 2246
1539 2247
1540 2248
1541 2249
1542 225
1543 2250
1544 2251
1545 2252
1546 2253
1547 2254
1548 2255
1549 2256
1550 2257
1551 2258
1552 2259
1553 226
1554 2260
1555 2261
1556 2262
1557 2263
1558 2264
1559 3571
1560 3781
1561 3988
1562 2265
1563 2266
1564 2267
1565 2268
1566 2269
1567 327
1568 227
1569 2270
1570 2271
1571 2272
1572 2273
1573 2274
1574 2275
1575 2276
1576 2277
1577 2278
1578 2279
1579 228
1580 229
1581 2280
1582 2281
1583 2282
1584 2283
1585 2284
1586 2285
1587 2286
1588 2287
1589 869
1590 2288
1591 2289
1592 2290
1593 2291
1594 2292
1595 2293
1596 2294
1597 2295
1598 2296
1599 2297
1600 2298
1601 2299
1602 23
1603 230
1604 2300
1605 98
1606 2301
1607 2302
1608 2303
1609 2304
1610 2305
1611 2306
1612 2307
1613 2308
1614 2309
1615 231
1616 232
1617 233
1618 2310
1619 2311
1620 2312
1621 2313
1622 2314
1623 2315
1624 2316
1625 2317
1626 2318
1627 3902
1628 3903
1629 3904
1630 2319
1631 2320
1632 2322
1633 2323
1634 2324
1635 2325
1636 2326
1637 2327
1638 2328
1639 2329
1640 2330
1641 2331
1642 2332
1643 2333
1644 2334
1645 2335
1646 2336
1647 2337
1648 2338
1649 2339
1650 234
1651 2340
1652 2341
1653 2342
1654 2343
1655 2344
1656 2345
1657 2346
1658 2347
1659 2348
1660 2349
1661 2350
1662 2351
1663 2352
1664 2353
1665 2354
1666 2355
1667 2356
1668 2357
1669 2358
1670 2359
1671 236
1672 2360
1673 2361
1674 2362
1675 2363
1676 2364
1677 2365
1678 2366
1679 2367
1680 2368
1681 2369
1682 237
1683 2370
1684 2371
1685 2372
1686 2373
1687 2374
1688 2375
1689 2376
1690 2377
1691 2378
1692 2379
1693 238
1694 239
1695 2380
1696 2381
1697 2382
1698 2383
1699 2384
1700 2385
1701 2386
1702 2387
1703 2388
1704 2389
1705 2390
1706 2391
1707 2392
1708 2393
1709 2394
1710 2395
1711 2396
1712 2397
1713 2398
1714 2399
1715 24
1716 240
1717 2400
1718 2401
1719 2402
1720 2403
1721 2404
1722 2405
1723 2406
1724 2407
1725 2408
1726 2409
1727 2410
1728 2411
1729 2412
1730 2413
1731 2414
1732 2415
1733 2416
1734 2417
1735 2418
1736 2419
1737 242
1738 2420
1739 2421
1740 2422
1741 2423
1742 2424
1743 2425
1744 2426
1745 2427
1746 2428
1747 2429
1748 243
1749 2430
1750 2431
1751 2432
1752 2433
1753 2434
1754 2435
1755 2436
1756 2437
1757 2438
1758 2439
1759 244
1760 2440
1761 2441
1762 2442
1763 2666
1764 2443
1765 2444
1766 2445
1767 2446
1768 2447
1769 2448
1770 2449
1771 245
1772 2450
1773 2451
1774 2452
1775 2453
1776 2454
1777 2455
1778 2456
1779 2457
1780 2458
1781 2459
1782 2460
1783 2461
1784 2462
1785 2463
1786 2464
1787 2465
1788 2466
1789 2467
1790 2468
1791 2469
1792 247
1793 2470
1794 2471
1795 2472
1796 2473
1797 2474
1798 2475
1799 2476
1800 2477
1801 2478
1802 2479
1803 2480
1804 2481
1805 2482
1806 2483
1807 2484
1808 2485
1809 2486
1810 2487
1811 2488
1812 2489
1813 2490
1814 2491
1815 2493
1816 2494
1817 2495
1818 2496
1819 2497
1820 2498
1821 2499
1822 2500
1823 2501
1824 2502
1825 2503
1826 2504
1827 2505
1828 2506
1829 335
1830 673
1831 249
1832 2492
1833 712
1834 2688
1835 5304
1836 5895
1837 2535
1838 3033
1839 4233
1840 5823
1841 2507
1842 2508
1843 2509
1844 251
1845 2510
1846 2511
1847 2512
1848 710
1849 2514
1850 2515
1851 2516
1852 2517
1853 2518
1854 2519
1855 252
1856 2520
1857 2521
1858 2522
1859 2523
1860 2524
1861 2525
1862 2526
1863 2527
1864 2528
1865 2529
1866 253
1867 2530
1868 2531
1869 2532
1870 2533
1871 2534
1872 2536
1873 2537
1874 2538
1875 2539
1876 254
1877 2540
1878 2541
1879 2542
1880 2543
1881 2544
1882 2545
1883 2546
1884 2547
1885 2548
1886 2549
1887 255
1888 2550
1889 2551
1890 2552
1891 2553
1892 2554
1893 2555
1894 2556
1895 2557
1896 2558
1897 2559
1898 256
1899 2560
1900 2561
1901 2562
1902 2563
1903 2564
1904 2565
1905 2566
1906 2567
1907 2568
1908 2569
1909 257
1910 2570
1911 2571
1912 2572
1913 2573
1914 2574
1915 2575
1916 2576
1917 2577
1918 2578
1919 2579
1920 258
1921 2580
1922 2581
1923 2582
1924 2583
1925 2584
1926 2585
1927 2586
1928 2587
1929 2588
1930 713
1931 2589
1932 2590
1933 2591
1934 2592
1935 2593
1936 2594
1937 2595
1938 2596
1939 2597
1940 2598
1941 2599
1942 26
1943 260
1944 2600
1945 2601
1946 2602
1947 2603
1948 2604
1949 2605
1950 2606
1951 2607
1952 2608
1953 2609
1954 2610
1955 2611
1956 2612
1957 2613
1958 929
1959 930
1960 2614
1961 2615
1962 2616
1963 2617
1964 2618
1965 2619
1966 262
1967 2620
1968 2621
1969 2622
1970 2623
1971 917
1972 2624
1973 2625
1974 2626
1975 2627
1976 2628
1977 2629
1978 263
1979 2630
1980 2631
1981 2632
1982 2633
1983 2634
1984 2635
1985 2636
1986 2637
1987 2638
1988 2639
1989 264
1990 2640
1991 2641
1992 2642
1993 2644
1994 2645
1995 2646
1996 2647
1997 2648
1998 2649
1999 265
2000 2650
2001 2651
2002 2652
2003 2653
2004 2654
2005 2655
2006 2656
2007 2657
2008 2658
2009 920
2010 2659
2011 2660
2012 2661
2013 2662
2014 2663
2015 2664
2016 2665
2017 2667
2018 2668
2019 2669
2020 267
2021 2670
2022 2671
2023 2672
2024 457
2025 2673
2026 2674
2027 2675
2028 2676
2029 2677
2030 2678
2031 2679
2032 268
2033 2680
2034 2681
2035 2682
2036 2683
2037 2684
2038 2685
2039 2686
2040 2687
2041 2689
2042 2690
2043 269
2044 2691
2045 2692
2046 2693
2047 2694
2048 2695
2049 2696
2050 2697
2051 2698
2052 2699
2053 270
2054 2700
2055 2701
2056 2702
2057 2703
2058 2704
2059 2705
2060 2706
2061 2707
2062 2708
2063 2709
2064 3959
2065 4604
2066 2710
2067 2711
2068 2712
2069 2713
2070 2714
2071 2715
2072 2716
2073 2717
2074 2718
2075 2719
2076 2720
2077 2721
2078 848
2079 849
2080 272
2081 2722
2082 2723
2083 2724
2084 2725
2085 2726
2086 2727
2087 2728
2088 2729
2089 2730
2090 2731
2091 2732
2092 2733
2093 2734
2094 2735
2095 2736
2096 2737
2097 2738
2098 2739
2099 2740
2100 274
2101 2741
2102 2742
2103 2743
2104 2744
2105 2745
2106 2746
2107 2747
2108 2748
2109 2749
2110 275
2111 2750
2112 2751
2113 2752
2114 2753
2115 2754
2116 2755
2117 2756
2118 2757
2119 2758
2120 2759
2121 2760
2122 276
2123 2761
2124 2762
2125 2763
2126 2764
2127 2765
2128 2766
2129 2767
2130 2768
2131 2769
2132 277
2133 2770
2134 2771
2135 2772
2136 2773
2137 2774
2138 2775
2139 2776
2140 2777
2141 2778
2142 2779
2143 278
2144 2780
2145 2781
2146 2782
2147 2783
2148 2784
2149 2785
2150 2786
2151 2787
2152 2788
2153 2789
2154 279
2155 280
2156 281
2157 282
2158 2790
2159 2791
2160 2792
2161 2793
2162 2794
2163 2795
2164 2796
2165 2797
2166 2798
2167 2799
2168 28
2169 2800
2170 2801
2171 2802
2172 2803
2173 2804
2174 2805
2175 829
2176 2806
2177 2807
2178 2808
2179 2809
2180 2810
2181 2811
2182 2812
2183 2813
2184 2814
2185 2815
2186 2816
2187 2817
2188 2818
2189 2819
2190 2820
2191 2821
2192 2822
2193 2823
2194 2824
2195 2825
2196 2826
2197 2827
2198 2828
2199 2829
2200 283
2201 2830
2202 2831
2203 2832
2204 2833
2205 2834
2206 2835
2207 2836
2208 2837
2209 2838
2210 2839
2211 284
2212 2840
2213 2841
2214 592
2215 2842
2216 2843
2217 2844
2218 2845
2219 2846
2220 2847
2221 2848
2222 2849
2223 285
2224 2850
2225 2851
2226 2852
2227 2853
2228 2854
2229 2855
2230 2856
2231 2857
2232 2858
2233 2859
2234 286
2235 2860
2236 2861
2237 2862
2238 2863
2239 2864
2240 2865
2241 2866
2242 2867
2243 2868
2244 2869
2245 287
2246 2870
2247 2871
2248 2872
2249 2873
2250 2874
2251 2875
2252 2876
2253 2877
2254 2878
2255 2879
2256 2880
2257 2881
2258 2882
2259 2883
2260 2884
2261 2885
2262 2886
2263 2887
2264 2888
2265 2889
2266 289
2267 2890
2268 2891
2269 2892
2270 2893
2271 2894
2272 2895
2273 2896
2274 2897
2275 2898
2276 2899
2277 2900
2278 2901
2279 2903
2280 2904
2281 2905
2282 2906
2283 2907
2284 2908
2285 2909
2286 2910
2287 2911
2288 2912
2289 2913
2290 2914
2291 2915
2292 2916
2293 2917
2294 2918
2295 2919
2296 2920
2297 2921
2298 2922
2299 2923
2300 2924
2301 2925
2302 2926
2303 2927
2304 2928
2305 2929
2306 2930
2307 2931
2308 2932
2309 2933
2310 2934
2311 2935
2312 2936
2313 2937
2314 2938
2315 2939
2316 2940
2317 2941
2318 2942
2319 2943
2320 2944
2321 2945
2322 2946
2323 2947
2324 2948
2325 401
2326 402
2327 405
2328 674
2329 832
2330 2902
2331 291
2332 292
2333 3367
2334 293
2335 4578
2336 4999
2337 294
2338 3503
2339 3709
2340 3954
2341 6883
2342 2949
2343 295
2344 2950
2345 2951
2346 2952
2347 2953
2348 2954
2349 2955
2350 2956
2351 2957
2352 2958
2353 2959
2354 296
2355 2960
2356 2961
2357 2962
2358 2963
2359 2964
2360 2965
2361 2966
2362 2967
2363 2968
2364 2969
2365 297
2366 2970
2367 2971
2368 2972
2369 2973
2370 2974
2371 2975
2372 2976
2373 2977
2374 2978
2375 2979
2376 298
2377 2980
2378 2981
2379 2982
2380 2983
2381 2984
2382 2985
2383 2986
2384 2987
2385 2988
2386 2989
2387 299
2388 2990
2389 2991
2390 2992
2391 2993
2392 2994
2393 2995
2394 2996
2395 2997
2396 2998
2397 2999
2398 30
2399 300
2400 3000
2401 3001
2402 3002
2403 3003
2404 3004
2405 3005
2406 888
2407 3006
2408 3007
2409 3008
2410 3009
2411 301
2412 3010
2413 3011
2414 3012
2415 3013
2416 3014
2417 3015
2418 3016
2419 3017
2420 3018
2421 3019
2422 302
2423 3020
2424 3021
2425 3022
2426 3023
2427 3024
2428 864
2429 3025
2430 3026
2431 3027
2432 3028
2433 3029
2434 3030
2435 3031
2436 3032
2437 3034
2438 5177
2439 6265
2440 6266
2441 3035
2442 3036
2443 3037
2444 3038
2445 3039
2446 304
2447 3040
2448 3041
2449 3042
2450 3043
2451 3044
2452 3045
2453 3046
2454 3047
2455 3048
2456 3049
2457 305
2458 3050
2459 3051
2460 3052
2461 3053
2462 3054
2463 3055
2464 3056
2465 3057
2466 3058
2467 3059
2468 3060
2469 3061
2470 3062
2471 3063
2472 3064
2473 3065
2474 3066
2475 3067
2476 3068
2477 3069
2478 3070
2479 3071
2480 3072
2481 3073
2482 307
2483 3074
2484 3075
2485 3076
2486 3077
2487 3078
2488 3079
2489 308
2490 3080
2491 3081
2492 3082
2493 3083
2494 3084
2495 3085
2496 3086
2497 3087
2498 3088
2499 3089
2500 309
2501 3090
2502 3091
2503 3092
2504 3093
2505 3094
2506 3095
2507 3096
2508 3098
2509 5117
2510 3099
2511 31
2512 310
2513 3100
2514 3101
2515 3102
2516 3103
2517 3104
2518 3105
2519 3106
2520 3107
2521 3108
2522 3109
2523 311
2524 3110
2525 3111
2526 3112
2527 3113
2528 3114
2529 3115
2530 3116
2531 3117
2532 3118
2533 3119
2534 312
2535 3120
2536 3121
2537 3122
2538 3123
2539 3124
2540 3125
2541 3126
2542 3127
2543 3128
2544 3129
2545 313
2546 3130
2547 3131
2548 3132
2549 3133
2550 3134
2551 3135
2552 3136
2553 3137
2554 3138
2555 3139
2556 3140
2557 314
2558 3141
2559 3142
2560 3143
2561 3144
2562 3145
2563 3146
2564 3147
2565 3148
2566 3149
2567 315
2568 3150
2569 3151
2570 3152
2571 3153
2572 3154
2573 3155
2574 3156
2575 3157
2576 3158
2577 3159
2578 3160
2579 3161
2580 3162
2581 3163
2582 3164
2583 3165
2584 3166
2585 3167
2586 3168
2587 6003
2588 6004
2589 6005
2590 3169
2591 317
2592 3170
2593 3171
2594 3172
2595 3173
2596 3174
2597 3175
2598 3176
2599 3177
2600 3178
2601 3179
2602 318
2603 3180
2604 3181
2605 3182
2606 3183
2607 3184
2608 3185
2609 3186
2610 3187
2611 3188
2612 3189
2613 3190
2614 3191
2615 3192
2616 3193
2617 3194
2618 3195
2619 3196
2620 3197
2621 3198
2622 3199
2623 3200
2624 32
2625 320
2626 3201
2627 3202
2628 3203
2629 3204
2630 3205
2631 3206
2632 3207
2633 3208
2634 3209
2635 321
2636 3210
2637 3211
2638 3212
2639 3213
2640 3214
2641 3215
2642 3216
2643 3217
2644 3218
2645 3219
2646 322
2647 3220
2648 3221
2649 3222
2650 3223
2651 3224
2652 3225
2653 3226
2654 3227
2655 3228
2656 3229
2657 323
2658 3230
2659 3231
2660 3232
2661 3233
2662 3234
2663 3235
2664 3236
2665 3237
2666 3238
2667 3239
2668 324
2669 3240
2670 3241
2671 3242
2672 3243
2673 3244
2674 3245
2675 3246
2676 3247
2677 3248
2678 3249
2679 325
2680 3250
2681 3251
2682 3252
2683 3253
2684 3254
2685 3255
2686 3256
2687 3257
2688 3258
2689 3259
2690 326
2691 3260
2692 3261
2693 3262
2694 3263
2695 3264
2696 3265
2697 3266
2698 3267
2699 3268
2700 3269
2701 3270
2702 3271
2703 3272
2704 3273
2705 3274
2706 3275
2707 3276
2708 3277
2709 3278
2710 3279
2711 328
2712 329
2713 330
2714 331
2715 332
2716 333
2717 334
2718 3280
2719 3281
2720 3282
2721 3283
2722 3284
2723 3285
2724 3286
2725 3287
2726 3288
2727 3289
2728 3290
2729 3291
2730 3292
2731 3293
2732 3294
2733 3295
2734 3296
2735 3297
2736 3298
2737 3299
2738 3300
2739 3301
2740 3302
2741 3303
2742 3304
2743 3305
2744 3306
2745 3307
2746 3308
2747 3309
2748 3310
2749 3311
2750 3312
2751 3313
2752 3314
2753 3315
2754 3316
2755 3317
2756 3318
2757 3319
2758 3320
2759 3321
2760 3322
2761 3323
2762 3324
2763 3325
2764 3326
2765 3327
2766 3328
2767 3329
2768 3330
2769 3331
2770 3332
2771 3333
2772 3334
2773 3335
2774 3336
2775 3337
2776 3338
2777 3339
2778 3340
2779 3341
2780 3342
2781 3343
2782 3344
2783 3345
2784 3346
2785 3347
2786 3348
2787 3349
2788 3350
2789 3351
2790 3352
2791 3353
2792 3354
2793 3355
2794 3356
2795 3357
2796 3358
2797 3359
2798 3523
2799 397
2800 403
2801 4570
2802 4571
2803 4572
2804 4573
2805 4574
2806 3360
2807 3361
2808 3362
2809 3363
2810 3364
2811 3365
2812 3366
2813 3368
2814 3369
2815 337
2816 3370
2817 3371
2818 3372
2819 3373
2820 3374
2821 3375
2822 3376
2823 3377
2824 3378
2825 3379
2826 338
2827 3380
2828 3381
2829 3382
2830 3383
2831 3384
2832 3385
2833 3386
2834 3387
2835 3388
2836 3389
2837 3390
2838 3391
2839 3392
2840 3393
2841 3394
2842 3395
2843 3396
2844 3397
2845 3398
2846 3399
2847 34
2848 340
2849 3400
2850 3401
2851 3402
2852 3403
2853 3404
2854 3405
2855 3406
2856 3407
2857 3408
2858 3409
2859 341
2860 3410
2861 3411
2862 3412
2863 3413
2864 3414
2865 3415
2866 3416
2867 3417
2868 3418
2869 3419
2870 3420
2871 3421
2872 3422
2873 3423
2874 3424
2875 3425
2876 3426
2877 3427
2878 3428
2879 3429
2880 343
2881 3430
2882 3431
2883 3432
2884 3433
2885 3434
2886 3435
2887 3436
2888 3437
2889 3438
2890 3439
2891 344
2892 3440
2893 3441
2894 3442
2895 3443
2896 3444
2897 3445
2898 3446
2899 3447
2900 3448
2901 3449
2902 345
2903 3450
2904 3451
2905 3452
2906 3453
2907 3454
2908 3455
2909 3456
2910 3457
2911 3458
2912 3459
2913 3460
2914 3461
2915 3462
2916 3463
2917 3464
2918 3465
2919 3466
2920 3467
2921 3468
2922 3469
2923 347
2924 3470
2925 3471
2926 3472
2927 3473
2928 3474
2929 3475
2930 3476
2931 3477
2932 3478
2933 3479
2934 348
2935 3480
2936 3481
2937 3482
2938 3483
2939 3484
2940 3485
2941 3486
2942 3487
2943 3488
2944 3489
2945 3490
2946 3491
2947 3492
2948 3493
2949 3494
2950 3495
2951 3496
2952 3497
2953 3498
2954 3499
2955 3500
2956 3501
2957 3502
2958 3505
2959 3506
2960 3507
2961 3508
2962 350
2963 5408
2964 3509
2965 351
2966 3510
2967 3511
2968 3512
2969 3513
2970 3514
2971 3515
2972 3516
2973 3517
2974 3518
2975 3519
2976 352
2977 3520
2978 3521
2979 3522
2980 3524
2981 3525
2982 3526
2983 3527
2984 395
2985 396
2986 3528
2987 3529
2988 353
2989 3530
2990 3531
2991 3532
2992 3533
2993 3534
2994 3535
2995 3536
2996 3537
2997 3538
2998 3539
2999 354
3000 3540
3001 3541
3002 3542
3003 3543
3004 3544
3005 3545
3006 3546
3007 3547
3008 3548
3009 3549
3010 355
3011 3550
3012 3551
3013 3552
3014 3553
3015 3554
3016 3555
3017 3556
3018 3557
3019 3558
3020 3762
3021 3559
3022 356
3023 3560
3024 3561
3025 3562
3026 3563
3027 3564
3028 3565
3029 3566
3030 3567
3031 3568
3032 3569
3033 3570
3034 3572
3035 3573
3036 3574
3037 3575
3038 3576
3039 3577
3040 3578
3041 3579
3042 358
3043 3580
3044 3581
3045 3582
3046 3583
3047 3584
3048 3585
3049 3586
3050 3587
3051 3588
3052 3589
3053 3590
3054 3591
3055 3592
3056 4350
3057 3594
3058 3595
3059 3596
3060 3597
3061 3598
3062 3599
3063 36
3064 360
3065 3600
3066 3601
3067 3602
3068 3603
3069 3604
3070 3605
3071 3606
3072 3607
3073 3608
3074 3609
3075 361
3076 3610
3077 3611
3078 3612
3079 3613
3080 3614
3081 3615
3082 3616
3083 3617
3084 3618
3085 3619
3086 362
3087 3620
3088 3621
3089 3622
3090 3623
3091 3624
3092 3625
3093 3626
3094 3627
3095 3628
3096 3629
3097 3630
3098 3631
3099 363
3100 364
3101 3632
3102 3633
3103 3634
3104 3635
3105 3636
3106 3637
3107 3638
3108 3639
3109 3640
3110 3641
3111 3642
3112 3643
3113 3644
3114 3645
3115 3646
3116 3647
3117 3648
3118 3649
3119 365
3120 3650
3121 3651
3122 3652
3123 3653
3124 3654
3125 3655
3126 3656
3127 3657
3128 3658
3129 3659
3130 3660
3131 3661
3132 3662
3133 3663
3134 3664
3135 3665
3136 3666
3137 3667
3138 3668
3139 3669
3140 367
3141 3670
3142 3671
3143 3672
3144 3673
3145 3674
3146 3675
3147 3676
3148 3677
3149 3678
3150 3679
3151 368
3152 3680
3153 3681
3154 3682
3155 3683
3156 3684
3157 3685
3158 3686
3159 3687
3160 3688
3161 3689
3162 369
3163 3690
3164 3691
3165 3692
3166 3693
3167 3694
3168 3695
3169 3696
3170 3697
3171 3698
3172 3699
3173 370
3174 3700
3175 3701
3176 3702
3177 3703
3178 3704
3179 3705
3180 3706
3181 3707
3182 3708
3183 371
3184 372
3185 3710
3186 3711
3187 3712
3188 3713
3189 3714
3190 3715
3191 3716
3192 3717
3193 3718
3194 3719
3195 3720
3196 3721
3197 3722
3198 3723
3199 3724
3200 3725
3201 3726
3202 3727
3203 3728
3204 3729
3205 373
3206 3730
3207 3731
3208 3732
3209 3733
3210 3734
3211 3735
3212 3736
3213 3737
3214 3738
3215 3739
3216 374
3217 375
3218 3740
3219 3741
3220 3742
3221 3743
3222 3744
3223 3745
3224 3746
3225 3747
3226 3748
3227 3749
3228 940
3229 3750
3230 3751
3231 3752
3232 3753
3233 3754
3234 3755
3235 3756
3236 3757
3237 3758
3238 3759
3239 376
3240 3760
3241 3761
3242 3763
3243 3764
3244 3765
3245 3766
3246 3767
3247 3768
3248 3769
3249 377
3250 3770
3251 3771
3252 3772
3253 3773
3254 3774
3255 3775
3256 3776
3257 3777
3258 3778
3259 3779
3260 378
3261 3780
3262 3782
3263 3783
3264 3784
3265 3785
3266 3786
3267 3787
3268 3788
3269 3789
3270 379
3271 3790
3272 3791
3273 3792
3274 3793
3275 3794
3276 3795
3277 3796
3278 3797
3279 3798
3280 3799
3281 38
3282 380
3283 3800
3284 3801
3285 3802
3286 3803
3287 3804
3288 3805
3289 3806
3290 3807
3291 3808
3292 3809
3293 381
3294 3810
3295 3811
3296 3812
3297 3813
3298 3814
3299 859
3300 3815
3301 3816
3302 3817
3303 3818
3304 3819
3305 382
3306 383
3307 3820
3308 3821
3309 3822
3310 3823
3311 3824
3312 3825
3313 3826
3314 3827
3315 3828
3316 3829
3317 3830
3318 3831
3319 3832
3320 3833
3321 3834
3322 3835
3323 3836
3324 3837
3325 3838
3326 3839
3327 384
3328 385
3329 3840
3330 3841
3331 3842
3332 3843
3333 3844
3334 3845
3335 3846
3336 3847
3337 3848
3338 3849
3339 3850
3340 3851
3341 3852
3342 3853
3343 3854
3344 3855
3345 3856
3346 3857
3347 3858
3348 3859
3349 386
3350 3860
3351 3861
3352 3862
3353 3863
3354 3864
3355 3865
3356 3866
3357 3867
3358 3868
3359 3869
3360 3870
3361 387
3362 3871
3363 3872
3364 3873
3365 3874
3366 3875
3367 3876
3368 3877
3369 3878
3370 3879
3371 388
3372 3880
3373 3881
3374 3882
3375 3883
3376 3884
3377 3885
3378 3886
3379 3887
3380 3888
3381 3889
3382 389
3383 3890
3384 3891
3385 3892
3386 3893
3387 3894
3388 3895
3389 3896
3390 3897
3391 3898
3392 3899
3393 390
3394 3900
3395 3901
3396 3905
3397 3906
3398 3907
3399 3908
3400 3909
3401 391
3402 3910
3403 3911
3404 3912
3405 3913
3406 3914
3407 3915
3408 3916
3409 3917
3410 3918
3411 3919
3412 392
3413 3920
3414 3921
3415 3922
3416 3923
3417 3924
3418 3925
3419 3928
3420 3929
3421 3930
3422 3931
3423 3932
3424 3933
3425 5101
3426 393
3427 3934
3428 3935
3429 3936
3430 3937
3431 3938
3432 3939
3433 394
3434 400
3435 3940
3436 3941
3437 3942
3438 3943
3439 3944
3440 3945
3441 3946
3442 3947
3443 3948
3444 3949
3445 3950
3446 3951
3447 3952
3448 3953
3449 3955
3450 3956
3451 3957
3452 3958
3453 3960
3454 3961
3455 3962
3456 3963
3457 3964
3458 3965
3459 3966
3460 3967
3461 3968
3462 3969
3463 3970
3464 3971
3465 3972
3466 3973
3467 3974
3468 3975
3469 3976
3470 3977
3471 3978
3472 3979
3473 4787
3474 3980
3475 3981
3476 3982
3477 3983
3478 3984
3479 3985
3480 3986
3481 3987
3482 3989
3483 3990
3484 3991
3485 3992
3486 3993
3487 3994
3488 3995
3489 3996
3490 3997
3491 3998
3492 3999
3493 4
3494 40
3495 41
3496 42
3497 4000
3498 4001
3499 4002
3500 4003
3501 4004
3502 4005
3503 4006
3504 4007
3505 4008
3506 4009
3507 4010
3508 4011
3509 4012
3510 4013
3511 4014
3512 4015
3513 896
3514 4016
3515 4017
3516 4018
3517 4019
3518 4020
3519 4021
3520 4022
3521 4023
3522 4024
3523 4025
3524 4026
3525 4027
3526 946
3527 4271
3528 5950
3529 4028
3530 4029
3531 4030
3532 4031
3533 4032
3534 4033
3535 4034
3536 4035
3537 4036
3538 4037
3539 4038
3540 4039
3541 4040
3542 4041
3543 4042
3544 4043
3545 4044
3546 4045
3547 4046
3548 4047
3549 4048
3550 4049
3551 4050
3552 4051
3553 4052
3554 4053
3555 4054
3556 4055
3557 4056
3558 4057
3559 4058
3560 4059
3561 4060
3562 4061
3563 4062
3564 4063
3565 4064
3566 4065
3567 4066
3568 4067
3569 4068
3570 4069
3571 4070
3572 4071
3573 4072
3574 4073
3575 4074
3576 4075
3577 4076
3578 4077
3579 4078
3580 4079
3581 4080
3582 4081
3583 4082
3584 4083
3585 4084
3586 4085
3587 4086
3588 4087
3589 4088
3590 4089
3591 4090
3592 4091
3593 4092
3594 4093
3595 4094
3596 4095
3597 4096
3598 4097
3599 4098
3600 4099
3601 4100
3602 4101
3603 4102
3604 4103
3605 4104
3606 4105
3607 4106
3608 4107
3609 4108
3610 4109
3611 4110
3612 4111
3613 4112
3614 4113
3615 4114
3616 4115
3617 4116
3618 4117
3619 4118
3620 4119
3621 4120
3622 4121
3623 4122
3624 4123
3625 4124
3626 4125
3627 4126
3628 4127
3629 4128
3630 4129
3631 413
3632 4130
3633 4131
3634 4132
3635 4133
3636 4134
3637 4135
3638 4136
3639 4137
3640 4138
3641 4139
3642 414
3643 4140
3644 4141
3645 4142
3646 4143
3647 4144
3648 4145
3649 4146
3650 4147
3651 4148
3652 4149
3653 4150
3654 4151
3655 4152
3656 4153
3657 4154
3658 4155
3659 4156
3660 4157
3661 4158
3662 4159
3663 4160
3664 4161
3665 4162
3666 4163
3667 4164
3668 4165
3669 4166
3670 4167
3671 4168
3672 4169
3673 417
3674 4170
3675 4171
3676 4172
3677 4173
3678 4174
3679 4175
3680 4176
3681 4177
3682 4178
3683 4179
3684 4180
3685 4181
3686 4182
3687 4183
3688 4184
3689 4185
3690 4186
3691 4187
3692 4188
3693 4189
3694 4190
3695 4191
3696 4192
3697 4193
3698 4194
3699 4195
3700 4196
3701 4197
3702 4198
3703 4199
3704 415
3705 416
3706 420
3707 4200
3708 4201
3709 4202
3710 4203
3711 4204
3712 4205
3713 4206
3714 4207
3715 4208
3716 4209
3717 421
3718 422
3719 423
3720 4210
3721 4211
3722 4212
3723 4213
3724 4214
3725 4215
3726 4216
3727 4217
3728 4218
3729 4219
3730 4220
3731 4221
3732 4222
3733 4223
3734 4224
3735 4225
3736 4226
3737 4227
3738 4228
3739 4229
3740 4230
3741 4231
3742 4232
3743 800
3744 4776
3745 6160
3746 6760
3747 4234
3748 4235
3749 4236
3750 4237
3751 4238
3752 4239
3753 424
3754 4240
3755 4241
3756 4242
3757 4243
3758 4244
3759 4245
3760 4246
3761 4247
3762 4248
3763 4249
3764 425
3765 4250
3766 4251
3767 4252
3768 4253
3769 4505
3770 4254
3771 4255
3772 4256
3773 4257
3774 4258
3775 4259
3776 426
3777 4260
3778 4261
3779 4262
3780 4263
3781 4264
3782 4265
3783 4266
3784 4267
3785 4268
3786 4269
3787 427
3788 4270
3789 4272
3790 4273
3791 4274
3792 4275
3793 4276
3794 4277
3795 4278
3796 4279
3797 428
3798 4280
3799 4281
3800 4282
3801 4283
3802 4284
3803 4285
3804 4286
3805 4287
3806 4288
3807 4289
3808 429
3809 4290
3810 4291
3811 4292
3812 4293
3813 4294
3814 4295
3815 4296
3816 4297
3817 4298
3818 4299
3819 43
3820 4300
3821 4301
3822 4302
3823 4303
3824 4304
3825 4305
3826 4306
3827 4307
3828 4308
3829 4309
3830 431
3831 4310
3832 4311
3833 4312
3834 4313
3835 4314
3836 4315
3837 4316
3838 4317
3839 4318
3840 4319
3841 432
3842 4320
3843 4321
3844 4322
3845 4323
3846 4324
3847 4325
3848 4326
3849 4327
3850 4328
3851 4329
3852 433
3853 4330
3854 4331
3855 4332
3856 4333
3857 4334
3858 4335
3859 4336
3860 4337
3861 4338
3862 4339
3863 434
3864 4340
3865 4341
3866 4342
3867 4343
3868 4344
3869 4345
3870 4346
3871 4347
3872 4348
3873 4349
3874 4351
3875 4352
3876 4353
3877 4354
3878 4355
3879 4356
3880 4357
3881 4358
3882 4359
3883 436
3884 4360
3885 4361
3886 4363
3887 4364
3888 4365
3889 4366
3890 4367
3891 4368
3892 4369
3893 437
3894 4370
3895 4371
3896 4372
3897 4373
3898 4374
3899 4375
3900 4376
3901 4377
3902 4378
3903 4379
3904 4380
3905 4381
3906 4382
3907 4383
3908 4385
3909 4386
3910 4387
3911 4388
3912 4389
3913 439
3914 4390
3915 4391
3916 4392
3917 4393
3918 4394
3919 4395
3920 4396
3921 4397
3922 4398
3923 4399
3924 44
3925 440
3926 4400
3927 4401
3928 4402
3929 4403
3930 4404
3931 4405
3932 4406
3933 4407
3934 4408
3935 4409
3936 441
3937 4410
3938 4411
3939 4413
3940 4414
3941 4415
3942 4416
3943 4417
3944 4418
3945 4419
3946 442
3947 4420
3948 4421
3949 4422
3950 4423
3951 4424
3952 4425
3953 4426
3954 4427
3955 4428
3956 4429
3957 4430
3958 443
3959 4431
3960 4432
3961 4433
3962 4434
3963 4435
3964 4436
3965 4437
3966 4438
3967 4439
3968 444
3969 4440
3970 4441
3971 4442
3972 4443
3973 4444
3974 4445
3975 4446
3976 4447
3977 4448
3978 4449
3979 445
3980 4450
3981 4451
3982 4452
3983 4453
3984 4454
3985 4455
3986 4456
3987 4457
3988 4458
3989 4459
3990 446
3991 447
3992 4460
3993 4461
3994 4462
3995 4463
3996 4464
3997 4465
3998 4466
3999 4467
4000 4468
4001 4469
4002 4470
4003 4471
4004 4472
4005 4473
4006 4474
4007 4475
4008 4476
4009 4477
4010 4478
4011 4479
4012 448
4013 4480
4014 4481
4015 4482
4016 4483
4017 4484
4018 4485
4019 4486
4020 4487
4021 4488
4022 4489
4023 449
4024 4490
4025 4491
4026 4492
4027 4493
4028 4494
4029 4495
4030 4496
4031 4497
4032 4498
4033 4499
4034 45
4035 46
4036 450
4037 4500
4038 4501
4039 4502
4040 4503
4041 4504
4042 4506
4043 4507
4044 4508
4045 4509
4046 451
4047 452
4048 4510
4049 4511
4050 4512
4051 4513
4052 4514
4053 4515
4054 4516
4055 4517
4056 4518
4057 4519
4058 4520
4059 4521
4060 4522
4061 4523
4062 4524
4063 4525
4064 4526
4065 4527
4066 4528
4067 4529
4068 4530
4069 4531
4070 4532
4071 4533
4072 4534
4073 4535
4074 4536
4075 4537
4076 4538
4077 4539
4078 4540
4079 4541
4080 4542
4081 4543
4082 4544
4083 4545
4084 4546
4085 4548
4086 4549
4087 4362
4088 4550
4089 4551
4090 4552
4091 4553
4092 4554
4093 4555
4094 4556
4095 4557
4096 4558
4097 4559
4098 456
4099 4560
4100 4561
4101 4562
4102 4563
4103 4564
4104 4565
4105 4566
4106 4567
4107 4568
4108 4569
4109 4575
4110 4576
4111 4577
4112 4580
4113 4581
4114 4583
4115 4584
4116 4585
4117 4586
4118 4587
4119 4588
4120 4589
4121 4590
4122 4591
4123 6824
4124 6825
4125 4637
4126 5927
4127 5803
4128 5804
4129 6304
4130 5001
4131 842
4132 459
4133 4592
4134 4593
4135 4594
4136 4595
4137 4596
4138 4597
4139 4598
4140 4599
4141 4600
4142 460
4143 4601
4144 4602
4145 4603
4146 4605
4147 4606
4148 4607
4149 4608
4150 4609
4151 461
4152 4610
4153 4611
4154 4612
4155 4613
4156 4614
4157 484
4158 4615
4159 4616
4160 4617
4161 4618
4162 4619
4163 462
4164 4620
4165 4621
4166 4622
4167 4623
4168 4624
4169 4625
4170 4626
4171 4627
4172 4628
4173 4629
4174 463
4175 4630
4176 4631
4177 4632
4178 4633
4179 4634
4180 4635
4181 4636
4182 464
4183 4648
4184 4649
4185 465
4186 4650
4187 4651
4188 4652
4189 4653
4190 4654
4191 4655
4192 4656
4193 4657
4194 4658
4195 4659
4196 4660
4197 4661
4198 4662
4199 4663
4200 4664
4201 4665
4202 4666
4203 4667
4204 4668
4205 4669
4206 467
4207 4670
4208 4671
4209 4672
4210 4673
4211 4674
4212 4675
4213 4676
4214 4677
4215 4678
4216 4679
4217 468
4218 4680
4219 4681
4220 4682
4221 4683
4222 4684
4223 4685
4224 4686
4225 4687
4226 4688
4227 4689
4228 469
4229 470
4230 4690
4231 4691
4232 4692
4233 4693
4234 4694
4235 4695
4236 4696
4237 4697
4238 4698
4239 4699
4240 47
4241 4700
4242 4701
4243 4702
4244 4703
4245 4704
4246 4705
4247 4706
4248 4707
4249 4708
4250 4709
4251 471
4252 4710
4253 4711
4254 4712
4255 4713
4256 4714
4257 4715
4258 4716
4259 4717
4260 4718
4261 4719
4262 4720
4263 4721
4264 4722
4265 4723
4266 4724
4267 4725
4268 4726
4269 4727
4270 4728
4271 4729
4272 473
4273 4730
4274 4731
4275 4732
4276 4733
4277 4734
4278 4735
4279 4736
4280 4737
4281 4738
4282 4739
4283 474
4284 475
4285 4740
4286 4741
4287 4742
4288 4743
4289 4744
4290 4745
4291 5583
4292 5584
4293 825
4294 4746
4295 4747
4296 4748
4297 4749
4298 4750
4299 4751
4300 4752
4301 4753
4302 4754
4303 4755
4304 4756
4305 4757
4306 4758
4307 4759
4308 4760
4309 4761
4310 4762
4311 4763
4312 4764
4313 4765
4314 4766
4315 4767
4316 4768
4317 4769
4318 477
4319 4770
4320 4771
4321 4772
4322 4773
4323 4774
4324 4775
4325 4777
4326 4778
4327 4779
4328 478
4329 4780
4330 4781
4331 4782
4332 4783
4333 4784
4334 4785
4335 4786
4336 4788
4337 4789
4338 479
4339 4790
4340 4791
4341 4792
4342 4793
4343 4794
4344 4795
4345 4796
4346 4797
4347 4798
4348 4799
4349 48
4350 480
4351 4800
4352 4801
4353 4802
4354 4803
4355 4804
4356 4805
4357 4806
4358 4807
4359 4808
4360 4809
4361 481
4362 4810
4363 4811
4364 4812
4365 4813
4366 4814
4367 4815
4368 4816
4369 4817
4370 4818
4371 4819
4372 482
4373 483
4374 4820
4375 4821
4376 4822
4377 4823
4378 4824
4379 4825
4380 4826
4381 4827
4382 4828
4383 4829
4384 6919
4385 4830
4386 4831
4387 4832
4388 4833
4389 4834
4390 4835
4391 4836
4392 4837
4393 4838
4394 4839
4395 6626
4396 4840
4397 4841
4398 4842
4399 4843
4400 4844
4401 4845
4402 4846
4403 4847
4404 4848
4405 4849
4406 5509
4407 5628
4408 5660
4409 6047
4410 6048
4411 6049
4412 6050
4413 831
4414 485
4415 4850
4416 4851
4417 4852
4418 4853
4419 4854
4420 4855
4421 4856
4422 4857
4423 4858
4424 4859
4425 486
4426 4860
4427 4861
4428 4862
4429 4863
4430 4864
4431 4865
4432 4866
4433 4867
4434 4868
4435 4869
4436 4870
4437 4871
4438 4872
4439 4873
4440 4874
4441 4875
4442 4876
4443 4877
4444 4878
4445 4879
4446 488
4447 4880
4448 4881
4449 4882
4450 4883
4451 4884
4452 4885
4453 4886
4454 4887
4455 4888
4456 4889
4457 489
4458 4890
4459 4891
4460 4892
4461 4893
4462 4894
4463 4895
4464 4896
4465 4897
4466 4898
4467 4899
4468 490
4469 4900
4470 4901
4471 4902
4472 4903
4473 4904
4474 4905
4475 4906
4476 4907
4477 4908
4478 4909
4479 491
4480 4910
4481 4911
4482 4912
4483 4913
4484 4914
4485 4915
4486 4916
4487 4917
4488 4918
4489 4919
4490 492
4491 4920
4492 4921
4493 4922
4494 4923
4495 4924
4496 4925
4497 4926
4498 4927
4499 4928
4500 4929
4501 493
4502 4930
4503 4931
4504 4932
4505 4933
4506 4934
4507 4935
4508 4936
4509 4937
4510 4938
4511 4939
4512 494
4513 4940
4514 4941
4515 4942
4516 4943
4517 4944
4518 4945
4519 4946
4520 4947
4521 4948
4522 4949
4523 495
4524 4950
4525 4951
4526 4952
4527 4953
4528 4954
4529 4955
4530 4956
4531 4957
4532 4958
4533 4959
4534 496
4535 4960
4536 4961
4537 4962
4538 4963
4539 4964
4540 4965
4541 4966
4542 4967
4543 4968
4544 4969
4545 497
4546 4970
4547 4971
4548 4972
4549 4973
4550 4974
4551 4975
4552 4976
4553 4977
4554 4978
4555 4979
4556 4980
4557 4981
4558 4982
4559 4983
4560 4984
4561 4985
4562 4986
4563 4987
4564 4988
4565 4989
4566 499
4567 500
4568 4990
4569 4991
4570 4992
4571 4993
4572 4994
4573 4995
4574 4996
4575 4997
4576 4998
4577 5000
4578 5002
4579 5003
4580 5004
4581 5005
4582 5006
4583 5007
4584 5008
4585 5009
4586 5010
4587 5011
4588 5012
4589 5013
4590 50
4591 501
4592 6343
4593 5014
4594 5015
4595 5016
4596 5017
4597 5018
4598 5019
4599 5020
4600 5021
4601 502
4602 5022
4603 5023
4604 5024
4605 5025
4606 5026
4607 5027
4608 5028
4609 5029
4610 503
4611 5030
4612 5031
4613 5032
4614 5033
4615 5034
4616 5035
4617 5036
4618 5037
4619 5038
4620 5039
4621 504
4622 5040
4623 5041
4624 5042
4625 5043
4626 5044
4627 5045
4628 5046
4629 5047
4630 5048
4631 5049
4632 505
4633 5050
4634 5051
4635 5052
4636 5053
4637 5054
4638 5055
4639 5056
4640 5057
4641 5058
4642 5059
4643 506
4644 5060
4645 5061
4646 5062
4647 5063
4648 5064
4649 5065
4650 5066
4651 5067
4652 5068
4653 5069
4654 5070
4655 507
4656 5071
4657 5072
4658 5073
4659 5074
4660 5075
4661 5076
4662 5077
4663 5078
4664 5079
4665 508
4666 5080
4667 5081
4668 5082
4669 5083
4670 5084
4671 5085
4672 5086
4673 5087
4674 5088
4675 5089
4676 509
4677 5090
4678 5091
4679 5092
4680 5093
4681 5094
4682 5095
4683 5096
4684 5097
4685 5098
4686 5099
4687 510
4688 5100
4689 5102
4690 5103
4691 5104
4692 5105
4693 5106
4694 5107
4695 5108
4696 5109
4697 5110
4698 511
4699 5111
4700 5112
4701 5113
4702 5114
4703 5115
4704 5116
4705 5118
4706 5119
4707 512
4708 5120
4709 5121
4710 5122
4711 5123
4712 5124
4713 5125
4714 5126
4715 5127
4716 5128
4717 5129
4718 513
4719 5130
4720 5131
4721 5132
4722 5133
4723 5134
4724 5135
4725 5136
4726 5137
4727 5138
4728 5139
4729 514
4730 5140
4731 5141
4732 5142
4733 5143
4734 5144
4735 5145
4736 5146
4737 5147
4738 5148
4739 5149
4740 515
4741 5150
4742 5151
4743 5152
4744 5153
4745 5154
4746 5155
4747 5156
4748 5157
4749 5158
4750 5159
4751 516
4752 5160
4753 5161
4754 5162
4755 5163
4756 5164
4757 5165
4758 5166
4759 5167
4760 5168
4761 5169
4762 517
4763 5170
4764 5171
4765 5172
4766 5173
4767 5174
4768 5175
4769 5176
4770 5178
4771 5179
4772 518
4773 5180
4774 5181
4775 5182
4776 5183
4777 5184
4778 5185
4779 5186
4780 5187
4781 5188
4782 5189
4783 519
4784 5190
4785 5191
4786 5192
4787 5193
4788 5194
4789 5195
4790 5196
4791 5197
4792 5198
4793 5199
4794 520
4795 5200
4796 5201
4797 5202
4798 5203
4799 5204
4800 5205
4801 5206
4802 5207
4803 5208
4804 5209
4805 521
4806 5210
4807 5211
4808 5212
4809 5213
4810 5214
4811 6809
4812 5215
4813 5216
4814 5217
4815 5218
4816 5219
4817 522
4818 5220
4819 5221
4820 5222
4821 5223
4822 5224
4823 5225
4824 5226
4825 5227
4826 5228
4827 5229
4828 523
4829 5230
4830 5231
4831 5232
4832 5233
4833 5234
4834 5235
4835 5236
4836 5237
4837 5238
4838 5239
4839 524
4840 526
4841 5240
4842 5241
4843 5242
4844 5243
4845 5244
4846 5245
4847 5246
4848 5247
4849 5248
4850 5249
4851 5250
4852 5251
4853 5252
4854 5253
4855 5254
4856 5255
4857 5256
4858 5257
4859 5258
4860 5259
4861 5260
4862 5261
4863 5262
4864 5263
4865 5264
4866 5265
4867 5266
4868 5267
4869 5268
4870 5269
4871 527
4872 5270
4873 5271
4874 5272
4875 5273
4876 5274
4877 5275
4878 528
4879 6924
4880 5281
4881 5282
4882 5283
4883 5284
4884 5285
4885 5286
4886 5287
4887 5288
4888 5289
4889 529
4890 5290
4891 5291
4892 5292
4893 5293
4894 5294
4895 5295
4896 5296
4897 5297
4898 5298
4899 5299
4900 53
4901 530
4902 5300
4903 5301
4904 5302
4905 5303
4906 5305
4907 5306
4908 5307
4909 5308
4910 5309
4911 531
4912 532
4913 5310
4914 5311
4915 5312
4916 5313
4917 5314
4918 5315
4919 5316
4920 5317
4921 5318
4922 5319
4923 5320
4924 5323
4925 5324
4926 5325
4927 5326
4928 5327
4929 5328
4930 5329
4931 533
4932 5330
4933 5331
4934 5332
4935 5333
4936 5334
4937 5335
4938 5336
4939 5337
4940 5338
4941 5339
4942 534
4943 5340
4944 5341
4945 5342
4946 5343
4947 5344
4948 5345
4949 5346
4950 5347
4951 5348
4952 5349
4953 535
4954 5350
4955 5351
4956 5352
4957 5353
4958 5354
4959 5355
4960 5356
4961 5357
4962 5358
4963 5359
4964 536
4965 5360
4966 5361
4967 5362
4968 5363
4969 5364
4970 5365
4971 5366
4972 5367
4973 5368
4974 5369
4975 537
4976 5370
4977 5371
4978 5372
4979 5373
4980 5374
4981 5375
4982 5376
4983 5377
4984 5378
4985 5379
4986 538
4987 5380
4988 5381
4989 5382
4990 5383
4991 5384
4992 5385
4993 5386
4994 5387
4995 5388
4996 5389
4997 539
4998 5390
4999 5391
5000 5392
5001 5393
5002 5394
5003 5395
5004 5396
5005 5397
5006 5398
5007 5399
5008 6411
5009 5400
5010 5401
5011 5402
5012 5403
5013 5404
5014 5405
5015 5406
5016 5407
5017 5409
5018 541
5019 5410
5020 5411
5021 5412
5022 5413
5023 5414
5024 5415
5025 5416
5026 5417
5027 5418
5028 5419
5029 542
5030 5420
5031 5421
5032 5422
5033 5423
5034 5424
5035 5425
5036 5426
5037 5427
5038 5428
5039 5429
5040 543
5041 5430
5042 5431
5043 5432
5044 5433
5045 5434
5046 5435
5047 5436
5048 5437
5049 5438
5050 5439
5051 544
5052 5440
5053 5441
5054 5442
5055 5443
5056 5444
5057 5445
5058 5446
5059 5447
5060 5448
5061 5449
5062 5450
5063 5451
5064 5452
5065 5453
5066 5454
5067 5455
5068 5456
5069 545
5070 5457
5071 5458
5072 5459
5073 5460
5074 5461
5075 546
5076 547
5077 5462
5078 5463
5079 5464
5080 5465
5081 5466
5082 5467
5083 5468
5084 5469
5085 5470
5086 5471
5087 5472
5088 5473
5089 5474
5090 5475
5091 5476
5092 5477
5093 5478
5094 5479
5095 548
5096 5480
5097 5481
5098 5482
5099 5483
5100 5484
5101 5485
5102 5486
5103 5487
5104 5488
5105 5489
5106 5490
5107 549
5108 5491
5109 5492
5110 5493
5111 5494
5112 5495
5113 5496
5114 5497
5115 5498
5116 5499
5117 55
5118 550
5119 5500
5120 5501
5121 5502
5122 5503
5123 5504
5124 5505
5125 5506
5126 5507
5127 5508
5128 5510
5129 551
5130 5511
5131 5512
5132 5513
5133 5514
5134 5515
5135 5516
5136 5517
5137 5518
5138 5519
5139 552
5140 5520
5141 5521
5142 5522
5143 5523
5144 5524
5145 5525
5146 5526
5147 5527
5148 5528
5149 5529
5150 553
5151 5530
5152 5531
5153 5532
5154 5533
5155 5534
5156 5535
5157 5536
5158 5537
5159 5538
5160 5539
5161 554
5162 555
5163 5540
5164 5541
5165 5542
5166 5543
5167 5544
5168 5545
5169 5546
5170 5547
5171 5548
5172 5549
5173 5550
5174 5551
5175 5552
5176 5553
5177 5554
5178 5555
5179 5556
5180 5557
5181 5558
5182 5559
5183 556
5184 5560
5185 5561
5186 5562
5187 5563
5188 5564
5189 5565
5190 5567
5191 5568
5192 5569
5193 557
5194 5570
5195 5571
5196 5572
5197 5573
5198 5574
5199 5575
5200 5576
5201 5577
5202 5578
5203 5579
5204 5580
5205 5581
5206 5582
5207 5585
5208 5586
5209 5587
5210 5588
5211 5589
5212 559
5213 5590
5214 5592
5215 5593
5216 5594
5217 5595
5218 5596
5219 5597
5220 5598
5221 5599
5222 560
5223 5600
5224 5601
5225 5602
5226 5603
5227 5604
5228 5605
5229 5606
5230 5607
5231 5608
5232 5609
5233 561
5234 5610
5235 5611
5236 5612
5237 5613
5238 5614
5239 5615
5240 5616
5241 5617
5242 5618
5243 5619
5244 562
5245 5620
5246 5621
5247 5622
5248 5623
5249 5624
5250 5625
5251 5626
5252 5627
5253 5629
5254 563
5255 5630
5256 5631
5257 5632
5258 5633
5259 5634
5260 5635
5261 5636
5262 5637
5263 5638
5264 5639
5265 564
5266 5640
5267 5641
5268 5642
5269 5643
5270 5644
5271 5645
5272 5646
5273 5647
5274 5648
5275 5649
5276 565
5277 566
5278 5650
5279 5651
5280 5652
5281 5653
5282 5654
5283 5655
5284 5656
5285 5657
5286 5658
5287 5659
5288 5661
5289 5662
5290 5663
5291 5664
5292 5665
5293 5666
5294 5667
5295 5668
5296 5669
5297 567
5298 5670
5299 5671
5300 5672
5301 5673
5302 5674
5303 5676
5304 5677
5305 5678
5306 5679
5307 568
5308 5680
5309 5681
5310 5682
5311 5683
5312 5684
5313 5685
5314 5686
5315 5687
5316 5688
5317 5689
5318 569
5319 5690
5320 5691
5321 5692
5322 5693
5323 5694
5324 5695
5325 5696
5326 5697
5327 5698
5328 5699
5329 57
5330 570
5331 5700
5332 5701
5333 5702
5334 5703
5335 5704
5336 5705
5337 5706
5338 5707
5339 5708
5340 5709
5341 571
5342 5710
5343 5711
5344 5712
5345 5713
5346 5714
5347 5715
5348 5716
5349 5717
5350 5718
5351 5719
5352 5720
5353 5721
5354 5722
5355 5723
5356 5724
5357 5725
5358 5726
5359 5727
5360 5728
5361 5729
5362 573
5363 5730
5364 5731
5365 5732
5366 5733
5367 5734
5368 5735
5369 5736
5370 5737
5371 5738
5372 5739
5373 574
5374 5740
5375 5741
5376 5742
5377 5743
5378 5744
5379 5745
5380 5746
5381 5747
5382 5748
5383 5749
5384 575
5385 5750
5386 5751
5387 5752
5388 5753
5389 5754
5390 5755
5391 5756
5392 5757
5393 5758
5394 5759
5395 576
5396 5760
5397 5761
5398 5762
5399 5763
5400 5764
5401 5765
5402 5766
5403 5767
5404 5768
5405 5769
5406 577
5407 5770
5408 5771
5409 5772
5410 5773
5411 5774
5412 5775
5413 5776
5414 5777
5415 5778
5416 5779
5417 578
5418 5780
5419 5781
5420 5782
5421 5783
5422 5784
5423 5785
5424 5786
5425 5787
5426 5788
5427 5789
5428 579
5429 5790
5430 5791
5431 5792
5432 5793
5433 5794
5434 5795
5435 5796
5436 5797
5437 5798
5438 5799
5439 580
5440 5800
5441 5801
5442 5802
5443 5805
5444 5806
5445 5807
5446 5808
5447 5809
5448 581
5449 5810
5450 5811
5451 5812
5452 5813
5453 5814
5454 5815
5455 5816
5456 5817
5457 5818
5458 5819
5459 582
5460 5820
5461 5821
5462 5822
5463 5824
5464 5825
5465 5826
5466 5827
5467 5828
5468 5829
5469 583
5470 5830
5471 5831
5472 5832
5473 5833
5474 5834
5475 5835
5476 5836
5477 5837
5478 5838
5479 5839
5480 584
5481 5840
5482 5841
5483 5842
5484 5843
5485 5844
5486 5845
5487 5846
5488 5847
5489 5848
5490 5849
5491 5850
5492 5851
5493 5852
5494 5853
5495 5854
5496 5855
5497 5856
5498 5857
5499 5858
5500 5859
5501 586
5502 5860
5503 5861
5504 5862
5505 5863
5506 5864
5507 5865
5508 5866
5509 5867
5510 5868
5511 5869
5512 5870
5513 587
5514 5871
5515 5872
5516 5873
5517 5874
5518 5875
5519 5876
5520 5877
5521 5878
5522 5879
5523 5880
5524 5881
5525 5882
5526 5883
5527 5884
5528 5885
5529 5886
5530 5887
5531 5888
5532 5889
5533 5890
5534 5891
5535 5892
5536 5893
5537 5894
5538 5896
5539 694
5540 588
5541 589
5542 5897
5543 810
5544 5898
5545 5899
5546 59
5547 5900
5548 5901
5549 5902
5550 5903
5551 5904
5552 5905
5553 5906
5554 5907
5555 5908
5556 5909
5557 591
5558 5910
5559 5911
5560 5912
5561 5913
5562 5914
5563 5915
5564 5916
5565 5917
5566 5918
5567 5919
5568 5920
5569 5921
5570 5922
5571 5923
5572 5924
5573 5925
5574 5926
5575 5928
5576 5929
5577 593
5578 5930
5579 5931
5580 5932
5581 5933
5582 5934
5583 5935
5584 5936
5585 5937
5586 5938
5587 5939
5588 594
5589 5940
5590 5941
5591 5942
5592 5943
5593 5944
5594 5945
5595 5946
5596 5947
5597 5948
5598 5949
5599 595
5600 5951
5601 5952
5602 5953
5603 5954
5604 5955
5605 5956
5606 5957
5607 5958
5608 5959
5609 596
5610 5960
5611 5961
5612 5962
5613 5963
5614 5964
5615 5965
5616 5966
5617 5967
5618 5968
5619 5969
5620 597
5621 5970
5622 5971
5623 5972
5624 5973
5625 5974
5626 5975
5627 5976
5628 5977
5629 5978
5630 598
5631 5980
5632 5981
5633 5982
5634 5983
5635 5984
5636 5985
5637 5986
5638 5987
5639 5988
5640 5989
5641 5990
5642 5991
5643 5992
5644 5993
5645 5994
5646 599
5647 5995
5648 5996
5649 5997
5650 5998
5651 5999
5652 6
5653 600
5654 6000
5655 6001
5656 6002
5657 6006
5658 6007
5659 6008
5660 6009
5661 601
5662 6010
5663 6011
5664 6012
5665 6013
5666 6014
5667 6015
5668 6016
5669 6017
5670 6018
5671 6019
5672 602
5673 6020
5674 6021
5675 6022
5676 6023
5677 6024
5678 6025
5679 6026
5680 6027
5681 6028
5682 6029
5683 603
5684 6030
5685 6031
5686 6032
5687 6033
5688 6034
5689 6035
5690 6036
5691 6037
5692 6038
5693 6039
5694 6040
5695 6041
5696 6042
5697 6043
5698 6044
5699 6045
5700 6046
5701 605
5702 606
5703 6051
5704 6052
5705 6053
5706 6054
5707 6055
5708 6056
5709 6057
5710 6058
5711 6059
5712 6060
5713 6061
5714 6062
5715 6063
5716 6064
5717 6065
5718 6066
5719 6067
5720 6068
5721 6069
5722 607
5723 6070
5724 6071
5725 6072
5726 6073
5727 6074
5728 6075
5729 6076
5730 6077
5731 6078
5732 6079
5733 608
5734 6080
5735 6081
5736 6082
5737 6083
5738 6084
5739 6085
5740 6086
5741 6087
5742 6088
5743 6089
5744 609
5745 6090
5746 6091
5747 6092
5748 6093
5749 6094
5750 6095
5751 6096
5752 6097
5753 6098
5754 6099
5755 61
5756 610
5757 6100
5758 6101
5759 6102
5760 6103
5761 6104
5762 6105
5763 6106
5764 6107
5765 6108
5766 6109
5767 611
5768 6110
5769 6111
5770 6112
5771 6113
5772 6115
5773 6116
5774 6117
5775 6118
5776 6119
5777 612
5778 6120
5779 6121
5780 6122
5781 6123
5782 6124
5783 6125
5784 6126
5785 6127
5786 6128
5787 6129
5788 613
5789 6130
5790 6131
5791 6132
5792 6133
5793 6134
5794 6135
5795 6136
5796 6137
5797 6138
5798 6139
5799 614
5800 6140
5801 6141
5802 6142
5803 6143
5804 6144
5805 6145
5806 6146
5807 6147
5808 6148
5809 6149
5810 6150
5811 6151
5812 6152
5813 6153
5814 6154
5815 6155
5816 6156
5817 6157
5818 6158
5819 6159
5820 616
5821 6161
5822 6162
5823 6163
5824 6164
5825 6165
5826 6166
5827 6167
5828 6168
5829 6169
5830 6170
5831 617
5832 6171
5833 6172
5834 6173
5835 6174
5836 6175
5837 6176
5838 6177
5839 6178
5840 6179
5841 618
5842 6180
5843 6181
5844 6182
5845 6183
5846 6184
5847 6185
5848 6186
5849 6187
5850 6188
5851 6189
5852 6190
5853 6191
5854 6192
5855 931
5856 619
5857 6193
5858 6194
5859 6195
5860 6196
5861 6197
5862 6198
5863 6199
5864 62
5865 620
5866 6200
5867 6201
5868 6202
5869 6203
5870 6204
5871 6205
5872 6206
5873 6207
5874 6208
5875 6209
5876 621
5877 6210
5878 6211
5879 6212
5880 6213
5881 6214
5882 6215
5883 6216
5884 6217
5885 6218
5886 6219
5887 622
5888 6220
5889 6221
5890 6222
5891 6223
5892 6224
5893 6225
5894 6226
5895 6227
5896 6228
5897 6229
5898 6230
5899 623
5900 6231
5901 6232
5902 6233
5903 6234
5904 6235
5905 6236
5906 6237
5907 6238
5908 6239
5909 624
5910 6240
5911 6241
5912 6242
5913 6243
5914 6244
5915 6245
5916 6246
5917 6247
5918 6248
5919 6249
5920 625
5921 6250
5922 6251
5923 6252
5924 6253
5925 6254
5926 6255
5927 6256
5928 6257
5929 6258
5930 6259
5931 626
5932 6260
5933 6261
5934 6262
5935 6263
5936 6264
5937 6267
5938 6268
5939 6269
5940 627
5941 6270
5942 6271
5943 6272
5944 6273
5945 6274
5946 6275
5947 6276
5948 6277
5949 6278
5950 6279
5951 628
5952 6280
5953 6281
5954 6282
5955 6283
5956 6284
5957 6285
5958 6286
5959 6287
5960 6288
5961 6289
5962 629
5963 6290
5964 6291
5965 6292
5966 6293
5967 6294
5968 6295
5969 6296
5970 6297
5971 6298
5972 6299
5973 63
5974 630
5975 631
5976 6300
5977 6301
5978 6303
5979 6305
5980 6306
5981 6307
5982 6308
5983 6309
5984 6310
5985 6311
5986 6312
5987 6313
5988 6314
5989 6315
5990 6316
5991 6317
5992 6318
5993 6319
5994 6320
5995 6321
5996 6322
5997 6323
5998 6324
5999 6325
6000 6326
6001 6327
6002 6328
6003 6329
6004 6330
6005 6331
6006 6332
6007 6333
6008 6334
6009 6335
6010 6336
6011 6337
6012 6338
6013 6339
6014 634
6015 6340
6016 6341
6017 6342
6018 6344
6019 6345
6020 6346
6021 6347
6022 6348
6023 6349
6024 635
6025 636
6026 637
6027 638
6028 6350
6029 6351
6030 6352
6031 6353
6032 6354
6033 6355
6034 6356
6035 6357
6036 6358
6037 6359
6038 6360
6039 6361
6040 6362
6041 6363
6042 6364
6043 6365
6044 6366
6045 6367
6046 6368
6047 6369
6048 6370
6049 6371
6050 6372
6051 6373
6052 6374
6053 6375
6054 6376
6055 6377
6056 6378
6057 6379
6058 6380
6059 6381
6060 6382
6061 6383
6062 6384
6063 6385
6064 6386
6065 6387
6066 6388
6067 6389
6068 6390
6069 6391
6070 6392
6071 6393
6072 6394
6073 6395
6074 6396
6075 6397
6076 6398
6077 6399
6078 64
6079 6400
6080 6401
6081 6402
6082 6403
6083 6404
6084 6405
6085 6406
6086 6407
6087 6408
6088 6409
6089 6410
6090 6412
6091 6413
6092 6414
6093 6415
6094 6416
6095 6417
6096 6418
6097 6419
6098 642
6099 6420
6100 6421
6101 6422
6102 6423
6103 6424
6104 6425
6105 6426
6106 6427
6107 6428
6108 6429
6109 643
6110 6430
6111 6431
6112 6432
6113 6433
6114 6434
6115 6435
6116 6436
6117 6437
6118 6438
6119 6439
6120 6440
6121 6441
6122 6442
6123 6443
6124 6444
6125 6445
6126 6446
6127 6447
6128 6448
6129 6449
6130 645
6131 6450
6132 6451
6133 6452
6134 6453
6135 6454
6136 6455
6137 6456
6138 6457
6139 6458
6140 6459
6141 6460
6142 6461
6143 6462
6144 6463
6145 6464
6146 6465
6147 6466
6148 6467
6149 6468
6150 6469
6151 647
6152 6470
6153 6471
6154 6472
6155 6473
6156 6474
6157 6475
6158 6476
6159 6477
6160 6478
6161 6479
6162 648
6163 6480
6164 6481
6165 6482
6166 6483
6167 6484
6168 6485
6169 6486
6170 6487
6171 6488
6172 6489
6173 649
6174 6490
6175 6491
6176 6492
6177 6493
6178 6494
6179 6495
6180 6496
6181 6497
6182 6498
6183 6499
6184 65
6185 650
6186 6500
6187 6501
6188 6502
6189 6503
6190 6504
6191 6505
6192 6506
6193 6507
6194 6508
6195 6509
6196 651
6197 6510
6198 6511
6199 6512
6200 6513
6201 6514
6202 6515
6203 6516
6204 6517
6205 6518
6206 6519
6207 652
6208 6520
6209 6521
6210 6522
6211 6523
6212 6524
6213 6525
6214 6526
6215 6527
6216 6528
6217 6529
6218 653
6219 6530
6220 6531
6221 6532
6222 6533
6223 6534
6224 6535
6225 6536
6226 6537
6227 6538
6228 6539
6229 654
6230 6540
6231 6541
6232 6542
6233 6543
6234 6544
6235 6545
6236 6546
6237 6547
6238 6548
6239 6549
6240 655
6241 6550
6242 6551
6243 6552
6244 6553
6245 6554
6246 6555
6247 6556
6248 6557
6249 6558
6250 6559
6251 6560
6252 6561
6253 6562
6254 6563
6255 6564
6256 6565
6257 6566
6258 6567
6259 6568
6260 6569
6261 657
6262 6570
6263 6571
6264 6572
6265 6573
6266 6574
6267 6575
6268 6576
6269 6577
6270 6578
6271 6579
6272 658
6273 6580
6274 6581
6275 6582
6276 6583
6277 6584
6278 6585
6279 6586
6280 6587
6281 6588
6282 6589
6283 659
6284 6590
6285 6591
6286 6592
6287 6593
6288 6594
6289 6595
6290 6596
6291 6597
6292 6598
6293 6599
6294 66
6295 660
6296 6600
6297 6601
6298 6602
6299 6603
6300 6604
6301 6605
6302 6606
6303 6607
6304 6608
6305 6609
6306 661
6307 6610
6308 6611
6309 6612
6310 6613
6311 6614
6312 6615
6313 6616
6314 6617
6315 6618
6316 6619
6317 662
6318 6620
6319 6621
6320 6622
6321 6623
6322 6624
6323 6625
6324 6627
6325 6628
6326 6629
6327 663
6328 6630
6329 6631
6330 6632
6331 6633
6332 6634
6333 6635
6334 6636
6335 6637
6336 6657
6337 6839
6338 6638
6339 6639
6340 6640
6341 6641
6342 6642
6343 6643
6344 6644
6345 6645
6346 6646
6347 6647
6348 6648
6349 6649
6350 6650
6351 6651
6352 6652
6353 6653
6354 6654
6355 6655
6356 6656
6357 6658
6358 6659
6359 6660
6360 6661
6361 6662
6362 6663
6363 6664
6364 6665
6365 6666
6366 6667
6367 6668
6368 664
6369 665
6370 666
6371 6669
6372 667
6373 6670
6374 6671
6375 6672
6376 6673
6377 6674
6378 6675
6379 6676
6380 6677
6381 6678
6382 6679
6383 668
6384 6680
6385 6681
6386 6682
6387 6683
6388 6684
6389 6685
6390 6686
6391 6687
6392 6688
6393 6689
6394 669
6395 6690
6396 6691
6397 6692
6398 6693
6399 6694
6400 6695
6401 6696
6402 6697
6403 6698
6404 6699
6405 67
6406 670
6407 6700
6408 6701
6409 6702
6410 6703
6411 6704
6412 6705
6413 6706
6414 6707
6415 6708
6416 6709
6417 671
6418 6710
6419 6711
6420 6712
6421 6713
6422 6714
6423 6715
6424 6716
6425 6717
6426 6718
6427 6719
6428 672
6429 6720
6430 6721
6431 6722
6432 6723
6433 6724
6434 6725
6435 6726
6436 6727
6437 6728
6438 6729
6439 4638
6440 4639
6441 4640
6442 4641
6443 4642
6444 4643
6445 4644
6446 4645
6447 4646
6448 4647
6449 6730
6450 6731
6451 6732
6452 6733
6453 6734
6454 6735
6455 6736
6456 6737
6457 6738
6458 6739
6459 6740
6460 6741
6461 6742
6462 6743
6463 6744
6464 6745
6465 6746
6466 6747
6467 6748
6468 6749
6469 675
6470 6750
6471 6751
6472 6752
6473 6753
6474 6754
6475 6755
6476 6756
6477 6757
6478 6758
6479 6759
6480 676
6481 6761
6482 6762
6483 6763
6484 6764
6485 6765
6486 6766
6487 6767
6488 6768
6489 6769
6490 677
6491 6770
6492 6771
6493 6772
6494 6773
6495 6774
6496 6775
6497 6776
6498 6777
6499 6778
6500 6779
6501 678
6502 679
6503 6780
6504 6781
6505 6782
6506 6783
6507 6784
6508 6785
6509 6786
6510 6787
6511 6788
6512 6789
6513 6790
6514 6791
6515 6792
6516 6793
6517 6794
6518 6795
6519 6796
6520 6797
6521 6798
6522 6799
6523 68
6524 680
6525 6800
6526 6801
6527 6802
6528 6803
6529 6804
6530 6805
6531 6806
6532 6807
6533 6808
6534 681
6535 6810
6536 6811
6537 6812
6538 6813
6539 6814
6540 6815
6541 6816
6542 6817
6543 6818
6544 6819
6545 682
6546 6820
6547 6821
6548 6822
6549 6823
6550 6826
6551 6827
6552 6828
6553 6829
6554 683
6555 6830
6556 6831
6557 6832
6558 6833
6559 6834
6560 6835
6561 6836
6562 6837
6563 6838
6564 6840
6565 6841
6566 6842
6567 6843
6568 6844
6569 6845
6570 6846
6571 6847
6572 6848
6573 6849
6574 6850
6575 6851
6576 6852
6577 684
6578 685
6579 686
6580 6853
6581 6854
6582 6855
6583 6856
6584 6857
6585 6858
6586 6859
6587 6860
6588 6861
6589 6862
6590 6863
6591 6864
6592 6865
6593 6866
6594 6867
6595 6868
6596 6869
6597 687
6598 6870
6599 6871
6600 6872
6601 6873
6602 6874
6603 6875
6604 6876
6605 6877
6606 6878
6607 6879
6608 6880
6609 6881
6610 6882
6611 6884
6612 688
6613 6885
6614 6886
6615 6887
6616 6888
6617 6889
6618 689
6619 6890
6620 6891
6621 6892
6622 6893
6623 6894
6624 6895
6625 6896
6626 6897
6627 6898
6628 6899
6629 69
6630 690
6631 6900
6632 6901
6633 6902
6634 6903
6635 6904
6636 6905
6637 6906
6638 6907
6639 6908
6640 6909
6641 691
6642 6910
6643 6911
6644 6912
6645 6913
6646 6914
6647 6915
6648 6916
6649 6917
6650 6918
6651 6920
6652 6921
6653 692
6654 6922
6655 6923
6656 6925
6657 6926
6658 6927
6659 6928
6660 6929
6661 693
6662 6930
6663 6931
6664 6932
6665 6933
6666 6934
6667 6935
6668 6936
6669 6937
6670 6938
6671 6939
6672 6940
6673 6941
6674 6942
6675 6943
6676 6945
6677 6946
6678 6947
6679 6948
6680 6949
6681 695
6682 6950
6683 6951
6684 6952
6685 6953
6686 6954
6687 6955
6688 6956
6689 6957
6690 6958
6691 6959
6692 696
6693 6960
6694 6961
6695 6962
6696 6963
6697 6964
6698 6965
6699 6966
6700 6967
6701 6968
6702 6969
6703 697
6704 6970
6705 6971
6706 6972
6707 6973
6708 6974
6709 6975
6710 6976
6711 6977
6712 6978
6713 6979
6714 698
6715 6980
6716 6981
6717 6982
6718 6983
6719 6984
6720 6985
6721 6986
6722 6987
6723 6988
6724 6989
6725 6990
6726 699
6727 6991
6728 6992
6729 6993
6730 6994
6731 6995
6732 6996
6733 6997
6734 6998
6735 6999
6736 700
6737 7000
6738 7001
6739 7002
6740 7003
6741 7004
6742 7005
6743 7006
6744 7007
6745 7008
6746 7009
6747 701
6748 7010
6749 7011
6750 702
6751 703
6752 704
6753 705
6754 706
6755 707
6756 708
6757 71
6758 2513
6759 714
6760 715
6761 716
6762 717
6763 718
6764 719
6765 72
6766 720
6767 721
6768 722
6769 723
6770 724
6771 725
6772 726
6773 727
6774 728
6775 729
6776 73
6777 730
6778 731
6779 732
6780 733
6781 734
6782 736
6783 738
6784 739
6785 74
6786 740
6787 741
6788 742
6789 743
6790 744
6791 745
6792 746
6793 748
6794 749
6795 750
6796 751
6797 752
6798 753
6799 754
6800 755
6801 757
6802 758
6803 759
6804 76
6805 760
6806 761
6807 762
6808 764
6809 765
6810 766
6811 767
6812 768
6813 769
6814 77
6815 770
6816 771
6817 772
6818 773
6819 774
6820 775
6821 776
6822 777
6823 779
6824 780
6825 781
6826 782
6827 783
6828 784
6829 785
6830 786
6831 787
6832 788
6833 789
6834 79
6835 790
6836 791
6837 792
6838 793
6839 795
6840 796
6841 797
6842 798
6843 799
6844 8
6845 801
6846 802
6847 803
6848 804
6849 805
6850 806
6851 807
6852 808
6853 809
6854 81
6855 811
6856 812
6857 813
6858 814
6859 815
6860 816
6861 817
6862 818
6863 819
6864 820
6865 821
6866 822
6867 823
6868 824
6869 82
6870 833
6871 835
6872 836
6873 837
6874 838
6875 839
6876 84
6877 840
6878 841
6879 843
6880 844
6881 846
6882 847
6883 85
6884 850
6885 851
6886 852
6887 854
6888 855
6889 856
6890 86
6891 860
6892 861
6893 862
6894 865
6895 866
6896 867
6897 868
6898 87
6899 870
6900 871
6901 872
6902 874
6903 875
6904 876
6905 877
6906 878
6907 880
6908 88
6909 881
6910 883
6911 884
6912 885
6913 89
6914 892
6915 893
6916 894
6917 895
6918 897
6919 899
6920 90
6921 900
6922 901
6923 902
6924 903
6925 904
6926 905
6927 906
6928 907
6929 908
6930 909
6931 91
6932 910
6933 911
6934 912
6935 913
6936 914
6937 915
6938 916
6939 918
6940 919
6941 921
6942 922
6943 924
6944 925
6945 926
6946 927
6947 932
6948 933
6949 934
6950 935
6951 936
6952 937
6953 938
6954 939
6955 94
6956 941
6957 942
6958 943
6959 944
6960 945
6961 947
6962 948
6963 949
6964 95
6965 950
6966 951
6967 952
6968 953
6969 954
6970 955
6971 956
6972 957
6973 958
6974 959
6975 96
6976 960
6977 961
6978 962
6979 963
6980 964
6981 965
6982 966
6983 968
6984 969
6985 97
6986 970
6987 971
6988 972
6989 973
6990 974
6991 975
6992 976
6993 977
6994 978
6995 979
6996 980
6997 982
6998 983
6999 986
7000 987
7001 988
7002 989
7003 99
7004 990
7005 991
7006 992
7007 993
7008 994
7009 995
7010 996
7011 998
