0 30daymap_tweets
1 2932
2 5463fw45
3 3877
4 546tfw54d
5 27
6 3393
7 69NiceBot69
8 4414
9 68
10 "Biz
11 wiz"
12 "Blog2Social
13 APP"
14 "Bot
15 Libre!"
16 Buffer
17 8988
18 8989
19 CodeNaija
20 2782
21 7573
22 7575
23 7576
24 7577
25 7578
26 DCComics
27 1256
28 DataScienceInfo
29 1892
30 "Dogecoin
31 Retweet"
32 Echofon
33 7716
34 8169
35 "Edinburgh
36 Watch"
37 "Fenix
38 2"
39 "Game
40 Development
41 "Hootsuite
42 Inc."
43 IndiaTodayFLASH
44 2904
45 2905
46 "JGio
47 Bot"
48 "Jordan
49 Ritchie"
50 Lovespixelart
51 11050
52 11051
53 11234
54 "Miamisecretpapers
55 BOT"
56 "Mobile
57 Web
58 My1stNewApp
59 1456
60 1645
61 8644
62 8645
63 8646
64 MyfirstAppDavid
65 8648
66 Naattuvartha
67 1195
68 1196
69 1198
70 Periscope
71 Plume for Android
72 237
73 85
74 RadioLondres
75 1432
76 1433
77 1435
78 1436
79 1437
80 Retweetteuse
81 2534
82 "Shower
83 Genius"
84 SocialFlow
85 5054
86 5055
87 5057
88 "Talon
89 Android"
90 "The
91 contester"
92 TheMagaBat
93 10772
94 10774
95 10775
96 828
97 9839
98 "TicoTrafico
99 ®"
100 "TweetCaster
101 for
102 TweetDeck
103 10227
104 10228
105 10229
106 107
107 1215
108 1219
109 1358
110 1418
111 1419
112 1771
113 1772
114 1841
115 1842
116 194
117 2028
118 2183
119 2267
120 2440
121 2441
122 2708
123 296
124 30
125 305
126 3127
127 3128
128 3129
129 3141
130 347
131 3882
132 4520
133 4730
134 5738
135 5948
136 6123
137 6478
138 73
139 8589
140 859
141 8590
142 8592
143 8593
144 87
145 8763
146 9357
147 "Tweetbot
148 "Twidere
149 "Twitter
150 Media
151 "Twitterlehrerzimmer
152 "Twitterrific
153 "V
154 Droider"
155 "Win
156 WordPress.com
157 5352
158 amoulanfe20
159 2833
160 bot-gamedev-latinx
161 carlosss
162 8793
163 comichaveli
164 5339
165 crawlamma
166 5984
167 d5f6g7h8
168 dfghji876
169 dlvr.it
170 1684
171 g7h8j90k8
172 285
173 jigajoga
174 6172
175 krpsti2
176 2743
177 nan
178 1261
179 1262
180 1264
181 1265
182 1266
183 1267
184 4389
185 4636
186 5741
187 8049
188 numerorespuestas
189 rtinsoumis
190 sportpeda
191 6053
192 6054
193 world_news_eng
194 9931
195 9932
196 9933
197 Оwly
198 6113
199 8199
