0 0
1 1
2 2
3 3
4 61
5 100
6 101
7 73
8 1001
9 1002
10 1003
11 932
12 1004
13 1005
14 709
15 1006
16 1007
17 1008
18 1009
19 25
20 164
21 1010
22 666
23 1011
24 30
25 1012
26 907
27 1013
28 1014
29 1015
30 1016
31 1017
32 1018
33 451
34 1019
35 1020
36 102
37 32
38 1021
39 1022
40 1023
41 1024
42 1025
43 485
44 1026
45 1027
46 1028
47 1029
48 103
49 1030
50 1031
51 1032
52 1033
53 1034
54 1035
55 1036
56 1037
57 1038
58 904
59 1039
60 104
61 1040
62 27
63 1041
64 572
65 1042
66 1043
67 477
68 1044
69 1045
70 1046
71 476
72 483
73 557
74 1047
75 1048
76 1049
77 105
78 1050
79 780
80 1051
81 1052
82 1053
83 1054
84 107
85 138
86 140
87 143
88 403
89 81
90 91
91 1055
92 1056
93 1057
94 1058
95 647
96 1059
97 1060
98 106
99 69
100 1061
101 1062
102 1063
103 1064
104 1065
105 1066
106 1000
107 1067
108 457
109 474
110 475
111 1068
112 1069
113 670
114 1070
115 1071
116 1072
117 1073
118 1074
119 1075
120 1076
121 559
122 1077
123 1078
124 1079
125 1080
126 108
127 1081
128 1082
129 1083
130 1084
131 1085
132 1086
133 1087
134 1088
135 1089
136 1090
137 109
138 1091
139 1092
140 1093
141 1094
142 1095
143 1096
144 1097
145 1098
146 1099
147 11
148 12
149 110
150 111
151 112
152 1100
153 1101
154 1102
155 1103
156 1104
157 1105
158 1106
159 1107
160 1108
161 1109
162 1110
163 1111
164 387
165 1112
166 1113
167 481
168 1114
169 1115
170 1116
171 1117
172 1118
173 567
174 899
175 1119
176 1120
177 1121
178 1122
179 443
180 1123
181 1124
182 627
183 1125
184 1126
185 1127
186 1128
187 1129
188 1130
189 113
190 1131
191 1132
192 1133
193 1134
194 7
195 1135
196 1136
197 1137
198 1138
199 1139
200 681
201 114
202 1140
203 1141
204 1142
205 1143
206 1144
207 1145
208 1146
209 1147
210 642
211 1148
212 1149
213 1150
214 115
215 1151
216 1152
217 1153
218 1154
219 1156
220 1155
221 479
222 608
223 1157
224 1158
225 588
226 1159
227 116
228 1160
229 1161
230 1162
231 1163
232 124
233 1164
234 1165
235 1166
236 1167
237 1168
238 1169
239 117
240 1170
241 1171
242 1172
243 1173
244 1174
245 1175
246 1176
247 1177
248 1178
249 1179
250 118
251 86
252 87
253 1180
254 1181
255 1182
256 1183
257 1184
258 1185
259 1186
260 1187
261 1188
262 1189
263 119
264 65
265 1190
266 1191
267 192
268 578
269 1192
270 1193
271 1194
272 1195
273 1196
274 1197
275 1198
276 1199
277 120
278 121
279 1200
280 1201
281 1202
282 1203
283 1204
284 1205
285 1206
286 1207
287 1208
288 1209
289 1210
290 1211
291 1212
292 122
293 123
294 125
295 126
296 127
297 128
298 129
299 13
300 14
301 130
302 131
303 5
304 132
305 133
306 137
307 139
308 141
309 142
310 144
311 145
312 146
313 147
314 148
315 149
316 15
317 150
318 151
319 152
320 153
321 154
322 155
323 156
324 157
325 158
326 159
327 16
328 17
329 18
330 160
331 161
332 162
333 163
334 165
335 166
336 167
337 168
338 169
339 170
340 171
341 172
342 173
343 174
344 175
345 176
346 177
347 178
348 179
349 180
350 181
351 182
352 183
353 184
354 185
355 186
356 187
357 188
358 189
359 19
360 190
361 191
362 193
363 194
364 195
365 196
366 197
367 198
368 199
369 20
370 200
371 201
372 202
373 203
374 204
375 205
376 206
377 207
378 208
379 209
380 21
381 210
382 211
383 212
384 213
385 214
386 215
387 216
388 217
389 218
390 219
391 22
392 220
393 221
394 222
395 223
396 224
397 225
398 226
399 227
400 228
401 229
402 23
403 24
404 230
405 231
406 232
407 233
408 234
409 235
410 236
411 237
412 238
413 239
414 240
415 241
416 242
417 243
418 244
419 245
420 246
421 247
422 248
423 249
424 250
425 251
426 252
427 253
428 254
429 255
430 256
431 257
432 258
433 259
434 260
435 26
436 261
437 262
438 263
439 264
440 265
441 266
442 267
443 268
444 269
445 270
446 271
447 272
448 273
449 274
450 275
451 34
452 276
453 277
454 278
455 279
456 28
457 29
458 280
459 281
460 282
461 283
462 284
463 285
464 286
465 287
466 288
467 289
468 290
469 291
470 292
471 293
472 294
473 295
474 296
475 297
476 298
477 299
478 300
479 301
480 302
481 303
482 304
483 305
484 306
485 307
486 308
487 309
488 31
489 310
490 311
491 312
492 313
493 314
494 315
495 316
496 317
497 318
498 319
499 320
500 321
501 322
502 323
503 324
504 325
505 326
506 327
507 328
508 329
509 33
510 330
511 331
512 332
513 333
514 334
515 335
516 336
517 337
518 338
519 339
520 340
521 341
522 342
523 343
524 344
525 345
526 346
527 347
528 348
529 349
530 35
531 36
532 350
533 351
534 352
535 353
536 354
537 355
538 356
539 357
540 358
541 359
542 360
543 361
544 362
545 363
546 364
547 365
548 366
549 50
550 367
551 368
552 369
553 37
554 38
555 39
556 370
557 371
558 372
559 373
560 374
561 375
562 376
563 377
564 378
565 379
566 380
567 381
568 382
569 383
570 384
571 385
572 386
573 388
574 389
575 390
576 391
577 392
578 393
579 394
580 395
581 396
582 397
583 398
584 399
585 400
586 401
587 402
588 404
589 4
590 40
591 41
592 405
593 406
594 407
595 408
596 409
597 410
598 411
599 412
600 413
601 414
602 415
603 416
604 417
605 418
606 419
607 42
608 420
609 421
610 422
611 423
612 424
613 425
614 426
615 427
616 428
617 429
618 43
619 430
620 431
621 432
622 433
623 434
624 435
625 436
626 437
627 438
628 439
629 44
630 440
631 441
632 442
633 444
634 445
635 446
636 447
637 448
638 449
639 45
640 450
641 452
642 453
643 454
644 455
645 456
646 458
647 459
648 46
649 47
650 460
651 461
652 462
653 463
654 464
655 9
656 465
657 466
658 467
659 468
660 469
661 470
662 471
663 472
664 473
665 478
666 48
667 480
668 482
669 566
670 691
671 692
672 693
673 694
674 484
675 486
676 487
677 488
678 489
679 49
680 490
681 491
682 492
683 136
684 493
685 494
686 495
687 496
688 497
689 498
690 499
691 500
692 501
693 502
694 503
695 504
696 505
697 506
698 507
699 508
700 509
701 51
702 510
703 511
704 512
705 513
706 514
707 515
708 516
709 517
710 518
711 519
712 52
713 520
714 521
715 522
716 523
717 524
718 525
719 526
720 527
721 528
722 529
723 53
724 54
725 530
726 531
727 532
728 533
729 534
730 535
731 536
732 537
733 538
734 539
735 540
736 541
737 542
738 543
739 544
740 545
741 546
742 547
743 548
744 549
745 55
746 550
747 551
748 552
749 553
750 554
751 555
752 556
753 558
754 56
755 560
756 561
757 562
758 563
759 564
760 565
761 568
762 569
763 57
764 58
765 570
766 571
767 573
768 574
769 575
770 576
771 577
772 579
773 580
774 581
775 582
776 583
777 584
778 585
779 586
780 587
781 589
782 590
783 59
784 591
785 592
786 593
787 594
788 595
789 596
790 597
791 598
792 599
793 6
794 60
795 600
796 601
797 602
798 603
799 604
800 605
801 606
802 607
803 609
804 610
805 611
806 612
807 613
808 614
809 615
810 616
811 617
812 618
813 619
814 620
815 621
816 622
817 623
818 624
819 625
820 626
821 62
822 63
823 628
824 629
825 630
826 134
827 135
828 631
829 632
830 633
831 634
832 635
833 636
834 637
835 638
836 639
837 64
838 640
839 641
840 643
841 644
842 645
843 646
844 648
845 649
846 650
847 651
848 652
849 653
850 654
851 655
852 656
853 657
854 658
855 659
856 66
857 67
858 660
859 661
860 662
861 663
862 664
863 665
864 667
865 668
866 669
867 671
868 672
869 673
870 674
871 675
872 676
873 677
874 678
875 679
876 68
877 680
878 682
879 683
880 684
881 685
882 686
883 687
884 688
885 689
886 690
887 700
888 695
889 696
890 697
891 698
892 699
893 70
894 701
895 702
896 703
897 704
898 705
899 706
900 707
901 708
902 71
903 710
904 711
905 712
906 713
907 714
908 715
909 716
910 717
911 718
912 719
913 72
914 720
915 721
916 722
917 723
918 724
919 725
920 726
921 727
922 728
923 729
924 730
925 731
926 732
927 733
928 734
929 735
930 736
931 737
932 738
933 739
934 74
935 740
936 741
937 742
938 743
939 744
940 745
941 746
942 747
943 748
944 749
945 750
946 75
947 751
948 752
949 753
950 754
951 755
952 756
953 757
954 758
955 759
956 76
957 760
958 761
959 762
960 763
961 764
962 765
963 766
964 767
965 768
966 769
967 77
968 770
969 771
970 772
971 773
972 774
973 775
974 776
975 777
976 778
977 779
978 78
979 781
980 782
981 783
982 784
983 785
984 786
985 787
986 788
987 789
988 79
989 790
990 791
991 792
992 793
993 794
994 795
995 796
996 797
997 798
998 799
999 8
1000 10
1001 80
1002 800
1003 801
1004 802
1005 803
1006 804
1007 805
1008 806
1009 807
1010 808
1011 809
1012 810
1013 811
1014 812
1015 813
1016 814
1017 815
1018 816
1019 817
1020 818
1021 819
1022 82
1023 820
1024 821
1025 822
1026 823
1027 824
1028 825
1029 826
1030 827
1031 828
1032 829
1033 83
1034 84
1035 830
1036 831
1037 832
1038 833
1039 834
1040 835
1041 836
1042 837
1043 838
1044 839
1045 840
1046 841
1047 842
1048 843
1049 844
1050 845
1051 846
1052 847
1053 848
1054 849
1055 85
1056 850
1057 851
1058 852
1059 853
1060 854
1061 855
1062 856
1063 857
1064 858
1065 859
1066 860
1067 861
1068 862
1069 863
1070 864
1071 865
1072 866
1073 867
1074 868
1075 869
1076 870
1077 871
1078 872
1079 873
1080 874
1081 875
1082 876
1083 877
1084 878
1085 879
1086 88
1087 880
1088 881
1089 882
1090 883
1091 884
1092 885
1093 886
1094 887
1095 888
1096 889
1097 89
1098 890
1099 891
1100 892
1101 893
1102 894
1103 895
1104 896
1105 897
1106 898
1107 90
1108 900
1109 901
1110 902
1111 903
1112 905
1113 906
1114 908
1115 909
1116 910
1117 911
1118 912
1119 913
1120 914
1121 915
1122 916
1123 917
1124 918
1125 919
1126 92
1127 93
1128 920
1129 921
1130 922
1131 923
1132 924
1133 925
1134 926
1135 927
1136 928
1137 929
1138 930
1139 931
1140 933
1141 934
1142 935
1143 936
1144 937
1145 938
1146 939
1147 94
1148 940
1149 941
1150 942
1151 943
1152 944
1153 945
1154 946
1155 947
1156 948
1157 949
1158 95
1159 950
1160 951
1161 952
1162 953
1163 954
1164 955
1165 956
1166 957
1167 958
1168 959
1169 96
1170 960
1171 961
1172 962
1173 963
1174 964
1175 965
1176 966
1177 967
1178 968
1179 969
1180 970
1181 97
1182 971
1183 972
1184 973
1185 974
1186 975
1187 976
1188 977
1189 978
1190 979
1191 98
1192 980
1193 981
1194 982
1195 983
1196 984
1197 985
1198 986
1199 987
1200 988
1201 989
1202 99
1203 990
1204 991
1205 992
1206 993
1207 994
1208 995
1209 996
1210 997
1211 998
1212 999
