0 0
1 1
2 2
3 3
4 10
5 11
6 100
7 101
8 1000
9 958
10 1001
11 5
12 1002
13 105
14 242
15 1003
16 344
17 1004
18 277
19 1005
20 114
21 1006
22 17
23 1007
24 1008
25 1009
26 1010
27 358
28 1011
29 181
30 251
31 276
32 416
33 46
34 510
35 56
36 67
37 758
38 80
39 86
40 1012
41 20
42 856
43 1013
44 1014
45 1015
46 29
47 1016
48 466
49 48
50 1017
51 167
52 76
53 952
54 1018
55 113
56 1019
57 7
58 102
59 1020
60 1021
61 1022
62 1023
63 1024
64 1025
65 1026
66 1027
67 1028
68 22
69 734
70 9
71 1029
72 210
73 103
74 15
75 1030
76 1031
77 1032
78 1033
79 1034
80 1035
81 1036
82 175
83 1037
84 273
85 1038
86 1039
87 104
88 1040
89 1041
90 1042
91 1043
92 284
93 481
94 564
95 565
96 866
97 1044
98 1045
99 1046
100 1047
101 382
102 684
103 142
104 2945
105 1048
106 1049
107 599
108 84
109 89
110 2567
111 3352
112 1050
113 795
114 1051
115 1052
116 1053
117 1054
118 190
119 268
120 35
121 561
122 725
123 1596
124 191
125 2157
126 274
127 279
128 386
129 1055
130 189
131 1056
132 1057
133 206
134 854
135 1058
136 1059
137 1060
138 1061
139 1062
140 1063
141 1064
142 1065
143 1066
144 1067
145 128
146 129
147 162
148 163
149 226
150 238
151 252
152 269
153 275
154 280
155 310
156 33
157 34
158 374
159 401
160 402
161 403
162 404
163 407
164 443
165 512
166 551
167 606
168 625
169 626
170 650
171 654
172 663
173 723
174 838
175 88
176 90
177 91
178 94
179 106
180 1747
181 467
182 3217
183 1862
184 83
185 1068
186 1069
187 1070
188 1071
189 24
190 107
191 1072
192 1073
193 184
194 682
195 1074
196 1075
197 1076
198 1077
199 345
200 1078
201 1079
202 1080
203 537
204 558
205 2486
206 891
207 108
208 1081
209 1083
210 1084
211 1085
212 1086
213 1087
214 361
215 633
216 651
217 657
218 855
219 1088
220 1089
221 319
222 567
223 109
224 1090
225 1091
226 1092
227 143
228 278
229 335
230 341
231 639
232 653
233 660
234 680
235 724
236 73
237 2710
238 687
239 755
240 1093
241 1094
242 1095
243 1096
244 1097
245 41
246 42
247 1098
248 1099
249 1100
250 1101
251 1102
252 1103
253 1104
254 1105
255 354
256 355
257 356
258 357
259 359
260 378
261 419
262 50
263 62
264 72
265 727
266 138
267 1400
268 182
269 2035
270 2676
271 2741
272 2868
273 3239
274 3426
275 385
276 387
277 652
278 71
279 110
280 1106
281 1107
282 1108
283 1109
284 111
285 1110
286 1111
287 1112
288 939
289 940
290 1113
291 1114
292 1115
293 1116
294 916
295 1117
296 1118
297 74
298 1119
299 1120
300 112
301 1121
302 1122
303 1123
304 1124
305 1125
306 1126
307 1127
308 491
309 146
310 147
311 1547
312 343
313 1128
314 1129
315 1130
316 1131
317 1132
318 1133
319 627
320 662
321 1134
322 1135
323 1136
324 1137
325 1138
326 1139
327 1140
328 1141
329 1142
330 1143
331 1144
332 133
333 1145
334 1146
335 1147
336 1148
337 1149
338 115
339 1150
340 1151
341 1152
342 1153
343 1154
344 1155
345 1156
346 316
347 1157
348 1158
349 1159
350 116
351 117
352 1160
353 1161
354 1162
355 318
356 2265
357 1163
358 230
359 1164
360 1165
361 1166
362 1167
363 1168
364 1169
365 1170
366 1171
367 1172
368 1173
369 771
370 1174
371 1175
372 1176
373 1177
374 814
375 1178
376 1179
377 118
378 1180
379 1181
380 1182
381 1183
382 1462
383 1756
384 342
385 363
386 770
387 828
388 953
389 1184
390 1185
391 1186
392 1187
393 1188
394 1189
395 1190
396 1191
397 1192
398 1193
399 1194
400 1195
401 1196
402 1197
403 1198
404 1199
405 1200
406 1201
407 1202
408 1203
409 1204
410 1205
411 1206
412 65
413 1883
414 2825
415 2954
416 3163
417 3822
418 119
419 1875
420 12
421 13
422 120
423 2514
424 3221
425 3340
426 1207
427 1208
428 1209
429 121
430 1210
431 1211
432 1212
433 1213
434 1214
435 1215
436 1216
437 1217
438 1218
439 309
440 631
441 1219
442 122
443 123
444 124
445 125
446 126
447 127
448 130
449 131
450 132
451 134
452 135
453 136
454 137
455 139
456 140
457 141
458 144
459 145
460 148
461 149
462 150
463 151
464 152
465 153
466 154
467 155
468 156
469 157
470 158
471 159
472 1220
473 1221
474 1222
475 1223
476 1224
477 1225
478 1226
479 353
480 1227
481 1228
482 2746
483 1229
484 1230
485 1231
486 1232
487 1233
488 1234
489 1235
490 1236
491 1237
492 1238
493 1239
494 1240
495 1241
496 395
497 469
498 503
499 2596
500 1242
501 1243
502 1244
503 1245
504 1246
505 1247
506 1248
507 1249
508 1250
509 1251
510 1252
511 1253
512 1254
513 1255
514 1256
515 1257
516 1258
517 1259
518 1260
519 1261
520 1262
521 1263
522 1264
523 1265
524 1266
525 1267
526 1268
527 219
528 1269
529 818
530 1270
531 1271
532 1272
533 1273
534 1274
535 1275
536 1276
537 1277
538 1278
539 1279
540 1280
541 1429
542 1537
543 1538
544 1663
545 1676
546 1678
547 1849
548 1850
549 1863
550 1870
551 1967
552 2007
553 2008
554 2009
555 2010
556 2011
557 2012
558 2013
559 2014
560 2016
561 2017
562 2387
563 2464
564 2635
565 3123
566 3244
567 333
568 3365
569 3487
570 3617
571 373
572 3867
573 429
574 504
575 597
576 882
577 1281
578 1282
579 1283
580 1284
581 1285
582 1286
583 1287
584 1288
585 1289
586 260
587 261
588 1290
589 1291
590 1292
591 1293
592 1294
593 214
594 1295
595 1296
596 1297
597 1298
598 1299
599 1300
600 1301
601 1302
602 1303
603 1304
604 703
605 1305
606 1306
607 1307
608 1308
609 1309
610 1310
611 1311
612 301
613 1312
614 1314
615 1315
616 1316
617 1317
618 1318
619 1319
620 1320
621 1321
622 1322
623 1323
624 1324
625 1325
626 1326
627 1327
628 1328
629 1329
630 2557
631 1330
632 1331
633 1332
634 1333
635 1334
636 1335
637 1336
638 1337
639 1338
640 1339
641 1341
642 1342
643 1386
644 1435
645 1456
646 1791
647 2892
648 2897
649 3097
650 3190
651 3394
652 3596
653 3681
654 412
655 609
656 628
657 774
658 85
659 853
660 986
661 1340
662 2356
663 1343
664 1344
665 1345
666 576
667 1346
668 1347
669 1348
670 1927
671 659
672 721
673 1349
674 1350
675 1351
676 1352
677 1353
678 1354
679 1355
680 3136
681 1356
682 1357
683 1358
684 1359
685 552
686 1360
687 1361
688 1362
689 1363
690 1364
691 1365
692 1366
693 1367
694 1368
695 1369
696 2203
697 739
698 1370
699 1371
700 1372
701 1373
702 1374
703 1375
704 1376
705 289
706 1377
707 1378
708 1379
709 3442
710 1380
711 1381
712 1382
713 1383
714 1384
715 1385
716 1387
717 1388
718 1389
719 692
720 1390
721 1391
722 1392
723 1393
724 1394
725 1395
726 1396
727 1397
728 1398
729 1399
730 14
731 1401
732 1402
733 1403
734 1404
735 1405
736 1406
737 1407
738 1408
739 1409
740 244
741 1516
742 1410
743 1411
744 322
745 1412
746 1413
747 1414
748 1415
749 1416
750 1417
751 1418
752 1419
753 1420
754 1421
755 1422
756 1423
757 1424
758 1425
759 1426
760 1427
761 1428
762 1430
763 1431
764 1432
765 1433
766 1434
767 317
768 348
769 498
770 539
771 616
772 719
773 762
774 933
775 2562
776 2564
777 709
778 1901
779 1648
780 472
781 2750
782 3759
783 3778
784 499
785 768
786 2420
787 1675
788 1940
789 2091
790 2419
791 3010
792 3263
793 3353
794 3354
795 3355
796 3356
797 3357
798 3358
799 3359
800 3360
801 3361
802 566
803 729
804 1436
805 1437
806 1438
807 1439
808 1793
809 1832
810 3192
811 3295
812 3727
813 562
814 1440
815 1441
816 1442
817 1443
818 1444
819 1445
820 1446
821 1447
822 1448
823 1449
824 1313
825 2129
826 1450
827 1451
828 1452
829 1453
830 1455
831 1457
832 1458
833 1459
834 1460
835 1461
836 1464
837 1465
838 1467
839 1468
840 1469
841 1470
842 1471
843 1472
844 1473
845 1474
846 1475
847 1476
848 1477
849 1478
850 1479
851 1480
852 1481
853 1482
854 1483
855 1484
856 1485
857 1487
858 1488
859 1489
860 1490
861 1491
862 1492
863 1493
864 1494
865 1495
866 1496
867 1497
868 1498
869 1499
870 1782
871 1500
872 1501
873 1502
874 1503
875 1504
876 1505
877 1506
878 1507
879 1508
880 1509
881 2773
882 82
883 1510
884 1511
885 1512
886 1513
887 1514
888 1515
889 1517
890 1518
891 1519
892 1520
893 1521
894 1522
895 1523
896 1524
897 1525
898 1526
899 1527
900 1528
901 1529
902 1530
903 1531
904 1532
905 1533
906 1534
907 1535
908 1536
909 1539
910 1540
911 1717
912 1955
913 2662
914 3113
915 3696
916 637
917 1541
918 1542
919 1543
920 1544
921 1545
922 1546
923 1548
924 1549
925 1550
926 1551
927 1552
928 1553
929 1554
930 1555
931 1556
932 1557
933 1558
934 1559
935 1560
936 3053
937 1561
938 1562
939 1563
940 1564
941 1565
942 1566
943 1567
944 1568
945 1569
946 1570
947 1571
948 1572
949 1573
950 1574
951 1575
952 1576
953 1577
954 1578
955 1579
956 3787
957 1580
958 1581
959 1582
960 1583
961 1584
962 1585
963 1586
964 1587
965 1588
966 1589
967 1590
968 1591
969 1592
970 1594
971 1595
972 1597
973 1598
974 1599
975 16
976 160
977 1600
978 1601
979 1602
980 1603
981 1604
982 791
983 1605
984 1606
985 1607
986 1608
987 1609
988 1867
989 1868
990 161
991 1610
992 1611
993 1612
994 1613
995 1614
996 1615
997 1616
998 1617
999 1618
1000 3098
1001 3099
1002 1619
1003 1620
1004 1621
1005 1622
1006 1623
1007 1624
1008 1625
1009 1626
1010 1627
1011 1628
1012 1629
1013 1693
1014 2236
1015 2237
1016 2238
1017 2239
1018 2240
1019 2241
1020 2242
1021 2243
1022 2244
1023 2245
1024 3199
1025 1630
1026 1631
1027 1632
1028 1633
1029 1634
1030 1635
1031 233
1032 44
1033 973
1034 1636
1035 825
1036 1637
1037 1638
1038 1639
1039 164
1040 165
1041 1640
1042 1641
1043 1642
1044 1643
1045 1644
1046 1645
1047 250
1048 1646
1049 1647
1050 1649
1051 1650
1052 1651
1053 1652
1054 1653
1055 1654
1056 1655
1057 1656
1058 1657
1059 1658
1060 1659
1061 166
1062 1660
1063 1661
1064 1662
1065 3327
1066 3758
1067 1664
1068 1665
1069 1666
1070 1667
1071 1668
1072 1669
1073 1670
1074 1671
1075 1672
1076 1673
1077 1674
1078 1677
1079 850
1080 2781
1081 3454
1082 3571
1083 1679
1084 168
1085 1680
1086 1681
1087 1682
1088 1683
1089 1684
1090 1685
1091 1806
1092 1807
1093 1808
1094 3591
1095 58
1096 1686
1097 1687
1098 1688
1099 1689
1100 2736
1101 440
1102 884
1103 99
1104 169
1105 1690
1106 1691
1107 1692
1108 1694
1109 1695
1110 1696
1111 1697
1112 1698
1113 1699
1114 1928
1115 1929
1116 1930
1117 1931
1118 1932
1119 2062
1120 170
1121 1700
1122 1701
1123 1702
1124 1703
1125 1704
1126 1705
1127 1706
1128 1707
1129 1708
1130 1709
1131 171
1132 1710
1133 1711
1134 1712
1135 1713
1136 1714
1137 1715
1138 1716
1139 1718
1140 1719
1141 172
1142 1720
1143 1721
1144 1722
1145 1723
1146 1724
1147 400
1148 1725
1149 1726
1150 1727
1151 1728
1152 1729
1153 173
1154 1730
1155 1731
1156 1732
1157 1733
1158 1734
1159 1735
1160 1736
1161 1737
1162 1738
1163 1739
1164 174
1165 1740
1166 1741
1167 1742
1168 1743
1169 1744
1170 1745
1171 1746
1172 1748
1173 836
1174 1749
1175 1750
1176 1751
1177 1752
1178 1753
1179 1754
1180 1755
1181 1757
1182 1758
1183 1759
1184 176
1185 177
1186 1760
1187 1761
1188 1762
1189 1884
1190 2443
1191 2700
1192 3393
1193 822
1194 1763
1195 1764
1196 1766
1197 1767
1198 1768
1199 1769
1200 2214
1201 1770
1202 1771
1203 1772
1204 1773
1205 1774
1206 1775
1207 1776
1208 1777
1209 1778
1210 1779
1211 1780
1212 178
1213 1907
1214 2381
1215 2436
1216 2637
1217 3809
1218 1781
1219 1783
1220 1845
1221 1847
1222 3497
1223 1784
1224 1785
1225 1786
1226 1787
1227 1788
1228 1789
1229 179
1230 1790
1231 1792
1232 1794
1233 1795
1234 1796
1235 1797
1236 1798
1237 1799
1238 1800
1239 1801
1240 1802
1241 413
1242 661
1243 2192
1244 2697
1245 3459
1246 18
1247 180
1248 1803
1249 1804
1250 1805
1251 1809
1252 1810
1253 1811
1254 1812
1255 1813
1256 1814
1257 1815
1258 1816
1259 1817
1260 1818
1261 1819
1262 1820
1263 1821
1264 1822
1265 1823
1266 1824
1267 1825
1268 1826
1269 1827
1270 1828
1271 1829
1272 1830
1273 183
1274 1831
1275 1833
1276 1834
1277 1835
1278 1836
1279 1837
1280 1838
1281 1839
1282 1840
1283 1841
1284 1842
1285 1843
1286 1844
1287 1846
1288 1848
1289 634
1290 1879
1291 2090
1292 2404
1293 2405
1294 3100
1295 3121
1296 3125
1297 3127
1298 3511
1299 3679
1300 414
1301 415
1302 480
1303 513
1304 590
1305 860
1306 185
1307 1851
1308 1852
1309 1853
1310 1854
1311 1855
1312 1856
1313 1857
1314 1858
1315 1859
1316 186
1317 1860
1318 1861
1319 655
1320 3616
1321 1864
1322 1865
1323 1866
1324 1869
1325 187
1326 1871
1327 1872
1328 1873
1329 1874
1330 1876
1331 1877
1332 1878
1333 188
1334 1880
1335 1881
1336 39
1337 1882
1338 1885
1339 1886
1340 1887
1341 1888
1342 1889
1343 2457
1344 2670
1345 43
1346 1890
1347 1891
1348 3288
1349 1892
1350 1893
1351 1894
1352 1895
1353 1896
1354 1897
1355 1898
1356 1899
1357 1900
1358 19
1359 1902
1360 1903
1361 1904
1362 1905
1363 1906
1364 1908
1365 1909
1366 32
1367 658
1368 3395
1369 3884
1370 837
1371 1910
1372 1911
1373 1912
1374 1913
1375 1914
1376 1915
1377 1916
1378 1917
1379 1918
1380 1919
1381 511
1382 54
1383 192
1384 1920
1385 1921
1386 1922
1387 1923
1388 1924
1389 1925
1390 1926
1391 193
1392 1933
1393 1934
1394 1935
1395 1936
1396 1937
1397 1938
1398 1939
1399 1941
1400 201
1401 769
1402 2652
1403 194
1404 3246
1405 1942
1406 1943
1407 1944
1408 1945
1409 1946
1410 1947
1411 1948
1412 1949
1413 195
1414 1950
1415 1951
1416 1952
1417 1953
1418 1954
1419 1956
1420 1957
1421 1958
1422 2934
1423 3114
1424 1959
1425 196
1426 1960
1427 1961
1428 1962
1429 1963
1430 1964
1431 1965
1432 1966
1433 1968
1434 1969
1435 2323
1436 2395
1437 197
1438 1970
1439 1971
1440 1972
1441 1973
1442 1974
1443 1975
1444 1976
1445 1977
1446 1978
1447 1979
1448 198
1449 1980
1450 1981
1451 1982
1452 1983
1453 1984
1454 1985
1455 1986
1456 1987
1457 1988
1458 1989
1459 199
1460 1990
1461 1991
1462 1992
1463 1993
1464 1994
1465 1995
1466 1996
1467 1997
1468 1998
1469 1999
1470 200
1471 2000
1472 2001
1473 2002
1474 2003
1475 2004
1476 2005
1477 2006
1478 2015
1479 624
1480 2018
1481 2019
1482 202
1483 203
1484 2020
1485 2021
1486 2022
1487 2023
1488 2024
1489 2025
1490 2026
1491 2027
1492 2028
1493 2029
1494 2030
1495 2031
1496 2032
1497 2033
1498 2034
1499 2036
1500 2037
1501 2724
1502 3324
1503 2038
1504 2039
1505 204
1506 2040
1507 2041
1508 2042
1509 2043
1510 2044
1511 2045
1512 2046
1513 2047
1514 887
1515 2048
1516 584
1517 2049
1518 205
1519 2050
1520 2051
1521 2052
1522 2053
1523 2054
1524 2055
1525 2056
1526 2057
1527 2058
1528 2059
1529 2060
1530 2061
1531 2063
1532 2064
1533 2065
1534 2066
1535 2067
1536 2068
1537 2069
1538 207
1539 2070
1540 2071
1541 2072
1542 2073
1543 2074
1544 2075
1545 2076
1546 2077
1547 2078
1548 2079
1549 208
1550 2080
1551 2081
1552 2082
1553 2083
1554 2084
1555 2085
1556 2086
1557 2087
1558 2088
1559 2089
1560 2092
1561 209
1562 2093
1563 2094
1564 2095
1565 2096
1566 2097
1567 2098
1568 2099
1569 2142
1570 2143
1571 2204
1572 2818
1573 21
1574 2100
1575 2101
1576 2102
1577 2103
1578 2104
1579 2105
1580 2106
1581 2107
1582 2108
1583 2109
1584 211
1585 2110
1586 2111
1587 2112
1588 237
1589 2113
1590 2114
1591 2115
1592 2116
1593 2117
1594 2118
1595 2119
1596 212
1597 2120
1598 2121
1599 2122
1600 2123
1601 2124
1602 27
1603 2125
1604 2126
1605 2127
1606 2128
1607 213
1608 2130
1609 2131
1610 2132
1611 2133
1612 2134
1613 2135
1614 2136
1615 2137
1616 2138
1617 2139
1618 2140
1619 2141
1620 2144
1621 2145
1622 2146
1623 2147
1624 2148
1625 2149
1626 215
1627 2150
1628 2151
1629 2152
1630 2153
1631 2154
1632 2155
1633 505
1634 2156
1635 2158
1636 2159
1637 216
1638 2160
1639 2161
1640 2162
1641 2163
1642 2164
1643 2505
1644 2506
1645 2630
1646 2863
1647 3526
1648 2165
1649 2166
1650 2167
1651 2168
1652 2169
1653 217
1654 2170
1655 2171
1656 2172
1657 2173
1658 2174
1659 2175
1660 2176
1661 2177
1662 2178
1663 2179
1664 218
1665 220
1666 221
1667 222
1668 2180
1669 2181
1670 931
1671 2182
1672 2183
1673 2184
1674 2185
1675 2186
1676 2187
1677 2188
1678 2189
1679 2190
1680 2191
1681 2193
1682 2194
1683 2195
1684 2196
1685 2197
1686 2198
1687 2199
1688 2297
1689 2200
1690 2201
1691 1765
1692 2202
1693 2205
1694 2712
1695 3803
1696 2206
1697 2207
1698 2208
1699 2209
1700 3779
1701 2210
1702 2211
1703 2212
1704 2213
1705 2215
1706 2216
1707 2217
1708 2218
1709 2219
1710 506
1711 2481
1712 2220
1713 2221
1714 2222
1715 2223
1716 2224
1717 2225
1718 232
1719 2226
1720 2277
1721 2278
1722 2286
1723 2227
1724 2228
1725 2229
1726 223
1727 2230
1728 2231
1729 2232
1730 2233
1731 2234
1732 2235
1733 224
1734 2246
1735 2247
1736 2248
1737 2249
1738 225
1739 2250
1740 2251
1741 2252
1742 2253
1743 2254
1744 2255
1745 2256
1746 2257
1747 2258
1748 2259
1749 3122
1750 780
1751 2260
1752 2261
1753 2262
1754 2263
1755 2264
1756 432
1757 2266
1758 2267
1759 2268
1760 2269
1761 227
1762 2270
1763 2271
1764 2272
1765 2273
1766 508
1767 2274
1768 2275
1769 2276
1770 265
1771 396
1772 871
1773 2634
1774 3241
1775 3242
1776 2279
1777 228
1778 2280
1779 2281
1780 2282
1781 2283
1782 2284
1783 2285
1784 2287
1785 2288
1786 2289
1787 229
1788 2290
1789 2291
1790 2292
1791 2293
1792 2294
1793 2295
1794 2296
1795 2298
1796 2299
1797 23
1798 2300
1799 2301
1800 3527
1801 3528
1802 2302
1803 2303
1804 2304
1805 2305
1806 2306
1807 2307
1808 2308
1809 2309
1810 231
1811 2310
1812 2311
1813 2312
1814 2313
1815 2314
1816 2315
1817 2316
1818 2317
1819 2318
1820 2319
1821 2320
1822 2321
1823 2322
1824 2324
1825 2325
1826 2326
1827 2327
1828 2328
1829 2329
1830 2882
1831 2330
1832 2331
1833 2332
1834 2333
1835 2334
1836 2335
1837 2336
1838 2337
1839 2338
1840 2339
1841 234
1842 2340
1843 2341
1844 2342
1845 2343
1846 2344
1847 2345
1848 2346
1849 2347
1850 2348
1851 2349
1852 235
1853 2350
1854 2351
1855 2352
1856 405
1857 2353
1858 2354
1859 2355
1860 2357
1861 2358
1862 2360
1863 2361
1864 2362
1865 488
1866 2359
1867 236
1868 2446
1869 2839
1870 2840
1871 3111
1872 3112
1873 2363
1874 2364
1875 2365
1876 2366
1877 2367
1878 2368
1879 2369
1880 2370
1881 2371
1882 2372
1883 2373
1884 2374
1885 2375
1886 2376
1887 2377
1888 2378
1889 2379
1890 2380
1891 2382
1892 2383
1893 2384
1894 2385
1895 2386
1896 451
1897 881
1898 969
1899 3318
1900 2388
1901 2389
1902 239
1903 2390
1904 2391
1905 2392
1906 2393
1907 2394
1908 2396
1909 2397
1910 2398
1911 2399
1912 2400
1913 2401
1914 2402
1915 240
1916 2403
1917 2406
1918 2407
1919 2408
1920 2409
1921 241
1922 2410
1923 2411
1924 2412
1925 2413
1926 2414
1927 2415
1928 2416
1929 2417
1930 2418
1931 2421
1932 2422
1933 2423
1934 2424
1935 2425
1936 2426
1937 3488
1938 3793
1939 3794
1940 3795
1941 3796
1942 3797
1943 2427
1944 2428
1945 2429
1946 243
1947 2430
1948 2431
1949 2432
1950 907
1951 2433
1952 2434
1953 2435
1954 2437
1955 2438
1956 2439
1957 2440
1958 2441
1959 2442
1960 446
1961 559
1962 3755
1963 3477
1964 2678
1965 2782
1966 2870
1967 3124
1968 3150
1969 3151
1970 3200
1971 3406
1972 3447
1973 3452
1974 3562
1975 3566
1976 3736
1977 3790
1978 3802
1979 2444
1980 2445
1981 2447
1982 2448
1983 2449
1984 245
1985 2450
1986 2451
1987 2452
1988 2453
1989 2454
1990 2456
1991 2458
1992 2459
1993 246
1994 247
1995 248
1996 249
1997 2460
1998 2461
1999 2462
2000 2463
2001 2465
2002 2466
2003 2467
2004 2468
2005 2469
2006 2470
2007 2471
2008 2472
2009 2473
2010 2474
2011 2475
2012 2476
2013 2477
2014 2478
2015 2618
2016 2772
2017 3025
2018 3563
2019 3564
2020 3565
2021 3567
2022 3568
2023 656
2024 923
2025 2479
2026 2480
2027 2482
2028 2483
2029 2484
2030 2485
2031 2701
2032 2487
2033 2488
2034 2489
2035 2490
2036 2491
2037 2492
2038 2493
2039 2494
2040 2775
2041 2777
2042 2780
2043 2495
2044 2496
2045 2497
2046 2498
2047 2499
2048 823
2049 25
2050 2500
2051 2501
2052 2502
2053 2503
2054 2504
2055 3149
2056 2507
2057 2508
2058 2509
2059 2510
2060 2511
2061 2512
2062 2513
2063 2515
2064 2516
2065 2517
2066 2518
2067 2519
2068 2520
2069 2521
2070 2522
2071 2523
2072 2524
2073 2525
2074 2526
2075 2527
2076 2528
2077 2529
2078 253
2079 2530
2080 2531
2081 2532
2082 2533
2083 2534
2084 2535
2085 2536
2086 2537
2087 2538
2088 2539
2089 254
2090 2540
2091 2541
2092 2542
2093 2543
2094 2544
2095 2545
2096 2546
2097 2547
2098 2548
2099 2549
2100 3446
2101 3839
2102 3840
2103 255
2104 2550
2105 2551
2106 2552
2107 2553
2108 2554
2109 2555
2110 2556
2111 2558
2112 2559
2113 256
2114 2560
2115 2561
2116 2563
2117 2566
2118 2565
2119 2568
2120 2569
2121 257
2122 2570
2123 2571
2124 2572
2125 2573
2126 2574
2127 2575
2128 2576
2129 2577
2130 2578
2131 2579
2132 258
2133 2580
2134 2581
2135 2582
2136 2583
2137 2584
2138 2585
2139 2586
2140 2587
2141 2588
2142 2589
2143 259
2144 2590
2145 2591
2146 2592
2147 2593
2148 2594
2149 2595
2150 2597
2151 2598
2152 2599
2153 2600
2154 2601
2155 2602
2156 2603
2157 2604
2158 2605
2159 636
2160 26
2161 2606
2162 2607
2163 2608
2164 2609
2165 2610
2166 2611
2167 2612
2168 2613
2169 2614
2170 2615
2171 2616
2172 2617
2173 2619
2174 262
2175 2620
2176 3230
2177 2621
2178 2622
2179 2623
2180 2624
2181 2625
2182 2626
2183 2627
2184 2628
2185 2629
2186 263
2187 2631
2188 3366
2189 3798
2190 3814
2191 2632
2192 2633
2193 2636
2194 2638
2195 2639
2196 264
2197 2640
2198 2641
2199 2642
2200 2643
2201 2644
2202 2645
2203 2646
2204 2647
2205 2648
2206 2649
2207 2650
2208 2651
2209 2653
2210 2654
2211 2655
2212 2656
2213 2657
2214 2658
2215 2659
2216 266
2217 2660
2218 2663
2219 2665
2220 2664
2221 2666
2222 2667
2223 2668
2224 2669
2225 267
2226 2671
2227 2672
2228 2673
2229 2674
2230 2675
2231 2677
2232 2679
2233 2680
2234 2681
2235 2682
2236 2683
2237 2684
2238 2685
2239 2686
2240 2687
2241 2688
2242 2689
2243 3700
2244 2690
2245 2691
2246 2692
2247 2693
2248 2694
2249 2695
2250 2696
2251 2698
2252 2699
2253 2702
2254 270
2255 2703
2256 2704
2257 2705
2258 2706
2259 2707
2260 2708
2261 2709
2262 271
2263 2711
2264 2713
2265 2714
2266 2715
2267 2716
2268 2980
2269 2717
2270 2718
2271 2719
2272 272
2273 2720
2274 2721
2275 2722
2276 2723
2277 2725
2278 2726
2279 2727
2280 2728
2281 2729
2282 2730
2283 2731
2284 2732
2285 2733
2286 2734
2287 2735
2288 2737
2289 2738
2290 2739
2291 2740
2292 3086
2293 3140
2294 3600
2295 3619
2296 3665
2297 3694
2298 3697
2299 3698
2300 3699
2301 3701
2302 3702
2303 3703
2304 3704
2305 3829
2306 3832
2307 3834
2308 3858
2309 452
2310 2742
2311 2743
2312 2744
2313 2745
2314 2901
2315 2902
2316 2747
2317 2748
2318 2749
2319 2751
2320 3325
2321 2752
2322 2753
2323 2754
2324 2755
2325 2756
2326 2757
2327 2758
2328 2759
2329 2760
2330 2761
2331 2762
2332 2763
2333 2764
2334 2765
2335 2766
2336 2767
2337 2768
2338 2769
2339 2770
2340 2771
2341 2774
2342 2776
2343 2778
2344 2779
2345 2783
2346 2784
2347 2886
2348 2785
2349 2786
2350 2787
2351 2788
2352 2789
2353 2790
2354 2791
2355 2792
2356 2793
2357 2794
2358 2795
2359 2796
2360 2797
2361 2798
2362 2799
2363 28
2364 2800
2365 2801
2366 2802
2367 2803
2368 2804
2369 2805
2370 2806
2371 2807
2372 2808
2373 2809
2374 281
2375 2810
2376 2811
2377 2812
2378 2813
2379 2814
2380 2815
2381 2816
2382 2817
2383 2819
2384 2820
2385 2821
2386 2822
2387 2823
2388 2824
2389 282
2390 2826
2391 2827
2392 2828
2393 2829
2394 2830
2395 78
2396 283
2397 3184
2398 3185
2399 3186
2400 3187
2401 3188
2402 3189
2403 3191
2404 3193
2405 3194
2406 2831
2407 2832
2408 2833
2409 2834
2410 2835
2411 2836
2412 2837
2413 2838
2414 2841
2415 2842
2416 2843
2417 2844
2418 2845
2419 2846
2420 2847
2421 2848
2422 2849
2423 285
2424 2850
2425 2851
2426 2852
2427 2853
2428 2854
2429 2855
2430 2856
2431 2857
2432 2858
2433 2859
2434 286
2435 2860
2436 2861
2437 2862
2438 2864
2439 2865
2440 2866
2441 2867
2442 2869
2443 3078
2444 3079
2445 3231
2446 287
2447 2871
2448 2872
2449 2873
2450 2874
2451 2875
2452 2876
2453 2877
2454 2878
2455 2880
2456 2881
2457 2883
2458 2884
2459 2885
2460 2879
2461 288
2462 2887
2463 2888
2464 2889
2465 2890
2466 2891
2467 2893
2468 2894
2469 2895
2470 2896
2471 2898
2472 2899
2473 290
2474 2900
2475 2903
2476 2904
2477 2905
2478 2906
2479 2907
2480 2908
2481 2909
2482 291
2483 292
2484 2910
2485 2911
2486 2912
2487 2913
2488 2914
2489 2915
2490 2916
2491 2917
2492 2918
2493 2919
2494 2920
2495 2921
2496 2922
2497 2923
2498 2924
2499 2925
2500 2926
2501 2927
2502 2928
2503 2929
2504 293
2505 2930
2506 2931
2507 2932
2508 2933
2509 2935
2510 2936
2511 2937
2512 2938
2513 2939
2514 294
2515 2940
2516 2941
2517 2942
2518 2943
2519 2944
2520 2946
2521 2947
2522 2948
2523 2949
2524 295
2525 2950
2526 2951
2527 2952
2528 2953
2529 2955
2530 2956
2531 2957
2532 2958
2533 2959
2534 296
2535 2960
2536 2961
2537 2962
2538 2963
2539 2964
2540 2965
2541 2966
2542 2967
2543 2968
2544 2969
2545 297
2546 2970
2547 2971
2548 2972
2549 2973
2550 2974
2551 2975
2552 2976
2553 2977
2554 2978
2555 2979
2556 298
2557 2981
2558 2982
2559 2983
2560 2984
2561 2985
2562 2986
2563 2987
2564 2988
2565 2989
2566 299
2567 2990
2568 2991
2569 2992
2570 2993
2571 2994
2572 2995
2573 2996
2574 2997
2575 2998
2576 2999
2577 30
2578 300
2579 3000
2580 3001
2581 3002
2582 3003
2583 3004
2584 3005
2585 3006
2586 3007
2587 3008
2588 3009
2589 3011
2590 3012
2591 3013
2592 3014
2593 3015
2594 3016
2595 3017
2596 3018
2597 3019
2598 302
2599 3020
2600 3021
2601 3022
2602 3023
2603 3024
2604 3026
2605 3027
2606 3028
2607 3029
2608 303
2609 3030
2610 3031
2611 3032
2612 3033
2613 3034
2614 3035
2615 3036
2616 3037
2617 3038
2618 3039
2619 304
2620 3040
2621 3041
2622 3042
2623 3043
2624 3044
2625 3045
2626 3046
2627 3047
2628 3048
2629 3049
2630 305
2631 3050
2632 3051
2633 3052
2634 3054
2635 3055
2636 3056
2637 3057
2638 3058
2639 3059
2640 3060
2641 3061
2642 306
2643 3062
2644 3063
2645 3064
2646 3065
2647 3067
2648 3068
2649 3069
2650 307
2651 3070
2652 3071
2653 3072
2654 3073
2655 3074
2656 3075
2657 3076
2658 3077
2659 308
2660 3080
2661 3081
2662 3082
2663 3083
2664 3084
2665 3085
2666 3087
2667 3088
2668 3089
2669 3090
2670 3570
2671 951
2672 3091
2673 3092
2674 3093
2675 3094
2676 3095
2677 3096
2678 31
2679 3101
2680 3273
2681 3821
2682 3102
2683 3103
2684 3104
2685 3105
2686 3106
2687 3107
2688 3108
2689 3109
2690 311
2691 3110
2692 623
2693 3115
2694 3116
2695 3117
2696 3118
2697 3119
2698 3120
2699 312
2700 3323
2701 3201
2702 3126
2703 3128
2704 3129
2705 313
2706 3130
2707 3131
2708 3132
2709 3133
2710 3134
2711 3135
2712 3137
2713 3138
2714 3139
2715 314
2716 3141
2717 3732
2718 3826
2719 3142
2720 3143
2721 3144
2722 3145
2723 3146
2724 3147
2725 3148
2726 315
2727 3152
2728 3153
2729 3154
2730 3155
2731 3156
2732 3157
2733 3158
2734 3159
2735 3160
2736 3161
2737 3162
2738 3164
2739 3165
2740 3166
2741 3167
2742 3168
2743 3169
2744 3170
2745 3171
2746 3172
2747 3173
2748 3174
2749 3175
2750 3176
2751 3177
2752 3178
2753 3179
2754 3180
2755 3181
2756 3182
2757 3183
2758 3195
2759 3196
2760 3197
2761 3198
2762 320
2763 3202
2764 3203
2765 3204
2766 3205
2767 3206
2768 3207
2769 3208
2770 3209
2771 321
2772 3210
2773 3211
2774 3212
2775 3213
2776 3214
2777 3215
2778 3216
2779 3218
2780 3219
2781 365
2782 3220
2783 3222
2784 3223
2785 3224
2786 3225
2787 3226
2788 3227
2789 3228
2790 3229
2791 3232
2792 3233
2793 3234
2794 3235
2795 323
2796 3236
2797 3237
2798 3238
2799 3404
2800 3770
2801 324
2802 3240
2803 3243
2804 370
2805 3245
2806 3247
2807 3248
2808 3249
2809 3917
2810 3326
2811 325
2812 3250
2813 3251
2814 3252
2815 3253
2816 3254
2817 3255
2818 3256
2819 3257
2820 3456
2821 3636
2822 3830
2823 3258
2824 3259
2825 326
2826 3260
2827 3261
2828 3262
2829 3264
2830 3265
2831 3266
2832 3267
2833 3268
2834 3269
2835 327
2836 3270
2837 3271
2838 3272
2839 3274
2840 3275
2841 3276
2842 3277
2843 3278
2844 3279
2845 328
2846 3280
2847 3281
2848 3282
2849 3283
2850 3284
2851 3285
2852 3286
2853 3287
2854 3289
2855 329
2856 3290
2857 3291
2858 3292
2859 3293
2860 3294
2861 3296
2862 3297
2863 3298
2864 3299
2865 330
2866 331
2867 3300
2868 3301
2869 3302
2870 3303
2871 3304
2872 3305
2873 3306
2874 3307
2875 3308
2876 3309
2877 3310
2878 3311
2879 3312
2880 3313
2881 3314
2882 3315
2883 3316
2884 3317
2885 630
2886 3431
2887 3319
2888 332
2889 3320
2890 3321
2891 3322
2892 3328
2893 3329
2894 3330
2895 3331
2896 3332
2897 3333
2898 3334
2899 3335
2900 3336
2901 3818
2902 3337
2903 3338
2904 3339
2905 334
2906 3341
2907 3342
2908 3343
2909 3344
2910 3345
2911 3346
2912 3347
2913 3348
2914 3349
2915 3350
2916 3351
2917 336
2918 3362
2919 3363
2920 3364
2921 3367
2922 337
2923 3370
2924 3371
2925 3372
2926 3373
2927 3374
2928 3375
2929 3376
2930 3377
2931 3378
2932 3379
2933 338
2934 3380
2935 3381
2936 3382
2937 3383
2938 3384
2939 3385
2940 3386
2941 3387
2942 3388
2943 3389
2944 339
2945 3390
2946 3391
2947 3392
2948 3457
2949 3546
2950 3620
2951 3764
2952 3765
2953 3769
2954 3815
2955 3396
2956 3397
2957 3398
2958 3399
2959 340
2960 3400
2961 3401
2962 3402
2963 3403
2964 3405
2965 3407
2966 3408
2967 3409
2968 3410
2969 3411
2970 3412
2971 3413
2972 3414
2973 3415
2974 3416
2975 3417
2976 3418
2977 3419
2978 3420
2979 3421
2980 3422
2981 3423
2982 3424
2983 3425
2984 3427
2985 3428
2986 3429
2987 3430
2988 851
2989 3432
2990 3433
2991 3434
2992 3435
2993 3436
2994 3437
2995 3438
2996 3439
2997 3440
2998 3441
2999 3443
3000 3444
3001 3445
3002 3448
3003 3449
3004 3450
3005 3451
3006 3453
3007 3455
3008 3458
3009 3460
3010 3777
3011 346
3012 3558
3013 3461
3014 3462
3015 3463
3016 3464
3017 3465
3018 3466
3019 3467
3020 3468
3021 3469
3022 347
3023 3470
3024 3471
3025 3472
3026 3473
3027 3474
3028 3475
3029 3476
3030 3478
3031 3479
3032 3480
3033 3481
3034 3482
3035 3483
3036 3484
3037 3485
3038 3486
3039 3489
3040 349
3041 3490
3042 3491
3043 3492
3044 3493
3045 3494
3046 3495
3047 3496
3048 3498
3049 3499
3050 350
3051 3500
3052 3501
3053 3502
3054 3503
3055 3504
3056 3505
3057 3506
3058 3507
3059 3508
3060 3509
3061 351
3062 3510
3063 3512
3064 3513
3065 3514
3066 3515
3067 3516
3068 3517
3069 3518
3070 3519
3071 3520
3072 3521
3073 3522
3074 3523
3075 3524
3076 3525
3077 352
3078 3529
3079 3530
3080 3532
3081 3533
3082 3534
3083 3535
3084 3536
3085 3537
3086 3538
3087 3539
3088 3540
3089 3541
3090 3542
3091 3543
3092 3544
3093 3545
3094 3547
3095 3548
3096 3549
3097 3550
3098 3551
3099 3552
3100 3553
3101 3554
3102 3555
3103 3556
3104 3557
3105 3559
3106 3560
3107 3561
3108 3569
3109 3572
3110 3573
3111 3574
3112 3575
3113 3576
3114 3577
3115 3578
3116 3579
3117 3580
3118 3581
3119 3582
3120 3583
3121 3584
3122 3585
3123 3587
3124 3588
3125 3589
3126 3590
3127 3601
3128 3603
3129 3730
3130 3731
3131 3733
3132 3592
3133 3593
3134 3594
3135 3595
3136 3597
3137 3598
3138 3599
3139 3602
3140 36
3141 360
3142 3604
3143 3605
3144 3606
3145 3607
3146 3608
3147 3609
3148 3610
3149 3611
3150 3612
3151 3613
3152 3614
3153 3615
3154 3618
3155 901
3156 362
3157 3621
3158 3622
3159 3623
3160 3624
3161 3625
3162 3626
3163 3627
3164 3628
3165 3629
3166 3630
3167 3631
3168 3632
3169 3633
3170 3634
3171 3635
3172 3637
3173 3638
3174 3639
3175 3640
3176 3641
3177 364
3178 3642
3179 3643
3180 3644
3181 3645
3182 3646
3183 3647
3184 3648
3185 3649
3186 3650
3187 3651
3188 3652
3189 3653
3190 3654
3191 3655
3192 3656
3193 3657
3194 3658
3195 3659
3196 366
3197 3660
3198 3661
3199 3662
3200 3663
3201 3664
3202 3666
3203 3667
3204 3668
3205 3669
3206 3762
3207 367
3208 3670
3209 3671
3210 3672
3211 3673
3212 3674
3213 3675
3214 3676
3215 3677
3216 3678
3217 3680
3218 368
3219 3682
3220 3683
3221 3684
3222 3685
3223 3686
3224 3687
3225 3688
3226 3689
3227 369
3228 3690
3229 3691
3230 3692
3231 3693
3232 3695
3233 37
3234 3705
3235 3706
3236 3707
3237 3708
3238 3709
3239 371
3240 3710
3241 527
3242 3711
3243 3713
3244 3714
3245 3715
3246 3717
3247 3718
3248 3719
3249 678
3250 3712
3251 3716
3252 372
3253 3720
3254 3721
3255 3722
3256 3728
3257 3723
3258 3724
3259 3725
3260 3729
3261 3833
3262 3734
3263 3735
3264 3737
3265 3738
3266 3739
3267 3740
3268 3741
3269 3742
3270 3859
3271 3860
3272 3861
3273 3862
3274 3863
3275 3743
3276 3744
3277 3745
3278 3746
3279 3747
3280 3748
3281 3749
3282 375
3283 3750
3284 3751
3285 3752
3286 3753
3287 3754
3288 3756
3289 3757
3290 3726
3291 3760
3292 3761
3293 3763
3294 3766
3295 3767
3296 3768
3297 3771
3298 3772
3299 3773
3300 3774
3301 3775
3302 3776
3303 3780
3304 3781
3305 3782
3306 3783
3307 3784
3308 3785
3309 3786
3310 3788
3311 3789
3312 3791
3313 3792
3314 3799
3315 3800
3316 3801
3317 3804
3318 3805
3319 3806
3320 3807
3321 3808
3322 3810
3323 3811
3324 3812
3325 3813
3326 3816
3327 3817
3328 3819
3329 3820
3330 3823
3331 3824
3332 3825
3333 3827
3334 3828
3335 3831
3336 3835
3337 3836
3338 3837
3339 3838
3340 3841
3341 3842
3342 3843
3343 3844
3344 3845
3345 3846
3346 376
3347 377
3348 3853
3349 3868
3350 3869
3351 3871
3352 3872
3353 3881
3354 3882
3355 3883
3356 3885
3357 3886
3358 3887
3359 3888
3360 3889
3361 3890
3362 3891
3363 3892
3364 3893
3365 3894
3366 3895
3367 3896
3368 3897
3369 3898
3370 3899
3371 3900
3372 3901
3373 3902
3374 3903
3375 3904
3376 3905
3377 3906
3378 3907
3379 3908
3380 3909
3381 3910
3382 3911
3383 3912
3384 3913
3385 3914
3386 3915
3387 3916
3388 3918
3389 3919
3390 379
3391 38
3392 40
3393 380
3394 381
3395 383
3396 384
3397 3847
3398 3848
3399 3849
3400 3850
3401 3851
3402 3852
3403 3854
3404 3855
3405 3856
3406 3857
3407 3864
3408 3865
3409 3866
3410 3870
3411 3873
3412 3874
3413 3875
3414 3876
3415 3877
3416 3878
3417 3879
3418 388
3419 3880
3420 389
3421 390
3422 391
3423 392
3424 393
3425 394
3426 397
3427 398
3428 399
3429 4
3430 406
3431 408
3432 409
3433 410
3434 411
3435 417
3436 418
3437 420
3438 421
3439 422
3440 423
3441 424
3442 425
3443 426
3444 427
3445 428
3446 430
3447 431
3448 3586
3449 433
3450 434
3451 435
3452 436
3453 437
3454 438
3455 439
3456 441
3457 442
3458 444
3459 445
3460 447
3461 448
3462 449
3463 45
3464 450
3465 453
3466 454
3467 455
3468 456
3469 457
3470 458
3471 459
3472 460
3473 461
3474 462
3475 463
3476 464
3477 465
3478 1486
3479 468
3480 3368
3481 3369
3482 47
3483 470
3484 471
3485 473
3486 474
3487 475
3488 476
3489 477
3490 478
3491 479
3492 482
3493 483
3494 484
3495 485
3496 486
3497 487
3498 489
3499 49
3500 490
3501 492
3502 493
3503 494
3504 495
3505 496
3506 497
3507 500
3508 501
3509 502
3510 507
3511 509
3512 51
3513 514
3514 515
3515 516
3516 517
3517 518
3518 519
3519 52
3520 520
3521 521
3522 522
3523 523
3524 524
3525 525
3526 526
3527 528
3528 529
3529 53
3530 530
3531 531
3532 532
3533 533
3534 534
3535 535
3536 536
3537 538
3538 540
3539 541
3540 542
3541 543
3542 544
3543 545
3544 546
3545 547
3546 548
3547 549
3548 55
3549 550
3550 553
3551 554
3552 555
3553 556
3554 557
3555 560
3556 563
3557 568
3558 569
3559 57
3560 570
3561 571
3562 572
3563 573
3564 574
3565 575
3566 577
3567 578
3568 579
3569 580
3570 581
3571 582
3572 583
3573 585
3574 586
3575 587
3576 588
3577 589
3578 59
3579 591
3580 592
3581 593
3582 594
3583 595
3584 596
3585 598
3586 6
3587 60
3588 600
3589 601
3590 602
3591 603
3592 604
3593 605
3594 607
3595 608
3596 61
3597 610
3598 611
3599 612
3600 613
3601 614
3602 615
3603 617
3604 618
3605 619
3606 620
3607 621
3608 622
3609 629
3610 632
3611 635
3612 1593
3613 852
3614 63
3615 638
3616 64
3617 640
3618 641
3619 642
3620 643
3621 644
3622 645
3623 646
3624 647
3625 648
3626 649
3627 66
3628 2455
3629 664
3630 665
3631 666
3632 667
3633 668
3634 669
3635 670
3636 671
3637 672
3638 673
3639 674
3640 675
3641 676
3642 677
3643 679
3644 68
3645 681
3646 683
3647 685
3648 686
3649 688
3650 689
3651 69
3652 690
3653 691
3654 693
3655 694
3656 695
3657 696
3658 697
3659 698
3660 699
3661 70
3662 700
3663 701
3664 702
3665 704
3666 705
3667 706
3668 707
3669 708
3670 710
3671 711
3672 712
3673 713
3674 714
3675 715
3676 716
3677 717
3678 718
3679 720
3680 1082
3681 722
3682 726
3683 728
3684 730
3685 731
3686 732
3687 733
3688 735
3689 736
3690 737
3691 738
3692 740
3693 741
3694 742
3695 743
3696 744
3697 745
3698 746
3699 747
3700 748
3701 749
3702 75
3703 750
3704 751
3705 752
3706 753
3707 754
3708 756
3709 757
3710 759
3711 760
3712 761
3713 763
3714 764
3715 765
3716 766
3717 767
3718 77
3719 772
3720 773
3721 775
3722 776
3723 777
3724 778
3725 779
3726 781
3727 782
3728 783
3729 784
3730 785
3731 786
3732 787
3733 788
3734 789
3735 79
3736 790
3737 792
3738 793
3739 794
3740 796
3741 797
3742 798
3743 799
3744 8
3745 800
3746 801
3747 802
3748 803
3749 804
3750 805
3751 806
3752 807
3753 808
3754 809
3755 81
3756 810
3757 811
3758 812
3759 813
3760 815
3761 816
3762 817
3763 819
3764 820
3765 821
3766 824
3767 826
3768 827
3769 829
3770 830
3771 831
3772 832
3773 833
3774 834
3775 835
3776 839
3777 3066
3778 840
3779 841
3780 842
3781 843
3782 844
3783 845
3784 846
3785 847
3786 848
3787 849
3788 885
3789 886
3790 1454
3791 1463
3792 1466
3793 857
3794 858
3795 859
3796 3531
3797 861
3798 862
3799 863
3800 864
3801 865
3802 867
3803 868
3804 869
3805 87
3806 870
3807 872
3808 873
3809 874
3810 875
3811 876
3812 877
3813 878
3814 879
3815 880
3816 883
3817 888
3818 889
3819 890
3820 892
3821 893
3822 894
3823 895
3824 896
3825 897
3826 898
3827 899
3828 900
3829 902
3830 903
3831 904
3832 905
3833 906
3834 908
3835 909
3836 2661
3837 910
3838 911
3839 912
3840 913
3841 914
3842 915
3843 917
3844 918
3845 919
3846 92
3847 920
3848 921
3849 922
3850 924
3851 925
3852 926
3853 927
3854 928
3855 929
3856 93
3857 930
3858 932
3859 934
3860 935
3861 936
3862 937
3863 938
3864 941
3865 942
3866 943
3867 944
3868 945
3869 946
3870 947
3871 948
3872 949
3873 95
3874 950
3875 954
3876 955
3877 956
3878 957
3879 959
3880 96
3881 960
3882 961
3883 962
3884 963
3885 964
3886 965
3887 966
3888 967
3889 968
3890 970
3891 97
3892 971
3893 972
3894 974
3895 975
3896 976
3897 977
3898 978
3899 979
3900 98
3901 980
3902 981
3903 982
3904 983
3905 984
3906 985
3907 987
3908 988
3909 989
3910 990
3911 991
3912 992
3913 993
3914 994
3915 995
3916 996
3917 997
3918 998
3919 999
