0 0
1 1
2 10
3 100
4 5
5 1000
6 13
7 14
8 1001
9 236
10 29
11 1002
12 21
13 39
14 1003
15 1004
16 1005
17 1006
18 1029
19 1069
20 177
21 1007
22 1008
23 1009
24 1010
25 1011
26 1013
27 1014
28 1015
29 1016
30 1017
31 1018
32 1019
33 1020
34 1021
35 1022
36 1023
37 1024
38 1025
39 1026
40 1027
41 1028
42 1030
43 1031
44 1032
45 1033
46 1034
47 1035
48 1036
49 1037
50 1038
51 1039
52 1040
53 1041
54 1042
55 1043
56 1044
57 1045
58 1046
59 1047
60 1048
61 1049
62 1050
63 1051
64 1052
65 1053
66 1054
67 1055
68 1056
69 1057
70 1058
71 1059
72 1060
73 1061
74 1062
75 1063
76 1064
77 1065
78 1066
79 138
80 149
81 214
82 23
83 305
84 31
85 35
86 363
87 41
88 412
89 42
90 420
91 454
92 456
93 460
94 520
95 56
96 58
97 733
98 751
99 753
100 756
101 770
102 810
103 83
104 839
105 878
106 101
107 1012
108 102
109 103
110 105
111 106
112 1206
113 1213
114 1219
115 1233
116 1393
117 147
118 153
119 164
120 1662
121 1663
122 178
123 180
124 1931
125 2228
126 245
127 2523
128 286
129 290
130 292
131 293
132 294
133 303
134 304
135 313
136 3165
137 318
138 322
139 338
140 3524
141 3577
142 3674
143 3686
144 3852
145 3854
146 389
147 393
148 394
149 4
150 402
151 458
152 46
153 48
154 615
155 78
156 871
157 883
158 91
159 913
160 996
161 3391
162 1715
163 1826
164 3142
165 835
166 1564
167 1706
168 2880
169 311
170 503
171 924
172 104
173 1347
174 2522
175 2704
176 803
177 3323
178 3324
179 556
180 2690
181 136
182 1803
183 1077
184 1079
185 1080
186 1089
187 109
188 1092
189 1094
190 119
191 1210
192 1260
193 127
194 1279
195 1314
196 1356
197 1581
198 1586
199 1588
200 159
201 1593
202 1616
203 1704
204 1731
205 1750
206 1751
207 1761
208 1778
209 1836
210 1885
211 192
212 1990
213 200
214 201
215 211
216 2169
217 2221
218 2287
219 2289
220 2345
221 2378
222 2415
223 2460
224 2524
225 2526
226 253
227 2540
228 2562
229 259
230 2656
231 2682
232 2754
233 2780
234 2796
235 2797
236 2798
237 2799
238 2800
239 2801
240 2802
241 2803
242 2804
243 2805
244 2806
245 2809
246 2810
247 2811
248 2812
249 2813
250 2814
251 2815
252 2816
253 2817
254 2818
255 2819
256 2820
257 2821
258 2822
259 2823
260 2824
261 2825
262 2826
263 2827
264 2828
265 2924
266 2960
267 3019
268 3074
269 3081
270 3109
271 3110
272 315
273 3201
274 3245
275 3246
276 3247
277 3248
278 3249
279 3250
280 3251
281 3252
282 3253
283 3254
284 3255
285 3256
286 3257
287 3258
288 3259
289 3260
290 3261
291 3262
292 3263
293 3264
294 3265
295 334
296 365
297 382
298 390
299 392
300 439
301 445
302 455
303 459
304 482
305 53
306 560
307 566
308 612
309 64
310 649
311 653
312 750
313 754
314 763
315 764
316 768
317 855
318 877
319 911
320 2072
321 1067
322 1068
323 1070
324 1071
325 1072
326 1073
327 1074
328 1075
329 1076
330 1078
331 702
332 916
333 107
334 1295
335 1430
336 224
337 246
338 2546
339 2784
340 2984
341 2989
342 2990
343 3389
344 3413
345 3440
346 3620
347 3668
348 3669
349 399
350 66
351 885
352 3751
353 120
354 1461
355 1554
356 859
357 110
358 111
359 112
360 113
361 1185
362 1472
363 1473
364 1569
365 1570
366 1660
367 1724
368 1753
369 1762
370 1788
371 183
372 2005
373 2116
374 22
375 225
376 235
377 24
378 2488
379 2490
380 2585
381 27
382 2808
383 287
384 291
385 2926
386 2927
387 299
388 300
389 302
390 307
391 314
392 321
393 324
394 340
395 384
396 388
397 391
398 396
399 397
400 446
401 748
402 776
403 94
404 96
405 970
406 98
407 99
408 993
409 108
410 1088
411 1413
412 1764
413 1765
414 2095
415 2168
416 276
417 3226
418 3742
419 407
420 55
421 860
422 1081
423 1082
424 1083
425 1084
426 1085
427 1086
428 1087
429 1090
430 1091
431 1093
432 1095
433 1096
434 762
435 2031
436 1451
437 2922
438 2937
439 2938
440 2939
441 1165
442 1665
443 1695
444 1995
445 2525
446 312
447 3355
448 3853
449 469
450 567
451 633
452 749
453 840
454 843
455 1097
456 1098
457 1099
458 1100
459 11
460 1101
461 1103
462 543
463 588
464 1104
465 1105
466 1106
467 1107
468 130
469 161
470 1108
471 1109
472 1110
473 832
474 895
475 896
476 3806
477 1510
478 1111
479 1112
480 1113
481 1114
482 1115
483 1116
484 1117
485 577
486 1118
487 1119
488 1120
489 611
490 1121
491 1122
492 1123
493 61
494 819
495 1124
496 1125
497 1126
498 1127
499 1128
500 1129
501 348
502 2969
503 1130
504 1131
505 1132
506 1133
507 801
508 89
509 1134
510 759
511 1135
512 758
513 1136
514 1137
515 1138
516 1139
517 114
518 115
519 1140
520 1141
521 1142
522 1143
523 1144
524 765
525 1145
526 1146
527 1147
528 1148
529 1149
530 1786
531 2758
532 2991
533 3400
534 3457
535 3517
536 3518
537 3519
538 3520
539 3521
540 3522
541 3523
542 3525
543 3526
544 3527
545 3528
546 3529
547 3530
548 3738
549 386
550 691
551 767
552 1150
553 1151
554 1152
555 527
556 1153
557 595
558 1154
559 639
560 1155
561 1156
562 1157
563 1158
564 85
565 1159
566 116
567 117
568 118
569 121
570 122
571 123
572 1160
573 1161
574 1162
575 1163
576 1164
577 1166
578 1167
579 1168
580 1169
581 1170
582 1171
583 1172
584 228
585 517
586 1173
587 1174
588 849
589 1175
590 1176
591 9
592 1177
593 1178
594 1179
595 2527
596 3744
597 3809
598 1180
599 1181
600 1182
601 1183
602 353
603 1184
604 3099
605 3100
606 1186
607 1187
608 1188
609 267
610 1189
611 1190
612 1191
613 1192
614 1193
615 1194
616 1195
617 1196
618 172
619 233
620 1197
621 1198
622 1199
623 218
624 12
625 1200
626 1201
627 1202
628 256
629 501
630 76
631 1203
632 1204
633 1205
634 1207
635 295
636 395
637 854
638 97
639 1208
640 1209
641 1211
642 2126
643 2980
644 3652
645 3846
646 1212
647 1214
648 1215
649 1216
650 1218
651 1220
652 1221
653 1222
654 1223
655 125
656 175
657 436
658 674
659 1224
660 1225
661 1226
662 1227
663 1228
664 1229
665 1230
666 668
667 1231
668 1232
669 1234
670 1235
671 1236
672 1237
673 1238
674 1239
675 124
676 1240
677 1241
678 1242
679 1243
680 1244
681 404
682 1245
683 1246
684 1247
685 1248
686 1249
687 1250
688 1251
689 1252
690 1253
691 1254
692 1255
693 1256
694 1257
695 1258
696 1259
697 126
698 1262
699 1263
700 1264
701 1265
702 1266
703 1267
704 1268
705 1269
706 2551
707 3670
708 3671
709 3672
710 400
711 1270
712 1271
713 1272
714 1273
715 1274
716 1275
717 1276
718 1277
719 1278
720 54
721 2098
722 128
723 129
724 1280
725 1281
726 1282
727 1283
728 1284
729 1285
730 1286
731 1287
732 1288
733 1289
734 1290
735 1291
736 1547
737 2223
738 2517
739 2978
740 337
741 457
742 638
743 886
744 1292
745 377
746 1293
747 1294
748 1296
749 1297
750 156
751 34
752 37
753 1298
754 1299
755 80
756 964
757 1300
758 1301
759 1840
760 3301
761 1302
762 1303
763 1304
764 1305
765 1306
766 1307
767 1308
768 1309
769 1310
770 1311
771 1312
772 1313
773 1315
774 243
775 131
776 3162
777 1316
778 1317
779 1318
780 1319
781 132
782 1320
783 1321
784 1322
785 1323
786 2538
787 2539
788 327
789 1324
790 1325
791 1326
792 1327
793 1328
794 1329
795 1330
796 133
797 1331
798 1332
799 1333
800 1334
801 1335
802 1336
803 1337
804 1338
805 1339
806 134
807 1340
808 1341
809 1342
810 1343
811 203
812 209
813 1344
814 1345
815 1346
816 1348
817 1349
818 135
819 1350
820 1351
821 1352
822 1353
823 1354
824 1355
825 1357
826 2593
827 1358
828 1359
829 1360
830 1361
831 1362
832 1363
833 1364
834 1365
835 1366
836 1367
837 208
838 502
839 1368
840 1369
841 1370
842 1371
843 1372
844 1373
845 1374
846 144
847 197
848 199
849 202
850 204
851 210
852 298
853 504
854 57
855 647
856 654
857 655
858 664
859 670
860 869
861 87
862 137
863 207
864 3181
865 1375
866 1376
867 1377
868 1378
869 1379
870 1380
871 1381
872 1382
873 1383
874 1384
875 1385
876 1386
877 1387
878 1388
879 1389
880 139
881 1390
882 1391
883 1392
884 1394
885 1395
886 1396
887 1397
888 1398
889 1399
890 140
891 1400
892 1401
893 1402
894 1403
895 1404
896 1405
897 1406
898 1407
899 521
900 1408
901 1409
902 141
903 1410
904 1411
905 1412
906 1414
907 660
908 571
909 1415
910 1416
911 1417
912 1418
913 1419
914 142
915 1420
916 1421
917 1422
918 1423
919 1424
920 1425
921 1426
922 1427
923 1428
924 1429
925 1431
926 143
927 1613
928 2586
929 2779
930 1432
931 1433
932 1434
933 1435
934 1436
935 1437
936 1438
937 1439
938 1440
939 1441
940 1442
941 1443
942 1444
943 1445
944 1446
945 1496
946 1447
947 1448
948 1449
949 145
950 1450
951 1452
952 1453
953 1454
954 1455
955 1456
956 1457
957 1458
958 1459
959 146
960 1460
961 1475
962 1462
963 1463
964 1464
965 1465
966 1466
967 1467
968 1468
969 1469
970 1470
971 1471
972 1474
973 1476
974 1477
975 1478
976 1479
977 1480
978 1481
979 148
980 1482
981 1483
982 1484
983 268
984 1485
985 1486
986 1487
987 1488
988 1489
989 1601
990 1626
991 1653
992 1934
993 2032
994 2074
995 2178
996 2657
997 605
998 646
999 651
1000 652
1001 661
1002 672
1003 923
1004 985
1005 1490
1006 1491
1007 477
1008 1492
1009 1493
1010 429
1011 1494
1012 1495
1013 1497
1014 1498
1015 1499
1016 2463
1017 2744
1018 3426
1019 494
1020 1810
1021 2242
1022 2461
1023 2466
1024 2741
1025 2742
1026 2743
1027 2745
1028 2746
1029 77
1030 15
1031 16
1032 17
1033 18
1034 19
1035 150
1036 1500
1037 1501
1038 1502
1039 1503
1040 1504
1041 891
1042 1505
1043 1506
1044 1507
1045 1508
1046 1509
1047 752
1048 151
1049 1511
1050 1512
1051 1513
1052 1514
1053 1515
1054 1516
1055 1517
1056 1518
1057 1519
1058 152
1059 1520
1060 666
1061 1521
1062 1522
1063 1523
1064 1524
1065 329
1066 339
1067 1525
1068 1526
1069 1527
1070 1528
1071 1739
1072 1743
1073 1744
1074 1747
1075 194
1076 2923
1077 772
1078 1529
1079 1530
1080 1531
1081 1532
1082 1533
1083 1534
1084 1535
1085 1536
1086 1537
1087 1538
1088 1539
1089 154
1090 1540
1091 1541
1092 1542
1093 2757
1094 3313
1095 1543
1096 1544
1097 1545
1098 1546
1099 1548
1100 1549
1101 155
1102 1550
1103 1551
1104 1552
1105 3190
1106 1553
1107 1555
1108 1556
1109 1557
1110 1558
1111 1559
1112 1560
1113 1561
1114 1562
1115 1563
1116 1565
1117 1566
1118 1567
1119 1568
1120 336
1121 606
1122 3282
1123 157
1124 1571
1125 1572
1126 398
1127 1573
1128 1574
1129 1575
1130 1576
1131 1577
1132 1578
1133 1579
1134 158
1135 1580
1136 1582
1137 1583
1138 1584
1139 1585
1140 2013
1141 205
1142 212
1143 2577
1144 2942
1145 2943
1146 613
1147 656
1148 662
1149 665
1150 1587
1151 1589
1152 1590
1153 1591
1154 437
1155 1592
1156 1594
1157 1595
1158 1596
1159 1597
1160 1598
1161 1599
1162 1600
1163 1602
1164 1625
1165 1668
1166 1669
1167 1670
1168 1671
1169 1672
1170 1673
1171 1825
1172 1922
1173 1923
1174 1924
1175 1925
1176 1932
1177 1933
1178 1935
1179 2071
1180 2286
1181 2718
1182 2925
1183 316
1184 335
1185 3498
1186 3633
1187 435
1188 438
1189 620
1190 760
1191 761
1192 943
1193 160
1194 1603
1195 1604
1196 1605
1197 1606
1198 1607
1199 1608
1200 1609
1201 1610
1202 1611
1203 1612
1204 1614
1205 1615
1206 1617
1207 1618
1208 1619
1209 162
1210 1620
1211 1621
1212 1622
1213 1623
1214 1624
1215 1627
1216 1628
1217 1629
1218 1630
1219 648
1220 650
1221 657
1222 671
1223 2016
1224 163
1225 1631
1226 1632
1227 1633
1228 1634
1229 1635
1230 1636
1231 1637
1232 1638
1233 1639
1234 743
1235 1656
1236 1658
1237 2175
1238 319
1239 320
1240 331
1241 844
1242 1640
1243 1641
1244 1642
1245 1643
1246 1644
1247 1645
1248 1646
1249 1647
1250 1648
1251 1649
1252 165
1253 1650
1254 1651
1255 1652
1256 1654
1257 1655
1258 1657
1259 1659
1260 1661
1261 1664
1262 1666
1263 1667
1264 1674
1265 1675
1266 289
1267 301
1268 310
1269 317
1270 323
1271 326
1272 328
1273 330
1274 332
1275 333
1276 166
1277 167
1278 1676
1279 1677
1280 1678
1281 1679
1282 168
1283 1680
1284 1681
1285 1682
1286 1683
1287 1684
1288 1685
1289 1686
1290 1687
1291 1688
1292 3089
1293 95
1294 1689
1295 169
1296 170
1297 1690
1298 1691
1299 1692
1300 1693
1301 1694
1302 1696
1303 1697
1304 1698
1305 1699
1306 1217
1307 632
1308 1700
1309 558
1310 1701
1311 1702
1312 1703
1313 1705
1314 1707
1315 1708
1316 1709
1317 171
1318 1710
1319 1711
1320 1712
1321 1713
1322 1714
1323 3807
1324 1716
1325 1717
1326 1718
1327 1719
1328 1720
1329 1721
1330 1722
1331 1723
1332 1725
1333 1726
1334 1727
1335 1728
1336 2376
1337 2949
1338 2950
1339 495
1340 1729
1341 173
1342 1730
1343 1732
1344 1733
1345 1734
1346 1735
1347 1736
1348 1737
1349 1738
1350 1740
1351 1741
1352 1742
1353 1745
1354 1746
1355 1748
1356 1749
1357 1752
1358 2714
1359 174
1360 3274
1361 3861
1362 934
1363 2845
1364 3375
1365 3607
1366 3273
1367 1919
1368 2003
1369 2854
1370 2967
1371 3630
1372 3695
1373 297
1374 401
1375 1754
1376 1755
1377 426
1378 1756
1379 1757
1380 1758
1381 1759
1382 176
1383 1760
1384 1763
1385 726
1386 1766
1387 1767
1388 1768
1389 1769
1390 1770
1391 1771
1392 1772
1393 1773
1394 1774
1395 1775
1396 1776
1397 1777
1398 1779
1399 1780
1400 1781
1401 1782
1402 1783
1403 1784
1404 1785
1405 1787
1406 2504
1407 2807
1408 3896
1409 1789
1410 179
1411 1790
1412 1791
1413 1792
1414 1793
1415 1794
1416 1795
1417 1796
1418 1797
1419 3485
1420 1798
1421 1799
1422 1800
1423 1801
1424 1802
1425 2281
1426 3200
1427 3442
1428 1804
1429 1805
1430 1807
1431 1808
1432 1809
1433 181
1434 1811
1435 1812
1436 1813
1437 1814
1438 1815
1439 1817
1440 1818
1441 1819
1442 182
1443 1820
1444 1821
1445 1822
1446 1823
1447 1824
1448 1827
1449 2027
1450 2028
1451 2867
1452 3281
1453 1828
1454 1829
1455 1830
1456 1831
1457 1832
1458 1833
1459 1834
1460 1835
1461 1837
1462 1838
1463 1839
1464 1841
1465 1842
1466 184
1467 2536
1468 3642
1469 1843
1470 1844
1471 1845
1472 1846
1473 1847
1474 1848
1475 1849
1476 185
1477 1850
1478 1851
1479 1852
1480 1853
1481 1854
1482 961
1483 1855
1484 1856
1485 1857
1486 1858
1487 1859
1488 186
1489 1860
1490 1861
1491 1862
1492 1863
1493 1864
1494 1865
1495 1866
1496 1867
1497 1868
1498 1869
1499 187
1500 1870
1501 1871
1502 1872
1503 1873
1504 1874
1505 1875
1506 1876
1507 1877
1508 1878
1509 1879
1510 188
1511 1880
1512 1881
1513 1882
1514 1883
1515 1884
1516 1886
1517 1887
1518 1888
1519 1889
1520 1890
1521 189
1522 1891
1523 1892
1524 1893
1525 1894
1526 1895
1527 1896
1528 1897
1529 1898
1530 1899
1531 190
1532 1900
1533 1901
1534 1902
1535 1903
1536 1904
1537 1905
1538 1906
1539 1907
1540 1908
1541 1909
1542 191
1543 1910
1544 1911
1545 1912
1546 1913
1547 1914
1548 1915
1549 1916
1550 1917
1551 909
1552 1918
1553 1920
1554 1921
1555 1926
1556 1927
1557 1928
1558 1929
1559 1930
1560 193
1561 1936
1562 1937
1563 1938
1564 1939
1565 1940
1566 1941
1567 1942
1568 1943
1569 1944
1570 1945
1571 1946
1572 1947
1573 1948
1574 1949
1575 195
1576 1950
1577 1951
1578 1952
1579 1954
1580 1955
1581 1956
1582 1957
1583 1958
1584 1959
1585 196
1586 198
1587 206
1588 1960
1589 1961
1590 1962
1591 1963
1592 1964
1593 1965
1594 1966
1595 1967
1596 1968
1597 1969
1598 1970
1599 1971
1600 1972
1601 1973
1602 1974
1603 1975
1604 1976
1605 1977
1606 1978
1607 1979
1608 1980
1609 1981
1610 1982
1611 1983
1612 1984
1613 1985
1614 1986
1615 1987
1616 1988
1617 1989
1618 3598
1619 1991
1620 1992
1621 1993
1622 1994
1623 1996
1624 2795
1625 285
1626 3476
1627 3746
1628 485
1629 1997
1630 1998
1631 1999
1632 2
1633 20
1634 2000
1635 2001
1636 2002
1637 2004
1638 2006
1639 2007
1640 2008
1641 2009
1642 2010
1643 2011
1644 2012
1645 2014
1646 2015
1647 2017
1648 2018
1649 2019
1650 2020
1651 2021
1652 3474
1653 2022
1654 2023
1655 2024
1656 2025
1657 2026
1658 2029
1659 3266
1660 3507
1661 3508
1662 3509
1663 3510
1664 2030
1665 2033
1666 2034
1667 2035
1668 2036
1669 596
1670 2462
1671 2037
1672 2038
1673 2039
1674 2040
1675 2041
1676 2042
1677 2043
1678 2044
1679 2045
1680 2046
1681 2047
1682 2048
1683 2049
1684 2050
1685 2051
1686 2052
1687 2053
1688 2054
1689 2055
1690 2056
1691 2057
1692 2058
1693 2059
1694 2060
1695 2061
1696 2062
1697 2063
1698 2064
1699 2065
1700 2066
1701 2067
1702 2068
1703 2069
1704 2070
1705 2073
1706 2075
1707 2076
1708 505
1709 658
1710 659
1711 663
1712 669
1713 2077
1714 2078
1715 2079
1716 2080
1717 2082
1718 2083
1719 2084
1720 2085
1721 2506
1722 2511
1723 2581
1724 2582
1725 2583
1726 2584
1727 2588
1728 2589
1729 2852
1730 3054
1731 3360
1732 3399
1733 3456
1734 3549
1735 3557
1736 3558
1737 3650
1738 3651
1739 3774
1740 461
1741 2086
1742 2087
1743 2088
1744 2089
1745 2090
1746 2091
1747 2092
1748 2093
1749 2094
1750 2096
1751 2097
1752 2099
1753 2100
1754 2101
1755 2102
1756 757
1757 2528
1758 2737
1759 3902
1760 2103
1761 2104
1762 2105
1763 2106
1764 2107
1765 2108
1766 2109
1767 3663
1768 506
1769 2110
1770 2111
1771 2112
1772 2113
1773 2114
1774 2115
1775 2117
1776 2118
1777 2465
1778 280
1779 2119
1780 2120
1781 2121
1782 2122
1783 2123
1784 2124
1785 2125
1786 2127
1787 2128
1788 2129
1789 213
1790 2130
1791 2131
1792 2132
1793 2133
1794 2134
1795 2135
1796 2136
1797 2137
1798 2138
1799 2139
1800 3619
1801 2140
1802 2141
1803 2142
1804 2143
1805 2144
1806 2145
1807 2146
1808 2147
1809 2148
1810 2149
1811 2206
1812 2207
1813 215
1814 2150
1815 2151
1816 2152
1817 2153
1818 2154
1819 2155
1820 2156
1821 2157
1822 2158
1823 2159
1824 216
1825 2160
1826 2161
1827 2162
1828 2163
1829 2164
1830 2165
1831 2166
1832 2167
1833 217
1834 2170
1835 2171
1836 2172
1837 2173
1838 2174
1839 2176
1840 2177
1841 2179
1842 1953
1843 2180
1844 2181
1845 2182
1846 2183
1847 2184
1848 2185
1849 2186
1850 2187
1851 2188
1852 2189
1853 219
1854 2190
1855 2191
1856 2192
1857 2193
1858 2194
1859 2195
1860 2196
1861 2197
1862 2198
1863 2199
1864 220
1865 2200
1866 2201
1867 2202
1868 2203
1869 2204
1870 2205
1871 2208
1872 2209
1873 221
1874 2210
1875 2211
1876 2212
1877 2213
1878 2214
1879 2215
1880 2216
1881 2217
1882 81
1883 2218
1884 2219
1885 222
1886 2220
1887 2222
1888 2224
1889 2225
1890 2226
1891 2227
1892 2229
1893 223
1894 2230
1895 2231
1896 2232
1897 2233
1898 2234
1899 2235
1900 2236
1901 2237
1902 2238
1903 2239
1904 2240
1905 2241
1906 2243
1907 2244
1908 2245
1909 2246
1910 2247
1911 2248
1912 2249
1913 2250
1914 2251
1915 2252
1916 2253
1917 2254
1918 2255
1919 2256
1920 2257
1921 2258
1922 2259
1923 226
1924 2260
1925 2261
1926 2262
1927 2263
1928 2264
1929 2265
1930 2266
1931 2267
1932 2268
1933 2269
1934 227
1935 2270
1936 2271
1937 2272
1938 2273
1939 2274
1940 2275
1941 2276
1942 2278
1943 2279
1944 2283
1945 2284
1946 2285
1947 2288
1948 2290
1949 2291
1950 306
1951 309
1952 325
1953 2277
1954 2280
1955 2282
1956 3156
1957 2903
1958 3473
1959 3554
1960 3555
1961 2719
1962 2720
1963 3574
1964 3706
1965 79
1966 3026
1967 229
1968 2292
1969 2293
1970 2294
1971 2295
1972 2296
1973 2297
1974 2974
1975 2298
1976 2299
1977 230
1978 2300
1979 2301
1980 2302
1981 2303
1982 2304
1983 2305
1984 2306
1985 2307
1986 2308
1987 2309
1988 231
1989 2310
1990 2311
1991 2312
1992 2313
1993 2314
1994 2315
1995 2316
1996 2317
1997 2318
1998 2319
1999 232
2000 2320
2001 2321
2002 2322
2003 3198
2004 2323
2005 2324
2006 2325
2007 2326
2008 2327
2009 2328
2010 2329
2011 2330
2012 2331
2013 2332
2014 2333
2015 2334
2016 2335
2017 2336
2018 2337
2019 2338
2020 2339
2021 234
2022 2340
2023 2341
2024 2342
2025 2343
2026 2344
2027 2346
2028 2347
2029 2348
2030 2349
2031 3037
2032 3221
2033 609
2034 2350
2035 2351
2036 2352
2037 2353
2038 2354
2039 2355
2040 2356
2041 2357
2042 2358
2043 2359
2044 2360
2045 2361
2046 2362
2047 2363
2048 2364
2049 2365
2050 2366
2051 2367
2052 2368
2053 2369
2054 237
2055 238
2056 2370
2057 2371
2058 2372
2059 2373
2060 2374
2061 2375
2062 2377
2063 2379
2064 2380
2065 2381
2066 2382
2067 2383
2068 2384
2069 2385
2070 2386
2071 2387
2072 2388
2073 2389
2074 239
2075 240
2076 2390
2077 2391
2078 2392
2079 2393
2080 2394
2081 2395
2082 2396
2083 2397
2084 2398
2085 2399
2086 2400
2087 2401
2088 2402
2089 2403
2090 2404
2091 3082
2092 2405
2093 2406
2094 2407
2095 2408
2096 2409
2097 241
2098 2410
2099 2411
2100 2412
2101 2413
2102 2414
2103 2416
2104 2417
2105 2418
2106 2419
2107 242
2108 2420
2109 2421
2110 2422
2111 2423
2112 2424
2113 2425
2114 2426
2115 2427
2116 2428
2117 2429
2118 2430
2119 2431
2120 2432
2121 2433
2122 2434
2123 2435
2124 2436
2125 2437
2126 2438
2127 2439
2128 2440
2129 2441
2130 2442
2131 2443
2132 2444
2133 2445
2134 2446
2135 2447
2136 2448
2137 2449
2138 2450
2139 2451
2140 2452
2141 2453
2142 2454
2143 2455
2144 2456
2145 2457
2146 2458
2147 2459
2148 2464
2149 2467
2150 244
2151 2529
2152 3462
2153 3915
2154 3187
2155 2468
2156 2469
2157 247
2158 2470
2159 2471
2160 2472
2161 2473
2162 2474
2163 2475
2164 2476
2165 2477
2166 2478
2167 2479
2168 248
2169 2480
2170 2481
2171 2482
2172 2483
2173 2484
2174 2485
2175 2486
2176 2487
2177 2489
2178 249
2179 2491
2180 2492
2181 2493
2182 2494
2183 2495
2184 2496
2185 2497
2186 2498
2187 2499
2188 25
2189 250
2190 2500
2191 2501
2192 2502
2193 2503
2194 2505
2195 2587
2196 2507
2197 2508
2198 2509
2199 251
2200 2510
2201 2668
2202 2954
2203 2955
2204 2512
2205 2513
2206 2514
2207 2515
2208 2516
2209 2518
2210 2519
2211 2520
2212 2521
2213 2530
2214 755
2215 252
2216 2761
2217 2833
2218 3176
2219 3027
2220 2531
2221 2532
2222 2533
2223 2534
2224 2535
2225 2537
2226 254
2227 255
2228 2541
2229 2542
2230 2543
2231 2544
2232 2545
2233 2547
2234 2548
2235 2549
2236 2550
2237 2552
2238 2553
2239 2554
2240 2555
2241 2556
2242 2557
2243 2558
2244 2559
2245 2560
2246 2561
2247 2563
2248 2564
2249 2565
2250 2566
2251 2567
2252 2568
2253 2569
2254 257
2255 2570
2256 2571
2257 2572
2258 2573
2259 2574
2260 2575
2261 2576
2262 2578
2263 2579
2264 258
2265 260
2266 261
2267 262
2268 2580
2269 2590
2270 2591
2271 2592
2272 2594
2273 2595
2274 978
2275 2596
2276 2597
2277 2598
2278 2599
2279 26
2280 2600
2281 2601
2282 2602
2283 2603
2284 2604
2285 2605
2286 2606
2287 2607
2288 2608
2289 2609
2290 2610
2291 2611
2292 2612
2293 2613
2294 2614
2295 2615
2296 2616
2297 2617
2298 2618
2299 2619
2300 2620
2301 2621
2302 2622
2303 2623
2304 2624
2305 2625
2306 2626
2307 2627
2308 2628
2309 2629
2310 263
2311 2630
2312 2631
2313 2632
2314 2633
2315 2634
2316 2635
2317 2636
2318 2637
2319 2638
2320 2639
2321 264
2322 2640
2323 2641
2324 2642
2325 2643
2326 2644
2327 2645
2328 2646
2329 2647
2330 2648
2331 2649
2332 265
2333 2650
2334 2651
2335 2652
2336 2653
2337 2654
2338 2655
2339 2910
2340 2658
2341 2659
2342 266
2343 2660
2344 2661
2345 2662
2346 2663
2347 2664
2348 2665
2349 2666
2350 2667
2351 2669
2352 2670
2353 2671
2354 2672
2355 2673
2356 2674
2357 2675
2358 2676
2359 2677
2360 2678
2361 2679
2362 2680
2363 2681
2364 2683
2365 2684
2366 2685
2367 2686
2368 2687
2369 2688
2370 2689
2371 269
2372 2691
2373 2692
2374 2693
2375 2694
2376 2695
2377 2696
2378 2769
2379 2770
2380 2697
2381 2698
2382 2699
2383 270
2384 2700
2385 2701
2386 2702
2387 2703
2388 2705
2389 2706
2390 578
2391 2707
2392 2708
2393 2709
2394 271
2395 2710
2396 2711
2397 2712
2398 2713
2399 2715
2400 2716
2401 2717
2402 272
2403 2721
2404 2722
2405 2723
2406 2724
2407 2725
2408 2726
2409 2727
2410 2728
2411 2729
2412 273
2413 2730
2414 2731
2415 3408
2416 2732
2417 2733
2418 2734
2419 2735
2420 2736
2421 2738
2422 2739
2423 274
2424 2740
2425 2747
2426 2748
2427 2749
2428 275
2429 2750
2430 2751
2431 2752
2432 2753
2433 2755
2434 2756
2435 3760
2436 2759
2437 2760
2438 2762
2439 2763
2440 2764
2441 2765
2442 2766
2443 2767
2444 2768
2445 277
2446 2771
2447 2772
2448 2773
2449 2774
2450 2775
2451 2776
2452 2777
2453 2778
2454 278
2455 2781
2456 2782
2457 2783
2458 2785
2459 2786
2460 2787
2461 2788
2462 2789
2463 279
2464 2790
2465 2791
2466 2792
2467 2793
2468 2794
2469 28
2470 281
2471 282
2472 2829
2473 283
2474 284
2475 288
2476 296
2477 308
2478 2830
2479 2831
2480 2832
2481 2834
2482 2835
2483 2836
2484 2837
2485 2838
2486 2839
2487 1261
2488 2840
2489 2841
2490 2842
2491 2843
2492 2844
2493 2846
2494 2847
2495 2848
2496 2849
2497 2850
2498 2851
2499 2853
2500 2855
2501 2856
2502 2858
2503 2971
2504 2979
2505 3121
2506 3559
2507 3622
2508 2857
2509 2859
2510 2860
2511 2965
2512 2861
2513 2862
2514 2863
2515 2864
2516 2865
2517 2866
2518 2868
2519 2869
2520 2870
2521 2871
2522 2872
2523 2873
2524 2874
2525 2875
2526 2876
2527 2877
2528 2878
2529 2879
2530 2881
2531 2882
2532 2883
2533 2884
2534 2885
2535 2886
2536 2887
2537 2888
2538 2889
2539 2890
2540 2891
2541 2892
2542 2893
2543 2894
2544 2895
2545 2896
2546 2897
2547 2898
2548 2899
2549 466
2550 2900
2551 2901
2552 2902
2553 2904
2554 2905
2555 2906
2556 2907
2557 2908
2558 2909
2559 2911
2560 2912
2561 2913
2562 2914
2563 2915
2564 2916
2565 2917
2566 2918
2567 2919
2568 2920
2569 2921
2570 2988
2571 3626
2572 3758
2573 3450
2574 2928
2575 2929
2576 2930
2577 2931
2578 2932
2579 2933
2580 2934
2581 2935
2582 2936
2583 3175
2584 2940
2585 2941
2586 2945
2587 2944
2588 2946
2589 2947
2590 2948
2591 2951
2592 2952
2593 2953
2594 2956
2595 2957
2596 2958
2597 2959
2598 2961
2599 2962
2600 2963
2601 2964
2602 2966
2603 2968
2604 2970
2605 2972
2606 2973
2607 2975
2608 2976
2609 2977
2610 2981
2611 2982
2612 2983
2613 2985
2614 2986
2615 2987
2616 2992
2617 2993
2618 2994
2619 2995
2620 2996
2621 2997
2622 2998
2623 2999
2624 3000
2625 3
2626 30
2627 3001
2628 3002
2629 3003
2630 3004
2631 3005
2632 3006
2633 3007
2634 3008
2635 3009
2636 3010
2637 3011
2638 3012
2639 3013
2640 3014
2641 3015
2642 3016
2643 3017
2644 3018
2645 3020
2646 3021
2647 3022
2648 3023
2649 3024
2650 3025
2651 3028
2652 3029
2653 3030
2654 3031
2655 3032
2656 3033
2657 3034
2658 3035
2659 3036
2660 3216
2661 3217
2662 3218
2663 3219
2664 3220
2665 3222
2666 3223
2667 3224
2668 3038
2669 3039
2670 3144
2671 3145
2672 3684
2673 3895
2674 3040
2675 3041
2676 3042
2677 3043
2678 3044
2679 3045
2680 3046
2681 3047
2682 3048
2683 3049
2684 3050
2685 3051
2686 368
2687 589
2688 3052
2689 3053
2690 3055
2691 3056
2692 3057
2693 3058
2694 3059
2695 3060
2696 3061
2697 3062
2698 3063
2699 3064
2700 3065
2701 3066
2702 3067
2703 3068
2704 3069
2705 3070
2706 3071
2707 3072
2708 3073
2709 3075
2710 3076
2711 3077
2712 3078
2713 3079
2714 3080
2715 3083
2716 3084
2717 3085
2718 3086
2719 3087
2720 3088
2721 3090
2722 3091
2723 3092
2724 3093
2725 3094
2726 3095
2727 3096
2728 3097
2729 3098
2730 3101
2731 3102
2732 3103
2733 3104
2734 3105
2735 3106
2736 3107
2737 3108
2738 3111
2739 3112
2740 3113
2741 3114
2742 3115
2743 3116
2744 3117
2745 3118
2746 3119
2747 3361
2748 3120
2749 3122
2750 3124
2751 3125
2752 3126
2753 3270
2754 3127
2755 3128
2756 3129
2757 3130
2758 3131
2759 3132
2760 3133
2761 3134
2762 3135
2763 3136
2764 3137
2765 3138
2766 3139
2767 3140
2768 3141
2769 3143
2770 3146
2771 3147
2772 3148
2773 3149
2774 3150
2775 3151
2776 3152
2777 3153
2778 3154
2779 3155
2780 3157
2781 3158
2782 3159
2783 3160
2784 3161
2785 3163
2786 3164
2787 3166
2788 3167
2789 3168
2790 3169
2791 3170
2792 3171
2793 3172
2794 3173
2795 3174
2796 3177
2797 3178
2798 3179
2799 3180
2800 3182
2801 3183
2802 3184
2803 3185
2804 3186
2805 3188
2806 3189
2807 3191
2808 3192
2809 3193
2810 3194
2811 3195
2812 3196
2813 3197
2814 3199
2815 32
2816 3202
2817 3203
2818 3204
2819 3205
2820 3206
2821 3207
2822 3208
2823 3209
2824 3210
2825 3211
2826 3212
2827 3213
2828 3214
2829 3215
2830 3225
2831 3227
2832 3228
2833 3229
2834 3230
2835 3231
2836 3232
2837 3233
2838 3234
2839 3235
2840 3236
2841 3237
2842 3238
2843 3239
2844 3240
2845 3241
2846 3242
2847 3243
2848 3244
2849 3267
2850 3268
2851 3269
2852 3743
2853 3832
2854 3833
2855 3834
2856 3835
2857 3836
2858 3828
2859 3829
2860 3395
2861 3396
2862 3780
2863 3890
2864 3891
2865 3271
2866 3272
2867 3275
2868 3276
2869 3277
2870 3278
2871 3279
2872 3280
2873 3283
2874 3284
2875 3285
2876 3286
2877 3287
2878 452
2879 3288
2880 3289
2881 3290
2882 3291
2883 3292
2884 3293
2885 3294
2886 3295
2887 3296
2888 3297
2889 3298
2890 3299
2891 33
2892 3300
2893 3302
2894 3303
2895 3304
2896 3305
2897 3306
2898 3307
2899 3308
2900 3309
2901 3310
2902 3311
2903 3312
2904 3314
2905 3315
2906 3316
2907 3317
2908 3318
2909 3319
2910 3320
2911 3321
2912 3322
2913 3325
2914 3326
2915 3327
2916 3328
2917 3329
2918 3330
2919 3331
2920 3332
2921 3333
2922 3334
2923 3335
2924 3359
2925 3336
2926 3337
2927 3338
2928 3339
2929 3340
2930 3341
2931 3342
2932 3343
2933 3344
2934 3345
2935 3346
2936 3347
2937 3348
2938 3349
2939 3350
2940 3351
2941 3352
2942 3353
2943 3354
2944 3356
2945 3357
2946 3358
2947 3366
2948 3437
2949 3438
2950 3439
2951 3362
2952 3363
2953 3364
2954 3365
2955 3367
2956 3368
2957 3369
2958 3370
2959 3371
2960 3372
2961 3373
2962 3374
2963 3376
2964 3377
2965 3378
2966 3379
2967 3380
2968 3381
2969 3382
2970 3383
2971 3384
2972 3385
2973 3386
2974 3387
2975 3388
2976 3390
2977 3392
2978 3393
2979 3394
2980 3397
2981 3398
2982 3401
2983 3402
2984 3403
2985 3404
2986 3405
2987 3406
2988 3407
2989 3409
2990 341
2991 3410
2992 3411
2993 3412
2994 3414
2995 3415
2996 3416
2997 3417
2998 3418
2999 3419
3000 342
3001 3420
3002 3421
3003 3422
3004 3423
3005 3424
3006 3425
3007 3427
3008 3428
3009 3429
3010 747
3011 343
3012 3430
3013 3431
3014 3432
3015 3433
3016 3434
3017 3435
3018 3436
3019 344
3020 3441
3021 3443
3022 3444
3023 3445
3024 3446
3025 3447
3026 3448
3027 3449
3028 3451
3029 3452
3030 3453
3031 3454
3032 3455
3033 3458
3034 345
3035 3848
3036 3849
3037 3513
3038 3548
3039 3550
3040 3551
3041 3553
3042 3556
3043 3560
3044 3561
3045 3562
3046 3563
3047 3564
3048 462
3049 3459
3050 346
3051 3460
3052 3461
3053 3463
3054 3464
3055 3465
3056 3466
3057 3467
3058 3468
3059 3469
3060 347
3061 3470
3062 3471
3063 3472
3064 3475
3065 3477
3066 3478
3067 3479
3068 3480
3069 3481
3070 3482
3071 3483
3072 3484
3073 3486
3074 3487
3075 3488
3076 3489
3077 349
3078 3490
3079 3491
3080 3492
3081 3493
3082 3494
3083 3495
3084 3496
3085 3497
3086 350
3087 3501
3088 3502
3089 3503
3090 3504
3091 3505
3092 3506
3093 351
3094 3511
3095 3512
3096 3514
3097 3515
3098 3516
3099 3752
3100 3784
3101 352
3102 3531
3103 3532
3104 3533
3105 3534
3106 3535
3107 3536
3108 3537
3109 3538
3110 3539
3111 354
3112 3540
3113 3541
3114 3542
3115 3543
3116 3544
3117 3545
3118 3546
3119 3547
3120 3594
3121 3595
3122 3596
3123 355
3124 3552
3125 3589
3126 356
3127 3616
3128 3816
3129 3877
3130 3565
3131 3566
3132 3567
3133 3568
3134 3569
3135 357
3136 3570
3137 3571
3138 3572
3139 3573
3140 3575
3141 3576
3142 3578
3143 3579
3144 358
3145 3580
3146 3581
3147 3582
3148 3583
3149 3584
3150 3585
3151 3586
3152 3588
3153 359
3154 3590
3155 3591
3156 3592
3157 3593
3158 3597
3159 3599
3160 36
3161 360
3162 3600
3163 3601
3164 3602
3165 3603
3166 3604
3167 3605
3168 3606
3169 3608
3170 3609
3171 3610
3172 3611
3173 3612
3174 3613
3175 3614
3176 3615
3177 3617
3178 3618
3179 3621
3180 361
3181 3681
3182 362
3183 3623
3184 3624
3185 3625
3186 3627
3187 3628
3188 3629
3189 3631
3190 3632
3191 3634
3192 3635
3193 3636
3194 3637
3195 3638
3196 3639
3197 3640
3198 364
3199 3641
3200 3643
3201 3644
3202 3645
3203 3646
3204 3647
3205 3648
3206 3649
3207 3916
3208 3653
3209 3654
3210 3655
3211 3656
3212 3657
3213 3658
3214 3659
3215 366
3216 3660
3217 3661
3218 3662
3219 3664
3220 3665
3221 3666
3222 3667
3223 3732
3224 3733
3225 3734
3226 3735
3227 3736
3228 3737
3229 3739
3230 3740
3231 3741
3232 766
3233 367
3234 3673
3235 3675
3236 3676
3237 3677
3238 3678
3239 3679
3240 3680
3241 3682
3242 3683
3243 3687
3244 3688
3245 3689
3246 3690
3247 3691
3248 3692
3249 3693
3250 3694
3251 822
3252 3685
3253 369
3254 3696
3255 3697
3256 3698
3257 3699
3258 370
3259 3700
3260 3701
3261 3702
3262 3703
3263 3704
3264 3705
3265 3707
3266 3708
3267 3709
3268 3710
3269 371
3270 3711
3271 3712
3272 3713
3273 3714
3274 3715
3275 3716
3276 3717
3277 3718
3278 3719
3279 372
3280 3720
3281 3721
3282 3722
3283 3723
3284 3724
3285 3725
3286 3726
3287 3727
3288 3728
3289 3729
3290 373
3291 3730
3292 3731
3293 374
3294 3745
3295 3747
3296 3748
3297 3749
3298 375
3299 3750
3300 3753
3301 3754
3302 3755
3303 3756
3304 3757
3305 3759
3306 376
3307 3761
3308 3762
3309 3763
3310 3764
3311 3765
3312 3766
3313 3767
3314 3768
3315 3769
3316 3770
3317 3771
3318 3772
3319 3773
3320 3775
3321 3776
3322 3777
3323 3778
3324 3779
3325 3781
3326 3782
3327 3783
3328 3785
3329 3786
3330 378
3331 3820
3332 3787
3333 3788
3334 3789
3335 379
3336 3790
3337 3791
3338 3792
3339 3793
3340 3794
3341 3795
3342 3796
3343 3797
3344 3798
3345 3799
3346 38
3347 380
3348 3800
3349 3801
3350 3802
3351 3803
3352 3804
3353 3805
3354 3808
3355 381
3356 3810
3357 3811
3358 3812
3359 3813
3360 3814
3361 3815
3362 3817
3363 3818
3364 3819
3365 3821
3366 3822
3367 3823
3368 3824
3369 3825
3370 3826
3371 3827
3372 383
3373 3830
3374 3831
3375 3837
3376 3838
3377 3839
3378 3840
3379 3841
3380 3842
3381 3843
3382 3844
3383 3845
3384 3847
3385 385
3386 3850
3387 3851
3388 3855
3389 3856
3390 3857
3391 3858
3392 3859
3393 3860
3394 3862
3395 3863
3396 3864
3397 3865
3398 3866
3399 3867
3400 3868
3401 3869
3402 387
3403 3871
3404 3872
3405 3873
3406 3874
3407 3875
3408 3876
3409 3878
3410 3879
3411 3880
3412 3881
3413 3882
3414 3883
3415 3884
3416 3885
3417 3886
3418 3887
3419 3888
3420 3889
3421 3892
3422 3893
3423 3894
3424 3901
3425 3897
3426 3898
3427 3899
3428 3900
3429 3903
3430 3904
3431 3905
3432 3906
3433 3907
3434 3908
3435 3909
3436 3910
3437 3911
3438 3912
3439 3913
3440 3914
3441 3917
3442 3918
3443 3919
3444 3920
3445 3921
3446 40
3447 403
3448 405
3449 406
3450 408
3451 409
3452 410
3453 411
3454 413
3455 414
3456 415
3457 416
3458 417
3459 418
3460 419
3461 421
3462 422
3463 423
3464 424
3465 425
3466 427
3467 428
3468 43
3469 430
3470 431
3471 432
3472 433
3473 434
3474 44
3475 440
3476 441
3477 442
3478 443
3479 444
3480 447
3481 448
3482 449
3483 45
3484 450
3485 451
3486 453
3487 1816
3488 463
3489 464
3490 465
3491 467
3492 468
3493 47
3494 470
3495 471
3496 472
3497 473
3498 474
3499 475
3500 476
3501 478
3502 479
3503 480
3504 481
3505 483
3506 484
3507 486
3508 487
3509 488
3510 489
3511 49
3512 490
3513 491
3514 492
3515 493
3516 2081
3517 496
3518 497
3519 498
3520 499
3521 500
3522 50
3523 507
3524 508
3525 509
3526 51
3527 510
3528 511
3529 512
3530 513
3531 514
3532 515
3533 516
3534 518
3535 519
3536 52
3537 1102
3538 3499
3539 3500
3540 945
3541 522
3542 523
3543 524
3544 525
3545 526
3546 528
3547 529
3548 530
3549 531
3550 532
3551 533
3552 534
3553 535
3554 536
3555 537
3556 538
3557 539
3558 540
3559 541
3560 542
3561 544
3562 545
3563 546
3564 547
3565 548
3566 549
3567 550
3568 551
3569 552
3570 553
3571 554
3572 555
3573 557
3574 559
3575 561
3576 562
3577 563
3578 564
3579 565
3580 3123
3581 568
3582 569
3583 570
3584 572
3585 573
3586 574
3587 575
3588 576
3589 579
3590 580
3591 581
3592 582
3593 583
3594 584
3595 585
3596 586
3597 587
3598 59
3599 590
3600 591
3601 592
3602 593
3603 594
3604 597
3605 598
3606 599
3607 6
3608 60
3609 600
3610 601
3611 602
3612 603
3613 604
3614 607
3615 608
3616 610
3617 614
3618 616
3619 617
3620 618
3621 619
3622 62
3623 621
3624 622
3625 623
3626 624
3627 625
3628 626
3629 627
3630 628
3631 629
3632 63
3633 630
3634 631
3635 634
3636 635
3637 636
3638 637
3639 640
3640 641
3641 642
3642 643
3643 644
3644 645
3645 667
3646 65
3647 3587
3648 67
3649 673
3650 675
3651 676
3652 677
3653 678
3654 679
3655 68
3656 680
3657 681
3658 682
3659 683
3660 684
3661 685
3662 686
3663 687
3664 688
3665 689
3666 69
3667 690
3668 692
3669 693
3670 694
3671 695
3672 696
3673 697
3674 698
3675 699
3676 7
3677 70
3678 700
3679 701
3680 703
3681 704
3682 705
3683 706
3684 707
3685 708
3686 709
3687 71
3688 710
3689 711
3690 712
3691 713
3692 714
3693 715
3694 716
3695 717
3696 718
3697 719
3698 72
3699 720
3700 721
3701 722
3702 723
3703 724
3704 725
3705 727
3706 728
3707 729
3708 73
3709 730
3710 731
3711 732
3712 734
3713 735
3714 736
3715 737
3716 738
3717 739
3718 740
3719 741
3720 742
3721 74
3722 744
3723 745
3724 746
3725 75
3726 769
3727 771
3728 773
3729 774
3730 775
3731 777
3732 778
3733 779
3734 780
3735 781
3736 782
3737 783
3738 784
3739 785
3740 786
3741 787
3742 788
3743 789
3744 790
3745 791
3746 792
3747 793
3748 794
3749 795
3750 796
3751 797
3752 798
3753 799
3754 8
3755 800
3756 802
3757 804
3758 805
3759 806
3760 807
3761 808
3762 809
3763 811
3764 812
3765 813
3766 814
3767 815
3768 816
3769 817
3770 818
3771 82
3772 820
3773 821
3774 823
3775 824
3776 825
3777 826
3778 827
3779 828
3780 829
3781 830
3782 831
3783 833
3784 834
3785 836
3786 837
3787 838
3788 3870
3789 84
3790 841
3791 842
3792 845
3793 846
3794 847
3795 848
3796 850
3797 851
3798 852
3799 853
3800 856
3801 857
3802 858
3803 1806
3804 86
3805 861
3806 862
3807 863
3808 864
3809 865
3810 866
3811 867
3812 868
3813 870
3814 872
3815 873
3816 874
3817 875
3818 876
3819 879
3820 88
3821 880
3822 881
3823 882
3824 884
3825 887
3826 888
3827 889
3828 890
3829 892
3830 893
3831 894
3832 897
3833 898
3834 899
3835 90
3836 900
3837 901
3838 902
3839 903
3840 904
3841 905
3842 906
3843 907
3844 908
3845 910
3846 912
3847 914
3848 915
3849 917
3850 918
3851 919
3852 92
3853 920
3854 921
3855 922
3856 925
3857 926
3858 927
3859 928
3860 929
3861 93
3862 930
3863 931
3864 932
3865 933
3866 935
3867 936
3868 937
3869 938
3870 939
3871 940
3872 941
3873 942
3874 944
3875 946
3876 947
3877 948
3878 949
3879 950
3880 951
3881 952
3882 953
3883 954
3884 955
3885 956
3886 957
3887 958
3888 959
3889 960
3890 962
3891 963
3892 965
3893 966
3894 967
3895 968
3896 969
3897 971
3898 972
3899 973
3900 974
3901 975
3902 976
3903 977
3904 979
3905 980
3906 981
3907 982
3908 983
3909 984
3910 986
3911 987
3912 988
3913 989
3914 990
3915 991
3916 992
3917 994
3918 995
3919 997
3920 998
3921 999
