0 "Aviary
1 (for
2 Bananarama007
3 14606
4 14608
5 2
6 BeethovenBot
7 "Bot
8 Xbox
9 Buffer
10 ChristopherSolo
11 15839
12 Considerame-tt
13 15853
14 Echofon
15 11004
16 3205
17 "Fenix
18 2"
19 for
20 "Flamingo
21 "Hootsuite
22 Inc."
23 InMilnerWeTrust
24 JackyJane19
25 13345
26 "Janetter
27 Pro
28 JeMenfou
29 14843
30 JerryDaApp
31 8614
32 JuanRBbbb
33 8725
34 LenaBot
35 5815
36 5817
37 "Maker
38 Sample
39 Miranda18
40 Plume for Android
41 "Poeta
42 Artificial"
43 ProxThunder
44 15988
45 SleepyWalter
46 15903
47 "Streamlabs
48 Twitter"
49 "Talon
50 Android"
51 TheIndianSubcontinentNewsAgency
52 12868
53 "TweetCaster
54 TweetDeck
55 10220
56 1065
57 10666
58 10788
59 10907
60 11063
61 11235
62 11489
63 11525
64 11723
65 12241
66 12436
67 12466
68 12510
69 12655
70 12768
71 13097
72 13164
73 13367
74 13413
75 14450
76 15174
77 15192
78 15448
79 15601
80 16045
81 16698
82 16845
83 16947
84 176
85 1838
86 2238
87 2239
88 2278
89 2694
90 2742
91 2950
92 318
93 3814
94 413
95 4167
96 4282
97 5172
98 558
99 5829
100 5830
101 5946
102 5978
103 6090
104 6184
105 6373
106 6874
107 717
108 7319
109 7431
110 761
111 7663
112 7871
113 8022
114 8723
115 9063
116 972
117 9913
118 9936
119 "Tweetbot
120 Tweetlogix
121 "Twidere
122 "Twitter
123 Media
124 Web
125 bots"
126 "Twitterrific
127 XboxInfos
128 5870
129 "ZT
130 Social
131 aaroncuddeback.com
132 "feather
133 friday_the_bot
134 iamitech
135 9873
136 9875
137 9876
138 literallynothing
139 nan
140 13948
141 13950
142 13951
143 15284
144 15548
145 rudebot
146 800
147 soccerGames
148 5912
149 "software4iot.com
150 application"
151 Оwly
