0 0
1 1
2 342
3 100
4 1000
5 10
6 17
7 5
8 1001
9 61
10 1002
11 1003
12 3
13 1004
14 1005
15 209
16 1006
17 7
18 1007
19 27
20 1008
21 1009
22 99
23 101
24 102
25 1010
26 352
27 1011
28 738
29 1012
30 114
31 55
32 1013
33 1014
34 1015
35 1016
36 139
37 706
38 71
39 1017
40 1018
41 995
42 1019
43 1020
44 1021
45 1022
46 1023
47 14
48 955
49 956
50 1024
51 1025
52 44
53 70
54 1026
55 1027
56 1028
57 1029
58 103
59 1030
60 1031
61 134
62 1032
63 1033
64 1034
65 173
66 1035
67 1036
68 1037
69 77
70 1038
71 21
72 42
73 87
74 1039
75 53
76 104
77 105
78 1040
79 65
80 1041
81 1042
82 1043
83 456
84 1044
85 46
86 1045
87 1046
88 548
89 1047
90 1048
91 1049
92 149
93 1050
94 573
95 1051
96 1052
97 1053
98 1054
99 1055
100 1341
101 1056
102 1057
103 20
104 1058
105 1059
106 145
107 106
108 1060
109 1061
110 721
111 1062
112 1063
113 2360
114 1064
115 12
116 1065
117 1066
118 1067
119 1068
120 1069
121 107
122 1070
123 636
124 1071
125 97
126 1072
127 1073
128 1074
129 58
130 1075
131 1076
132 1077
133 1078
134 699
135 1079
136 108
137 1080
138 1081
139 1082
140 1083
141 1084
142 1085
143 1086
144 1087
145 1088
146 1089
147 109
148 1090
149 816
150 1091
151 1092
152 1093
153 1094
154 1095
155 1096
156 1097
157 1098
158 1099
159 11
160 110
161 1100
162 1101
163 82
164 1102
165 1103
166 1104
167 1105
168 1106
169 1107
170 1108
171 1109
172 513
173 111
174 1110
175 1111
176 1112
177 1113
178 1114
179 1115
180 658
181 886
182 4052
183 4068
184 5398
185 7094
186 8687
187 8688
188 8689
189 8690
190 8691
191 8692
192 1116
193 1117
194 1118
195 1119
196 112
197 1120
198 1121
199 1122
200 179
201 230
202 1123
203 974
204 1124
205 1125
206 128
207 1126
208 1127
209 1128
210 1129
211 113
212 1130
213 1131
214 1132
215 1133
216 1134
217 1135
218 1136
219 1137
220 1138
221 1139
222 1171
223 125
224 2400
225 4500
226 5718
227 687
228 8256
229 1140
230 1141
231 1142
232 1143
233 1144
234 1145
235 1146
236 1147
237 1148
238 1149
239 115
240 1150
241 1151
242 1152
243 1153
244 1154
245 1155
246 1156
247 1157
248 1158
249 1159
250 695
251 1766
252 1767
253 1769
254 2438
255 2439
256 2440
257 2441
258 2442
259 2443
260 2444
261 2445
262 2446
263 2447
264 2448
265 2449
266 2450
267 2451
268 2452
269 2453
270 2454
271 2455
272 2456
273 2938
274 3024
275 3328
276 3329
277 3330
278 3331
279 3332
280 382
281 116
282 1160
283 1161
284 1162
285 1163
286 1164
287 1165
288 1166
289 1167
290 1168
291 1169
292 1170
293 117
294 1172
295 1173
296 1174
297 1175
298 1176
299 1177
300 1178
301 1179
302 118
303 1180
304 1181
305 1182
306 1183
307 1375
308 1376
309 1631
310 6941
311 1184
312 1185
313 788
314 1186
315 1187
316 142
317 1188
318 1189
319 119
320 1190
321 1191
322 1192
323 1193
324 1194
325 1195
326 1196
327 299
328 1197
329 1198
330 1199
331 120
332 1200
333 1201
334 1202
335 1203
336 1204
337 1205
338 130
339 1206
340 1207
341 1208
342 1209
343 121
344 1210
345 292
346 1211
347 1212
348 1213
349 312
350 1214
351 1215
352 1216
353 1217
354 1218
355 1219
356 122
357 1220
358 660
359 1221
360 1222
361 1223
362 1224
363 1225
364 1226
365 1227
366 1228
367 1229
368 123
369 124
370 1230
371 1231
372 1232
373 1233
374 1234
375 1235
376 1236
377 1237
378 1238
379 227
380 630
381 679
382 1817
383 1818
384 1819
385 1820
386 1821
387 1822
388 1823
389 1824
390 2022
391 213
392 365
393 4095
394 4096
395 4097
396 4098
397 4099
398 4100
399 4101
400 4102
401 4743
402 4744
403 835
404 8439
405 8440
406 8441
407 8442
408 8444
409 8445
410 8446
411 8447
412 8448
413 8449
414 1239
415 1240
416 1241
417 1242
418 1243
419 1244
420 1245
421 132
422 1246
423 1247
424 1248
425 1249
426 1250
427 1251
428 1252
429 1253
430 1254
431 1255
432 1256
433 1257
434 1258
435 1259
436 126
437 1260
438 1261
439 1262
440 1263
441 1264
442 1265
443 1266
444 468
445 937
446 938
447 939
448 1267
449 1268
450 1269
451 127
452 1270
453 1271
454 1272
455 1273
456 1274
457 79
458 1275
459 1276
460 1277
461 1278
462 1279
463 1280
464 1281
465 1282
466 1283
467 1284
468 1285
469 1286
470 1287
471 1288
472 1289
473 129
474 1290
475 1291
476 1292
477 1295
478 5367
479 5368
480 5369
481 5370
482 5371
483 628
484 1293
485 1294
486 6619
487 7468
488 1296
489 383
490 1297
491 1298
492 1299
493 13
494 1300
495 1301
496 1302
497 1303
498 1304
499 1305
500 1306
501 960
502 1307
503 1308
504 1309
505 131
506 1310
507 1311
508 1312
509 184
510 502
511 1313
512 1314
513 1315
514 1316
515 1317
516 1318
517 1319
518 1320
519 1321
520 1322
521 1323
522 1324
523 1325
524 1326
525 1327
526 1328
527 1329
528 133
529 1330
530 1331
531 1332
532 1333
533 1334
534 1335
535 725
536 1336
537 1337
538 1338
539 1339
540 1340
541 1342
542 1343
543 1344
544 1345
545 1346
546 1347
547 1348
548 1349
549 7121
550 135
551 1350
552 1351
553 1352
554 1353
555 1354
556 1355
557 1356
558 1357
559 1358
560 1359
561 136
562 1360
563 1361
564 1362
565 1363
566 1364
567 1365
568 1366
569 1367
570 1368
571 1369
572 137
573 1370
574 1371
575 1372
576 50
577 1373
578 1374
579 1377
580 1378
581 1379
582 138
583 1380
584 1381
585 1382
586 1383
587 1384
588 1385
589 1386
590 1387
591 1388
592 1389
593 8693
594 1390
595 1391
596 1392
597 1393
598 1394
599 1395
600 1396
601 1397
602 1398
603 1399
604 140
605 1400
606 1401
607 1402
608 1403
609 1404
610 1405
611 1406
612 551
613 552
614 553
615 554
616 1407
617 1408
618 1409
619 141
620 1410
621 1411
622 1412
623 1413
624 1414
625 1415
626 1416
627 1417
628 1418
629 1419
630 1420
631 1421
632 1422
633 1423
634 1424
635 1425
636 1426
637 1427
638 1428
639 1429
640 143
641 1430
642 1431
643 1432
644 1433
645 1434
646 1435
647 1436
648 1437
649 1438
650 1439
651 144
652 1440
653 1441
654 1442
655 1443
656 1444
657 1445
658 1446
659 1447
660 1448
661 249
662 1449
663 1450
664 1451
665 1452
666 1453
667 1454
668 1455
669 1456
670 1457
671 1458
672 1459
673 146
674 1460
675 1461
676 1462
677 1463
678 1464
679 1465
680 1466
681 1467
682 1468
683 1469
684 147
685 1470
686 420
687 421
688 1471
689 1472
690 1473
691 1474
692 1475
693 1476
694 1477
695 1478
696 1479
697 148
698 1480
699 1481
700 1482
701 251
702 1483
703 1484
704 1485
705 1486
706 1487
707 1488
708 1489
709 1490
710 1491
711 1492
712 1493
713 1494
714 1495
715 1496
716 1497
717 1498
718 1499
719 15
720 150
721 1500
722 1501
723 1502
724 1503
725 1504
726 1505
727 1506
728 1507
729 1508
730 1509
731 151
732 1510
733 1511
734 1512
735 1513
736 1514
737 1515
738 1516
739 1517
740 285
741 1518
742 1519
743 152
744 1520
745 1521
746 1522
747 1523
748 1524
749 1525
750 1526
751 1527
752 1528
753 1529
754 153
755 1530
756 1531
757 1532
758 1533
759 1534
760 1535
761 1536
762 1537
763 1538
764 1539
765 154
766 155
767 156
768 1540
769 1541
770 1542
771 1543
772 1544
773 1545
774 1546
775 1547
776 1548
777 1549
778 483
779 1550
780 1551
781 1552
782 1553
783 202
784 1554
785 1555
786 1556
787 1557
788 1558
789 1559
790 1560
791 1561
792 1562
793 1563
794 1564
795 1565
796 1566
797 1567
798 1568
799 1569
800 157
801 1570
802 1571
803 1572
804 1573
805 1574
806 1575
807 1576
808 1577
809 1578
810 1579
811 158
812 1580
813 1581
814 1582
815 1583
816 1584
817 1585
818 1586
819 1587
820 1588
821 1589
822 159
823 1590
824 1591
825 1592
826 1593
827 1594
828 1595
829 73
830 1596
831 1597
832 1598
833 1599
834 16
835 160
836 1600
837 1601
838 1602
839 1603
840 1604
841 1605
842 1606
843 1607
844 1608
845 1609
846 161
847 1610
848 1611
849 1612
850 1613
851 1614
852 1615
853 1616
854 1617
855 1618
856 1619
857 162
858 1620
859 1621
860 1622
861 1623
862 1624
863 1625
864 1626
865 1627
866 1628
867 384
868 1629
869 163
870 1630
871 1632
872 1633
873 1634
874 1635
875 1636
876 1637
877 1638
878 1639
879 164
880 1640
881 1641
882 1642
883 1643
884 1644
885 1645
886 1646
887 1647
888 1648
889 1649
890 165
891 1650
892 1651
893 1652
894 1653
895 1654
896 1655
897 1656
898 349
899 1657
900 1658
901 1659
902 166
903 1660
904 1661
905 1662
906 1663
907 1664
908 1665
909 1666
910 1667
911 1668
912 1669
913 167
914 9
915 1670
916 1671
917 1672
918 1673
919 1674
920 1675
921 1676
922 1677
923 1678
924 1679
925 168
926 1680
927 1681
928 1682
929 1683
930 1684
931 1685
932 1686
933 1687
934 1688
935 1689
936 169
937 1690
938 1691
939 1692
940 1693
941 1694
942 1695
943 1696
944 1697
945 1698
946 1699
947 170
948 1700
949 1701
950 1702
951 1703
952 1704
953 1705
954 1706
955 1707
956 1708
957 1709
958 1710
959 171
960 1711
961 1712
962 1713
963 72
964 1714
965 1715
966 1716
967 1717
968 1718
969 1719
970 1720
971 1721
972 172
973 1722
974 1723
975 1724
976 1725
977 1726
978 1727
979 1728
980 1729
981 6928
982 6929
983 1730
984 1731
985 1732
986 1733
987 1734
988 1735
989 1736
990 1737
991 1738
992 1739
993 174
994 1740
995 1741
996 1742
997 1743
998 1744
999 1745
1000 1746
1001 1747
1002 1748
1003 1749
1004 175
1005 1750
1006 1751
1007 1752
1008 1753
1009 1754
1010 1755
1011 1756
1012 1757
1013 1758
1014 1759
1015 1760
1016 1761
1017 1762
1018 1763
1019 1764
1020 1765
1021 1768
1022 796
1023 176
1024 1947
1025 2753
1026 3023
1027 3025
1028 3026
1029 3027
1030 3028
1031 3029
1032 3030
1033 3031
1034 4449
1035 4450
1036 4451
1037 4452
1038 4453
1039 6907
1040 6908
1041 7773
1042 177
1043 178
1044 1770
1045 1771
1046 1772
1047 1773
1048 1774
1049 1775
1050 1776
1051 1777
1052 1778
1053 1779
1054 1780
1055 1781
1056 1782
1057 1783
1058 1784
1059 1785
1060 1786
1061 1787
1062 1788
1063 1789
1064 1790
1065 1791
1066 1792
1067 1793
1068 1794
1069 1795
1070 1796
1071 1797
1072 1798
1073 1799
1074 18
1075 180
1076 181
1077 1800
1078 1801
1079 1802
1080 1803
1081 1804
1082 1805
1083 1806
1084 1807
1085 592
1086 1808
1087 1809
1088 1810
1089 1811
1090 1812
1091 1813
1092 1814
1093 1815
1094 1816
1095 182
1096 5083
1097 1825
1098 1826
1099 1827
1100 1828
1101 1829
1102 1830
1103 1831
1104 183
1105 2287
1106 3768
1107 5952
1108 1832
1109 1833
1110 1834
1111 1835
1112 1836
1113 1837
1114 1838
1115 1839
1116 1840
1117 1841
1118 4527
1119 1842
1120 1843
1121 1844
1122 1845
1123 1846
1124 1847
1125 1848
1126 1849
1127 185
1128 1850
1129 1851
1130 1852
1131 1853
1132 1854
1133 1855
1134 1856
1135 1857
1136 1858
1137 1859
1138 186
1139 1860
1140 1861
1141 1862
1142 1863
1143 1864
1144 1865
1145 1866
1146 1867
1147 1868
1148 1869
1149 187
1150 1870
1151 1871
1152 1872
1153 1873
1154 1874
1155 1875
1156 1876
1157 1877
1158 1878
1159 1879
1160 188
1161 1880
1162 1881
1163 1882
1164 1883
1165 1884
1166 1885
1167 1886
1168 1887
1169 1888
1170 1889
1171 189
1172 1890
1173 1891
1174 1892
1175 1893
1176 1894
1177 1895
1178 1896
1179 1897
1180 1898
1181 1899
1182 19
1183 190
1184 1900
1185 1901
1186 1902
1187 1903
1188 1904
1189 1905
1190 1906
1191 1907
1192 1908
1193 1909
1194 191
1195 1910
1196 1911
1197 965
1198 1912
1199 1913
1200 1914
1201 1915
1202 1916
1203 1917
1204 1918
1205 1919
1206 192
1207 1920
1208 1921
1209 1922
1210 1923
1211 1924
1212 1925
1213 1926
1214 1927
1215 1928
1216 1929
1217 7790
1218 7791
1219 193
1220 1930
1221 1931
1222 1932
1223 1933
1224 1934
1225 1935
1226 1936
1227 1937
1228 1938
1229 1939
1230 194
1231 195
1232 1940
1233 1941
1234 1942
1235 1943
1236 1944
1237 1945
1238 1946
1239 1948
1240 1949
1241 1950
1242 1951
1243 908
1244 1952
1245 1953
1246 1954
1247 1955
1248 1956
1249 1957
1250 1958
1251 1959
1252 196
1253 1960
1254 1961
1255 1962
1256 1963
1257 1964
1258 1965
1259 1966
1260 1967
1261 1968
1262 1969
1263 197
1264 1970
1265 1971
1266 1972
1267 1973
1268 1974
1269 1975
1270 1976
1271 1977
1272 1978
1273 1979
1274 198
1275 1980
1276 1981
1277 1982
1278 1983
1279 1984
1280 389
1281 1985
1282 1986
1283 1987
1284 1988
1285 1989
1286 199
1287 1990
1288 1991
1289 1992
1290 1993
1291 1994
1292 1995
1293 1996
1294 1997
1295 1998
1296 1999
1297 2
1298 200
1299 2000
1300 2001
1301 2002
1302 2003
1303 2004
1304 2005
1305 2006
1306 2007
1307 2008
1308 2009
1309 201
1310 2010
1311 2011
1312 2012
1313 2013
1314 320
1315 2014
1316 2015
1317 2016
1318 2017
1319 2018
1320 2019
1321 477
1322 2020
1323 2021
1324 311
1325 2023
1326 2024
1327 2025
1328 2026
1329 2027
1330 2028
1331 2029
1332 203
1333 2030
1334 2031
1335 2032
1336 2033
1337 2034
1338 2035
1339 2036
1340 2037
1341 2038
1342 2039
1343 204
1344 2040
1345 2041
1346 2042
1347 2043
1348 2044
1349 2045
1350 2046
1351 2047
1352 2048
1353 2049
1354 205
1355 2050
1356 2051
1357 763
1358 2052
1359 2053
1360 2054
1361 2055
1362 2056
1363 2057
1364 2058
1365 2059
1366 206
1367 207
1368 2060
1369 2061
1370 2062
1371 2063
1372 2064
1373 2065
1374 2066
1375 2067
1376 2068
1377 2069
1378 2070
1379 2071
1380 2072
1381 2073
1382 2074
1383 2075
1384 2076
1385 615
1386 2077
1387 2078
1388 2079
1389 208
1390 2080
1391 2081
1392 2082
1393 2083
1394 2084
1395 2085
1396 2086
1397 2087
1398 2088
1399 2089
1400 2090
1401 2091
1402 2092
1403 2093
1404 2094
1405 2095
1406 2096
1407 2097
1408 2098
1409 2099
1410 210
1411 2100
1412 2101
1413 2102
1414 2103
1415 2104
1416 2105
1417 2106
1418 2107
1419 2108
1420 2109
1421 211
1422 2110
1423 2111
1424 2112
1425 2113
1426 2114
1427 2115
1428 2116
1429 2117
1430 2118
1431 2119
1432 212
1433 2120
1434 2121
1435 2122
1436 2123
1437 2124
1438 2125
1439 2126
1440 2127
1441 2128
1442 2129
1443 2130
1444 2131
1445 2132
1446 2133
1447 2134
1448 2135
1449 2136
1450 2137
1451 2138
1452 2139
1453 214
1454 2140
1455 2141
1456 2142
1457 2143
1458 2144
1459 2145
1460 2146
1461 2147
1462 2148
1463 2149
1464 215
1465 2150
1466 2151
1467 2152
1468 2153
1469 2154
1470 2155
1471 2156
1472 2157
1473 2158
1474 2159
1475 216
1476 2160
1477 2161
1478 2162
1479 2163
1480 2164
1481 2165
1482 2166
1483 2167
1484 2168
1485 2169
1486 217
1487 2170
1488 2171
1489 2172
1490 2173
1491 2174
1492 2175
1493 2176
1494 2177
1495 2178
1496 2179
1497 218
1498 2180
1499 2181
1500 2182
1501 2183
1502 2184
1503 2185
1504 2186
1505 2187
1506 2188
1507 2189
1508 219
1509 2190
1510 2191
1511 2192
1512 2193
1513 2194
1514 2195
1515 2196
1516 2197
1517 2198
1518 2199
1519 2200
1520 22
1521 220
1522 2201
1523 2202
1524 2203
1525 2204
1526 2205
1527 2206
1528 2207
1529 2208
1530 2209
1531 2210
1532 221
1533 2211
1534 2212
1535 2213
1536 2214
1537 2215
1538 2216
1539 2217
1540 2218
1541 2219
1542 222
1543 2220
1544 2221
1545 2222
1546 2223
1547 2224
1548 2225
1549 2226
1550 2227
1551 2228
1552 2229
1553 2230
1554 223
1555 2231
1556 2232
1557 2233
1558 2234
1559 2235
1560 2236
1561 2237
1562 2238
1563 2239
1564 224
1565 2240
1566 2241
1567 2242
1568 2243
1569 2244
1570 2245
1571 2246
1572 2247
1573 2248
1574 2249
1575 225
1576 2250
1577 2251
1578 2252
1579 2253
1580 2254
1581 2255
1582 2256
1583 2257
1584 2258
1585 2259
1586 226
1587 2260
1588 2261
1589 2262
1590 2263
1591 2264
1592 2265
1593 2266
1594 2267
1595 2268
1596 2269
1597 2270
1598 2271
1599 2272
1600 2273
1601 2274
1602 2275
1603 2276
1604 2277
1605 2278
1606 2279
1607 228
1608 2280
1609 2281
1610 2282
1611 2283
1612 2284
1613 2285
1614 2286
1615 2288
1616 2289
1617 229
1618 2290
1619 2291
1620 2292
1621 2293
1622 2294
1623 2295
1624 2296
1625 2297
1626 2298
1627 2299
1628 23
1629 2300
1630 2301
1631 2302
1632 2303
1633 2304
1634 2305
1635 2306
1636 2307
1637 2308
1638 2309
1639 231
1640 2310
1641 2311
1642 2312
1643 2313
1644 2314
1645 2315
1646 2316
1647 2317
1648 2318
1649 2319
1650 232
1651 2320
1652 2321
1653 2322
1654 2323
1655 2324
1656 2325
1657 2326
1658 2327
1659 2328
1660 2329
1661 233
1662 2330
1663 2331
1664 2332
1665 661
1666 2333
1667 2334
1668 2335
1669 2336
1670 2337
1671 2338
1672 2339
1673 234
1674 2340
1675 2341
1676 2342
1677 2343
1678 2344
1679 2345
1680 2346
1681 2347
1682 2348
1683 2349
1684 235
1685 2350
1686 2351
1687 2352
1688 2353
1689 2354
1690 2355
1691 2356
1692 2357
1693 2358
1694 2359
1695 236
1696 2361
1697 2362
1698 2363
1699 2364
1700 2365
1701 2366
1702 2367
1703 2368
1704 2369
1705 237
1706 2370
1707 2371
1708 2372
1709 2373
1710 2374
1711 2375
1712 2376
1713 2377
1714 2378
1715 2379
1716 238
1717 2380
1718 2381
1719 2382
1720 2383
1721 2384
1722 2385
1723 2386
1724 2387
1725 2388
1726 2389
1727 239
1728 2390
1729 2391
1730 2392
1731 2393
1732 2394
1733 2395
1734 2396
1735 2397
1736 2398
1737 2399
1738 24
1739 240
1740 2401
1741 2402
1742 2403
1743 2404
1744 2405
1745 2406
1746 2407
1747 2408
1748 2409
1749 241
1750 2410
1751 2411
1752 2412
1753 2413
1754 2414
1755 2415
1756 2416
1757 2417
1758 2418
1759 2419
1760 242
1761 2420
1762 2421
1763 2422
1764 2423
1765 2424
1766 2425
1767 2426
1768 2427
1769 2428
1770 2429
1771 243
1772 2430
1773 2431
1774 2432
1775 2433
1776 2434
1777 2435
1778 2436
1779 2437
1780 3961
1781 244
1782 3083
1783 3084
1784 4333
1785 6647
1786 6648
1787 6649
1788 6650
1789 6651
1790 6652
1791 6653
1792 6654
1793 6655
1794 6656
1795 6657
1796 6658
1797 6659
1798 5615
1799 8682
1800 8683
1801 8684
1802 8685
1803 8686
1804 245
1805 2457
1806 2458
1807 2459
1808 246
1809 2460
1810 2461
1811 2462
1812 2463
1813 2464
1814 2465
1815 2466
1816 2467
1817 2468
1818 2469
1819 247
1820 2470
1821 2471
1822 2472
1823 2473
1824 2474
1825 2475
1826 2476
1827 2477
1828 2478
1829 2479
1830 248
1831 2480
1832 2481
1833 2482
1834 2483
1835 2484
1836 2485
1837 2486
1838 2487
1839 2488
1840 2489
1841 2490
1842 2491
1843 2492
1844 2493
1845 2494
1846 2495
1847 2496
1848 2497
1849 2498
1850 2499
1851 25
1852 250
1853 2500
1854 2501
1855 2502
1856 2503
1857 2504
1858 2505
1859 2506
1860 2507
1861 2508
1862 2509
1863 2510
1864 2511
1865 2512
1866 2513
1867 2514
1868 2515
1869 2516
1870 2517
1871 2518
1872 2519
1873 252
1874 2520
1875 2521
1876 450
1877 2522
1878 2523
1879 2524
1880 2525
1881 2526
1882 2527
1883 2528
1884 2529
1885 253
1886 2530
1887 2531
1888 2532
1889 2533
1890 2534
1891 2535
1892 2536
1893 2537
1894 2538
1895 2539
1896 254
1897 2540
1898 2541
1899 2542
1900 2543
1901 2544
1902 2545
1903 2546
1904 2547
1905 2548
1906 2549
1907 255
1908 2550
1909 2551
1910 2552
1911 2553
1912 2554
1913 2555
1914 2556
1915 2557
1916 2558
1917 2559
1918 256
1919 2560
1920 2561
1921 2562
1922 2563
1923 2564
1924 2565
1925 2566
1926 2567
1927 2568
1928 2569
1929 257
1930 2570
1931 2571
1932 2572
1933 2573
1934 2574
1935 2575
1936 2576
1937 2577
1938 2578
1939 2579
1940 258
1941 2580
1942 2581
1943 2582
1944 2583
1945 2584
1946 2585
1947 2586
1948 2587
1949 2588
1950 2589
1951 2590
1952 259
1953 2591
1954 2592
1955 2593
1956 2594
1957 5576
1958 5577
1959 2595
1960 2596
1961 2597
1962 2598
1963 2599
1964 26
1965 260
1966 2600
1967 2601
1968 2602
1969 7697
1970 2603
1971 2604
1972 2605
1973 2606
1974 2607
1975 2608
1976 2609
1977 261
1978 2610
1979 2611
1980 2612
1981 2613
1982 2614
1983 2615
1984 2616
1985 2617
1986 2618
1987 2619
1988 262
1989 2620
1990 2621
1991 2622
1992 2623
1993 2624
1994 2625
1995 2626
1996 2627
1997 2628
1998 2629
1999 263
2000 2630
2001 2631
2002 2632
2003 2633
2004 2634
2005 2635
2006 2636
2007 2637
2008 2638
2009 2639
2010 264
2011 2640
2012 2641
2013 2642
2014 2643
2015 2644
2016 2645
2017 2646
2018 2647
2019 2648
2020 2649
2021 265
2022 2650
2023 2651
2024 2652
2025 2653
2026 2654
2027 2655
2028 2656
2029 2657
2030 2658
2031 2659
2032 266
2033 2660
2034 2661
2035 2662
2036 2663
2037 2664
2038 2665
2039 2666
2040 2667
2041 2668
2042 2669
2043 267
2044 2670
2045 2671
2046 2672
2047 2673
2048 2674
2049 2675
2050 2676
2051 2677
2052 2678
2053 2679
2054 268
2055 2680
2056 2681
2057 2682
2058 2683
2059 2684
2060 2685
2061 2686
2062 2687
2063 2688
2064 2689
2065 269
2066 2690
2067 2691
2068 605
2069 2692
2070 2693
2071 2694
2072 2695
2073 2696
2074 2697
2075 2698
2076 2699
2077 270
2078 2700
2079 2701
2080 2702
2081 2703
2082 2704
2083 2705
2084 2706
2085 2707
2086 2708
2087 2709
2088 271
2089 2710
2090 2711
2091 2712
2092 2713
2093 2714
2094 2715
2095 2716
2096 2717
2097 2718
2098 2719
2099 272
2100 2720
2101 2721
2102 2722
2103 2723
2104 2724
2105 2725
2106 2726
2107 2727
2108 2728
2109 2729
2110 2730
2111 273
2112 2731
2113 2732
2114 2733
2115 2734
2116 2735
2117 2736
2118 2737
2119 2738
2120 2739
2121 274
2122 2740
2123 2741
2124 2742
2125 2743
2126 2744
2127 2745
2128 2746
2129 2747
2130 2748
2131 2749
2132 275
2133 2750
2134 2751
2135 2752
2136 5757
2137 2754
2138 2755
2139 2756
2140 2757
2141 2758
2142 2759
2143 276
2144 2760
2145 2761
2146 2762
2147 2763
2148 2764
2149 2765
2150 2766
2151 2767
2152 2768
2153 2769
2154 277
2155 2770
2156 2771
2157 2772
2158 2773
2159 2774
2160 2775
2161 2776
2162 2777
2163 2778
2164 2779
2165 278
2166 2780
2167 2781
2168 2782
2169 2783
2170 2784
2171 2785
2172 2786
2173 2787
2174 2788
2175 2789
2176 279
2177 2790
2178 2791
2179 2792
2180 2793
2181 2794
2182 2795
2183 2796
2184 2797
2185 2798
2186 2799
2187 28
2188 280
2189 2800
2190 2801
2191 2802
2192 2803
2193 2804
2194 2805
2195 2806
2196 2807
2197 2808
2198 2809
2199 281
2200 2810
2201 2811
2202 2812
2203 2813
2204 2814
2205 2815
2206 2816
2207 2817
2208 2818
2209 2819
2210 282
2211 2820
2212 2821
2213 2822
2214 2823
2215 2824
2216 2825
2217 2826
2218 2827
2219 2828
2220 2829
2221 283
2222 2830
2223 2831
2224 2832
2225 2833
2226 2834
2227 2835
2228 2836
2229 2837
2230 2838
2231 2839
2232 284
2233 2840
2234 2841
2235 2842
2236 2843
2237 2844
2238 2845
2239 2846
2240 2847
2241 2848
2242 2849
2243 2850
2244 2851
2245 2852
2246 2853
2247 2854
2248 2855
2249 2856
2250 2857
2251 2858
2252 2859
2253 286
2254 2860
2255 2861
2256 2862
2257 2863
2258 2864
2259 2865
2260 2866
2261 2867
2262 2868
2263 2869
2264 287
2265 2870
2266 2871
2267 2872
2268 2873
2269 982
2270 983
2271 2874
2272 2875
2273 2876
2274 2877
2275 2878
2276 2879
2277 288
2278 2880
2279 2881
2280 2882
2281 2883
2282 2884
2283 2885
2284 2886
2285 2887
2286 2888
2287 2889
2288 289
2289 2890
2290 2891
2291 2892
2292 2893
2293 2894
2294 2895
2295 2896
2296 2897
2297 2898
2298 2899
2299 29
2300 290
2301 2900
2302 2901
2303 2902
2304 2903
2305 2904
2306 2905
2307 2906
2308 2907
2309 2908
2310 2909
2311 291
2312 2910
2313 2911
2314 35
2315 2912
2316 2913
2317 2914
2318 2915
2319 2916
2320 2917
2321 2918
2322 2919
2323 2920
2324 2921
2325 2922
2326 2923
2327 2924
2328 2925
2329 2926
2330 2927
2331 2928
2332 2929
2333 293
2334 2930
2335 2931
2336 2932
2337 2933
2338 2934
2339 2935
2340 2936
2341 2937
2342 2939
2343 294
2344 2940
2345 2941
2346 2942
2347 2943
2348 2944
2349 2945
2350 2946
2351 2947
2352 2948
2353 2949
2354 295
2355 2950
2356 2951
2357 2952
2358 2953
2359 2954
2360 2955
2361 2956
2362 2957
2363 2958
2364 2959
2365 296
2366 297
2367 2960
2368 2961
2369 2962
2370 2963
2371 2964
2372 2965
2373 2966
2374 2967
2375 2968
2376 2969
2377 2970
2378 2971
2379 2972
2380 2973
2381 2974
2382 2975
2383 2976
2384 2977
2385 2978
2386 2979
2387 298
2388 2980
2389 2981
2390 2982
2391 2983
2392 2984
2393 2985
2394 2986
2395 2987
2396 2988
2397 2989
2398 2990
2399 2991
2400 2992
2401 2993
2402 2994
2403 2995
2404 2996
2405 2997
2406 2998
2407 2999
2408 30
2409 300
2410 3000
2411 3001
2412 3858
2413 3859
2414 3860
2415 3002
2416 3003
2417 3004
2418 3005
2419 3006
2420 3007
2421 3008
2422 3009
2423 301
2424 3010
2425 3011
2426 3012
2427 3013
2428 3014
2429 3015
2430 3016
2431 3017
2432 3018
2433 3019
2434 302
2435 3020
2436 3021
2437 3022
2438 780
2439 303
2440 3032
2441 3033
2442 3034
2443 3035
2444 3036
2445 3037
2446 3038
2447 3039
2448 304
2449 305
2450 3040
2451 3041
2452 3042
2453 3043
2454 3044
2455 3045
2456 3046
2457 3047
2458 3048
2459 3049
2460 3050
2461 3051
2462 3052
2463 3053
2464 3054
2465 3055
2466 3056
2467 3057
2468 3058
2469 3059
2470 306
2471 3060
2472 3061
2473 3062
2474 3063
2475 3064
2476 3065
2477 3066
2478 3067
2479 3068
2480 3069
2481 307
2482 3070
2483 3071
2484 3072
2485 3073
2486 3074
2487 3075
2488 3076
2489 3077
2490 3078
2491 3079
2492 308
2493 3080
2494 3081
2495 3082
2496 3085
2497 3086
2498 3087
2499 3088
2500 3089
2501 309
2502 3090
2503 3091
2504 3092
2505 3093
2506 3094
2507 3095
2508 3096
2509 3097
2510 3098
2511 3099
2512 31
2513 310
2514 3100
2515 3101
2516 3102
2517 3103
2518 3104
2519 3105
2520 3106
2521 3107
2522 3108
2523 3109
2524 3110
2525 3111
2526 3112
2527 3113
2528 3114
2529 3115
2530 3116
2531 3117
2532 3118
2533 4088
2534 8701
2535 8702
2536 3119
2537 3120
2538 3121
2539 3122
2540 3123
2541 3124
2542 3125
2543 3126
2544 3127
2545 3128
2546 3129
2547 313
2548 3130
2549 3131
2550 3132
2551 3133
2552 3134
2553 3135
2554 3136
2555 3137
2556 3138
2557 3139
2558 314
2559 3140
2560 3141
2561 3142
2562 3143
2563 3144
2564 3145
2565 3146
2566 3147
2567 3148
2568 3149
2569 315
2570 3150
2571 3151
2572 3152
2573 3153
2574 3154
2575 3155
2576 3156
2577 3157
2578 3158
2579 3159
2580 3160
2581 316
2582 3161
2583 3162
2584 3163
2585 3164
2586 3165
2587 3166
2588 3167
2589 3168
2590 3169
2591 317
2592 3170
2593 3171
2594 3172
2595 3173
2596 3174
2597 3175
2598 3176
2599 3177
2600 3178
2601 3179
2602 318
2603 3180
2604 3181
2605 3182
2606 3183
2607 3184
2608 3185
2609 3186
2610 3187
2611 3188
2612 3189
2613 3190
2614 319
2615 3191
2616 3192
2617 3193
2618 3194
2619 3195
2620 3196
2621 3197
2622 3198
2623 3199
2624 32
2625 3200
2626 3201
2627 3202
2628 3203
2629 3204
2630 3205
2631 3206
2632 3207
2633 3208
2634 3209
2635 321
2636 3210
2637 3211
2638 3212
2639 3213
2640 3214
2641 3215
2642 3216
2643 3217
2644 3218
2645 3219
2646 322
2647 3220
2648 3221
2649 3222
2650 3223
2651 3224
2652 3225
2653 3226
2654 3227
2655 3228
2656 3229
2657 323
2658 3230
2659 3231
2660 3232
2661 3233
2662 3234
2663 3235
2664 3236
2665 3237
2666 3238
2667 3239
2668 324
2669 3240
2670 3241
2671 3242
2672 3243
2673 3244
2674 3245
2675 3246
2676 3247
2677 3248
2678 3249
2679 325
2680 3250
2681 3251
2682 3252
2683 3253
2684 3254
2685 3255
2686 3256
2687 3257
2688 3258
2689 3259
2690 326
2691 3260
2692 3261
2693 3262
2694 3263
2695 3264
2696 3265
2697 3266
2698 3267
2699 3268
2700 3269
2701 327
2702 3270
2703 3271
2704 3272
2705 3273
2706 3274
2707 3275
2708 3276
2709 3277
2710 3278
2711 3279
2712 328
2713 329
2714 330
2715 3280
2716 3281
2717 3282
2718 3283
2719 3284
2720 3285
2721 3286
2722 3287
2723 3288
2724 3289
2725 3290
2726 3291
2727 3292
2728 3293
2729 3294
2730 3295
2731 3296
2732 3297
2733 3298
2734 3299
2735 33
2736 3300
2737 3301
2738 3302
2739 3303
2740 3304
2741 3305
2742 3306
2743 3307
2744 3308
2745 3309
2746 331
2747 3310
2748 3311
2749 3312
2750 3313
2751 3314
2752 3315
2753 3316
2754 3317
2755 3318
2756 3319
2757 332
2758 3320
2759 3321
2760 3322
2761 3323
2762 3324
2763 3325
2764 3326
2765 3327
2766 333
2767 3333
2768 3334
2769 3335
2770 3336
2771 3337
2772 3338
2773 3339
2774 334
2775 3340
2776 3341
2777 3342
2778 3343
2779 3344
2780 3345
2781 3346
2782 3347
2783 3348
2784 3349
2785 335
2786 3350
2787 3351
2788 3352
2789 3353
2790 3354
2791 3355
2792 3356
2793 3357
2794 3358
2795 3359
2796 3360
2797 336
2798 3361
2799 3362
2800 3363
2801 3364
2802 3365
2803 3366
2804 3367
2805 3368
2806 3369
2807 337
2808 3370
2809 3371
2810 3372
2811 3373
2812 3374
2813 3375
2814 3376
2815 3377
2816 3378
2817 3379
2818 338
2819 3380
2820 3381
2821 3382
2822 3383
2823 3384
2824 3385
2825 3386
2826 3387
2827 3388
2828 3389
2829 339
2830 3390
2831 3391
2832 3392
2833 3393
2834 3394
2835 3395
2836 3396
2837 3397
2838 3398
2839 3399
2840 34
2841 340
2842 3400
2843 3401
2844 3402
2845 3403
2846 3404
2847 3405
2848 3406
2849 3407
2850 3408
2851 3409
2852 341
2853 3410
2854 3411
2855 3412
2856 3413
2857 3414
2858 3415
2859 3416
2860 3417
2861 3418
2862 3419
2863 3420
2864 3421
2865 3422
2866 3423
2867 3424
2868 3425
2869 3426
2870 3427
2871 3428
2872 3429
2873 343
2874 3430
2875 3431
2876 3432
2877 3433
2878 3434
2879 3435
2880 3436
2881 3437
2882 3438
2883 3439
2884 344
2885 3440
2886 3441
2887 3442
2888 3443
2889 3444
2890 3445
2891 3446
2892 3447
2893 3448
2894 3449
2895 345
2896 3450
2897 3451
2898 3452
2899 3453
2900 3454
2901 3455
2902 3456
2903 3457
2904 3458
2905 3459
2906 346
2907 3460
2908 3461
2909 3462
2910 3463
2911 3464
2912 3465
2913 3466
2914 3467
2915 3468
2916 3469
2917 347
2918 3470
2919 3471
2920 3472
2921 3473
2922 3474
2923 3475
2924 3476
2925 3477
2926 3478
2927 3479
2928 348
2929 3480
2930 3481
2931 3482
2932 3483
2933 3484
2934 3485
2935 3486
2936 3487
2937 3488
2938 3489
2939 8048
2940 3490
2941 3491
2942 3492
2943 3493
2944 3494
2945 3495
2946 3496
2947 3497
2948 3498
2949 3499
2950 350
2951 3500
2952 3501
2953 3502
2954 3503
2955 3504
2956 3505
2957 3506
2958 3507
2959 3508
2960 3509
2961 351
2962 3510
2963 3511
2964 3512
2965 3513
2966 3514
2967 3515
2968 3516
2969 3517
2970 3518
2971 3519
2972 3520
2973 3521
2974 3522
2975 3523
2976 3524
2977 3525
2978 3526
2979 3527
2980 3528
2981 3529
2982 353
2983 3530
2984 3531
2985 3532
2986 3533
2987 3534
2988 3535
2989 3536
2990 3537
2991 3538
2992 3539
2993 354
2994 3540
2995 3541
2996 3542
2997 3543
2998 3544
2999 529
3000 3545
3001 3546
3002 3547
3003 3548
3004 3549
3005 355
3006 3550
3007 3551
3008 3552
3009 3553
3010 3554
3011 3555
3012 3556
3013 3557
3014 3558
3015 3559
3016 356
3017 3560
3018 3561
3019 3562
3020 3563
3021 3564
3022 3565
3023 3566
3024 3567
3025 3568
3026 3569
3027 357
3028 3570
3029 3571
3030 3572
3031 3573
3032 3574
3033 3575
3034 3576
3035 3577
3036 3578
3037 3579
3038 358
3039 3580
3040 3581
3041 3582
3042 3583
3043 3584
3044 3585
3045 3586
3046 3587
3047 3588
3048 3589
3049 359
3050 3590
3051 3591
3052 3592
3053 3593
3054 3594
3055 3595
3056 3596
3057 3597
3058 3598
3059 3599
3060 36
3061 360
3062 3600
3063 3601
3064 3602
3065 3603
3066 3604
3067 3605
3068 3606
3069 3607
3070 3608
3071 3609
3072 361
3073 362
3074 3610
3075 3611
3076 3612
3077 3613
3078 3614
3079 3615
3080 3616
3081 3617
3082 3618
3083 3619
3084 3620
3085 3621
3086 3622
3087 3623
3088 3624
3089 3625
3090 3626
3091 3627
3092 3628
3093 3629
3094 363
3095 3630
3096 3631
3097 3632
3098 3633
3099 3634
3100 3635
3101 3636
3102 3637
3103 3638
3104 3639
3105 364
3106 3640
3107 3641
3108 3642
3109 3643
3110 3644
3111 3645
3112 3646
3113 3647
3114 3648
3115 3649
3116 3650
3117 3651
3118 3652
3119 3653
3120 3654
3121 3655
3122 3656
3123 3657
3124 3658
3125 3659
3126 366
3127 3660
3128 3661
3129 3662
3130 3663
3131 3664
3132 3665
3133 3666
3134 3667
3135 3668
3136 3669
3137 367
3138 3670
3139 3671
3140 3672
3141 3673
3142 3674
3143 3675
3144 3676
3145 3677
3146 3678
3147 3679
3148 368
3149 3680
3150 3681
3151 3682
3152 3683
3153 3684
3154 3685
3155 3686
3156 3687
3157 3688
3158 3689
3159 369
3160 3690
3161 3691
3162 3692
3163 3693
3164 3694
3165 3695
3166 3696
3167 3697
3168 3698
3169 3699
3170 37
3171 38
3172 370
3173 3700
3174 3701
3175 3702
3176 864
3177 3703
3178 3704
3179 3705
3180 3706
3181 3707
3182 3708
3183 3709
3184 371
3185 3710
3186 3711
3187 3712
3188 3713
3189 3714
3190 3715
3191 3716
3192 3717
3193 3718
3194 3719
3195 372
3196 3720
3197 3721
3198 3722
3199 3723
3200 3724
3201 3725
3202 3726
3203 3727
3204 3728
3205 3729
3206 373
3207 3730
3208 3731
3209 3732
3210 3733
3211 3734
3212 3735
3213 3736
3214 3737
3215 3738
3216 3739
3217 374
3218 3740
3219 3741
3220 3742
3221 3743
3222 3744
3223 3745
3224 3746
3225 3747
3226 3748
3227 3749
3228 375
3229 3750
3230 3751
3231 3752
3232 3753
3233 3754
3234 3755
3235 3756
3236 3757
3237 3758
3238 3759
3239 376
3240 3760
3241 3761
3242 3762
3243 3763
3244 3764
3245 3765
3246 3766
3247 3767
3248 3769
3249 377
3250 3770
3251 3771
3252 3772
3253 3773
3254 3774
3255 3775
3256 3776
3257 3777
3258 3778
3259 3779
3260 378
3261 3780
3262 3781
3263 3782
3264 3783
3265 3784
3266 3785
3267 3786
3268 3787
3269 3788
3270 3789
3271 379
3272 3790
3273 3791
3274 3792
3275 3793
3276 3794
3277 3795
3278 3796
3279 3797
3280 3798
3281 503
3282 504
3283 3799
3284 380
3285 3800
3286 3801
3287 3802
3288 3803
3289 3804
3290 3805
3291 3806
3292 3807
3293 3808
3294 3809
3295 381
3296 3810
3297 3811
3298 3812
3299 3813
3300 3814
3301 3815
3302 3816
3303 3817
3304 3818
3305 3819
3306 7254
3307 3820
3308 3821
3309 3822
3310 3823
3311 3824
3312 3825
3313 3826
3314 3827
3315 3828
3316 3829
3317 3830
3318 3831
3319 3832
3320 3833
3321 3834
3322 3835
3323 3836
3324 3837
3325 3838
3326 3839
3327 3840
3328 3841
3329 3842
3330 3843
3331 3844
3332 3845
3333 3846
3334 3847
3335 3848
3336 3849
3337 385
3338 3850
3339 3851
3340 3852
3341 3853
3342 3854
3343 3855
3344 3856
3345 3857
3346 6896
3347 6897
3348 6898
3349 6899
3350 6900
3351 6901
3352 6902
3353 6903
3354 386
3355 387
3356 3861
3357 3862
3358 3863
3359 3864
3360 3865
3361 3866
3362 3867
3363 3868
3364 3869
3365 3870
3366 3871
3367 3872
3368 3873
3369 3874
3370 3875
3371 3876
3372 3877
3373 3878
3374 3879
3375 388
3376 3880
3377 3881
3378 3882
3379 3883
3380 3884
3381 3885
3382 3886
3383 3887
3384 3888
3385 3889
3386 3890
3387 3891
3388 3892
3389 3893
3390 3894
3391 3895
3392 3896
3393 3897
3394 3898
3395 3899
3396 39
3397 390
3398 3900
3399 3901
3400 3902
3401 3903
3402 3904
3403 3905
3404 3906
3405 3907
3406 3908
3407 3909
3408 391
3409 3910
3410 3911
3411 3912
3412 3913
3413 6749
3414 7446
3415 9192
3416 3914
3417 3915
3418 3916
3419 3917
3420 3918
3421 3919
3422 392
3423 3920
3424 3921
3425 3922
3426 3923
3427 3924
3428 3925
3429 3926
3430 3927
3431 3928
3432 3929
3433 393
3434 3930
3435 3931
3436 3932
3437 3933
3438 3934
3439 3935
3440 3936
3441 3937
3442 3938
3443 3939
3444 394
3445 395
3446 3940
3447 3941
3448 3942
3449 3943
3450 3944
3451 3945
3452 3946
3453 3947
3454 3948
3455 3949
3456 3950
3457 3951
3458 3952
3459 3953
3460 3954
3461 3955
3462 3956
3463 3957
3464 3958
3465 3959
3466 396
3467 3960
3468 3962
3469 3963
3470 3964
3471 3965
3472 3966
3473 3967
3474 3968
3475 3969
3476 397
3477 3970
3478 3971
3479 3972
3480 3973
3481 3974
3482 3975
3483 3976
3484 3977
3485 3978
3486 3979
3487 398
3488 3980
3489 3981
3490 3982
3491 3983
3492 3984
3493 3985
3494 3986
3495 3987
3496 3988
3497 3989
3498 399
3499 3990
3500 3991
3501 3992
3502 3993
3503 3994
3504 3995
3505 3996
3506 3997
3507 3998
3508 3999
3509 4
3510 40
3511 400
3512 4000
3513 4001
3514 4002
3515 4003
3516 4004
3517 4005
3518 4006
3519 4007
3520 4008
3521 4009
3522 401
3523 4010
3524 4011
3525 4012
3526 4013
3527 4014
3528 4015
3529 4016
3530 4017
3531 4018
3532 4019
3533 402
3534 4020
3535 4021
3536 4022
3537 4023
3538 4024
3539 4025
3540 4026
3541 4027
3542 4028
3543 4029
3544 403
3545 4030
3546 4031
3547 4032
3548 4033
3549 4034
3550 4035
3551 4036
3552 4037
3553 4038
3554 4039
3555 404
3556 4040
3557 4041
3558 4042
3559 4043
3560 4044
3561 4045
3562 4046
3563 4047
3564 4048
3565 4049
3566 405
3567 4050
3568 4051
3569 4053
3570 4054
3571 4055
3572 4056
3573 4057
3574 4058
3575 4059
3576 406
3577 4060
3578 4061
3579 4062
3580 4063
3581 4064
3582 4065
3583 4066
3584 4067
3585 4069
3586 407
3587 4070
3588 4071
3589 4072
3590 4073
3591 4074
3592 4075
3593 4076
3594 4077
3595 4078
3596 4079
3597 408
3598 4080
3599 4081
3600 4082
3601 4083
3602 4084
3603 4085
3604 4086
3605 4087
3606 4089
3607 409
3608 4090
3609 4091
3610 4092
3611 4093
3612 4094
3613 41
3614 410
3615 4103
3616 4104
3617 4105
3618 4106
3619 4107
3620 4108
3621 4109
3622 411
3623 4110
3624 4111
3625 4112
3626 4113
3627 4114
3628 4115
3629 4116
3630 4117
3631 4118
3632 4119
3633 412
3634 4120
3635 4121
3636 4122
3637 4123
3638 4124
3639 4125
3640 4126
3641 4127
3642 4128
3643 4129
3644 413
3645 4130
3646 4131
3647 4132
3648 4133
3649 4134
3650 4135
3651 4136
3652 4137
3653 4138
3654 4139
3655 414
3656 4140
3657 4141
3658 4142
3659 4143
3660 4144
3661 4145
3662 4146
3663 4147
3664 4148
3665 4149
3666 415
3667 4150
3668 4151
3669 4152
3670 4153
3671 4154
3672 4155
3673 4156
3674 4157
3675 4158
3676 4159
3677 416
3678 4160
3679 4161
3680 4162
3681 4163
3682 4164
3683 4165
3684 4166
3685 4167
3686 4168
3687 4169
3688 4170
3689 607
3690 417
3691 4171
3692 4172
3693 4173
3694 4174
3695 4175
3696 4176
3697 4177
3698 4178
3699 4179
3700 418
3701 4180
3702 4181
3703 4182
3704 4183
3705 4184
3706 4185
3707 4186
3708 4187
3709 4188
3710 4189
3711 419
3712 4190
3713 4191
3714 4192
3715 4193
3716 4194
3717 4195
3718 4196
3719 4197
3720 4198
3721 4199
3722 4200
3723 4201
3724 4202
3725 4203
3726 4204
3727 4205
3728 4206
3729 4207
3730 4208
3731 4209
3732 4210
3733 4211
3734 4212
3735 4213
3736 4214
3737 4215
3738 4216
3739 4217
3740 4218
3741 4219
3742 422
3743 4220
3744 4221
3745 4222
3746 4223
3747 4224
3748 4225
3749 4226
3750 4227
3751 4228
3752 4229
3753 423
3754 4230
3755 4231
3756 4232
3757 4233
3758 4234
3759 4235
3760 4236
3761 4237
3762 4238
3763 4239
3764 424
3765 4240
3766 4241
3767 4242
3768 4243
3769 4244
3770 4245
3771 4246
3772 4247
3773 4248
3774 4249
3775 425
3776 4250
3777 4251
3778 4252
3779 4253
3780 4254
3781 4255
3782 4256
3783 4257
3784 4258
3785 4259
3786 426
3787 4260
3788 4261
3789 4262
3790 4263
3791 4264
3792 4265
3793 4266
3794 4267
3795 4268
3796 4269
3797 427
3798 4270
3799 4271
3800 4272
3801 4273
3802 4274
3803 4275
3804 4276
3805 4277
3806 4278
3807 4279
3808 428
3809 4280
3810 4281
3811 4282
3812 4283
3813 4284
3814 4285
3815 4286
3816 4287
3817 4288
3818 4289
3819 429
3820 4290
3821 4291
3822 4292
3823 4293
3824 4294
3825 4295
3826 4296
3827 4297
3828 4298
3829 4299
3830 43
3831 430
3832 431
3833 4300
3834 4301
3835 4302
3836 4303
3837 4304
3838 4305
3839 4306
3840 4307
3841 4308
3842 4309
3843 4310
3844 4311
3845 4312
3846 4313
3847 4314
3848 4315
3849 4316
3850 4317
3851 4318
3852 4319
3853 432
3854 4320
3855 4321
3856 4322
3857 4323
3858 4324
3859 4325
3860 4326
3861 4327
3862 4328
3863 4329
3864 433
3865 4330
3866 4331
3867 4332
3868 4334
3869 4335
3870 4336
3871 4337
3872 4338
3873 4339
3874 434
3875 4340
3876 4341
3877 4342
3878 4343
3879 4344
3880 4345
3881 4346
3882 4347
3883 4348
3884 4349
3885 435
3886 4350
3887 4351
3888 4352
3889 4353
3890 4354
3891 4355
3892 4356
3893 4357
3894 4358
3895 4359
3896 436
3897 4360
3898 4361
3899 4362
3900 4363
3901 4364
3902 4365
3903 4366
3904 4367
3905 4368
3906 4369
3907 437
3908 4370
3909 4371
3910 4372
3911 4373
3912 4374
3913 4375
3914 4376
3915 4377
3916 4378
3917 4379
3918 438
3919 4380
3920 4381
3921 4382
3922 4383
3923 4384
3924 4385
3925 4386
3926 4387
3927 4388
3928 4389
3929 439
3930 4390
3931 4391
3932 4392
3933 4393
3934 4394
3935 4395
3936 4396
3937 4397
3938 4398
3939 4399
3940 440
3941 4400
3942 4401
3943 4402
3944 4403
3945 4404
3946 4405
3947 4406
3948 4407
3949 4408
3950 4409
3951 441
3952 4410
3953 4411
3954 4412
3955 4413
3956 4414
3957 4415
3958 4416
3959 4417
3960 4418
3961 4419
3962 442
3963 4420
3964 4421
3965 4422
3966 4423
3967 4424
3968 4425
3969 4426
3970 4427
3971 4428
3972 4429
3973 443
3974 4430
3975 4431
3976 4432
3977 4433
3978 4434
3979 4435
3980 4436
3981 4437
3982 4438
3983 4439
3984 444
3985 4440
3986 4441
3987 4442
3988 4443
3989 4444
3990 4445
3991 4446
3992 4447
3993 4448
3994 445
3995 4454
3996 4455
3997 4456
3998 4457
3999 4458
4000 4459
4001 446
4002 4460
4003 4461
4004 4462
4005 4463
4006 4464
4007 4465
4008 4466
4009 4467
4010 4468
4011 4469
4012 447
4013 4470
4014 4471
4015 4472
4016 4473
4017 4474
4018 4475
4019 4476
4020 4477
4021 4478
4022 4479
4023 448
4024 4480
4025 4481
4026 4482
4027 4483
4028 4484
4029 4485
4030 4486
4031 4487
4032 4488
4033 4489
4034 449
4035 4490
4036 4491
4037 4492
4038 4493
4039 4494
4040 4495
4041 4496
4042 4497
4043 4498
4044 4499
4045 45
4046 4738
4047 4501
4048 4502
4049 4503
4050 4504
4051 4505
4052 4506
4053 4507
4054 4508
4055 4509
4056 451
4057 4510
4058 4511
4059 4512
4060 4513
4061 4514
4062 4515
4063 4516
4064 4517
4065 4518
4066 4519
4067 452
4068 4520
4069 4521
4070 4522
4071 4523
4072 4524
4073 4525
4074 4526
4075 4528
4076 4529
4077 453
4078 4530
4079 4531
4080 4532
4081 4533
4082 4534
4083 4535
4084 4536
4085 4537
4086 4538
4087 4539
4088 454
4089 4540
4090 4541
4091 4542
4092 4543
4093 4544
4094 4545
4095 4546
4096 4547
4097 4548
4098 4549
4099 455
4100 4550
4101 4551
4102 4552
4103 4553
4104 4554
4105 4555
4106 4556
4107 4557
4108 4558
4109 4559
4110 4560
4111 4561
4112 4562
4113 4563
4114 4564
4115 4565
4116 4566
4117 4567
4118 4568
4119 4569
4120 457
4121 458
4122 459
4123 460
4124 461
4125 462
4126 463
4127 464
4128 465
4129 466
4130 467
4131 469
4132 470
4133 471
4134 472
4135 473
4136 4570
4137 4571
4138 4572
4139 4573
4140 4574
4141 4575
4142 4576
4143 4577
4144 4578
4145 4579
4146 4580
4147 4581
4148 4582
4149 4583
4150 4584
4151 4585
4152 4586
4153 4587
4154 4588
4155 4589
4156 4590
4157 4591
4158 4592
4159 4593
4160 4594
4161 4595
4162 4596
4163 4597
4164 4598
4165 4599
4166 4600
4167 4601
4168 4602
4169 4603
4170 4604
4171 4605
4172 4606
4173 4607
4174 4608
4175 4609
4176 4610
4177 4611
4178 4612
4179 4613
4180 4614
4181 4615
4182 4616
4183 4617
4184 4618
4185 4619
4186 4620
4187 4621
4188 4622
4189 9335
4190 4623
4191 4624
4192 4625
4193 4626
4194 4627
4195 4628
4196 4629
4197 4630
4198 4631
4199 4632
4200 4633
4201 4634
4202 4635
4203 4636
4204 4637
4205 4638
4206 4639
4207 4640
4208 4641
4209 4642
4210 4643
4211 4644
4212 4645
4213 4646
4214 4647
4215 4648
4216 4649
4217 4650
4218 4651
4219 4652
4220 4653
4221 4654
4222 4655
4223 4656
4224 4657
4225 4658
4226 4659
4227 4660
4228 4661
4229 4662
4230 4663
4231 4664
4232 4665
4233 4666
4234 4667
4235 4668
4236 4669
4237 4670
4238 4671
4239 4672
4240 4673
4241 4674
4242 4675
4243 4676
4244 4677
4245 4678
4246 4679
4247 4680
4248 4681
4249 4682
4250 4683
4251 4684
4252 4685
4253 4686
4254 4687
4255 4688
4256 4689
4257 4690
4258 4691
4259 4692
4260 4693
4261 4694
4262 4695
4263 4696
4264 4697
4265 4698
4266 4699
4267 47
4268 4700
4269 4701
4270 4702
4271 4703
4272 4704
4273 4705
4274 4706
4275 4707
4276 4708
4277 4709
4278 4710
4279 4711
4280 4712
4281 4713
4282 4714
4283 4715
4284 4716
4285 4717
4286 4718
4287 4719
4288 6597
4289 4720
4290 4721
4291 4722
4292 4723
4293 4724
4294 4725
4295 4726
4296 4727
4297 4728
4298 4729
4299 4730
4300 4731
4301 4732
4302 4733
4303 4734
4304 4735
4305 4736
4306 4737
4307 4739
4308 474
4309 4740
4310 4741
4311 4742
4312 4745
4313 4746
4314 4747
4315 4748
4316 4749
4317 475
4318 4750
4319 4751
4320 4752
4321 4753
4322 4754
4323 4755
4324 4756
4325 4757
4326 4758
4327 4759
4328 476
4329 4760
4330 4761
4331 4762
4332 4763
4333 4764
4334 4765
4335 4766
4336 4767
4337 4768
4338 4769
4339 4770
4340 4771
4341 4772
4342 4773
4343 4774
4344 4775
4345 4776
4346 4777
4347 4778
4348 4779
4349 478
4350 4780
4351 4781
4352 4782
4353 4783
4354 4784
4355 4785
4356 4786
4357 4787
4358 4788
4359 4789
4360 479
4361 4790
4362 4791
4363 4792
4364 4793
4365 4794
4366 4795
4367 4796
4368 4797
4369 4798
4370 4799
4371 48
4372 480
4373 4800
4374 4801
4375 4802
4376 4803
4377 4804
4378 4805
4379 4806
4380 4807
4381 4808
4382 4809
4383 481
4384 4810
4385 4811
4386 4812
4387 4813
4388 4814
4389 4815
4390 4816
4391 4817
4392 4818
4393 4819
4394 482
4395 4820
4396 4821
4397 4822
4398 4823
4399 4824
4400 4825
4401 4826
4402 4827
4403 4828
4404 4829
4405 4830
4406 4831
4407 4832
4408 4833
4409 4834
4410 4835
4411 4836
4412 4837
4413 4838
4414 4839
4415 484
4416 4840
4417 4841
4418 4842
4419 4843
4420 4844
4421 4845
4422 4846
4423 4847
4424 4848
4425 4849
4426 485
4427 4850
4428 4851
4429 4852
4430 4853
4431 4854
4432 4855
4433 4856
4434 4857
4435 4858
4436 4859
4437 486
4438 4860
4439 4861
4440 4862
4441 4863
4442 4864
4443 4865
4444 4866
4445 4867
4446 4868
4447 4869
4448 487
4449 4870
4450 4871
4451 4872
4452 4873
4453 4874
4454 4875
4455 4876
4456 4877
4457 4878
4458 4879
4459 488
4460 4880
4461 4881
4462 4882
4463 4883
4464 4884
4465 4885
4466 4886
4467 4887
4468 4888
4469 4889
4470 489
4471 4890
4472 4891
4473 4892
4474 4893
4475 4894
4476 4895
4477 4896
4478 4897
4479 4898
4480 4899
4481 49
4482 490
4483 4900
4484 4901
4485 4902
4486 4903
4487 4904
4488 4905
4489 4906
4490 4907
4491 4908
4492 4909
4493 491
4494 492
4495 4910
4496 4911
4497 4912
4498 4913
4499 4914
4500 4915
4501 4916
4502 4917
4503 4918
4504 4919
4505 4920
4506 4921
4507 4922
4508 4923
4509 4924
4510 4925
4511 4926
4512 4927
4513 4928
4514 4929
4515 493
4516 4930
4517 4931
4518 4932
4519 4933
4520 4934
4521 4935
4522 4936
4523 4937
4524 4938
4525 4939
4526 494
4527 4940
4528 4941
4529 4942
4530 4943
4531 4944
4532 4945
4533 4946
4534 4947
4535 4948
4536 4949
4537 495
4538 4950
4539 4951
4540 4952
4541 4953
4542 4954
4543 4955
4544 4956
4545 4957
4546 4958
4547 4959
4548 496
4549 4960
4550 4961
4551 4962
4552 4963
4553 4964
4554 4965
4555 4966
4556 4967
4557 4968
4558 4969
4559 497
4560 4970
4561 4971
4562 4972
4563 4973
4564 4974
4565 4975
4566 4976
4567 4977
4568 4978
4569 4979
4570 498
4571 4980
4572 4981
4573 4982
4574 4983
4575 4984
4576 4985
4577 4986
4578 4987
4579 4988
4580 4989
4581 499
4582 4990
4583 4991
4584 4992
4585 4993
4586 4994
4587 4995
4588 4996
4589 4997
4590 4998
4591 4999
4592 500
4593 5000
4594 5001
4595 5002
4596 5003
4597 5004
4598 5005
4599 5006
4600 5007
4601 5008
4602 5009
4603 501
4604 5010
4605 5011
4606 5012
4607 5013
4608 5014
4609 5015
4610 5016
4611 5017
4612 5018
4613 5019
4614 5020
4615 5021
4616 5022
4617 5023
4618 5024
4619 5025
4620 5026
4621 5027
4622 5028
4623 5029
4624 5030
4625 5031
4626 5032
4627 5033
4628 5034
4629 5035
4630 5036
4631 5037
4632 5038
4633 5039
4634 5040
4635 5041
4636 5042
4637 5043
4638 5044
4639 5045
4640 5046
4641 5047
4642 5048
4643 5049
4644 505
4645 5050
4646 5051
4647 5052
4648 5053
4649 5054
4650 5055
4651 5056
4652 5057
4653 5058
4654 5059
4655 506
4656 5060
4657 5061
4658 5062
4659 5063
4660 5064
4661 5065
4662 5066
4663 5067
4664 5068
4665 5069
4666 5070
4667 5071
4668 5072
4669 507
4670 5073
4671 5074
4672 5075
4673 5076
4674 5077
4675 5078
4676 5079
4677 508
4678 5080
4679 5081
4680 5082
4681 5084
4682 5085
4683 5086
4684 5087
4685 5088
4686 5089
4687 509
4688 5090
4689 5091
4690 5092
4691 5093
4692 5094
4693 5095
4694 5096
4695 5097
4696 5098
4697 5099
4698 5100
4699 51
4700 510
4701 5101
4702 5102
4703 5103
4704 5104
4705 5105
4706 5106
4707 5107
4708 5108
4709 5109
4710 511
4711 5110
4712 5111
4713 5112
4714 5113
4715 5114
4716 5115
4717 5116
4718 5117
4719 5118
4720 5119
4721 512
4722 5120
4723 5121
4724 5122
4725 5123
4726 5124
4727 5125
4728 5126
4729 5127
4730 5128
4731 5129
4732 5130
4733 5131
4734 5132
4735 5133
4736 5134
4737 5135
4738 5136
4739 5137
4740 5138
4741 5139
4742 514
4743 5140
4744 5141
4745 5142
4746 5143
4747 5144
4748 5145
4749 5146
4750 5147
4751 5148
4752 5149
4753 515
4754 5150
4755 5151
4756 5152
4757 5153
4758 5154
4759 5155
4760 5156
4761 5157
4762 5158
4763 5159
4764 516
4765 5160
4766 5161
4767 5162
4768 5163
4769 5164
4770 5165
4771 5166
4772 5167
4773 5168
4774 5169
4775 517
4776 5170
4777 5171
4778 5172
4779 5173
4780 5174
4781 5175
4782 5176
4783 5177
4784 5178
4785 5179
4786 518
4787 5180
4788 5181
4789 5182
4790 5183
4791 5184
4792 5185
4793 5186
4794 5187
4795 5188
4796 5189
4797 519
4798 5190
4799 5191
4800 5192
4801 5193
4802 5194
4803 5195
4804 5196
4805 5197
4806 5198
4807 5199
4808 52
4809 520
4810 5200
4811 5201
4812 5202
4813 5203
4814 5204
4815 5205
4816 5206
4817 5207
4818 5208
4819 5209
4820 521
4821 5210
4822 5211
4823 5212
4824 5213
4825 5214
4826 5215
4827 5216
4828 5217
4829 5218
4830 5219
4831 522
4832 5220
4833 5221
4834 5222
4835 5223
4836 5224
4837 5225
4838 5226
4839 6047
4840 5227
4841 5228
4842 5229
4843 523
4844 5230
4845 5231
4846 5232
4847 5233
4848 5234
4849 5235
4850 5236
4851 5237
4852 5238
4853 5239
4854 5240
4855 524
4856 5241
4857 5242
4858 5243
4859 5244
4860 5245
4861 5246
4862 5247
4863 5248
4864 5249
4865 525
4866 5250
4867 5251
4868 5252
4869 5253
4870 5254
4871 5255
4872 5256
4873 5257
4874 5258
4875 5259
4876 526
4877 5260
4878 5261
4879 5262
4880 5263
4881 5264
4882 5265
4883 5266
4884 5267
4885 5268
4886 5269
4887 527
4888 5270
4889 5271
4890 5272
4891 5273
4892 5274
4893 5275
4894 5276
4895 5277
4896 5278
4897 5279
4898 528
4899 5280
4900 5281
4901 5282
4902 5283
4903 5284
4904 5285
4905 5286
4906 5287
4907 5288
4908 5289
4909 5290
4910 5291
4911 5292
4912 5293
4913 5294
4914 5295
4915 5296
4916 5297
4917 5298
4918 5299
4919 530
4920 5300
4921 5301
4922 5302
4923 5303
4924 5304
4925 5305
4926 5306
4927 5307
4928 5308
4929 5309
4930 531
4931 5310
4932 5311
4933 5312
4934 5313
4935 5314
4936 5315
4937 5316
4938 5317
4939 5318
4940 5319
4941 532
4942 5320
4943 5321
4944 5322
4945 5323
4946 5324
4947 5325
4948 5326
4949 5327
4950 5328
4951 5329
4952 533
4953 5330
4954 5331
4955 5332
4956 5333
4957 5334
4958 5335
4959 5336
4960 5337
4961 5338
4962 5339
4963 534
4964 5340
4965 5341
4966 5342
4967 5343
4968 5344
4969 5345
4970 5346
4971 5347
4972 5348
4973 5349
4974 535
4975 5350
4976 5351
4977 5352
4978 5353
4979 5354
4980 5355
4981 5356
4982 5357
4983 5358
4984 5359
4985 536
4986 5360
4987 5361
4988 5362
4989 5363
4990 5364
4991 5365
4992 5366
4993 537
4994 5372
4995 5373
4996 5374
4997 5375
4998 5376
4999 5377
5000 5378
5001 5379
5002 538
5003 5380
5004 5381
5005 5382
5006 5383
5007 5384
5008 5385
5009 5386
5010 5387
5011 5388
5012 5389
5013 539
5014 5390
5015 5391
5016 5392
5017 5393
5018 5394
5019 5395
5020 5396
5021 5397
5022 5399
5023 54
5024 540
5025 5400
5026 5401
5027 5402
5028 5403
5029 5404
5030 5405
5031 5406
5032 5407
5033 5408
5034 5409
5035 541
5036 5410
5037 5411
5038 5412
5039 5413
5040 5414
5041 5415
5042 5416
5043 5417
5044 5418
5045 5419
5046 542
5047 5420
5048 5421
5049 5422
5050 5423
5051 5424
5052 5425
5053 5426
5054 5427
5055 5428
5056 5429
5057 5430
5058 5431
5059 5432
5060 5433
5061 543
5062 5434
5063 5435
5064 5436
5065 5437
5066 5438
5067 5439
5068 544
5069 5440
5070 5441
5071 5442
5072 5443
5073 5444
5074 5445
5075 5446
5076 5447
5077 5448
5078 5449
5079 545
5080 5450
5081 5451
5082 5452
5083 5453
5084 5454
5085 5455
5086 5456
5087 5457
5088 5458
5089 5459
5090 546
5091 5460
5092 5461
5093 5462
5094 5463
5095 5464
5096 5465
5097 5466
5098 5467
5099 5468
5100 5469
5101 547
5102 5470
5103 5471
5104 5472
5105 5473
5106 5474
5107 5475
5108 5476
5109 5477
5110 5478
5111 5479
5112 5480
5113 5481
5114 5482
5115 5483
5116 5484
5117 5485
5118 5486
5119 5487
5120 5488
5121 5489
5122 549
5123 5490
5124 5491
5125 5492
5126 5493
5127 5494
5128 5495
5129 5496
5130 5497
5131 5498
5132 5499
5133 550
5134 5500
5135 5501
5136 5502
5137 5503
5138 5504
5139 5505
5140 5506
5141 5507
5142 5508
5143 5509
5144 5510
5145 5511
5146 5512
5147 5513
5148 5514
5149 5515
5150 5516
5151 5517
5152 5518
5153 5519
5154 5520
5155 5521
5156 5522
5157 5523
5158 5524
5159 5525
5160 5526
5161 5527
5162 5528
5163 5529
5164 5530
5165 5531
5166 5532
5167 5533
5168 5534
5169 5535
5170 5536
5171 5537
5172 5538
5173 5539
5174 5540
5175 5541
5176 5542
5177 5543
5178 5544
5179 5545
5180 5546
5181 5547
5182 5548
5183 5549
5184 555
5185 5550
5186 5551
5187 5552
5188 5553
5189 5554
5190 5555
5191 5556
5192 5557
5193 5558
5194 5559
5195 556
5196 5560
5197 5561
5198 5562
5199 5563
5200 5564
5201 5565
5202 5566
5203 5567
5204 5568
5205 5569
5206 557
5207 5570
5208 5571
5209 5572
5210 5573
5211 5574
5212 5575
5213 5578
5214 5579
5215 558
5216 5580
5217 5581
5218 5582
5219 5583
5220 5584
5221 5585
5222 5586
5223 5587
5224 5588
5225 5589
5226 559
5227 5590
5228 5591
5229 5592
5230 5593
5231 5594
5232 5595
5233 5596
5234 5597
5235 5598
5236 5599
5237 56
5238 560
5239 5600
5240 5601
5241 5602
5242 5603
5243 5604
5244 5605
5245 5606
5246 5607
5247 5608
5248 5609
5249 561
5250 5610
5251 5611
5252 5612
5253 5613
5254 5614
5255 5616
5256 5617
5257 5618
5258 5619
5259 562
5260 5620
5261 5621
5262 5622
5263 5623
5264 5624
5265 5625
5266 5626
5267 5627
5268 5628
5269 5629
5270 563
5271 5630
5272 5631
5273 5632
5274 5633
5275 5634
5276 5635
5277 5636
5278 5637
5279 5638
5280 5639
5281 564
5282 5640
5283 5641
5284 5642
5285 5643
5286 5644
5287 5645
5288 5646
5289 5647
5290 5648
5291 5649
5292 565
5293 5650
5294 5651
5295 5652
5296 5653
5297 5654
5298 5655
5299 5656
5300 5657
5301 5658
5302 5659
5303 566
5304 5660
5305 5661
5306 5662
5307 5663
5308 5664
5309 5665
5310 5666
5311 5667
5312 5668
5313 5669
5314 567
5315 5670
5316 5671
5317 5672
5318 5673
5319 5674
5320 5675
5321 5676
5322 5677
5323 5678
5324 5679
5325 568
5326 5680
5327 5681
5328 5682
5329 5683
5330 5684
5331 5685
5332 5686
5333 5687
5334 5688
5335 5689
5336 569
5337 5690
5338 5691
5339 5692
5340 5693
5341 5694
5342 5695
5343 5696
5344 5697
5345 5698
5346 5699
5347 57
5348 570
5349 5700
5350 5701
5351 5702
5352 5703
5353 5704
5354 5705
5355 5706
5356 5707
5357 5708
5358 5709
5359 571
5360 5710
5361 5711
5362 5712
5363 5713
5364 5714
5365 5715
5366 5716
5367 5717
5368 5719
5369 572
5370 5720
5371 5721
5372 5722
5373 5723
5374 5724
5375 5725
5376 5726
5377 5727
5378 5728
5379 5729
5380 5730
5381 5731
5382 5732
5383 5733
5384 5734
5385 5735
5386 5736
5387 5737
5388 5738
5389 5739
5390 574
5391 5740
5392 5741
5393 5742
5394 5743
5395 5744
5396 5745
5397 5746
5398 5747
5399 5748
5400 5749
5401 575
5402 5750
5403 5751
5404 5752
5405 5753
5406 5754
5407 5755
5408 5756
5409 5758
5410 5759
5411 576
5412 5760
5413 5761
5414 5762
5415 5763
5416 5764
5417 5765
5418 5766
5419 5767
5420 5768
5421 5769
5422 577
5423 5770
5424 5771
5425 5772
5426 5773
5427 5774
5428 5775
5429 5776
5430 5777
5431 5778
5432 5779
5433 578
5434 5780
5435 5781
5436 5782
5437 5783
5438 5784
5439 5785
5440 5786
5441 5787
5442 5788
5443 5789
5444 579
5445 5790
5446 5791
5447 5792
5448 5793
5449 5794
5450 5795
5451 5796
5452 5797
5453 5798
5454 5799
5455 580
5456 5800
5457 5801
5458 5802
5459 5803
5460 5804
5461 5805
5462 5806
5463 5807
5464 5808
5465 5809
5466 581
5467 5810
5468 5811
5469 5812
5470 5813
5471 5814
5472 5815
5473 5816
5474 5817
5475 5818
5476 5819
5477 582
5478 5820
5479 5821
5480 5822
5481 5823
5482 5824
5483 5825
5484 5826
5485 5827
5486 5828
5487 5829
5488 583
5489 5830
5490 5831
5491 5832
5492 5833
5493 5834
5494 5835
5495 5836
5496 5837
5497 5838
5498 5839
5499 584
5500 5840
5501 5841
5502 5842
5503 5843
5504 5844
5505 5845
5506 5846
5507 5847
5508 5848
5509 5849
5510 585
5511 5850
5512 5851
5513 5852
5514 5853
5515 5854
5516 5855
5517 5856
5518 5857
5519 5858
5520 5859
5521 586
5522 5860
5523 5861
5524 5862
5525 5863
5526 5864
5527 5865
5528 5866
5529 5867
5530 5868
5531 5869
5532 587
5533 5870
5534 5871
5535 5872
5536 5873
5537 5874
5538 5875
5539 5876
5540 5877
5541 5878
5542 5879
5543 588
5544 5880
5545 5881
5546 5882
5547 5883
5548 5884
5549 5885
5550 5886
5551 5887
5552 5888
5553 5889
5554 589
5555 5890
5556 5891
5557 5892
5558 5893
5559 5894
5560 5895
5561 5896
5562 5897
5563 5898
5564 5899
5565 59
5566 590
5567 5900
5568 5901
5569 5902
5570 5903
5571 5904
5572 5905
5573 5906
5574 5907
5575 5908
5576 5909
5577 591
5578 5910
5579 5911
5580 5912
5581 5913
5582 5914
5583 5915
5584 5916
5585 5917
5586 5918
5587 5919
5588 5920
5589 5921
5590 5922
5591 5923
5592 5924
5593 5925
5594 5926
5595 5927
5596 5928
5597 5929
5598 593
5599 5930
5600 5931
5601 5932
5602 5933
5603 5934
5604 5935
5605 5936
5606 5937
5607 5938
5608 5939
5609 594
5610 5940
5611 5941
5612 5942
5613 5943
5614 5944
5615 5945
5616 5946
5617 5947
5618 5948
5619 5949
5620 595
5621 5950
5622 5951
5623 5953
5624 5954
5625 5955
5626 5956
5627 5957
5628 5958
5629 5959
5630 596
5631 5960
5632 5961
5633 5962
5634 5963
5635 5964
5636 5965
5637 5966
5638 5967
5639 5968
5640 5969
5641 597
5642 5970
5643 5971
5644 5972
5645 7181
5646 8766
5647 8767
5648 8768
5649 5973
5650 5974
5651 5975
5652 5976
5653 5977
5654 5978
5655 5979
5656 598
5657 5980
5658 5981
5659 5982
5660 5983
5661 5984
5662 5985
5663 5986
5664 5987
5665 5988
5666 5989
5667 599
5668 5990
5669 5991
5670 5992
5671 5993
5672 5994
5673 5995
5674 5996
5675 5997
5676 5998
5677 5999
5678 6
5679 60
5680 600
5681 6000
5682 6001
5683 6002
5684 6003
5685 6004
5686 6005
5687 6006
5688 6007
5689 6008
5690 6009
5691 601
5692 6010
5693 6011
5694 6012
5695 6013
5696 6014
5697 6015
5698 6016
5699 6017
5700 6018
5701 6019
5702 602
5703 6020
5704 6021
5705 6022
5706 6023
5707 6024
5708 6025
5709 6026
5710 6027
5711 6028
5712 6029
5713 603
5714 6030
5715 6031
5716 6032
5717 6033
5718 6034
5719 6035
5720 6036
5721 6037
5722 6038
5723 6039
5724 604
5725 6040
5726 6041
5727 6042
5728 6043
5729 6044
5730 6045
5731 6046
5732 6048
5733 6049
5734 6050
5735 6051
5736 6052
5737 6053
5738 6054
5739 6055
5740 6056
5741 6057
5742 6058
5743 6059
5744 606
5745 6060
5746 6061
5747 6062
5748 6063
5749 6064
5750 6065
5751 6066
5752 6067
5753 6068
5754 6069
5755 6070
5756 6071
5757 6072
5758 6073
5759 6074
5760 6075
5761 6076
5762 6077
5763 6078
5764 6079
5765 608
5766 6080
5767 6081
5768 6082
5769 6083
5770 6084
5771 6085
5772 6086
5773 6087
5774 6088
5775 6089
5776 609
5777 6090
5778 6091
5779 6092
5780 6093
5781 6094
5782 6095
5783 6096
5784 6097
5785 6098
5786 6099
5787 6770
5788 610
5789 6100
5790 6101
5791 6102
5792 6103
5793 6104
5794 6105
5795 6106
5796 6107
5797 6108
5798 6109
5799 611
5800 6110
5801 6111
5802 6112
5803 6113
5804 6114
5805 6115
5806 6116
5807 6117
5808 6118
5809 6119
5810 612
5811 6120
5812 6121
5813 6122
5814 6123
5815 6124
5816 6125
5817 6126
5818 6127
5819 6128
5820 6129
5821 613
5822 6130
5823 6131
5824 6132
5825 6133
5826 6134
5827 6135
5828 6136
5829 6137
5830 6138
5831 6139
5832 614
5833 6140
5834 6141
5835 6142
5836 6143
5837 6144
5838 6145
5839 6146
5840 6147
5841 6148
5842 6149
5843 6150
5844 6151
5845 6152
5846 6153
5847 6154
5848 6155
5849 6156
5850 6157
5851 6158
5852 6159
5853 616
5854 6160
5855 6161
5856 6162
5857 6163
5858 6164
5859 6165
5860 6166
5861 6167
5862 6168
5863 6169
5864 617
5865 6170
5866 6171
5867 6172
5868 6173
5869 6174
5870 6175
5871 6176
5872 6177
5873 6178
5874 6179
5875 618
5876 6180
5877 6181
5878 6182
5879 6183
5880 6184
5881 6185
5882 6186
5883 6187
5884 6188
5885 6189
5886 619
5887 6190
5888 6191
5889 6192
5890 6193
5891 6194
5892 6195
5893 6196
5894 6197
5895 6198
5896 6199
5897 62
5898 620
5899 6200
5900 6201
5901 6202
5902 6203
5903 6204
5904 6205
5905 6206
5906 6207
5907 6208
5908 6209
5909 621
5910 6210
5911 6211
5912 6212
5913 6213
5914 6214
5915 6215
5916 6216
5917 6217
5918 6218
5919 6219
5920 622
5921 6220
5922 6221
5923 6222
5924 6223
5925 6224
5926 6225
5927 6226
5928 6227
5929 6228
5930 6229
5931 623
5932 6230
5933 6231
5934 6232
5935 6233
5936 6234
5937 6235
5938 6236
5939 6237
5940 6238
5941 6239
5942 624
5943 6240
5944 6241
5945 6242
5946 6243
5947 6244
5948 6245
5949 6246
5950 6247
5951 6248
5952 6249
5953 625
5954 6250
5955 6251
5956 6252
5957 6253
5958 6254
5959 6255
5960 6256
5961 6257
5962 6258
5963 6259
5964 626
5965 6260
5966 6261
5967 6262
5968 6263
5969 6264
5970 6265
5971 6266
5972 6267
5973 6268
5974 6269
5975 6270
5976 6271
5977 6272
5978 6273
5979 627
5980 6274
5981 6275
5982 6276
5983 6277
5984 6278
5985 6279
5986 6280
5987 6281
5988 6282
5989 6283
5990 6284
5991 6285
5992 6286
5993 6287
5994 6288
5995 6289
5996 629
5997 6290
5998 6291
5999 6292
6000 6293
6001 6294
6002 6295
6003 6296
6004 6297
6005 6298
6006 6299
6007 63
6008 6300
6009 6301
6010 6302
6011 6303
6012 6304
6013 6305
6014 6306
6015 6307
6016 6308
6017 6309
6018 631
6019 6310
6020 6311
6021 6312
6022 6313
6023 6314
6024 6315
6025 6316
6026 6317
6027 6318
6028 6319
6029 632
6030 6320
6031 6321
6032 6322
6033 6323
6034 6324
6035 6325
6036 6326
6037 6327
6038 6328
6039 6329
6040 633
6041 6330
6042 6331
6043 6332
6044 6333
6045 6334
6046 6335
6047 6336
6048 6337
6049 6338
6050 6339
6051 634
6052 635
6053 6340
6054 6341
6055 6342
6056 6343
6057 6344
6058 6345
6059 6346
6060 6347
6061 6348
6062 6349
6063 6350
6064 6351
6065 6352
6066 6353
6067 6354
6068 6355
6069 6356
6070 6357
6071 6358
6072 6359
6073 6360
6074 6361
6075 6362
6076 6363
6077 6364
6078 6365
6079 6366
6080 6367
6081 6368
6082 6369
6083 637
6084 6370
6085 6371
6086 6372
6087 6373
6088 6374
6089 6375
6090 6376
6091 6377
6092 6378
6093 6379
6094 638
6095 6380
6096 6381
6097 6382
6098 6383
6099 6384
6100 6385
6101 6386
6102 6387
6103 6388
6104 6389
6105 639
6106 6390
6107 6391
6108 6392
6109 6393
6110 6394
6111 6395
6112 6396
6113 6397
6114 6398
6115 6399
6116 64
6117 640
6118 6400
6119 6401
6120 6402
6121 6403
6122 6404
6123 6405
6124 6406
6125 6407
6126 6408
6127 6409
6128 641
6129 6410
6130 6411
6131 6412
6132 6413
6133 6414
6134 6415
6135 6416
6136 6417
6137 6418
6138 6419
6139 642
6140 6420
6141 6421
6142 6422
6143 6423
6144 6424
6145 6425
6146 6426
6147 6427
6148 6428
6149 6429
6150 643
6151 6430
6152 6431
6153 6432
6154 6433
6155 6434
6156 6435
6157 6436
6158 6437
6159 6438
6160 6439
6161 644
6162 6440
6163 6441
6164 6442
6165 6443
6166 6444
6167 6445
6168 6446
6169 6447
6170 6448
6171 6449
6172 645
6173 6450
6174 6451
6175 6452
6176 6453
6177 6454
6178 6455
6179 6456
6180 6457
6181 6458
6182 6459
6183 646
6184 6460
6185 6461
6186 6462
6187 6463
6188 6464
6189 6465
6190 6466
6191 6467
6192 6468
6193 6469
6194 647
6195 6470
6196 6471
6197 6472
6198 6473
6199 6474
6200 6475
6201 6476
6202 6477
6203 6478
6204 6479
6205 648
6206 6480
6207 6481
6208 6482
6209 6483
6210 6484
6211 6485
6212 6486
6213 6487
6214 6488
6215 6489
6216 649
6217 6490
6218 6491
6219 6492
6220 6493
6221 6494
6222 6495
6223 6496
6224 6497
6225 6498
6226 6499
6227 650
6228 6500
6229 6501
6230 6502
6231 6503
6232 6504
6233 6505
6234 6989
6235 6506
6236 6507
6237 6508
6238 6509
6239 651
6240 6510
6241 6511
6242 6512
6243 6513
6244 6514
6245 6515
6246 6516
6247 6517
6248 6518
6249 6519
6250 652
6251 6520
6252 6521
6253 6522
6254 6523
6255 6524
6256 6525
6257 6526
6258 6527
6259 6528
6260 6529
6261 653
6262 6530
6263 6531
6264 6532
6265 6533
6266 6534
6267 6535
6268 6536
6269 6537
6270 6538
6271 6539
6272 654
6273 6540
6274 6541
6275 6542
6276 6543
6277 6544
6278 6545
6279 6546
6280 6547
6281 6548
6282 6549
6283 655
6284 6550
6285 6551
6286 6552
6287 6553
6288 6554
6289 6555
6290 6556
6291 6557
6292 6558
6293 6559
6294 656
6295 6560
6296 6561
6297 6562
6298 6563
6299 6564
6300 6565
6301 6566
6302 6567
6303 6568
6304 6569
6305 6570
6306 6571
6307 657
6308 6572
6309 6573
6310 6574
6311 6575
6312 6576
6313 6577
6314 6578
6315 6579
6316 6580
6317 6581
6318 6582
6319 6583
6320 6584
6321 6585
6322 6586
6323 6587
6324 6588
6325 6589
6326 659
6327 6590
6328 6591
6329 6592
6330 6593
6331 6594
6332 6595
6333 6596
6334 6598
6335 6599
6336 66
6337 6600
6338 6601
6339 6602
6340 6603
6341 6604
6342 6605
6343 6606
6344 6607
6345 6608
6346 6609
6347 6610
6348 6611
6349 6612
6350 6613
6351 6614
6352 6615
6353 6616
6354 6617
6355 6618
6356 662
6357 6620
6358 6621
6359 6622
6360 6623
6361 6624
6362 6625
6363 6626
6364 6627
6365 6628
6366 6629
6367 663
6368 6630
6369 6631
6370 6632
6371 6633
6372 6634
6373 6635
6374 6636
6375 6637
6376 6638
6377 6639
6378 664
6379 6640
6380 6641
6381 6642
6382 6643
6383 6644
6384 6645
6385 6646
6386 665
6387 666
6388 6660
6389 6661
6390 6662
6391 6663
6392 6664
6393 6665
6394 6666
6395 6667
6396 6668
6397 6669
6398 667
6399 6670
6400 6671
6401 6672
6402 6673
6403 6674
6404 6675
6405 6676
6406 6677
6407 6678
6408 6679
6409 668
6410 6680
6411 6681
6412 6682
6413 6683
6414 6684
6415 6685
6416 6686
6417 6687
6418 6688
6419 6689
6420 669
6421 6690
6422 6691
6423 6692
6424 6693
6425 6694
6426 6695
6427 6696
6428 6697
6429 6698
6430 6699
6431 67
6432 670
6433 6700
6434 6701
6435 6702
6436 6703
6437 6704
6438 6705
6439 6706
6440 6707
6441 6708
6442 6709
6443 671
6444 6710
6445 6711
6446 6712
6447 6713
6448 6714
6449 6715
6450 6716
6451 6717
6452 6718
6453 6719
6454 672
6455 6720
6456 6721
6457 6722
6458 6723
6459 6724
6460 6725
6461 6726
6462 6727
6463 6728
6464 6729
6465 673
6466 6730
6467 6731
6468 6732
6469 6733
6470 6734
6471 6735
6472 6736
6473 6737
6474 6738
6475 6739
6476 674
6477 6740
6478 6741
6479 6742
6480 6743
6481 6744
6482 6745
6483 6746
6484 6747
6485 6748
6486 675
6487 6750
6488 6751
6489 6752
6490 6753
6491 6754
6492 6755
6493 6756
6494 6757
6495 6758
6496 6759
6497 676
6498 6760
6499 6761
6500 6762
6501 6763
6502 6764
6503 6765
6504 6766
6505 6767
6506 6768
6507 6769
6508 677
6509 6771
6510 6772
6511 6773
6512 6774
6513 6775
6514 6776
6515 6777
6516 6778
6517 6779
6518 678
6519 6780
6520 6781
6521 6782
6522 6783
6523 6784
6524 6785
6525 6786
6526 6787
6527 6788
6528 6789
6529 6790
6530 6791
6531 6792
6532 6793
6533 6794
6534 6795
6535 6796
6536 6797
6537 6798
6538 6799
6539 68
6540 680
6541 6800
6542 6801
6543 6802
6544 6803
6545 6804
6546 6805
6547 6806
6548 6807
6549 6808
6550 6809
6551 681
6552 6810
6553 6811
6554 6812
6555 6813
6556 6814
6557 6815
6558 6816
6559 6817
6560 6818
6561 6819
6562 682
6563 6820
6564 6821
6565 6822
6566 6823
6567 6824
6568 6825
6569 6826
6570 6827
6571 6828
6572 6829
6573 683
6574 6830
6575 6831
6576 6832
6577 6833
6578 6834
6579 6835
6580 6836
6581 6837
6582 6838
6583 6839
6584 684
6585 6840
6586 6841
6587 6842
6588 6843
6589 6844
6590 6845
6591 6846
6592 6847
6593 6848
6594 6849
6595 685
6596 6850
6597 6851
6598 6852
6599 6853
6600 6854
6601 6855
6602 6856
6603 6857
6604 6858
6605 6859
6606 686
6607 6860
6608 6861
6609 6862
6610 6863
6611 6864
6612 6865
6613 6866
6614 6867
6615 6868
6616 6869
6617 6870
6618 6871
6619 6872
6620 6873
6621 6874
6622 6875
6623 6876
6624 6877
6625 6878
6626 6879
6627 688
6628 6880
6629 6881
6630 6882
6631 6883
6632 6884
6633 6885
6634 6886
6635 6887
6636 6888
6637 6889
6638 689
6639 6890
6640 6891
6641 6892
6642 6893
6643 6894
6644 6895
6645 69
6646 690
6647 7951
6648 6904
6649 6905
6650 6906
6651 8456
6652 6909
6653 691
6654 6910
6655 6911
6656 6912
6657 6913
6658 6914
6659 6915
6660 6916
6661 6917
6662 6918
6663 6919
6664 692
6665 6920
6666 6921
6667 6922
6668 6923
6669 6924
6670 6925
6671 6926
6672 6927
6673 693
6674 6930
6675 6931
6676 6932
6677 6933
6678 6934
6679 6935
6680 6936
6681 6937
6682 6938
6683 6939
6684 694
6685 6940
6686 6942
6687 6943
6688 6944
6689 6945
6690 6946
6691 6947
6692 6948
6693 6949
6694 6950
6695 6951
6696 6952
6697 6953
6698 6954
6699 6955
6700 6956
6701 6957
6702 6958
6703 6959
6704 696
6705 6960
6706 6961
6707 6962
6708 6963
6709 6964
6710 6965
6711 6966
6712 6967
6713 6968
6714 6969
6715 697
6716 6970
6717 6971
6718 6972
6719 6973
6720 6974
6721 6975
6722 6976
6723 6977
6724 6978
6725 6979
6726 698
6727 6980
6728 6981
6729 6982
6730 6983
6731 6984
6732 6985
6733 6986
6734 6987
6735 6988
6736 6990
6737 6991
6738 6992
6739 6993
6740 6994
6741 6995
6742 6996
6743 6997
6744 6998
6745 6999
6746 700
6747 7000
6748 7001
6749 7002
6750 7003
6751 7004
6752 7005
6753 7006
6754 7007
6755 7008
6756 7009
6757 701
6758 7010
6759 7011
6760 7012
6761 7013
6762 7014
6763 7015
6764 7016
6765 7017
6766 7018
6767 7019
6768 702
6769 7020
6770 7021
6771 7022
6772 7023
6773 7024
6774 7025
6775 7026
6776 7027
6777 7028
6778 7029
6779 703
6780 7030
6781 7031
6782 7032
6783 7033
6784 7034
6785 7035
6786 7036
6787 7037
6788 7038
6789 7039
6790 704
6791 7040
6792 7041
6793 7042
6794 7043
6795 7044
6796 7045
6797 7046
6798 7047
6799 7048
6800 7049
6801 705
6802 7050
6803 7051
6804 7052
6805 7053
6806 7054
6807 7055
6808 7056
6809 7057
6810 7058
6811 7059
6812 7060
6813 7061
6814 7062
6815 7063
6816 7064
6817 7065
6818 7066
6819 7067
6820 7068
6821 7069
6822 707
6823 7070
6824 7071
6825 7072
6826 7073
6827 7074
6828 7075
6829 7076
6830 7077
6831 7078
6832 7079
6833 708
6834 7080
6835 7081
6836 7082
6837 7083
6838 7084
6839 7085
6840 7086
6841 7087
6842 7088
6843 7089
6844 709
6845 7090
6846 7091
6847 7092
6848 7093
6849 7095
6850 7096
6851 7097
6852 7098
6853 7099
6854 710
6855 7100
6856 7101
6857 7102
6858 7103
6859 7104
6860 7105
6861 7106
6862 7107
6863 7108
6864 7109
6865 711
6866 7110
6867 7111
6868 7112
6869 7113
6870 7114
6871 7115
6872 7116
6873 7117
6874 7118
6875 7119
6876 712
6877 7120
6878 7122
6879 7123
6880 7124
6881 7125
6882 7126
6883 7127
6884 7128
6885 7129
6886 713
6887 7130
6888 7131
6889 7132
6890 7133
6891 7134
6892 7135
6893 7136
6894 7137
6895 7138
6896 7139
6897 714
6898 7140
6899 7141
6900 7142
6901 7143
6902 7144
6903 7145
6904 7146
6905 7147
6906 7148
6907 7149
6908 715
6909 7150
6910 7151
6911 7152
6912 7153
6913 7154
6914 7155
6915 7156
6916 7157
6917 7158
6918 7159
6919 716
6920 7160
6921 7161
6922 7162
6923 7163
6924 7164
6925 7165
6926 7166
6927 7167
6928 7168
6929 7169
6930 7170
6931 717
6932 7171
6933 7172
6934 7173
6935 7174
6936 7175
6937 7176
6938 7177
6939 7178
6940 7179
6941 7180
6942 718
6943 7182
6944 7183
6945 7184
6946 7185
6947 7186
6948 7187
6949 7188
6950 7189
6951 719
6952 7190
6953 7191
6954 7192
6955 7193
6956 7194
6957 7195
6958 7196
6959 7197
6960 7198
6961 7199
6962 720
6963 7200
6964 7201
6965 7202
6966 7203
6967 7204
6968 7205
6969 7206
6970 7207
6971 7208
6972 7209
6973 7210
6974 7211
6975 7212
6976 7213
6977 7214
6978 7215
6979 7216
6980 7217
6981 7218
6982 7219
6983 722
6984 723
6985 7220
6986 7221
6987 7222
6988 7223
6989 7224
6990 7225
6991 7226
6992 7227
6993 7228
6994 7229
6995 7230
6996 7231
6997 7232
6998 7233
6999 7234
7000 7235
7001 7236
7002 7237
7003 7238
7004 7239
7005 724
7006 7240
7007 7241
7008 7242
7009 7243
7010 7244
7011 7245
7012 7246
7013 7247
7014 7248
7015 7249
7016 7250
7017 7251
7018 7252
7019 7253
7020 7255
7021 7256
7022 7257
7023 7258
7024 7259
7025 726
7026 7260
7027 7261
7028 7262
7029 7263
7030 7264
7031 7265
7032 7266
7033 7267
7034 7268
7035 7269
7036 727
7037 7270
7038 7271
7039 7272
7040 7273
7041 7274
7042 7275
7043 7276
7044 7277
7045 7278
7046 7279
7047 728
7048 7280
7049 7281
7050 7282
7051 7283
7052 7284
7053 7285
7054 7286
7055 7287
7056 7288
7057 7289
7058 729
7059 7290
7060 7291
7061 7292
7062 7293
7063 7294
7064 7295
7065 7296
7066 7297
7067 7298
7068 7299
7069 730
7070 7300
7071 7301
7072 7302
7073 7303
7074 7304
7075 7305
7076 7306
7077 7307
7078 7308
7079 7309
7080 731
7081 7310
7082 7311
7083 7312
7084 7313
7085 7314
7086 7315
7087 7316
7088 7317
7089 7318
7090 7319
7091 732
7092 7320
7093 7321
7094 7322
7095 7323
7096 7324
7097 7325
7098 7326
7099 7327
7100 7328
7101 7329
7102 733
7103 7330
7104 7331
7105 7332
7106 7333
7107 7334
7108 7335
7109 7336
7110 7337
7111 7338
7112 7339
7113 734
7114 7340
7115 7341
7116 7342
7117 7343
7118 7344
7119 7345
7120 7346
7121 7347
7122 7348
7123 7349
7124 735
7125 7350
7126 7351
7127 7352
7128 7353
7129 7354
7130 7355
7131 7356
7132 7357
7133 7358
7134 7359
7135 7360
7136 736
7137 7361
7138 7362
7139 7363
7140 7364
7141 7365
7142 7366
7143 7367
7144 7368
7145 7369
7146 737
7147 7370
7148 7371
7149 7372
7150 7373
7151 7374
7152 7375
7153 7376
7154 7377
7155 7378
7156 7379
7157 7380
7158 7381
7159 7382
7160 7383
7161 7384
7162 7385
7163 7386
7164 7387
7165 7388
7166 7389
7167 739
7168 7390
7169 7391
7170 7392
7171 7393
7172 7394
7173 7395
7174 7396
7175 7397
7176 7398
7177 7399
7178 74
7179 740
7180 7400
7181 7401
7182 7402
7183 7403
7184 7404
7185 7405
7186 7406
7187 7407
7188 7408
7189 7409
7190 741
7191 7410
7192 7411
7193 7412
7194 7413
7195 7414
7196 7415
7197 7416
7198 7417
7199 7418
7200 7419
7201 742
7202 7420
7203 7421
7204 7422
7205 7423
7206 7424
7207 7425
7208 7426
7209 7427
7210 7428
7211 7429
7212 743
7213 7430
7214 7431
7215 7432
7216 7433
7217 7434
7218 7435
7219 7436
7220 7437
7221 7438
7222 7439
7223 744
7224 7440
7225 7441
7226 7442
7227 7443
7228 7444
7229 7445
7230 7447
7231 7448
7232 7449
7233 745
7234 7450
7235 7451
7236 7452
7237 7453
7238 7454
7239 7455
7240 7456
7241 7457
7242 7458
7243 7459
7244 746
7245 7460
7246 7461
7247 7462
7248 7463
7249 7464
7250 7465
7251 7466
7252 7467
7253 7469
7254 747
7255 7470
7256 7471
7257 7472
7258 7473
7259 7474
7260 7475
7261 7476
7262 7477
7263 7478
7264 7479
7265 748
7266 7480
7267 7481
7268 7482
7269 7483
7270 7484
7271 7485
7272 7486
7273 7487
7274 7488
7275 7489
7276 749
7277 7490
7278 7491
7279 7492
7280 7493
7281 7494
7282 7495
7283 7496
7284 7497
7285 7498
7286 7499
7287 7500
7288 75
7289 750
7290 7501
7291 7502
7292 7503
7293 7504
7294 7505
7295 7506
7296 7507
7297 7508
7298 7509
7299 751
7300 7510
7301 7511
7302 7512
7303 7513
7304 7514
7305 7515
7306 7516
7307 7517
7308 7518
7309 7519
7310 752
7311 7520
7312 7521
7313 7522
7314 7523
7315 7524
7316 7525
7317 7526
7318 7527
7319 7528
7320 7529
7321 753
7322 7530
7323 7531
7324 7532
7325 7533
7326 7534
7327 7535
7328 7536
7329 7537
7330 7538
7331 7539
7332 754
7333 7540
7334 7541
7335 7542
7336 7543
7337 7544
7338 7545
7339 7546
7340 7547
7341 7548
7342 7549
7343 755
7344 7550
7345 7551
7346 7552
7347 7553
7348 7554
7349 7555
7350 7556
7351 7557
7352 7558
7353 7559
7354 756
7355 7560
7356 7561
7357 7562
7358 7563
7359 7564
7360 7565
7361 7566
7362 7567
7363 7568
7364 7569
7365 757
7366 7570
7367 7571
7368 7572
7369 7573
7370 7574
7371 7575
7372 7576
7373 7577
7374 7578
7375 7579
7376 758
7377 7580
7378 7581
7379 7582
7380 7583
7381 7584
7382 7585
7383 7586
7384 7587
7385 7588
7386 7589
7387 759
7388 7590
7389 7591
7390 7592
7391 7593
7392 7594
7393 7595
7394 7596
7395 7597
7396 7598
7397 7599
7398 76
7399 760
7400 7600
7401 7601
7402 7602
7403 7603
7404 7604
7405 7605
7406 7606
7407 7607
7408 7608
7409 7609
7410 761
7411 7610
7412 7611
7413 7612
7414 7613
7415 7614
7416 7615
7417 7616
7418 7617
7419 7618
7420 7619
7421 762
7422 7620
7423 7621
7424 7622
7425 7623
7426 7624
7427 7625
7428 7626
7429 7627
7430 7628
7431 7629
7432 7630
7433 7631
7434 7632
7435 7633
7436 7634
7437 7635
7438 7636
7439 7637
7440 7638
7441 7639
7442 764
7443 7640
7444 7641
7445 7642
7446 7643
7447 7644
7448 7645
7449 7646
7450 7647
7451 7648
7452 7649
7453 765
7454 7650
7455 7651
7456 7652
7457 7653
7458 7654
7459 7655
7460 7656
7461 7657
7462 7658
7463 7659
7464 766
7465 7660
7466 7661
7467 7662
7468 7663
7469 7664
7470 7665
7471 7666
7472 7667
7473 7668
7474 7669
7475 767
7476 7670
7477 7671
7478 7672
7479 7673
7480 7674
7481 7675
7482 7676
7483 7677
7484 7678
7485 7679
7486 768
7487 7680
7488 7681
7489 7682
7490 7683
7491 7684
7492 7685
7493 7686
7494 7687
7495 7688
7496 7689
7497 769
7498 7690
7499 7691
7500 7692
7501 7693
7502 7694
7503 7695
7504 7696
7505 7698
7506 7699
7507 7700
7508 770
7509 7701
7510 7702
7511 7703
7512 7704
7513 7705
7514 7706
7515 7707
7516 7708
7517 7709
7518 771
7519 7710
7520 7711
7521 7712
7522 7713
7523 7714
7524 7715
7525 7716
7526 7717
7527 7718
7528 7719
7529 772
7530 7720
7531 7721
7532 7722
7533 7723
7534 7724
7535 7725
7536 7726
7537 7727
7538 7728
7539 7729
7540 773
7541 7730
7542 7731
7543 7732
7544 7733
7545 7734
7546 7735
7547 7736
7548 7737
7549 7738
7550 7739
7551 774
7552 7740
7553 7741
7554 7742
7555 7743
7556 7744
7557 7745
7558 7746
7559 7747
7560 7748
7561 7749
7562 775
7563 7750
7564 7751
7565 7752
7566 7753
7567 7754
7568 7755
7569 7756
7570 7757
7571 7758
7572 7759
7573 776
7574 7760
7575 7761
7576 7762
7577 7763
7578 7764
7579 7765
7580 7766
7581 7767
7582 7768
7583 7769
7584 777
7585 778
7586 7770
7587 7771
7588 7772
7589 7774
7590 7775
7591 7776
7592 7777
7593 7778
7594 7779
7595 7780
7596 7781
7597 7782
7598 7783
7599 7784
7600 7785
7601 7786
7602 7787
7603 7788
7604 7789
7605 779
7606 7792
7607 7793
7608 7794
7609 7795
7610 7796
7611 7797
7612 7798
7613 7799
7614 78
7615 7800
7616 7801
7617 7802
7618 7803
7619 7804
7620 7805
7621 7806
7622 7807
7623 7808
7624 7809
7625 781
7626 7810
7627 7811
7628 7812
7629 7813
7630 7814
7631 7815
7632 7816
7633 7817
7634 7818
7635 7819
7636 782
7637 7820
7638 7821
7639 7822
7640 7823
7641 7824
7642 7825
7643 7826
7644 7827
7645 7828
7646 7829
7647 783
7648 7830
7649 7831
7650 7832
7651 7833
7652 7834
7653 7835
7654 7836
7655 7837
7656 7838
7657 7839
7658 7840
7659 784
7660 7841
7661 7842
7662 7843
7663 7844
7664 7845
7665 7846
7666 7847
7667 7848
7668 7849
7669 785
7670 7850
7671 7851
7672 7852
7673 7853
7674 7854
7675 7855
7676 7856
7677 7857
7678 7858
7679 7859
7680 786
7681 7860
7682 7861
7683 7862
7684 7863
7685 7864
7686 7865
7687 7866
7688 7867
7689 7868
7690 7869
7691 787
7692 7870
7693 7871
7694 7872
7695 7873
7696 7874
7697 7875
7698 7876
7699 7877
7700 7878
7701 7879
7702 7880
7703 7881
7704 7882
7705 7883
7706 7884
7707 7885
7708 7886
7709 7887
7710 7888
7711 7889
7712 789
7713 7890
7714 7891
7715 7892
7716 7893
7717 7894
7718 7895
7719 7896
7720 7897
7721 7898
7722 7899
7723 790
7724 7900
7725 7901
7726 7902
7727 7903
7728 7904
7729 7905
7730 7906
7731 7907
7732 7908
7733 7909
7734 791
7735 7910
7736 7911
7737 7912
7738 7913
7739 7914
7740 7915
7741 7916
7742 7917
7743 7918
7744 7919
7745 792
7746 7920
7747 7921
7748 7922
7749 7923
7750 7924
7751 7925
7752 7926
7753 7927
7754 7928
7755 7929
7756 793
7757 7930
7758 7931
7759 7932
7760 7933
7761 7934
7762 7935
7763 7936
7764 7937
7765 7938
7766 7939
7767 794
7768 7940
7769 7941
7770 7942
7771 7943
7772 7944
7773 7945
7774 7946
7775 7947
7776 7948
7777 7949
7778 795
7779 7950
7780 7952
7781 7953
7782 7954
7783 7955
7784 7956
7785 7957
7786 7958
7787 7959
7788 7960
7789 7961
7790 7962
7791 7963
7792 7964
7793 7965
7794 7966
7795 7967
7796 7968
7797 7969
7798 797
7799 7970
7800 7971
7801 7972
7802 7973
7803 7974
7804 7975
7805 7976
7806 7977
7807 7978
7808 7979
7809 798
7810 7980
7811 7981
7812 7982
7813 7983
7814 7984
7815 7985
7816 7986
7817 7987
7818 7988
7819 7989
7820 799
7821 7990
7822 7991
7823 7992
7824 7993
7825 7994
7826 7995
7827 7996
7828 7997
7829 7998
7830 7999
7831 8
7832 80
7833 800
7834 8000
7835 8001
7836 8002
7837 8003
7838 8004
7839 8005
7840 8006
7841 8007
7842 8008
7843 8009
7844 801
7845 8010
7846 8011
7847 8012
7848 8013
7849 8014
7850 8015
7851 8016
7852 8017
7853 8018
7854 8019
7855 802
7856 8020
7857 8021
7858 8022
7859 8023
7860 8024
7861 8025
7862 8026
7863 8027
7864 8028
7865 8029
7866 803
7867 804
7868 8030
7869 8031
7870 8032
7871 8033
7872 8034
7873 8035
7874 8036
7875 8037
7876 8038
7877 8039
7878 8040
7879 8041
7880 8042
7881 8043
7882 8044
7883 8045
7884 8046
7885 8047
7886 8049
7887 8050
7888 805
7889 8051
7890 8052
7891 8053
7892 8054
7893 8055
7894 8056
7895 8057
7896 8058
7897 8059
7898 806
7899 8060
7900 8061
7901 8062
7902 8063
7903 8064
7904 8065
7905 8066
7906 8067
7907 8068
7908 8069
7909 807
7910 8070
7911 8071
7912 8072
7913 8073
7914 8074
7915 8075
7916 8076
7917 8077
7918 8078
7919 8079
7920 808
7921 8080
7922 8081
7923 8082
7924 8083
7925 8084
7926 8085
7927 8086
7928 8087
7929 8088
7930 8089
7931 809
7932 8090
7933 8091
7934 8092
7935 8093
7936 8094
7937 8095
7938 8096
7939 8097
7940 8098
7941 8099
7942 81
7943 810
7944 8100
7945 8101
7946 8102
7947 8103
7948 8104
7949 8105
7950 8106
7951 8107
7952 8108
7953 8109
7954 811
7955 8110
7956 8111
7957 8112
7958 8113
7959 8114
7960 8115
7961 8116
7962 8117
7963 8118
7964 8119
7965 8120
7966 812
7967 8121
7968 8122
7969 8123
7970 8124
7971 8125
7972 8126
7973 8127
7974 8128
7975 8129
7976 813
7977 8130
7978 8131
7979 8132
7980 8133
7981 8134
7982 8135
7983 8136
7984 8137
7985 8138
7986 8139
7987 814
7988 8140
7989 8141
7990 8142
7991 8143
7992 8144
7993 8145
7994 8146
7995 8147
7996 8148
7997 8149
7998 815
7999 8150
8000 8151
8001 8152
8002 8153
8003 8154
8004 8155
8005 8156
8006 8157
8007 8158
8008 8159
8009 8160
8010 8161
8011 8162
8012 8163
8013 8164
8014 8165
8015 8166
8016 8167
8017 8168
8018 8169
8019 817
8020 8170
8021 8171
8022 8172
8023 8173
8024 8174
8025 8175
8026 8176
8027 8177
8028 8178
8029 8179
8030 818
8031 8180
8032 8181
8033 8182
8034 8183
8035 8184
8036 8185
8037 8186
8038 8187
8039 8188
8040 8189
8041 819
8042 8190
8043 8191
8044 8192
8045 8193
8046 8194
8047 8195
8048 8196
8049 8197
8050 8198
8051 8199
8052 820
8053 8200
8054 8201
8055 8202
8056 8203
8057 8204
8058 8205
8059 8206
8060 8207
8061 8208
8062 8209
8063 821
8064 8210
8065 8211
8066 8212
8067 8213
8068 8214
8069 8215
8070 8216
8071 8217
8072 8218
8073 8219
8074 822
8075 8220
8076 8221
8077 8222
8078 8223
8079 8224
8080 8225
8081 8226
8082 8227
8083 8228
8084 8229
8085 823
8086 8230
8087 8231
8088 8232
8089 8233
8090 8234
8091 8235
8092 8236
8093 8237
8094 8238
8095 8239
8096 8240
8097 8241
8098 8242
8099 824
8100 8243
8101 8244
8102 8245
8103 8246
8104 8247
8105 8248
8106 8249
8107 825
8108 8250
8109 8251
8110 8252
8111 8253
8112 8254
8113 8255
8114 8257
8115 8258
8116 8259
8117 826
8118 8260
8119 8261
8120 8262
8121 8263
8122 8264
8123 8265
8124 8266
8125 8267
8126 8268
8127 8269
8128 827
8129 8270
8130 8271
8131 8272
8132 8273
8133 8274
8134 8275
8135 8276
8136 8277
8137 8278
8138 8279
8139 828
8140 8280
8141 8281
8142 8282
8143 8283
8144 8284
8145 8285
8146 8286
8147 8287
8148 8288
8149 8289
8150 829
8151 8290
8152 8291
8153 8292
8154 8293
8155 8294
8156 8295
8157 8296
8158 8297
8159 8298
8160 8299
8161 83
8162 830
8163 8300
8164 8301
8165 8302
8166 8303
8167 8304
8168 8305
8169 8306
8170 8307
8171 8308
8172 8309
8173 831
8174 8310
8175 8311
8176 8312
8177 8313
8178 8314
8179 8315
8180 8316
8181 8317
8182 8318
8183 8319
8184 832
8185 8320
8186 8321
8187 8322
8188 8323
8189 8324
8190 8325
8191 8326
8192 8327
8193 8328
8194 8329
8195 833
8196 8330
8197 8331
8198 8332
8199 8333
8200 8334
8201 8335
8202 8336
8203 8337
8204 8338
8205 8339
8206 834
8207 8340
8208 8341
8209 8342
8210 8343
8211 8344
8212 8345
8213 8346
8214 8347
8215 8348
8216 8349
8217 8350
8218 8351
8219 8352
8220 8353
8221 8354
8222 8355
8223 8356
8224 8357
8225 8358
8226 8359
8227 836
8228 8360
8229 8361
8230 8362
8231 8363
8232 8364
8233 8365
8234 8366
8235 8367
8236 8368
8237 8369
8238 8370
8239 8371
8240 8372
8241 8373
8242 8374
8243 8375
8244 8376
8245 8377
8246 8378
8247 8379
8248 8380
8249 8381
8250 837
8251 838
8252 839
8253 8382
8254 8383
8255 8384
8256 8385
8257 8386
8258 8387
8259 8388
8260 8389
8261 8390
8262 8391
8263 8392
8264 8393
8265 8394
8266 8395
8267 8396
8268 8397
8269 8398
8270 8399
8271 8400
8272 84
8273 840
8274 8401
8275 8402
8276 8403
8277 8404
8278 8405
8279 8406
8280 8407
8281 8408
8282 8409
8283 841
8284 8410
8285 8411
8286 8412
8287 8413
8288 8414
8289 8415
8290 8416
8291 8417
8292 8418
8293 8419
8294 8420
8295 842
8296 8421
8297 8422
8298 8423
8299 8424
8300 8425
8301 8426
8302 8427
8303 8428
8304 8429
8305 843
8306 8430
8307 8431
8308 8432
8309 8433
8310 8434
8311 8435
8312 8436
8313 8437
8314 8438
8315 844
8316 8443
8317 845
8318 8450
8319 8451
8320 8452
8321 8453
8322 8454
8323 8455
8324 8457
8325 8458
8326 8459
8327 846
8328 8460
8329 8461
8330 8462
8331 8463
8332 8464
8333 8465
8334 8466
8335 8467
8336 8468
8337 8469
8338 847
8339 8470
8340 8471
8341 8472
8342 8473
8343 8474
8344 8475
8345 8476
8346 8477
8347 8478
8348 8479
8349 8480
8350 8481
8351 848
8352 8482
8353 8483
8354 8484
8355 8485
8356 8486
8357 8487
8358 8488
8359 8489
8360 849
8361 8490
8362 8491
8363 8492
8364 8493
8365 8494
8366 8495
8367 8496
8368 8497
8369 8498
8370 8499
8371 85
8372 850
8373 8500
8374 8501
8375 8502
8376 8503
8377 8504
8378 8505
8379 8506
8380 8507
8381 8508
8382 8509
8383 851
8384 8510
8385 8511
8386 8512
8387 8513
8388 8514
8389 8515
8390 8516
8391 8517
8392 8518
8393 8519
8394 852
8395 8520
8396 8521
8397 8522
8398 8523
8399 8524
8400 8525
8401 8526
8402 8527
8403 8528
8404 8529
8405 853
8406 8530
8407 8531
8408 8532
8409 8533
8410 8534
8411 8535
8412 8536
8413 8537
8414 8538
8415 8539
8416 854
8417 8540
8418 8541
8419 8542
8420 8543
8421 8544
8422 8545
8423 8546
8424 8547
8425 8548
8426 8549
8427 855
8428 8550
8429 8551
8430 8552
8431 8553
8432 8554
8433 8555
8434 8556
8435 8557
8436 8558
8437 8559
8438 856
8439 8560
8440 8561
8441 8562
8442 8563
8443 8564
8444 8565
8445 8566
8446 8567
8447 8568
8448 8569
8449 857
8450 8570
8451 8571
8452 8572
8453 8573
8454 8574
8455 8575
8456 8576
8457 8577
8458 8578
8459 8579
8460 858
8461 8580
8462 8581
8463 8582
8464 8583
8465 8584
8466 8585
8467 8586
8468 8587
8469 8588
8470 8589
8471 859
8472 8590
8473 8591
8474 8592
8475 8593
8476 8594
8477 8595
8478 8596
8479 8597
8480 8598
8481 8599
8482 86
8483 860
8484 8600
8485 8601
8486 8602
8487 8603
8488 8604
8489 8605
8490 8606
8491 8607
8492 8608
8493 8609
8494 861
8495 8610
8496 8611
8497 8612
8498 8613
8499 8614
8500 8615
8501 8616
8502 8617
8503 8618
8504 8619
8505 862
8506 8620
8507 8621
8508 8622
8509 8623
8510 8624
8511 8625
8512 8626
8513 8627
8514 8628
8515 8629
8516 863
8517 8630
8518 8631
8519 8632
8520 8633
8521 8634
8522 8635
8523 8636
8524 8637
8525 8638
8526 8639
8527 8640
8528 8641
8529 8642
8530 8643
8531 8644
8532 8645
8533 8646
8534 8647
8535 8648
8536 8649
8537 865
8538 8650
8539 8651
8540 8652
8541 8653
8542 8654
8543 8655
8544 8656
8545 8657
8546 8658
8547 8659
8548 866
8549 8660
8550 8661
8551 8662
8552 8663
8553 8664
8554 8665
8555 8666
8556 8667
8557 8668
8558 8669
8559 867
8560 8670
8561 8671
8562 8672
8563 8673
8564 8674
8565 8675
8566 8676
8567 8677
8568 8678
8569 8679
8570 868
8571 8680
8572 8681
8573 869
8574 8694
8575 8695
8576 8696
8577 8697
8578 8698
8579 8699
8580 870
8581 8700
8582 8703
8583 8704
8584 8705
8585 8706
8586 8707
8587 8708
8588 8709
8589 871
8590 8710
8591 8711
8592 8712
8593 8713
8594 8714
8595 8715
8596 8716
8597 8717
8598 8718
8599 8719
8600 872
8601 8720
8602 8721
8603 8722
8604 8723
8605 8724
8606 8725
8607 8726
8608 8727
8609 8728
8610 8729
8611 873
8612 8730
8613 8731
8614 8732
8615 8733
8616 8734
8617 8735
8618 8736
8619 8737
8620 8738
8621 8739
8622 874
8623 8740
8624 8741
8625 8742
8626 8743
8627 8744
8628 8745
8629 8746
8630 8747
8631 8748
8632 8749
8633 875
8634 8750
8635 8751
8636 8752
8637 8753
8638 8754
8639 8755
8640 8756
8641 8757
8642 8758
8643 8759
8644 876
8645 8760
8646 8761
8647 8762
8648 8763
8649 8764
8650 8765
8651 8769
8652 877
8653 8770
8654 8771
8655 8772
8656 8773
8657 8774
8658 8775
8659 8776
8660 8777
8661 8778
8662 8779
8663 8780
8664 878
8665 8781
8666 8782
8667 8783
8668 8784
8669 8785
8670 8786
8671 8787
8672 8788
8673 8789
8674 879
8675 8790
8676 8791
8677 8792
8678 8793
8679 8794
8680 8795
8681 8796
8682 8797
8683 8798
8684 8799
8685 88
8686 880
8687 8800
8688 8801
8689 8802
8690 8803
8691 8804
8692 8805
8693 8806
8694 8807
8695 8808
8696 8809
8697 881
8698 8810
8699 8811
8700 8812
8701 8813
8702 8814
8703 8815
8704 8816
8705 8817
8706 8818
8707 8819
8708 882
8709 8820
8710 8821
8711 8822
8712 8823
8713 8824
8714 8825
8715 8826
8716 8827
8717 8828
8718 8829
8719 883
8720 8830
8721 8831
8722 8832
8723 8833
8724 8834
8725 8835
8726 8836
8727 8837
8728 8838
8729 8839
8730 884
8731 8840
8732 8841
8733 8842
8734 8843
8735 8844
8736 8845
8737 8846
8738 8847
8739 8848
8740 8849
8741 885
8742 8850
8743 8851
8744 8852
8745 8853
8746 8854
8747 8855
8748 8856
8749 8857
8750 8858
8751 8859
8752 8860
8753 8861
8754 8862
8755 8863
8756 8864
8757 8865
8758 8866
8759 8867
8760 8868
8761 8869
8762 887
8763 8870
8764 8871
8765 8872
8766 8873
8767 8874
8768 8875
8769 8876
8770 8877
8771 8878
8772 8879
8773 888
8774 8880
8775 8881
8776 8882
8777 8883
8778 8884
8779 8885
8780 8886
8781 8887
8782 8888
8783 8889
8784 889
8785 8890
8786 8891
8787 8892
8788 8893
8789 8894
8790 8895
8791 8896
8792 8897
8793 8898
8794 8899
8795 89
8796 890
8797 8900
8798 8901
8799 8902
8800 8903
8801 8904
8802 8905
8803 8906
8804 8907
8805 8908
8806 8909
8807 891
8808 8910
8809 8911
8810 8912
8811 8913
8812 8914
8813 8915
8814 8916
8815 8917
8816 8918
8817 8919
8818 892
8819 8920
8820 8921
8821 8922
8822 8923
8823 8924
8824 8925
8825 8926
8826 8927
8827 8928
8828 8929
8829 893
8830 8930
8831 8931
8832 8932
8833 8933
8834 8934
8835 8935
8836 8936
8837 8937
8838 8938
8839 8939
8840 894
8841 8940
8842 8941
8843 8942
8844 8943
8845 8944
8846 8945
8847 8946
8848 8947
8849 8948
8850 8949
8851 895
8852 8950
8853 8951
8854 8952
8855 8953
8856 8954
8857 8955
8858 8956
8859 8957
8860 8958
8861 8959
8862 896
8863 8960
8864 8961
8865 8962
8866 8963
8867 8964
8868 8965
8869 8966
8870 8967
8871 8968
8872 8969
8873 897
8874 8970
8875 8971
8876 8972
8877 8973
8878 8974
8879 8975
8880 8976
8881 8977
8882 8978
8883 8979
8884 898
8885 8980
8886 8981
8887 8982
8888 8983
8889 8984
8890 8985
8891 8986
8892 8987
8893 8988
8894 8989
8895 899
8896 8990
8897 8991
8898 8992
8899 8993
8900 8994
8901 8995
8902 8996
8903 8997
8904 8998
8905 8999
8906 90
8907 900
8908 9000
8909 9001
8910 9002
8911 9003
8912 9004
8913 9005
8914 9006
8915 9007
8916 9008
8917 9009
8918 901
8919 9010
8920 9011
8921 9012
8922 9013
8923 9014
8924 9015
8925 9016
8926 9017
8927 9018
8928 9019
8929 902
8930 9020
8931 9021
8932 9022
8933 9023
8934 9024
8935 9025
8936 9026
8937 9027
8938 9028
8939 9029
8940 903
8941 9030
8942 9031
8943 9032
8944 9033
8945 9034
8946 9035
8947 9036
8948 9037
8949 9038
8950 9039
8951 904
8952 9040
8953 9041
8954 9042
8955 9043
8956 9044
8957 9045
8958 9046
8959 9047
8960 9048
8961 9049
8962 905
8963 9050
8964 9051
8965 9052
8966 9053
8967 9054
8968 9055
8969 9056
8970 9057
8971 9058
8972 9059
8973 906
8974 9060
8975 9061
8976 9062
8977 9063
8978 9064
8979 9065
8980 9066
8981 9067
8982 9068
8983 9069
8984 907
8985 9070
8986 9071
8987 9072
8988 9073
8989 9074
8990 9075
8991 9076
8992 9077
8993 9078
8994 9079
8995 9080
8996 9081
8997 9082
8998 9083
8999 9084
9000 9085
9001 9086
9002 9087
9003 9088
9004 9089
9005 909
9006 9090
9007 9091
9008 9092
9009 9093
9010 9094
9011 9095
9012 9096
9013 9097
9014 9098
9015 9099
9016 91
9017 910
9018 9100
9019 9101
9020 9102
9021 9103
9022 9104
9023 9105
9024 9106
9025 9107
9026 9108
9027 9109
9028 911
9029 9110
9030 9111
9031 9112
9032 9113
9033 9114
9034 9115
9035 9116
9036 9117
9037 9118
9038 9119
9039 912
9040 9120
9041 9121
9042 9122
9043 9123
9044 9124
9045 9125
9046 9126
9047 9127
9048 9128
9049 9129
9050 913
9051 9130
9052 9131
9053 9132
9054 9133
9055 9134
9056 9135
9057 9136
9058 9137
9059 9138
9060 9139
9061 914
9062 9140
9063 9141
9064 9142
9065 9143
9066 9144
9067 9145
9068 9146
9069 9147
9070 9148
9071 9149
9072 915
9073 9150
9074 9151
9075 9152
9076 9153
9077 9154
9078 9155
9079 9156
9080 9157
9081 9158
9082 9159
9083 916
9084 9160
9085 9161
9086 9162
9087 9163
9088 9164
9089 9165
9090 9166
9091 9167
9092 9168
9093 9169
9094 9170
9095 917
9096 9171
9097 9172
9098 9173
9099 9174
9100 9175
9101 9176
9102 9177
9103 9178
9104 9179
9105 918
9106 9180
9107 9181
9108 9182
9109 9183
9110 9184
9111 9185
9112 9186
9113 9187
9114 9188
9115 9189
9116 919
9117 9190
9118 9191
9119 9193
9120 9194
9121 9195
9122 9196
9123 9197
9124 9198
9125 9199
9126 92
9127 920
9128 9200
9129 9201
9130 9202
9131 9203
9132 9204
9133 9205
9134 9206
9135 9207
9136 9208
9137 9209
9138 921
9139 9210
9140 9211
9141 9212
9142 9213
9143 9214
9144 9215
9145 9216
9146 9217
9147 9218
9148 9219
9149 922
9150 9220
9151 9221
9152 9222
9153 9223
9154 9224
9155 9225
9156 9226
9157 9227
9158 9228
9159 9229
9160 923
9161 9230
9162 9231
9163 9232
9164 9233
9165 9234
9166 9235
9167 9236
9168 9237
9169 9238
9170 9239
9171 924
9172 9240
9173 9241
9174 9242
9175 9243
9176 9244
9177 9245
9178 9246
9179 9247
9180 9248
9181 9249
9182 925
9183 9250
9184 9251
9185 9252
9186 9253
9187 9254
9188 9255
9189 9256
9190 9257
9191 9258
9192 9259
9193 926
9194 9260
9195 9261
9196 9262
9197 9263
9198 9264
9199 9265
9200 9266
9201 9267
9202 9268
9203 9269
9204 927
9205 9270
9206 9271
9207 9272
9208 9273
9209 9274
9210 9275
9211 9276
9212 9277
9213 9278
9214 9279
9215 928
9216 9280
9217 9281
9218 9282
9219 9283
9220 9284
9221 9285
9222 9286
9223 9287
9224 9288
9225 9289
9226 929
9227 9290
9228 9291
9229 9292
9230 9293
9231 9294
9232 9295
9233 9296
9234 9297
9235 9298
9236 9299
9237 93
9238 930
9239 9300
9240 9301
9241 9302
9242 9303
9243 9304
9244 9305
9245 9306
9246 9307
9247 9308
9248 9309
9249 931
9250 9310
9251 9311
9252 9312
9253 9313
9254 9314
9255 9315
9256 9316
9257 9317
9258 9318
9259 9319
9260 932
9261 9320
9262 9321
9263 9322
9264 9323
9265 9324
9266 9325
9267 9326
9268 9327
9269 9328
9270 9329
9271 933
9272 9330
9273 9331
9274 9332
9275 9333
9276 9334
9277 9336
9278 9337
9279 9338
9280 9339
9281 934
9282 9340
9283 9341
9284 9342
9285 9343
9286 9344
9287 9345
9288 935
9289 936
9290 94
9291 940
9292 941
9293 942
9294 943
9295 944
9296 945
9297 946
9298 947
9299 948
9300 949
9301 95
9302 950
9303 951
9304 952
9305 953
9306 954
9307 957
9308 958
9309 959
9310 96
9311 961
9312 962
9313 963
9314 964
9315 966
9316 967
9317 968
9318 969
9319 970
9320 971
9321 972
9322 973
9323 975
9324 976
9325 977
9326 978
9327 979
9328 98
9329 980
9330 981
9331 984
9332 985
9333 986
9334 987
9335 988
9336 989
9337 990
9338 991
9339 992
9340 993
9341 994
9342 996
9343 997
9344 998
9345 999
