0 Bitly
1 9359
2 Buffer
3 13302
4 3453
5 3455
6 4774
7 5445
8 ContentStudio.io
9 1120
10 CxSocial
11 7105
12 Dixit.io
13 1814
14 Echobox
15 898
16 Echofon
17 47
18 891
19 Enflux_bot
20 4061
21 4062
22 "Fenix
23 2"
24 FenixApp
25 105
26 11539
27 11540
28 11541
29 316
30 4017
31 4018
32 4019
33 4020
34 4021
35 4022
36 4023
37 4024
38 517
39 565
40 566
41 5814
42 6026
43 Gambiste
44 6639
45 "Hootsuite
46 Inc."
47 IFTTT
48 176
49 177
50 3513
51 4357
52 4358
53 78
54 Instagram
55 11691
56 13208
57 5373
58 7926
59 7927
60 7928
61 7929
62 7930
63 7931
64 7932
65 JaypeeReTweet
66 2750
67 2751
68 "Mobile
69 Web
70 OBI4wan
71 3460
72 3461
73 "Post
74 Tenebras
75 "Salesforce
76 -
77 Socialbakers
78 1156
79 1157
80 "Sprout
81 Social"
82 "TW
83 Blue"
84 "TweetCaster
85 for
86 TweetDeck
87 1009
88 10480
89 10724
90 10914
91 10915
92 11070
93 11072
94 1135
95 11355
96 11423
97 11469
98 11476
99 11477
100 11478
101 11479
102 11481
103 11482
104 11483
105 11484
106 11485
107 11637
108 1194
109 12498
110 13169
111 13590
112 1365
113 13913
114 13914
115 13915
116 14149
117 14622
118 1565
119 1594
120 187
121 188
122 189
123 200
124 2069
125 224
126 2256
127 2329
128 2636
129 2691
130 2694
131 2695
132 28
133 2822
134 2865
135 2898
136 336
137 3365
138 346
139 3567
140 359
141 3692
142 3953
143 3954
144 3992
145 3993
146 4182
147 432
148 4376
149 4382
150 4383
151 4384
152 4385
153 4386
154 447
155 4505
156 4612
157 479
158 5017
159 519
160 520
161 5330
162 538
163 5381
164 5382
165 5383
166 5774
167 6282
168 6348
169 6349
170 6446
171 6488
172 6489
173 6572
174 6608
175 6618
176 6619
177 6620
178 7021
179 7022
180 7358
181 7359
182 7418
183 7419
184 7420
185 7421
186 7632
187 781
188 782
189 783
190 7858
191 8455
192 881
193 882
194 8970
195 8972
196 8973
197 8974
198 8975
199 9009
200 919
201 958
202 9588
203 959
204 9847
205 "Tweetbot
206 "Twidere
207 "Twitter
208 Media
209 "Twitterrific
210 dlvr.it
211 9575
212 domisalaz
213 3332
214 3333
215 "friendly
216 fem
217 nan
218 82
