0 Alcalordeportivo
1 7057
2 "All
3 435
4 Besocy_Oficial
5 6216
6 Buffer
7 11
8 35
9 595
10 8195
11 8817
12 Echobox
13 3868
14 404
15 9736
16 Echofon
17 1130
18 196
19 261
20 3987
21 6497
22 6499
23 "El
24 Estatal"
25 Mineral"
26 Siglo"
27 "Expreso
28 Web"
29 FenixApp
30 10042
31 1867
32 4386
33 "Flamingo
34 for
35 FlimperApp
36 3175
37 3392
38 3993
39 4592
40 7309
41 "Fotografiando
42 Mexico"
43 GR_Feed
44 1696
45 181
46 Grabyo
47 2336
48 2337
49 2338
50 2339
51 2340
52 602
53 9783
54 GroupTweet
55 8429
56 "Hootsuite
57 Inc."
58 IFTTT
59 1291
60 78
61 9986
62 IMPACTOMX
63 10055
64 Instagram
65 2033
66 3705
67 3772
68 4157
69 4647
70 4671
71 4782
72 5438
73 7982
74 "Khoros
75 Marketing"
76 LaterMedia
77 205
78 "Mobile
79 Web
80 NewsBotMX
81 5990
82 Notigram-Orale
83 2632
84 OxfordBlue-Twitter
85 8059
86 9709
87 "Palpites
88 Futebol"
89 Periscope
90 7818
91 "Postcron
92 App"
93 "Predictor
94 Live
95 "Revive
96 Social
97 SinEmbargoTR
98 2780
99 "Soccer
100 Predictions
101 SocialFlow
102 1005
103 SocialPilot.co
104 5254
105 Socialbakers
106 1557
107 8672
108 964
109 Sprinklr
110 3362
111 "Sprout
112 Social"
113 TweetDeck
114 1
115 10052
116 101
117 1014
118 1061
119 1145
120 1234
121 1348
122 1371
123 1384
124 143
125 163
126 1649
127 1692
128 1780
129 183
130 185
131 1851
132 1923
133 2114
134 2247
135 250
136 2671
137 291
138 2976
139 3147
140 3193
141 3314
142 3366
143 3474
144 3503
145 3532
146 3821
147 4107
148 4109
149 4133
150 452
151 4761
152 4762
153 4778
154 499
155 5018
156 5198
157 5206
158 5315
159 5432
160 5435
161 5583
162 5656
163 60
164 61
165 6541
166 673
167 688
168 7028
169 7189
170 7238
171 76
172 764
173 7883
174 7965
175 7977
176 8176
177 8178
178 8179
179 8184
180 8200
181 834
182 8777
183 8801
184 8846
185 9059
186 9260
187 93
188 9443
189 9558
190 9692
191 9705
192 9742
193 980
194 9896
195 9932
196 "Tweetbot
197 Tweetlogix
198 565
199 "TwitPane
200 "Twitter
201 Ads"
202 Media
203 "Twitterrific
204 "UberSocial©
205 PRO"
206 "Vai
207 Ter
208 VideoBot007
209 Wildmoka
210 1921
211 5948
212 8674
213 8675
214 8676
215 8677
216 WordPress.com
217 10048
218 10088
219 2683
220 3102
221 3563
222 3660
223 3738
224 394
225 44
226 4512
227 476
228 5460
229 6263
230 7723
231 790
232 9135
233 9581
234 9583
235 "ZT
236 "Zoho
237 binoticias
238 6983
239 cappertekTwitterAPI
240 3721
241 directoalcorreo
242 8898
243 dlvr.it
244 2767
245 280
246 4501
247 516
248 5420
249 5421
250 5704
251 5803
252 5836
253 5837
254 5839
255 5840
256 6166
257 6167
258 6327
259 6980
260 7288
261 7325
262 7935
263 8718
264 9628
265 infl_chivas
266 5103
267 johnnybet_picks2
268 4349
269 penta.futbol
270 twittbot.net
271 518
272 "xeu
273 deportes"
274 Оwly
275 3803
