0 45324
1 13446
2 4r5de2w
3 4wf53we
4 5tfd4w3d
5 "ACI
6 Prensa"
7 Buffer
8 1
9 12436
10 12437
11 148
12 3962
13 879
14 880
15 881
16 882
17 883
18 "Ducktales
19 Retweets"
20 "EcuaBot
21 2.0"
22 "Empleos
23 Costa
24 "Fenix
25 2"
26 Foursquare
27 9656
28 FursuitRT
29 8048
30 "Gain
31 Platform"
32 "HazbinHotel
33 "Hootsuite
34 Inc."
35 IFTTT
36 2279
37 2280
38 8708
39 Instagram
40 1014
41 322
42 3979
43 4088
44 914
45 915
46 Khoros
47 5874
48 "LGBTQ
49 +
50 "Linky
51 for
52 LinuxBot2.0
53 14060
54 "MECO1004
55 twitter
56 "Mobile
57 Web
58 Periscope
59 10964
60 10965
61 10966
62 10967
63 10990
64 11721
65 242
66 7708
67 PhotoDeck
68 8403
69 Plume for Android
70 3469
71 "Puujee
72 Puje"
73 RogerVelazquez
74 2702
75 SocialGest
76 11964
77 11965
78 Spreaker
79 10448
80 "Sprout
81 Social"
82 "TW
83 Blue"
84 "Talon
85 Android"
86 "The
87 Tweeted
88 TienesCorazonDeLeon_
89 9458
90 "Tweecha2
91 "TweetCaster
92 TweetDeck
93 10313
94 10569
95 10955
96 11520
97 11758
98 12164
99 12165
100 12166
101 12182
102 12245
103 12321
104 12322
105 12323
106 12324
107 12325
108 12326
109 12327
110 12417
111 12418
112 12419
113 12420
114 12500
115 12502
116 13033
117 13062
118 1313
119 1315
120 13222
121 13223
122 134
123 13429
124 13441
125 13615
126 13616
127 139
128 13965
129 1400
130 14208
131 14213
132 14214
133 14469
134 14470
135 1548
136 1549
137 1551
138 1635
139 175
140 1804
141 185
142 203
143 207
144 2256
145 228
146 241
147 2507
148 2941
149 3113
150 3126
151 3127
152 3248
153 3362
154 359
155 3669
156 3670
157 3672
158 3673
159 3674
160 3675
161 3744
162 392
163 4057
164 4098
165 412
166 417
167 4235
168 4236
169 4437
170 451
171 454
172 455
173 4601
174 4728
175 4761
176 4762
177 4764
178 4765
179 4812
180 49
181 4904
182 4911
183 4929
184 4951
185 5017
186 513
187 514
188 5637
189 5677
190 5689
191 5744
192 5835
193 5836
194 591
195 6254
196 6392
197 6529
198 6589
199 6590
200 6780
201 6808
202 7621
203 7622
204 8321
205 836
206 8667
207 8718
208 8724
209 8725
210 8850
211 9
212 90
213 9518
214 9606
215 9629
216 9780
217 9813
218 "Tweetbot
219 "Twidere
220 TwitPanePlus
221 224
222 5226
223 "Twitter
224 Media
225 "Twitterrific
226 Wildmoka
227 10264
228 10265
229 11960
230 11961
231 12150
232 12151
233 12152
234 12153
235 12236
236 12237
237 3192
238 5054
239 WordPress.com
240 4677
241 4678
242 "Yuzz.it
243 Pro"
244 bot-gamedev-latinx
245 9485
246 brrt
247 10310
248 carlosss
249 12062
250 12063
251 12064
252 12065
253 digital_art_nerd
254 9204
255 "medio
256 ambiente
257 nan
258 14424
259 utopianunion
260 1071
261 7879
