0 Affinitweet.com
1 1
2 10769
3 10770
4 10771
5 10772
6 10773
7 10802
8 10803
9 10804
10 10805
11 10806
12 10807
13 "Airtime
14 Pro"
15 Besocy_Oficial
16 7982
17 Buffer
18 14107
19 8335
20 "Cirrus
21 Streaming
22 "Coca-Cola
23 NOW
24 ColombiacomTW
25 6619
26 Echobox
27 13500
28 14110
29 8137
30 "Echofon
31 Android"
32 "EcuaBot
33 2.0"
34 ExaCoatza
35 13476
36 "Fuerza
37 94.3
38 "Hootsuite
39 Inc."
40 IFTTT
41 11018
42 6247
43 Instagram
44 10007
45 13670
46 2
47 2413
48 Integromat
49 12132
50 "J-WAVE
51 KerguelenPetrel
52 11620
53 "LMM
54 RADIO"
55 "La
56 Voz
57 Marci
58 11981
59 "Mobile
60 Web
61 "Radio
62 King
63 "Radio.co
64 now
65 "RadioToolBox
66 song
67 "Revive
68 Social
69 "SAM
70 Broadcaster
71 SocialFlow
72 7589
73 SocialPilot.co
74 Socialbakers
75 13417
76 "TOP
77 MUSIC
78 "TW
79 Blue"
80 Tweepsmap
81 11021
82 5812
83 6170
84 "TweetCaster
85 for
86 TweetDeck
87 10059
88 11008
89 11227
90 11352
91 11471
92 11474
93 11491
94 11711
95 12085
96 12962
97 13344
98 13564
99 13808
100 13858
101 1386
102 2813
103 294
104 3033
105 4834
106 4976
107 7047
108 7098
109 756
110 7578
111 8007
112 8244
113 8282
114 9200
115 9240
116 9800
117 9838
118 "Twitter
119 Media
120 "WEB
121 Post
122 WPT3
123 WhatTheGirl
124 10867
125 WordPress.com
126 11976
127 4960
128 "Wrong
129 Bot"
130 "ZT
131 binoticias
132 13438
133 dlvr.it
134 11646
135 12665
136 14077
137 5305
138 "limite
139 fm
140 nanotwitter
141 14262
