0 "Accelerate
1 Bertrand"
2 Buffer
3 34
4 4223
5 8972
6 Echofon
7 10425
8 11562
9 144
10 5572
11 803
12 8287
13 8288
14 8289
15 8290
16 8291
17 8405
18 9213
19 95
20 GroupTweet
21 5783
22 "Hootsuite
23 Inc."
24 "Mobile
25 Web
26 "My
27 media
28 "Onedio
29 com"
30 "Retweet
31 Palermo
32 "Robins
33 MX
34 SupraInfo
35 19
36 SupraNews
37 1390
38 TheJournal.ie
39 488
40 "TwHzmt
41 8"
42 "TweetCaster
43 for
44 TweetDeck
45 1
46 10
47 10488
48 1062
49 1109
50 11173
51 11943
52 1206
53 1207
54 1209
55 1221
56 14
57 1513
58 1700
59 1777
60 2128
61 2586
62 3
63 3310
64 3398
65 3562
66 375
67 376
68 3821
69 416
70 4212
71 4224
72 427
73 4453
74 4682
75 4973
76 504
77 507
78 5208
79 5211
80 6052
81 6053
82 6247
83 6590
84 665
85 69
86 6931
87 7023
88 8783
89 8888
90 8889
91 9146
92 915
93 9282
94 9450
95 9451
96 9457
97 "TweetFit
98 "Tweetbot
99 Tweetlogix
100 1039
101 9029
102 "Twitter
103 Media
104 Wildmoka
105 3135
106 dlvr.it
107 1721
108 2781
109 3874
110 8923
111 9135
112 9677
113 haberler.com
114 7247
115 mylu.org
116 5520
117 56
118 925
119 nan
120 12893
121 12894
122 sportpeda
123 vekilimcom
124 10285
125 10445
126 10446
127 10447
128 2907
129 2927
130 2983
131 5644
132 9186
133 world_news_eng
134 3097
