0 24tv.ua
1 18322
2 ADIEKSODOS
3 17698
4 APISearchTestforMe
5 4111
6 APPREBAUTOTW
7 12796
8 AbridgerBot
9 1349
10 "Abuja
11 People"
12 "All
13 435
14 Alpha-sun
15 19010
16 19012
17 19013
18 19014
19 "App
20 for
21 "Ars
22 tweetbot"
23 "Bad
24 News
25 Besocy_Oficial
26 12214
27 12838
28 13196
29 15455
30 18522
31 4737
32 9719
33 "Bot
34 Libre!"
35 Buffer
36 10223
37 10628
38 12659
39 13172
40 13173
41 13344
42 14490
43 14562
44 158
45 15959
46 16373
47 16581
48 17995
49 1847
50 18745
51 2142
52 2208
53 2318
54 2717
55 3422
56 3463
57 4243
58 4336
59 4948
60 6472
61 9392
62 992
63 "Business
64 Insider
65 BuzzInsolite
66 16381
67 CaraotaDigital
68 15785
69 "Chirp
70 "Chorus
71 publishing
72 "Circleboom
73 Publish"
74 CoSchedule
75 26
76 2731
77 Considerame-tt
78 9395
79 ContentPosting
80 6617
81 ContentStudio.io
82 17300
83 "Corona
84 Updates
85 Virus
86 "Devdiscourse
87 "Developed
88 by
89 "Dynamic
90 Signal"
91 "EIN
92 Echobox
93 10002
94 1005
95 1123
96 11338
97 11529
98 13028
99 13099
100 13286
101 13935
102 13938
103 14956
104 15525
105 15734
106 16849
107 19199
108 1936
109 207
110 2124
111 2168
112 2733
113 3407
114 3603
115 3727
116 4030
117 4091
118 4162
119 4200
120 5864
121 7440
122 7858
123 7976
124 8007
125 8809
126 9631
127 Echofon
128 1111
129 12
130 252
131 2895
132 327
133 3749
134 517
135 5215
136 651
137 76
138 "Edm
139 junkies"
140 "El
141 País
142 "Etus
143 Brasil"
144 Euribor
145 8763
146 ExtraVenezuela
147 14150
148 "FEDERAL
149 CONTRACT"
150 "FS
151 Poster"
152 "Fenix
153 2"
154 "Flamingo
155 GIDAHATTI
156 14865
157 Gambiste
158 10330
159 10332
160 10333
161 127
162 2503
163 2652
164 33
165 GetReal360
166 2846
167 9000
168 9001
169 9003
170 9004
171 9005
172 9006
173 9007
174 GhanaNewsSummary
175 3704
176 GlobalPandemic.NET
177 3026
178 GoSolar
179 6651
180 Grabyo
181 1137
182 14911
183 15318
184 15320
185 15321
186 "Healthcare
187 Aggregate"
188 News"
189 "Hootsuite
190 Inc."
191 Horloge_Parlante
192 8706
193 "Huawei
194 Mate
195 HubSpot
196 15392
197 5312
198 IFTTT
199 10012
200 10372
201 11491
202 1247
203 14601
204 16676
205 18531
206 18532
207 3052
208 3058
209 3115
210 34
211 360
212 3879
213 4877
214 5348
215 5695
216 6555
217 686
218 7231
219 INSubcontinentNews
220 19194
221 InfoSinBanderaApp
222 8370
223 Instagram
224 11677
225 4244
226 "JOSE
227 CARLOS
228 "JR
229 Trusted
230 Kai-Reports
231 1516
232 Khoros
233 673
234 KhuramKTS
235 1055
236 L'important
237 9045
238 "La
239 Voz
240 Like_Bot
241 2758
242 Loomly
243 6108
244 Medimagazine
245 5671
246 Metricool
247 9958
248 "Microsoft
249 Power
250 "My
251 very
252 NOS
253 8270
254 Naattuvartha
255 110
256 4500
257 4549
258 7506
259 8732
260 8768
261 8814
262 9518
263 9520
264 9521
265 9522
266 9523
267 9524
268 NetHappenings_Posts
269 16584
270 NewsBKFrance
271 13467
272 NiceMagazine
273 3106
274 "NonSell
275 Twitter"
276 OBI4wan
277 10318
278 10319
279 "OS
280 X"
281 OptionsMaxPain_Post
282 9559
283 Orlo
284 OxfordBlue-Twitter
285 13512
286 Paper.li
287 11324
288 2106
289 4634
290 Periscope
291 2027
292 "PimpMySocial
293 Workshop"
294 Plume for Android
295 12574
296 5289
297 "Podcast
298 -
299 "Puujee
300 Puje"
301 QuantData
302 12180
303 RIKNEWS
304 13150
305 "RSS
306 Ground"
307 "RT
308 RTArabic
309 3980
310 "Rádio
311 Sociedade"
312 SMCnextscript
313 10594
314 "SWAT
315 Comunicacional"
316 "Salesforce
317 Sendible
318 6907
319 "Sinvole
320 Push"
321 "Skai.gr
322 App"
323 "SmartNews
324 |
325 "SnapStream
326 TV
327 "Social
328 Reputation"
329 Social-Media-Auto-Post
330 13778
331 SocialFlow
332 10115
333 10625
334 1079
335 1084
336 11347
337 1183
338 13456
339 138
340 1413
341 14533
342 14574
343 1489
344 15552
345 1593
346 16289
347 16396
348 1712
349 17842
350 18965
351 2000
352 209
353 225
354 2530
355 2661
356 3045
357 3114
358 3140
359 317
360 318
361 3850
362 4303
363 4462
364 4924
365 52
366 5426
367 573
368 608
369 6325
370 6516
371 684
372 7937
373 7985
374 8266
375 88
376 SocialNewsDesk
377 12099
378 12393
379 14238
380 14907
381 15614
382 18346
383 1867
384 4679
385 6220
386 7247
387 7333
388 7334
389 8448
390 Socialbakers
391 11968
392 9735
393 Sprinklr
394 10931
395 1653
396 211
397 2254
398 "Sprinklr
399 Publishing"
400 "Sprout
401 Social"
402 Squarespace
403 9947
404 "StockTwits
405 Web"
406 "Streamlabs
407 Studiorific
408 15820
409 "TF
410 TIPCMSPOST
411 10811
412 "Talon
413 Android"
414 TanjiroTwitter
415 3046
416 TargetingS
417 2723
418 Taskorder
419 11719
420 11720
421 "The
422 Tweeted
423 first
424 TheIndianSubcontinentNewsAgency
425 ThreadReaderApp
426 1452
427 16065
428 364
429 371
430 50
431 6748
432 6749
433 9163
434 ToMikro
435 7925
436 Toot2Tuit
437 18044
438 "True
439 Anthem"
440 "Trump
441 Mentions"
442 "Tweecha2
443 Tweepsmap
444 16423
445 "Tweet
446 issuer
447 "TweetCaster
448 TweetDeck
449 10048
450 10090
451 10142
452 10144
453 10166
454 102
455 1022
456 1059
457 10599
458 10612
459 10670
460 10680
461 1075
462 10776
463 1086
464 11008
465 11058
466 11059
467 11121
468 11292
469 11637
470 11758
471 11784
472 12034
473 1215
474 12222
475 12225
476 124
477 12440
478 1246
479 12518
480 1265
481 12759
482 12761
483 12764
484 12834
485 12901
486 12956
487 13004
488 13116
489 13139
490 1336
491 13372
492 1338
493 13445
494 13564
495 13688
496 13780
497 13849
498 14065
499 1408
500 14130
501 14163
502 14165
503 14176
504 14373
505 14457
506 14536
507 14539
508 14581
509 14583
510 14676
511 14756
512 1487
513 15198
514 15236
515 15242
516 15296
517 1530
518 15367
519 15407
520 15484
521 15495
522 15676
523 16057
524 16252
525 16320
526 16342
527 16343
528 16346
529 16409
530 16442
531 1650
532 16566
533 16590
534 16614
535 16876
536 16935
537 17057
538 17160
539 17266
540 17312
541 174
542 17479
543 17495
544 17568
545 17615
546 1772
547 178
548 1821
549 18211
550 18292
551 18422
552 1845
553 18458
554 1853
555 1854
556 18548
557 1855
558 1858
559 1861
560 1863
561 1864
562 18818
563 18877
564 19114
565 19127
566 19143
567 1919
568 19330
569 1962
570 2006
571 2076
572 2221
573 2224
574 2278
575 2316
576 2334
577 234
578 2356
579 2443
580 2486
581 2553
582 2662
583 27
584 2753
585 2770
586 2771
587 2791
588 2799
589 29
590 293
591 297
592 3011
593 3056
594 3057
595 314
596 3141
597 3284
598 3290
599 3320
600 3328
601 341
602 3496
603 3524
604 3525
605 3562
606 3580
607 359
608 3604
609 3605
610 3660
611 3864
612 3874
613 3912
614 4006
615 4081
616 4146
617 4267
618 4321
619 434
620 4352
621 4396
622 4406
623 4440
624 4617
625 4630
626 4678
627 4723
628 4724
629 4793
630 4794
631 4797
632 4826
633 4932
634 495
635 4991
636 5000
637 5001
638 5082
639 524
640 53
641 5427
642 5451
643 5525
644 5581
645 5719
646 5720
647 5781
648 5809
649 588
650 59
651 5965
652 6119
653 6130
654 614
655 6144
656 6145
657 6164
658 6216
659 6533
660 6599
661 6711
662 6712
663 678
664 6791
665 7032
666 7154
667 7155
668 7258
669 7298
670 7299
671 7378
672 7444
673 7673
674 7689
675 7747
676 775
677 78
678 7948
679 80
680 8005
681 8155
682 825
683 8292
684 832
685 8449
686 8545
687 855
688 8663
689 8713
690 8750
691 8845
692 8855
693 922
694 9278
695 9349
696 945
697 9452
698 955
699 9564
700 9692
701 972
702 9807
703 9836
704 "TweetFit
705 "Tweetbot
706 "Tweetium
707 Tweetlogix
708 16085
709 66
710 6912
711 Twibble.io
712 5240
713 "Twidere
714 "TwitPane
715 TwitPanePlus
716 16738
717 16740
718 "Twitter
719 Media
720 Web
721 per
722 "Twitterrific
723 Twittnuker
724 10065
725 "V
726 Droider"
727 "VP
728 "Valor
729 Online"
730 Wildmoka
731 10627
732 2650
733 2651
734 609
735 WordPress.com
736 10694
737 10894
738 11999
739 12010
740 13443
741 13976
742 14906
743 16091
744 16669
745 16724
746 18571
747 18855
748 19022
749 19259
750 2501
751 2550
752 3201
753 3210
754 3880
755 4023
756 6078
757 6377
758 8806
759 8905
760 YorkBoJo
761 "Yuzz.it
762 Pro"
763 "ZAQS
764 Business"
765 Zapier.com
766 13818
767 14887
768 "Zoho
769 anatropinews.gr
770 17820
771 botHadashot
772 6663
773 6664
774 cnmLive
775 16018
776 detikcommunity
777 6940
778 dlvr.it
779 1001
780 10780
781 11923
782 12067
783 12474
784 13083
785 13812
786 13816
787 14004
788 14450
789 14919
790 15631
791 15644
792 15648
793 15650
794 15682
795 15984
796 16400
797 17497
798 17554
799 1899
800 1908
801 3145
802 3237
803 3601
804 437
805 475
806 4963
807 518
808 5227
809 5280
810 5852
811 5854
812 6985
813 7327
814 8376
815 8693
816 9393
817 "enikos.gr
818 manhattan"
819 gabge
820 generacomplotti
821 2287
822 756
823 histeriusapp
824 12959
825 liberalgr
826 "mLabs
827 mcatatBeta_bot
828 760
829 "mio
830 cugino"
831 nan
832 12192
833 22
834 9820
835 "newyorker's
836 noticiaaldia.com
837 4426
838 ntboxmagpost
839 5550
840 pictoline-tenderloin
841 812
842 publichealthaggregator
843 5351
844 5831
845 5832
846 swonkie
847 11656
848 17892
849 thesstoday
850 17361
851 tsartbot
852 3042
853 tw-valor-investe
854 10973
855 twiDAQ
856 773
857 world_news_eng
858 Оwly
859 3172
860 "تطبيق
861 نبض"
