0 3454f653
1 233
2 234
3 422
4 9256
5 45324
6 4567yu
7 958
8 4F543TD
9 4f5w3d
10 4wf53we
11 501
12 546tfw54d
13 127
14 1987
15 73
16 7390
17 Almalki_app
18 9129
19 "App
20 Oficial
21 Buffer
22 1
23 490
24 70
25 Echofon
26 3885
27 936
28 "Exposure
29 Basketball
30 "Flamingo
31 for
32 GR_Feed
33 Grabyo
34 3432
35 7430
36 7431
37 7432
38 7461
39 "Hootsuite
40 Inc."
41 "Mobile
42 Web
43 Naattuvartha
44 1070
45 231
46 7519
47 "Plugin
48 Update
49 "Robins
50 MX
51 Socialbakers
52 3059
53 Sprinklr
54 1024
55 "Sprout
56 Social"
57 "TweetCaster
58 TweetDeck
59 113
60 1402
61 153
62 1782
63 1849
64 1971
65 205
66 206
67 236
68 243
69 244
70 264
71 27
72 3104
73 3108
74 315
75 3158
76 361
77 392
78 40
79 4152
80 433
81 4798
82 50
83 5064
84 5333
85 5530
86 7386
87 7749
88 834
89 8478
90 "Tweetbot
91 "Twitter
92 Media
93 VideoBot007
94 384
95 carlosss
96 d5f6g7h8
97 dfghji876
98 g7h8j90k8
99 infl_pumas
100 nan
101 620
102 621
