0 "A
1 Client
2 "Accelerate
3 Bertrand"
4 "AgoraPulse
5 Manager"
6 "Albums
7 to
8 Amplifr
9 12391
10 1879
11 5453
12 935
13 944
14 "Auto-publish
15 for
16 "Autopost
17 a
18 "BD
19 WP
20 Bahia.ba
21 1735
22 BigDonT_decrees_part_Deux
23 1596
24 1597
25 240
26 "Birdie
27 "Biyon≡(　ε:)
28 Pro"
29 BotNagew
30 12765
31 Buffer
32 1110
33 11157
34 121
35 12124
36 14014
37 1692
38 2826
39 582
40 6424
41 895
42 9007
43 9037
44 "Calgary
45 culture
46 "Cheap
47 Bots,
48 ChtiSebCC
49 11390
50 Cooperativa.cl
51 2144
52 "Crowdfire
53 App"
54 "DIYMike
55 Content
56 "Digital
57 Music
58 Echobox
59 5916
60 Echofon
61 112
62 165
63 20
64 3450
65 6425
66 68
67 93
68 "Echoingwalls
69 Music"
70 "Eyescream
71 All
72 "FeedPress
73 Publisher"
74 "Fenix
75 2"
76 "Flamingo
77 "GID
78 Magazine"
79 "GRUPO
80 COPE"
81 "Generador
82 Twit
83 "Guanduania
84 Humanitarian"
85 "HEZ.US
86 Tweeter"
87 "HN
88 Front
89 "HNTweets
90 Bot"
91 "Hootsuite
92 Inc."
93 IFTTT
94 10622
95 10803
96 10852
97 10924
98 11088
99 11167
100 11277
101 11810
102 13573
103 15310
104 15523
105 1564
106 15910
107 2009
108 2607
109 2704
110 2753
111 3132
112 3140
113 3301
114 3484
115 3659
116 4049
117 4127
118 4766
119 5392
120 5985
121 643
122 7
123 7881
124 8624
125 8900
126 "Icon
127 Vs.
128 Implurnt
129 1316
130 InsideMusicIt
131 3162
132 Instagram
133 10567
134 1070
135 14140
136 4798
137 KerguelenPetrel
138 75
139 MH-WP-TW-Publish
140 10985
141 Missinglettr
142 13053
143 "Mobile
144 Web
145 "Nação
146 da
147 Netguide.com
148 15954
149 "Neutron
150 Jimm"
151 NowPlayingiOS
152 94
153 "OneCMS
154 Social
155 PSTEnews
156 3974
157 Paper.li
158 12655
159 2358
160 Plume for Android
161 "Poop
162 retweet
163 "Postcron
164 Repost.social
165 7236
166 "Retweets
167 By
168 Revue
169 11170
170 RkDemoApp1
171 "Robins
172 MX
173 "Ryan
174 Ross
175 "SAM
176 Broadcaster
177 "SEOLIT
178 SocialFlow
179 10157
180 10164
181 10846
182 14665
183 4543
184 4773
185 4808
186 5829
187 6245
188 6392
189 6807
190 6838
191 7132
192 7798
193 8088
194 8574
195 9947
196 SocialNewsDesk
197 15323
198 SocialOomph
199 15791
200 4489
201 SocialPilot.co
202 16209
203 Socialbakers
204 13
205 5825
206 Sprinklr
207 10590
208 "Sprout
209 Social"
210 Squarespace
211 3751
212 9497
213 Steve_app
214 8465
215 9807
216 "Substream
217 "TW
218 Blue"
219 "Tabtter
220 Free"
221 "Talon
222 Android"
223 "True
224 Anthem"
225 Tumblr
226 1640
227 "Tweekly.fm
228 Tween
229 "TweetCaster
230 TweetDeck
231 10016
232 10083
233 1014
234 10224
235 10881
236 11213
237 11214
238 11288
239 11290
240 1134
241 11344
242 1173
243 11856
244 12005
245 12502
246 12606
247 12944
248 13019
249 13031
250 13072
251 1315
252 13316
253 13474
254 135
255 13543
256 13641
257 13656
258 13658
259 1373
260 1380
261 13810
262 13815
263 13940
264 14174
265 14208
266 14393
267 15245
268 1528
269 15432
270 15732
271 15753
272 16112
273 16265
274 1646
275 1712
276 181
277 1830
278 1907
279 192
280 2350
281 24
282 280
283 2928
284 2952
285 3134
286 3321
287 3463
288 3550
289 3598
290 3726
291 3855
292 3922
293 3982
294 4092
295 4114
296 42
297 4217
298 4265
299 4289
300 4433
301 4533
302 4783
303 4915
304 5
305 5034
306 5035
307 5036
308 5037
309 5073
310 5159
311 5212
312 5224
313 527
314 531
315 535
316 5419
317 5683
318 5877
319 5941
320 6160
321 6180
322 656
323 6769
324 7252
325 7341
326 749
327 7563
328 764
329 7661
330 7736
331 7853
332 7857
333 8248
334 859
335 8706
336 9079
337 9296
338 9501
339 9554
340 9611
341 9631
342 9660
343 9782
344 9816
345 9882
346 9932
347 9972
348 "Tweetbot
349 "Tweetings
350 Tweetlogix
351 56
352 Twibble.io
353 11553
354 11667
355 12304
356 12885
357 13191
358 13747
359 "TwitPane
360 "Twitter
361 Ads"
362 Media
363 editor
364 TwitterArmenia
365 "Twitterrific
366 "Voce
367 Spettacolo"
368 "WP
369 Cross
370 WordPress.com
371 10362
372 1044
373 10788
374 10789
375 10968
376 11354
377 12345
378 12504
379 12505
380 12506
381 12507
382 12541
383 12579
384 13547
385 13996
386 14980
387 14983
388 15359
389 15546
390 15611
391 15751
392 15955
393 16071
394 199
395 2505
396 3055
397 3374
398 3388
399 3827
400 5158
401 6398
402 7113
403 7215
404 7986
405 9880
406 XeuleBotApp
407 1701
408 Zapier.com
409 11702
410 296
411 8779
412 ZorBot
413 382
414 8235
415 antihype-main
416 2233
417 autopublis
418 1397
419 breaking-news.it
420 9116
421 "caraio
422 bot"
423 dalehay.me
424 16131
425 dlvr.it
426 10276
427 11003
428 12301
429 12493
430 13295
431 13441
432 14561
433 15436
434 15481
435 15482
436 15863
437 15864
438 15865
439 15867
440 16299
441 2074
442 2478
443 2550
444 2763
445 2764
446 34
447 3530
448 3936
449 560
450 6219
451 6272
452 6585
453 683
454 6859
455 6887
456 8692
457 9595
458 "feather
459 hncynic
460 5303
461 "iHeartMedia
462 Publishing"
463 jigtwi
464 10247
465 klinewscom
466 7179
467 metalindex.hu
468 4955
469 musicservercz
470 2820
471 nan
472 11612
473 11613
474 13821
475 14191
476 15124
477 15627
478 15629
479 15630
480 15831
481 1768
482 2795
483 312
484 710
485 nuopKINK
486 7663
487 pacceso
488 12166
489 rodosreport
490 16074
491 samanda-bot
492 15049
493 seolit_ru1
494 2177
495 transactions32
496 13429
497 trendsmetadata
498 "twitcle
499 plus"
500 twittbot.net
501 12359
502 Оwly
503 ついっぷる
504 8139
505 なうぷれTunes
506 14965
507 ココログ
508 7174
509 "ツイタマ+
