0 "AgoraPulse
1 Manager"
2 Besocy_Oficial
3 13627
4 13629
5 Buffer
6 1187
7 1188
8 12
9 14554
10 15161
11 15812
12 15889
13 16086
14 1670
15 18748
16 18749
17 Deduped
18 1762
19 18175
20 DouradaGustavo_1
21 18080
22 Echobox
23 17085
24 17348
25 17891
26 3118
27 Echofon
28 137
29 246
30 523
31 5523
32 5937
33 7332
34 7432
35 "Fenix
36 2"
37 "Flamingo
38 for
39 GR_Feed
40 703
41 GnutsBot
42 1099
43 1365
44 3551
45 Grabyo
46 4617
47 5771
48 5772
49 "Hootsuite
50 Inc."
51 HubSpot
52 15
53 IFTTT
54 4199
55 4200
56 "JGio
57 Bot"
58 "JR
59 Trusted
60 Jaquearnoux
61 3046
62 LinuxBot2.0
63 "Mobile
64 Web
65 OccludejsBot
66 Plume for Android
67 49
68 "Puujee
69 Puje"
70 RTML
71 Retweetpeaceagreementsbot
72 9014
73 9016
74 SieveTweet
75 13402
76 "Simple
77 Tweet
78 "SmartNews
79 |
80 SmarterQueue
81 250
82 "SnapStream
83 TV
84 SocialFlow
85 12106
86 13678
87 14434
88 15000
89 15588
90 1599
91 16377
92 179
93 18328
94 18330
95 18768
96 19007
97 1966
98 254
99 5806
100 6793
101 7324
102 746
103 Spreaker
104 13740
105 "Sprout
106 Social"
107 SqmtcRetweeter
108 7287
109 "TW
110 Blue"
111 "Talon
112 Android"
113 TheWhiteHouse
114 17
115 TheWrap
116 4657
117 498
118 "TipTop
119 App"
120 "TweetCaster
121 TweetDeck
122 10208
123 10471
124 10661
125 1082
126 1126
127 115
128 11648
129 1178
130 11888
131 11889
132 121
133 1247
134 1252
135 127
136 12700
137 12774
138 1307
139 1308
140 13344
141 13377
142 13378
143 13379
144 13380
145 13381
146 13428
147 13429
148 13433
149 13434
150 13435
151 13436
152 13451
153 13461
154 14094
155 14381
156 144
157 1494
158 15214
159 15300
160 1538
161 15412
162 15757
163 16019
164 16230
165 163
166 16658
167 16806
168 16836
169 17566
170 17568
171 17569
172 17636
173 17637
174 17793
175 17800
176 17801
177 1792
178 18067
179 1823
180 1879
181 196
182 1979
183 201
184 2013
185 2057
186 213
187 2133
188 2148
189 22
190 2398
191 2407
192 2408
193 2498
194 2519
195 2530
196 2700
197 2781
198 286
199 3027
200 3554
201 362
202 3653
203 3690
204 3896
205 407
206 421
207 426
208 4337
209 434
210 435
211 4463
212 4464
213 4465
214 4466
215 4467
216 4468
217 4469
218 4470
219 4557
220 4803
221 4860
222 496
223 51
224 5143
225 54
226 548
227 5567
228 5592
229 5784
230 5785
231 6082
232 6125
233 614
234 6250
235 6251
236 6252
237 6253
238 6286
239 6288
240 6339
241 639
242 6518
243 6556
244 67
245 6804
246 6998
247 7000
248 7001
249 722
250 77
251 7811
252 7829
253 7979
254 7981
255 8513
256 8564
257 8715
258 872
259 8845
260 9156
261 9195
262 9471
263 952
264 9545
265 9617
266 98
267 "Tweetbot
268 Tweetlogix
269 2315
270 Twibble.io
271 5394
272 "Twidere
273 TwidereX-Android
274 129
275 "Twitter
276 Media
277 "Twitterrific
278 "US
279 "VP
280 Wildmoka
281 5446
282 WordPress.com
283 audioBoom
284 15911
285 aws-twitterbot-workshop
286 3873
287 3874
288 3876
289 dlvr.it
290 1104
291 11417
292 nan
293 17002
294 18000
295 18002
296 18710
297 369
298 9048
299 nlognrobot
300 node-once-tweet
301 13555
302 oysttyer
303 6002
304 tevinobuzao
305 7200
306 7201
307 7203
308 theitpodcastbot
309 tsartbot
310 109
311 2582
312 world_news_eng
