0 @ReporteNi
1 7801
2 AutoRTpremsacatalana
3 1424
4 6436
5 Besocy_Oficial
6 1354
7 5593
8 9784
9 CAreport
10 10363
11 CSV_Auto
12 4804
13 "Coding
14 NinjaBOT"
15 Dixit.io
16 5
17 Echobox
18 12571
19 9763
20 FenixApp
21 228
22 229
23 240
24 264
25 274
26 275
27 3
28 3562
29 4222
30 485
31 5775
32 622
33 7373
34 880
35 "Flamingo
36 for
37 Flipboard
38 317
39 "Hootsuite
40 Inc."
41 IFTTT
42 10007
43 Instagram
44 1048
45 "Marrocos
46 bot"
47 "Mobile
48 Web
49 Plume for Android
50 PubTni
51 Social3G
52 4694
53 Spreaker
54 5888
55 "TweetCaster
56 TweetDeck
57 11758
58 11759
59 118
60 130
61 131
62 1434
63 1436
64 1449
65 1523
66 214
67 2432
68 2525
69 2999
70 3018
71 313
72 3190
73 3205
74 3214
75 3235
76 3373
77 3442
78 3595
79 3616
80 4015
81 417
82 43
83 4310
84 47
85 483
86 5004
87 5005
88 536
89 54
90 590
91 617
92 619
93 6356
94 7421
95 7884
96 8564
97 8566
98 9020
99 "Tweetbot
100 "Twidere
101 "TwitPane
102 "Twitter
103 Media
104 WordPress.com
105 1661
106 botHadashot
107 4264
108 4265
109 4266
110 dlvr.it
111 6901
112 9205
113 ritaemmarrocos
114 11351
115 "twitter
116 apps
