0 0
1 2
2 1
3 1007
4 219
5 3
6 4
7 2348
8 1524
9 1290
10 718
11 608
12 5
13 6
14 1667
15 201
16 7
17 8
18 1339
19 11
20 9
21 10
22 224
23 12
24 13
25 14
26 15
27 16
28 17
29 4034
30 3684
31 3122
32 2966
33 2726
34 2109
35 1869
36 1856
37 1854
38 1850
39 1818
40 1787
41 1565
42 1510
43 1431
44 1009
45 978
46 951
47 855
48 799
49 758
50 709
51 691
52 656
53 624
54 609
55 546
56 526
57 520
58 502
59 495
60 494
61 488
62 456
63 455
64 441
65 421
66 345
67 307
68 295
69 292
70 275
71 268
72 266
73 247
74 228
75 160
76 132
77 102
78 91
79 77
80 72
81 69
82 60
83 18
84 19
85 397
86 216
87 104
88 20
89 21
90 1583
91 22
92 23
93 24
94 25
95 26
96 27
97 28
98 29
99 30
100 31
101 32
102 33
103 34
104 1211
105 291
106 35
107 36
108 37
109 38
110 39
111 3069
112 1240
113 40
114 41
115 42
116 44
117 43
118 45
119 46
120 47
121 48
122 49
123 374
124 50
125 51
126 683
127 52
128 53
129 741
130 54
131 55
132 56
133 57
134 58
135 59
136 3433
137 61
138 62
139 63
140 1920
141 1662
142 64
143 65
144 66
145 67
146 68
147 70
148 3537
149 1087
150 4112
151 4111
152 4110
153 4109
154 4108
155 4107
156 4106
157 4004
158 3989
159 3829
160 2785
161 1306
162 71
163 73
164 74
165 75
166 1762
167 1703
168 1698
169 1697
170 1414
171 1395
172 1281
173 1255
174 1231
175 1105
176 1067
177 1066
178 942
179 897
180 788
181 763
182 701
183 610
184 444
185 439
186 438
187 422
188 417
189 344
190 313
191 305
192 273
193 252
194 203
195 191
196 181
197 179
198 168
199 153
200 148
201 107
202 76
203 690
204 78
205 79
206 80
207 81
208 1037
209 82
210 83
211 84
212 85
213 86
214 87
215 88
216 89
217 90
218 92
219 93
220 94
221 95
222 97
223 96
224 3288
225 684
226 233
227 98
228 99
229 100
230 101
231 1522
232 103
233 105
234 106
235 108
236 109
237 110
238 111
239 112
240 113
241 114
242 115
243 116
244 117
245 118
246 120
247 119
248 3855
249 3562
250 121
251 126
252 125
253 124
254 123
255 122
256 127
257 128
258 4043
259 3972
260 2782
261 2517
262 2422
263 2341
264 1966
265 1936
266 1935
267 129
268 130
269 131
270 134
271 133
272 135
273 136
274 137
275 138
276 139
277 140
278 692
279 641
280 340
281 141
282 142
283 143
284 144
285 145
286 146
287 147
288 149
289 150
290 151
291 152
292 154
293 155
294 156
295 157
296 158
297 159
298 161
299 162
300 164
301 163
302 165
303 166
304 167
305 169
306 170
307 171
308 172
309 173
310 174
311 175
312 177
313 176
314 178
315 1648
316 1647
317 626
318 625
319 364
320 180
321 182
322 183
323 184
324 185
325 186
326 187
327 188
328 189
329 190
330 2787
331 192
332 193
333 194
334 2621
335 2620
336 195
337 196
338 197
339 198
340 199
341 200
342 3422
343 202
344 204
345 205
346 206
347 326
348 207
349 209
350 208
351 2324
352 2258
353 1119
354 1026
355 504
356 394
357 210
358 211
359 212
360 1446
361 213
362 214
363 215
364 217
365 218
366 220
367 221
368 222
369 223
370 225
371 226
372 227
373 614
374 229
375 230
376 231
377 232
378 234
379 235
380 236
381 237
382 238
383 239
384 240
385 241
386 242
387 243
388 244
389 245
390 246
391 248
392 249
393 250
394 251
395 253
396 254
397 255
398 256
399 257
400 258
401 259
402 260
403 261
404 262
405 263
406 264
407 265
408 267
409 269
410 270
411 271
412 272
413 274
414 276
415 277
416 278
417 279
418 280
419 281
420 282
421 283
422 284
423 285
424 286
425 287
426 288
427 289
428 290
429 293
430 294
431 296
432 297
433 298
434 299
435 300
436 301
437 302
438 303
439 582
440 304
441 306
442 308
443 309
444 310
445 311
446 312
447 314
448 315
449 316
450 318
451 317
452 319
453 320
454 321
455 322
456 323
457 324
458 325
459 327
460 328
461 329
462 3153
463 2198
464 1872
465 1530
466 1355
467 1088
468 884
469 472
470 349
471 330
472 331
473 332
474 333
475 334
476 335
477 336
478 337
479 338
480 339
481 1618
482 341
483 342
484 343
485 2866
486 826
487 558
488 557
489 391
490 346
491 347
492 348
493 2429
494 350
495 351
496 352
497 4125
498 353
499 354
500 355
501 356
502 357
503 358
504 359
505 360
506 361
507 362
508 363
509 365
510 366
511 367
512 368
513 369
514 370
515 371
516 372
517 373
518 375
519 376
520 2339
521 2045
522 1758
523 1755
524 1754
525 1705
526 1626
527 1430
528 1420
529 1377
530 947
531 856
532 712
533 585
534 571
535 498
536 436
537 406
538 377
539 378
540 379
541 381
542 380
543 382
544 383
545 384
546 385
547 386
548 387
549 388
550 389
551 390
552 392
553 393
554 395
555 396
556 398
557 399
558 400
559 401
560 402
561 404
562 403
563 405
564 407
565 408
566 410
567 409
568 411
569 412
570 413
571 414
572 415
573 416
574 418
575 419
576 420
577 3131
578 1584
579 423
580 424
581 425
582 426
583 427
584 428
585 429
586 430
587 431
588 432
589 433
590 434
591 435
592 437
593 440
594 1435
595 682
596 442
597 443
598 445
599 446
600 447
601 448
602 449
603 450
604 451
605 452
606 453
607 454
608 866
609 457
610 458
611 459
612 460
613 461
614 462
615 464
616 463
617 465
618 466
619 467
620 468
621 469
622 470
623 471
624 473
625 474
626 475
627 476
628 477
629 478
630 479
631 480
632 481
633 482
634 483
635 484
636 485
637 486
638 487
639 748
640 489
641 490
642 491
643 492
644 493
645 1044
646 497
647 496
648 499
649 500
650 501
651 503
652 3534
653 3413
654 3190
655 2464
656 1873
657 1151
658 772
659 505
660 506
661 507
662 508
663 509
664 510
665 511
666 512
667 513
668 514
669 515
670 516
671 517
672 518
673 519
674 521
675 522
676 523
677 524
678 525
679 527
680 528
681 529
682 530
683 531
684 532
685 533
686 534
687 535
688 537
689 536
690 538
691 539
692 540
693 541
694 542
695 543
696 544
697 545
698 547
699 548
700 549
701 550
702 551
703 552
704 553
705 554
706 555
707 556
708 559
709 560
710 561
711 562
712 563
713 564
714 565
715 566
716 567
717 568
718 569
719 570
720 572
721 573
722 574
723 575
724 576
725 577
726 578
727 579
728 580
729 581
730 1090
731 583
732 584
733 586
734 587
735 588
736 589
737 1004
738 590
739 591
740 592
741 593
742 594
743 596
744 595
745 597
746 598
747 599
748 600
749 601
750 602
751 603
752 4050
753 1803
754 604
755 605
756 606
757 607
758 611
759 612
760 613
761 615
762 616
763 617
764 618
765 619
766 620
767 621
768 622
769 623
770 627
771 628
772 629
773 630
774 631
775 632
776 633
777 634
778 635
779 636
780 637
781 638
782 639
783 640
784 642
785 643
786 644
787 645
788 646
789 647
790 648
791 649
792 650
793 651
794 652
795 653
796 654
797 655
798 657
799 658
800 659
801 660
802 661
803 662
804 663
805 664
806 665
807 666
808 667
809 668
810 669
811 670
812 1486
813 671
814 672
815 673
816 674
817 675
818 676
819 677
820 678
821 679
822 680
823 681
824 2495
825 1183
826 2632
827 2530
828 1897
829 1886
830 1585
831 1407
832 1150
833 888
834 887
835 818
836 685
837 686
838 687
839 689
840 688
841 3495
842 693
843 694
844 695
845 696
846 697
847 698
848 699
849 700
850 1704
851 702
852 703
853 704
854 705
855 706
856 707
857 708
858 710
859 711
860 713
861 714
862 715
863 716
864 717
865 719
866 720
867 721
868 722
869 723
870 724
871 725
872 726
873 727
874 728
875 729
876 730
877 731
878 732
879 733
880 734
881 735
882 736
883 737
884 738
885 739
886 740
887 3604
888 1266
889 742
890 743
891 744
892 745
893 746
894 747
895 749
896 2278
897 750
898 751
899 752
900 753
901 754
902 755
903 756
904 757
905 759
906 760
907 761
908 762
909 764
910 765
911 766
912 767
913 769
914 768
915 770
916 771
917 773
918 774
919 775
920 776
921 777
922 779
923 778
924 780
925 781
926 782
927 783
928 784
929 785
930 786
931 787
932 789
933 790
934 791
935 792
936 793
937 794
938 795
939 796
940 797
941 798
942 800
943 801
944 802
945 803
946 804
947 805
948 806
949 807
950 808
951 809
952 810
953 811
954 812
955 813
956 814
957 815
958 816
959 817
960 819
961 820
962 821
963 822
964 823
965 824
966 825
967 827
968 828
969 829
970 830
971 831
972 832
973 833
974 834
975 835
976 836
977 837
978 838
979 839
980 840
981 841
982 842
983 843
984 844
985 845
986 846
987 847
988 848
989 849
990 850
991 851
992 852
993 854
994 853
995 857
996 858
997 859
998 860
999 861
1000 862
1001 863
1002 864
1003 865
1004 867
1005 868
1006 869
1007 2637
1008 870
1009 871
1010 872
1011 873
1012 874
1013 875
1014 876
1015 877
1016 878
1017 879
1018 880
1019 881
1020 882
1021 883
1022 3884
1023 3883
1024 3882
1025 972
1026 898
1027 896
1028 885
1029 886
1030 889
1031 890
1032 891
1033 892
1034 893
1035 894
1036 895
1037 900
1038 899
1039 901
1040 902
1041 903
1042 904
1043 905
1044 906
1045 907
1046 908
1047 909
1048 910
1049 911
1050 2435
1051 912
1052 913
1053 914
1054 915
1055 916
1056 917
1057 918
1058 919
1059 921
1060 920
1061 922
1062 923
1063 924
1064 925
1065 926
1066 927
1067 928
1068 929
1069 930
1070 931
1071 932
1072 933
1073 934
1074 935
1075 936
1076 937
1077 938
1078 939
1079 940
1080 941
1081 943
1082 3123
1083 2939
1084 944
1085 945
1086 946
1087 948
1088 949
1089 950
1090 952
1091 953
1092 954
1093 955
1094 956
1095 957
1096 958
1097 959
1098 960
1099 961
1100 962
1101 963
1102 964
1103 965
1104 966
1105 967
1106 968
1107 969
1108 970
1109 971
1110 973
1111 974
1112 975
1113 976
1114 977
1115 979
1116 980
1117 981
1118 982
1119 983
1120 984
1121 985
1122 986
1123 987
1124 988
1125 989
1126 990
1127 991
1128 992
1129 993
1130 994
1131 995
1132 996
1133 997
1134 998
1135 999
1136 1000
1137 1001
1138 1002
1139 1003
1140 1005
1141 1006
1142 1008
1143 1010
1144 1011
1145 1012
1146 1013
1147 1014
1148 1015
1149 1016
1150 1017
1151 1018
1152 1019
1153 1020
1154 1021
1155 1022
1156 1023
1157 1024
1158 1025
1159 1027
1160 1028
1161 1029
1162 1030
1163 1031
1164 1032
1165 1033
1166 1034
1167 1035
1168 1036
1169 1038
1170 1039
1171 1040
1172 1041
1173 1042
1174 1043
1175 1045
1176 1046
1177 1047
1178 1048
1179 1049
1180 1050
1181 1051
1182 1052
1183 1054
1184 1053
1185 1193
1186 1055
1187 1056
1188 1057
1189 1058
1190 1059
1191 1060
1192 1061
1193 1062
1194 1063
1195 1064
1196 1065
1197 1068
1198 1069
1199 1070
1200 1071
1201 1072
1202 1073
1203 1074
1204 1075
1205 1077
1206 1076
1207 1078
1208 1079
1209 1080
1210 1081
1211 1082
1212 1083
1213 1084
1214 1085
1215 1086
1216 1089
1217 1091
1218 1092
1219 1093
1220 1094
1221 1095
1222 1096
1223 1097
1224 1098
1225 1099
1226 1100
1227 1101
1228 1102
1229 1103
1230 1104
1231 1106
1232 1107
1233 1108
1234 1109
1235 1110
1236 1651
1237 1111
1238 1112
1239 1113
1240 1115
1241 1118
1242 1117
1243 1116
1244 1114
1245 1638
1246 1120
1247 1121
1248 1122
1249 1123
1250 1124
1251 1125
1252 1128
1253 1127
1254 1126
1255 1129
1256 1130
1257 1131
1258 1132
1259 1133
1260 1134
1261 1135
1262 1136
1263 1137
1264 1138
1265 1139
1266 1140
1267 1141
1268 1142
1269 1143
1270 1144
1271 1145
1272 1146
1273 1147
1274 1148
1275 1149
1276 1152
1277 1153
1278 1154
1279 1155
1280 1156
1281 1157
1282 1158
1283 1159
1284 1160
1285 1161
1286 1162
1287 1163
1288 1164
1289 1165
1290 1166
1291 1167
1292 1168
1293 1169
1294 1170
1295 1171
1296 1172
1297 1173
1298 1174
1299 1175
1300 1176
1301 1177
1302 1178
1303 1179
1304 1180
1305 1181
1306 1182
1307 1184
1308 1185
1309 1186
1310 1187
1311 1189
1312 1188
1313 1190
1314 1191
1315 1192
1316 1194
1317 1195
1318 1196
1319 1197
1320 1198
1321 1199
1322 1200
1323 1201
1324 1202
1325 1203
1326 1204
1327 1205
1328 1206
1329 1207
1330 1208
1331 1209
1332 1210
1333 1212
1334 1213
1335 1214
1336 1215
1337 1216
1338 1217
1339 1218
1340 1219
1341 1220
1342 1221
1343 1222
1344 1223
1345 1224
1346 1225
1347 1226
1348 1227
1349 1228
1350 1229
1351 1230
1352 1232
1353 1233
1354 1234
1355 1235
1356 1236
1357 1237
1358 1244
1359 1243
1360 1242
1361 1241
1362 1239
1363 1238
1364 3189
1365 3107
1366 2784
1367 2545
1368 2497
1369 2430
1370 1245
1371 1246
1372 1247
1373 1248
1374 1249
1375 1250
1376 1251
1377 1252
1378 1253
1379 1254
1380 1256
1381 1257
1382 1258
1383 1259
1384 1260
1385 1261
1386 1262
1387 1263
1388 1264
1389 1265
1390 1267
1391 1268
1392 1269
1393 1270
1394 1271
1395 1272
1396 1273
1397 1274
1398 1275
1399 1276
1400 1278
1401 1277
1402 1279
1403 1280
1404 1282
1405 1283
1406 1284
1407 1285
1408 1286
1409 1287
1410 1288
1411 1289
1412 1291
1413 1292
1414 1293
1415 1294
1416 1295
1417 1296
1418 1297
1419 1298
1420 1299
1421 1300
1422 1301
1423 1302
1424 1303
1425 1304
1426 1344
1427 1305
1428 1307
1429 1308
1430 1309
1431 1310
1432 1311
1433 1312
1434 1313
1435 1314
1436 1315
1437 1316
1438 1317
1439 1318
1440 1319
1441 1320
1442 1321
1443 1322
1444 1323
1445 1324
1446 1325
1447 1326
1448 1327
1449 1328
1450 1329
1451 1330
1452 1331
1453 1332
1454 1333
1455 1334
1456 1335
1457 1336
1458 1337
1459 1338
1460 1340
1461 1341
1462 1342
1463 1343
1464 1345
1465 1346
1466 1347
1467 1348
1468 1349
1469 1350
1470 1351
1471 1352
1472 1353
1473 1354
1474 1356
1475 1357
1476 1358
1477 1359
1478 1360
1479 1361
1480 1362
1481 1363
1482 1364
1483 1365
1484 1366
1485 1367
1486 1368
1487 1369
1488 1370
1489 1371
1490 1372
1491 1373
1492 1374
1493 1378
1494 1376
1495 1375
1496 1379
1497 1380
1498 1381
1499 1382
1500 1383
1501 1384
1502 1385
1503 1390
1504 1389
1505 1388
1506 1387
1507 1386
1508 1391
1509 1392
1510 1393
1511 1394
1512 1396
1513 1397
1514 1398
1515 1399
1516 1400
1517 1401
1518 1402
1519 1403
1520 1404
1521 1405
1522 1406
1523 1408
1524 1409
1525 1410
1526 1411
1527 1412
1528 1413
1529 1415
1530 1416
1531 1417
1532 1418
1533 1419
1534 1421
1535 1422
1536 1423
1537 1424
1538 1425
1539 1426
1540 1427
1541 1428
1542 1429
1543 1432
1544 1433
1545 1434
1546 1436
1547 1437
1548 1438
1549 1439
1550 1440
1551 1441
1552 1442
1553 1443
1554 1444
1555 1445
1556 2004
1557 1916
1558 1760
1559 1447
1560 1448
1561 1449
1562 1450
1563 1451
1564 1452
1565 1453
1566 1454
1567 1455
1568 1456
1569 1457
1570 1458
1571 1459
1572 1460
1573 1461
1574 1462
1575 1463
1576 1464
1577 1465
1578 1466
1579 1467
1580 1468
1581 1469
1582 1470
1583 1471
1584 1472
1585 1473
1586 1474
1587 1475
1588 1476
1589 1477
1590 1478
1591 1479
1592 1480
1593 1481
1594 1482
1595 1483
1596 1484
1597 1485
1598 1487
1599 1488
1600 1489
1601 1491
1602 1490
1603 1492
1604 1493
1605 1494
1606 1495
1607 1496
1608 1497
1609 1498
1610 1499
1611 1500
1612 1501
1613 1502
1614 1503
1615 1504
1616 1505
1617 1506
1618 1507
1619 1508
1620 1509
1621 1511
1622 1512
1623 1513
1624 1514
1625 1515
1626 1516
1627 1517
1628 1518
1629 1519
1630 1520
1631 1521
1632 3510
1633 2818
1634 1523
1635 1525
1636 1526
1637 1527
1638 1528
1639 1529
1640 1531
1641 1532
1642 1533
1643 1534
1644 1535
1645 1536
1646 1537
1647 1538
1648 1539
1649 1540
1650 1541
1651 1542
1652 1543
1653 1544
1654 1546
1655 1545
1656 1547
1657 1548
1658 1549
1659 1550
1660 1551
1661 1552
1662 1553
1663 1554
1664 1555
1665 1556
1666 1557
1667 1558
1668 1560
1669 1559
1670 1561
1671 1562
1672 1563
1673 1564
1674 1566
1675 1567
1676 1568
1677 1569
1678 1570
1679 1571
1680 1572
1681 1573
1682 1574
1683 1575
1684 1576
1685 1577
1686 1578
1687 1579
1688 1580
1689 1581
1690 1582
1691 1586
1692 1587
1693 1588
1694 1589
1695 1590
1696 1591
1697 1592
1698 1593
1699 1594
1700 1595
1701 1596
1702 1597
1703 1598
1704 1599
1705 1600
1706 1601
1707 1603
1708 1602
1709 1604
1710 1605
1711 1606
1712 1607
1713 1608
1714 1609
1715 1610
1716 1611
1717 1612
1718 1613
1719 1614
1720 1615
1721 1616
1722 1617
1723 1620
1724 1619
1725 1621
1726 1622
1727 1623
1728 1624
1729 1625
1730 1629
1731 1628
1732 1627
1733 1630
1734 1631
1735 1632
1736 1633
1737 1634
1738 1635
1739 1636
1740 1637
1741 1639
1742 1640
1743 1641
1744 1642
1745 1643
1746 1644
1747 1645
1748 1646
1749 1649
1750 1650
1751 1652
1752 1653
1753 1654
1754 1655
1755 1656
1756 1657
1757 1658
1758 1659
1759 1660
1760 1661
1761 1663
1762 1664
1763 1665
1764 1666
1765 1668
1766 1669
1767 1670
1768 1671
1769 1672
1770 1673
1771 1674
1772 1675
1773 1676
1774 1677
1775 1678
1776 1679
1777 1680
1778 1681
1779 1682
1780 1684
1781 1683
1782 2114
1783 1868
1784 1702
1785 1685
1786 1688
1787 1687
1788 1686
1789 1689
1790 1690
1791 1691
1792 1692
1793 1693
1794 1694
1795 1695
1796 1696
1797 4072
1798 1761
1799 1699
1800 1700
1801 1701
1802 1706
1803 1707
1804 1708
1805 1709
1806 1710
1807 1711
1808 1712
1809 1713
1810 1714
1811 1715
1812 1716
1813 1717
1814 1718
1815 1719
1816 1720
1817 1721
1818 1722
1819 1723
1820 1724
1821 1725
1822 1726
1823 1727
1824 1728
1825 1729
1826 1730
1827 1731
1828 1732
1829 1733
1830 1734
1831 1735
1832 1736
1833 1737
1834 1738
1835 1739
1836 1740
1837 1741
1838 1742
1839 1743
1840 1744
1841 1745
1842 1746
1843 1747
1844 1748
1845 1749
1846 1750
1847 1751
1848 1752
1849 1753
1850 1759
1851 1757
1852 1756
1853 2180
1854 3162
1855 1763
1856 1764
1857 1765
1858 1766
1859 1768
1860 1767
1861 1769
1862 1770
1863 1772
1864 1771
1865 1773
1866 1774
1867 1775
1868 1776
1869 1777
1870 1778
1871 1779
1872 1780
1873 1781
1874 1782
1875 1783
1876 1784
1877 1785
1878 1786
1879 1788
1880 1789
1881 1790
1882 1791
1883 1793
1884 1792
1885 1794
1886 1795
1887 1796
1888 1797
1889 1798
1890 1799
1891 1800
1892 1801
1893 1802
1894 1804
1895 1805
1896 1806
1897 1807
1898 1808
1899 1809
1900 1810
1901 1811
1902 1812
1903 1813
1904 1814
1905 1815
1906 1816
1907 1817
1908 1819
1909 1820
1910 1821
1911 1822
1912 1823
1913 1824
1914 1825
1915 1826
1916 1827
1917 1828
1918 1829
1919 1830
1920 1831
1921 1832
1922 1833
1923 1834
1924 1835
1925 1836
1926 1837
1927 1838
1928 1839
1929 1840
1930 1841
1931 1842
1932 1843
1933 1844
1934 1845
1935 1846
1936 1847
1937 1848
1938 1849
1939 1851
1940 1852
1941 1853
1942 1855
1943 1857
1944 1858
1945 1871
1946 1870
1947 1867
1948 1866
1949 1865
1950 1864
1951 1863
1952 1862
1953 1861
1954 1860
1955 1859
1956 3748
1957 2954
1958 2816
1959 2814
1960 1874
1961 1875
1962 1876
1963 1877
1964 1878
1965 1879
1966 1880
1967 1881
1968 1882
1969 1883
1970 1884
1971 1885
1972 1887
1973 1888
1974 1889
1975 1890
1976 1891
1977 1892
1978 1894
1979 1896
1980 1895
1981 1893
1982 1898
1983 1899
1984 1900
1985 1901
1986 1902
1987 1903
1988 1904
1989 1905
1990 1906
1991 1907
1992 1908
1993 1909
1994 1910
1995 1911
1996 1912
1997 1913
1998 1914
1999 1915
2000 1918
2001 1917
2002 1919
2003 1921
2004 1922
2005 1923
2006 1925
2007 1924
2008 1926
2009 1927
2010 1928
2011 1929
2012 1930
2013 1931
2014 1933
2015 1932
2016 1934
2017 1937
2018 1938
2019 1939
2020 1940
2021 1941
2022 1942
2023 1943
2024 1944
2025 1945
2026 1946
2027 1947
2028 1948
2029 1949
2030 1950
2031 1951
2032 1952
2033 1953
2034 1954
2035 1955
2036 1956
2037 1957
2038 1958
2039 1959
2040 1960
2041 1961
2042 1962
2043 1963
2044 1964
2045 1965
2046 1968
2047 1967
2048 1969
2049 1970
2050 1971
2051 1972
2052 1973
2053 1974
2054 1975
2055 1976
2056 1977
2057 1978
2058 1979
2059 1980
2060 1981
2061 1982
2062 1983
2063 1984
2064 1985
2065 1986
2066 1988
2067 1987
2068 1989
2069 1990
2070 1991
2071 1992
2072 1993
2073 1994
2074 1995
2075 1996
2076 1997
2077 1998
2078 1999
2079 2556
2080 2555
2081 2554
2082 2000
2083 2001
2084 2002
2085 2003
2086 2005
2087 2006
2088 2007
2089 2008
2090 2009
2091 2010
2092 2011
2093 2012
2094 2013
2095 2014
2096 2015
2097 2016
2098 2017
2099 2018
2100 2019
2101 2020
2102 2021
2103 2022
2104 2023
2105 2024
2106 2026
2107 2025
2108 2027
2109 2028
2110 2029
2111 2030
2112 2031
2113 2032
2114 2033
2115 2034
2116 2035
2117 2036
2118 2037
2119 2038
2120 2039
2121 2040
2122 2046
2123 2044
2124 2043
2125 2042
2126 2041
2127 2047
2128 2048
2129 2049
2130 2050
2131 2051
2132 2052
2133 2053
2134 2054
2135 2055
2136 2056
2137 2057
2138 2058
2139 2059
2140 2060
2141 2061
2142 2062
2143 2063
2144 2064
2145 2065
2146 2066
2147 2067
2148 2068
2149 2069
2150 2070
2151 2071
2152 2072
2153 2073
2154 2074
2155 2075
2156 2076
2157 2077
2158 2078
2159 2079
2160 2080
2161 2081
2162 2082
2163 2083
2164 2084
2165 2085
2166 2086
2167 2088
2168 2087
2169 2089
2170 2090
2171 2091
2172 2092
2173 2093
2174 2094
2175 2095
2176 2096
2177 2097
2178 2098
2179 2099
2180 2100
2181 2101
2182 2102
2183 2103
2184 2104
2185 2105
2186 2106
2187 2107
2188 2108
2189 2110
2190 2111
2191 2112
2192 2113
2193 2115
2194 2116
2195 2117
2196 2118
2197 2119
2198 2120
2199 2121
2200 2122
2201 2123
2202 2124
2203 2125
2204 2126
2205 2127
2206 2128
2207 2129
2208 2130
2209 2131
2210 2132
2211 2133
2212 2134
2213 2135
2214 2136
2215 2137
2216 2138
2217 2139
2218 2140
2219 2141
2220 2142
2221 2143
2222 2144
2223 2145
2224 2146
2225 2147
2226 2148
2227 2149
2228 2150
2229 2151
2230 2152
2231 2153
2232 2154
2233 2155
2234 2156
2235 2157
2236 2158
2237 2159
2238 2160
2239 2161
2240 2162
2241 2163
2242 2164
2243 2165
2244 2166
2245 2167
2246 2168
2247 2169
2248 2170
2249 2171
2250 2172
2251 2173
2252 2174
2253 2175
2254 2176
2255 2177
2256 2178
2257 2179
2258 2181
2259 2182
2260 2183
2261 2184
2262 2185
2263 2186
2264 2187
2265 2188
2266 2189
2267 2190
2268 2191
2269 2192
2270 2193
2271 2194
2272 2195
2273 2196
2274 2197
2275 3752
2276 2199
2277 2200
2278 2201
2279 2202
2280 2203
2281 2204
2282 2205
2283 2206
2284 2207
2285 2208
2286 2209
2287 2210
2288 2211
2289 2212
2290 2213
2291 2214
2292 2215
2293 2216
2294 2217
2295 2218
2296 2219
2297 2220
2298 2221
2299 2225
2300 2224
2301 2223
2302 2222
2303 2226
2304 2227
2305 2228
2306 2229
2307 2230
2308 2231
2309 2232
2310 2233
2311 2234
2312 2235
2313 2236
2314 2237
2315 2238
2316 2239
2317 2240
2318 2241
2319 2242
2320 2243
2321 2244
2322 2245
2323 2246
2324 2247
2325 2248
2326 2249
2327 2250
2328 2251
2329 2252
2330 2253
2331 2254
2332 2255
2333 2256
2334 2257
2335 2259
2336 2260
2337 2261
2338 2262
2339 2263
2340 2264
2341 2265
2342 2266
2343 2268
2344 2267
2345 2269
2346 2270
2347 2271
2348 2272
2349 2273
2350 2274
2351 2275
2352 2276
2353 2277
2354 2279
2355 2280
2356 2281
2357 2282
2358 2283
2359 2284
2360 2285
2361 2286
2362 2287
2363 2288
2364 2289
2365 2290
2366 2291
2367 2292
2368 2293
2369 2294
2370 2295
2371 2296
2372 2297
2373 2298
2374 2299
2375 2300
2376 2301
2377 2302
2378 2303
2379 2304
2380 2305
2381 2306
2382 2307
2383 2308
2384 2309
2385 2310
2386 2311
2387 2312
2388 2314
2389 2313
2390 3104
2391 2315
2392 2316
2393 2317
2394 2318
2395 2319
2396 2320
2397 2321
2398 2323
2399 2322
2400 2325
2401 2326
2402 2327
2403 2328
2404 2329
2405 2330
2406 2331
2407 2332
2408 2333
2409 2334
2410 2335
2411 2336
2412 2337
2413 2338
2414 2340
2415 2342
2416 2343
2417 2344
2418 2345
2419 2346
2420 2347
2421 2349
2422 2350
2423 2351
2424 2352
2425 2353
2426 2354
2427 2355
2428 2356
2429 2357
2430 2358
2431 2359
2432 2360
2433 2361
2434 2362
2435 2363
2436 2364
2437 2365
2438 2366
2439 2367
2440 2368
2441 2369
2442 2370
2443 2371
2444 2372
2445 2373
2446 2374
2447 2375
2448 2795
2449 2794
2450 2793
2451 2376
2452 2377
2453 2378
2454 2379
2455 2380
2456 2381
2457 2382
2458 2383
2459 2385
2460 2384
2461 2386
2462 2387
2463 2388
2464 2389
2465 2390
2466 2391
2467 2392
2468 2393
2469 2394
2470 2395
2471 2396
2472 2397
2473 2399
2474 2398
2475 2400
2476 2401
2477 2402
2478 2403
2479 2404
2480 2405
2481 2406
2482 2407
2483 2408
2484 2409
2485 2410
2486 2411
2487 2412
2488 2413
2489 2414
2490 2415
2491 2416
2492 2417
2493 2418
2494 2419
2495 2420
2496 2421
2497 2423
2498 2424
2499 2425
2500 2426
2501 2427
2502 2428
2503 2431
2504 2432
2505 2433
2506 2434
2507 2436
2508 2437
2509 2438
2510 2439
2511 2440
2512 2441
2513 2442
2514 2443
2515 2444
2516 2445
2517 3853
2518 3852
2519 3851
2520 2676
2521 2446
2522 2447
2523 2448
2524 2449
2525 2450
2526 2451
2527 2452
2528 2453
2529 2454
2530 2455
2531 2456
2532 2457
2533 2458
2534 2459
2535 2460
2536 2461
2537 2462
2538 2463
2539 2466
2540 2465
2541 2467
2542 2468
2543 2469
2544 2470
2545 2471
2546 2472
2547 2473
2548 2474
2549 2475
2550 2476
2551 2477
2552 2478
2553 2479
2554 2480
2555 2481
2556 2482
2557 2483
2558 2484
2559 2485
2560 2486
2561 2487
2562 2488
2563 2489
2564 2490
2565 2491
2566 2492
2567 2493
2568 2494
2569 2496
2570 2498
2571 2499
2572 2500
2573 2501
2574 2502
2575 2503
2576 2504
2577 2505
2578 2506
2579 2507
2580 2508
2581 2509
2582 2510
2583 2511
2584 2512
2585 2513
2586 2514
2587 2515
2588 2516
2589 3835
2590 2518
2591 2519
2592 2520
2593 2521
2594 2522
2595 2523
2596 2524
2597 2525
2598 2526
2599 2527
2600 2528
2601 2529
2602 2531
2603 2532
2604 2533
2605 2534
2606 2535
2607 2536
2608 2537
2609 2538
2610 2539
2611 2540
2612 2541
2613 2542
2614 2543
2615 2544
2616 2546
2617 2547
2618 2548
2619 2549
2620 2550
2621 2551
2622 2552
2623 2553
2624 2557
2625 2558
2626 2559
2627 2560
2628 2561
2629 2562
2630 2563
2631 2564
2632 2565
2633 2566
2634 2567
2635 2568
2636 2569
2637 2570
2638 2572
2639 2571
2640 2573
2641 2574
2642 2575
2643 2576
2644 2577
2645 2578
2646 2579
2647 2580
2648 2581
2649 2582
2650 2583
2651 2584
2652 2585
2653 2586
2654 2587
2655 2588
2656 2589
2657 2590
2658 2591
2659 2592
2660 2593
2661 2594
2662 2595
2663 2596
2664 2597
2665 2598
2666 2599
2667 2600
2668 2601
2669 2602
2670 2603
2671 2604
2672 2605
2673 2606
2674 2607
2675 2608
2676 2609
2677 2610
2678 2611
2679 2612
2680 2613
2681 2614
2682 2615
2683 2616
2684 2617
2685 2618
2686 2619
2687 2622
2688 2623
2689 2624
2690 2625
2691 2626
2692 2627
2693 2628
2694 2629
2695 2631
2696 2630
2697 2633
2698 2634
2699 2635
2700 2636
2701 2638
2702 2639
2703 2640
2704 2641
2705 2642
2706 2643
2707 2644
2708 2645
2709 2646
2710 2647
2711 2648
2712 2649
2713 2650
2714 2651
2715 2652
2716 2653
2717 2654
2718 2655
2719 2656
2720 2658
2721 2657
2722 2659
2723 2660
2724 2661
2725 2662
2726 2663
2727 2664
2728 2665
2729 2666
2730 2667
2731 2668
2732 2669
2733 2670
2734 2671
2735 2672
2736 2673
2737 2674
2738 2675
2739 2677
2740 2678
2741 2679
2742 2680
2743 2681
2744 2682
2745 2683
2746 2684
2747 2685
2748 2686
2749 2687
2750 2688
2751 2689
2752 2690
2753 2691
2754 2692
2755 2693
2756 2694
2757 2695
2758 2696
2759 2698
2760 2697
2761 2699
2762 2700
2763 2701
2764 2702
2765 2703
2766 2704
2767 2705
2768 2706
2769 2707
2770 2708
2771 2709
2772 2710
2773 2711
2774 2712
2775 2713
2776 2714
2777 2715
2778 2716
2779 2717
2780 2718
2781 2719
2782 2720
2783 2721
2784 2722
2785 2723
2786 2724
2787 2725
2788 2727
2789 2728
2790 2729
2791 2730
2792 2732
2793 2731
2794 2733
2795 2734
2796 2735
2797 2736
2798 2737
2799 2738
2800 2739
2801 2740
2802 2741
2803 2742
2804 2743
2805 2744
2806 2745
2807 2746
2808 2747
2809 2748
2810 2749
2811 2750
2812 2751
2813 2752
2814 2753
2815 2754
2816 2755
2817 2756
2818 2757
2819 2758
2820 2759
2821 2760
2822 2761
2823 2762
2824 2763
2825 2764
2826 2765
2827 2766
2828 2768
2829 2767
2830 2770
2831 2769
2832 2771
2833 2772
2834 2773
2835 2774
2836 2775
2837 2776
2838 2777
2839 2778
2840 2779
2841 2780
2842 2781
2843 2783
2844 2786
2845 2905
2846 2788
2847 2789
2848 2790
2849 2791
2850 2792
2851 2796
2852 2797
2853 2798
2854 2799
2855 2800
2856 2801
2857 2802
2858 2803
2859 2804
2860 2805
2861 2806
2862 2807
2863 2808
2864 2809
2865 2810
2866 2811
2867 2812
2868 2813
2869 2815
2870 2817
2871 2819
2872 2820
2873 2821
2874 2822
2875 2823
2876 2824
2877 2825
2878 2826
2879 2828
2880 2830
2881 2829
2882 2827
2883 2831
2884 2832
2885 2833
2886 2834
2887 2835
2888 2836
2889 2837
2890 2838
2891 2839
2892 2840
2893 2841
2894 2842
2895 2843
2896 2844
2897 2845
2898 2846
2899 2847
2900 2849
2901 2848
2902 2850
2903 2851
2904 2852
2905 2853
2906 2854
2907 2855
2908 2856
2909 2857
2910 2858
2911 2859
2912 2860
2913 2861
2914 2862
2915 2863
2916 2864
2917 2865
2918 2867
2919 2868
2920 2869
2921 2870
2922 2871
2923 2872
2924 2873
2925 2874
2926 2875
2927 2876
2928 2877
2929 2878
2930 2879
2931 2880
2932 2881
2933 2882
2934 2883
2935 2884
2936 2885
2937 2886
2938 2887
2939 2888
2940 2889
2941 2890
2942 2891
2943 2892
2944 2893
2945 2894
2946 2895
2947 2896
2948 2897
2949 2898
2950 2899
2951 2900
2952 2901
2953 2902
2954 2904
2955 2903
2956 2906
2957 2907
2958 2909
2959 2908
2960 2910
2961 2911
2962 2912
2963 2913
2964 2914
2965 2915
2966 2916
2967 2917
2968 2918
2969 2919
2970 2920
2971 2921
2972 2922
2973 2923
2974 2924
2975 2925
2976 2926
2977 2927
2978 2928
2979 2929
2980 2930
2981 2931
2982 2932
2983 2933
2984 2934
2985 2935
2986 2937
2987 2936
2988 2938
2989 2940
2990 2941
2991 2942
2992 2943
2993 2944
2994 2945
2995 2946
2996 2947
2997 2948
2998 2949
2999 2950
3000 2951
3001 2952
3002 2953
3003 2955
3004 2956
3005 2957
3006 2958
3007 2959
3008 2960
3009 2961
3010 2962
3011 2963
3012 2964
3013 2965
3014 2967
3015 2968
3016 2969
3017 2970
3018 2971
3019 2972
3020 2974
3021 2973
3022 2975
3023 2976
3024 2977
3025 2978
3026 2979
3027 2980
3028 2981
3029 2982
3030 2983
3031 2984
3032 2985
3033 2986
3034 2989
3035 2988
3036 2987
3037 2990
3038 2991
3039 2992
3040 2993
3041 2994
3042 2995
3043 2996
3044 2997
3045 2998
3046 2999
3047 3000
3048 3001
3049 3002
3050 3021
3051 3020
3052 3019
3053 3018
3054 3017
3055 3016
3056 3015
3057 3014
3058 3013
3059 3012
3060 3011
3061 3010
3062 3009
3063 3008
3064 3007
3065 3006
3066 3005
3067 3004
3068 3003
3069 3022
3070 3023
3071 3024
3072 3025
3073 3026
3074 3027
3075 3028
3076 3030
3077 3029
3078 3031
3079 3032
3080 3033
3081 3034
3082 3035
3083 3036
3084 3037
3085 3038
3086 3039
3087 3040
3088 3041
3089 3042
3090 3043
3091 3044
3092 3045
3093 3046
3094 3047
3095 3048
3096 3049
3097 3050
3098 3051
3099 3052
3100 3053
3101 3054
3102 3055
3103 3056
3104 3057
3105 3058
3106 3059
3107 3060
3108 3061
3109 3062
3110 3063
3111 3064
3112 3065
3113 3066
3114 3067
3115 3068
3116 3070
3117 3071
3118 3072
3119 3073
3120 3074
3121 3075
3122 3076
3123 3077
3124 3078
3125 3079
3126 3080
3127 3081
3128 3082
3129 3083
3130 3084
3131 3085
3132 3086
3133 3087
3134 3088
3135 3089
3136 3090
3137 3091
3138 3092
3139 3093
3140 3094
3141 3095
3142 3096
3143 3097
3144 3098
3145 3099
3146 3100
3147 3101
3148 3102
3149 3103
3150 3108
3151 3106
3152 3105
3153 3109
3154 3110
3155 3111
3156 3112
3157 3113
3158 3114
3159 3115
3160 3116
3161 3117
3162 3118
3163 3119
3164 3120
3165 3121
3166 3124
3167 3125
3168 3126
3169 3127
3170 3128
3171 3129
3172 3130
3173 3132
3174 3133
3175 3134
3176 3135
3177 3136
3178 3137
3179 3138
3180 3139
3181 3140
3182 3141
3183 3142
3184 3143
3185 3144
3186 3145
3187 3146
3188 3147
3189 3148
3190 3149
3191 3150
3192 3151
3193 3152
3194 3154
3195 3155
3196 3156
3197 3157
3198 3158
3199 3159
3200 3160
3201 3161
3202 3163
3203 3164
3204 3165
3205 3166
3206 3167
3207 3168
3208 3169
3209 3170
3210 3171
3211 3172
3212 3173
3213 3174
3214 3175
3215 3176
3216 3177
3217 3178
3218 3179
3219 3180
3220 3181
3221 3182
3222 3183
3223 3184
3224 3185
3225 3186
3226 3187
3227 3188
3228 3191
3229 3192
3230 3193
3231 3194
3232 3195
3233 3196
3234 3197
3235 3198
3236 3199
3237 3200
3238 3201
3239 3202
3240 3203
3241 3204
3242 3205
3243 3206
3244 3207
3245 3208
3246 3209
3247 3210
3248 3211
3249 3212
3250 3213
3251 3214
3252 3215
3253 3216
3254 3217
3255 3218
3256 3219
3257 3220
3258 3221
3259 3222
3260 3223
3261 3224
3262 3225
3263 3226
3264 3227
3265 3229
3266 3228
3267 3230
3268 3231
3269 3232
3270 3233
3271 3234
3272 3235
3273 3236
3274 3237
3275 3238
3276 3239
3277 3240
3278 3241
3279 3243
3280 3242
3281 3244
3282 3245
3283 3246
3284 3247
3285 3248
3286 3249
3287 3250
3288 3251
3289 3253
3290 3252
3291 3254
3292 3255
3293 3256
3294 3257
3295 3258
3296 3259
3297 3260
3298 3261
3299 3262
3300 3263
3301 3264
3302 3265
3303 3266
3304 3267
3305 3268
3306 3269
3307 3270
3308 3271
3309 3272
3310 3273
3311 3274
3312 3275
3313 3276
3314 3277
3315 3278
3316 3279
3317 3280
3318 3281
3319 3282
3320 3283
3321 3284
3322 3285
3323 3286
3324 3287
3325 3289
3326 3290
3327 3291
3328 3292
3329 3293
3330 3294
3331 3295
3332 3296
3333 3297
3334 3298
3335 3299
3336 3300
3337 3301
3338 3302
3339 3303
3340 3304
3341 3305
3342 3306
3343 3307
3344 3308
3345 3309
3346 3310
3347 3311
3348 3312
3349 3313
3350 3314
3351 3315
3352 3316
3353 3317
3354 3318
3355 3319
3356 3320
3357 3321
3358 3322
3359 3323
3360 3324
3361 3325
3362 3326
3363 3327
3364 3328
3365 3329
3366 3330
3367 3331
3368 3332
3369 3333
3370 3334
3371 3335
3372 3336
3373 3337
3374 3338
3375 3339
3376 3340
3377 3341
3378 3342
3379 3343
3380 3344
3381 3345
3382 3346
3383 3347
3384 3348
3385 3349
3386 3350
3387 3351
3388 3352
3389 3353
3390 3354
3391 3355
3392 3356
3393 3357
3394 3358
3395 3359
3396 3360
3397 3361
3398 3362
3399 3363
3400 3364
3401 3365
3402 3366
3403 3367
3404 3368
3405 3369
3406 3370
3407 3371
3408 3372
3409 3373
3410 3374
3411 3375
3412 3376
3413 3377
3414 3378
3415 3379
3416 3380
3417 3381
3418 3382
3419 3383
3420 3384
3421 3385
3422 3386
3423 3387
3424 3388
3425 3389
3426 3390
3427 3391
3428 3392
3429 3393
3430 3394
3431 3395
3432 3396
3433 3397
3434 3398
3435 3399
3436 3400
3437 3401
3438 3402
3439 3403
3440 3404
3441 3405
3442 3406
3443 3407
3444 3408
3445 3409
3446 3410
3447 3411
3448 3412
3449 3414
3450 3415
3451 3416
3452 3417
3453 3418
3454 3419
3455 3420
3456 3421
3457 3423
3458 3424
3459 3425
3460 3426
3461 3427
3462 3428
3463 3429
3464 3430
3465 3431
3466 3432
3467 3434
3468 3435
3469 3436
3470 3437
3471 3438
3472 3439
3473 3440
3474 3441
3475 3442
3476 3443
3477 3444
3478 3445
3479 3446
3480 3447
3481 3448
3482 3449
3483 3450
3484 3451
3485 3452
3486 3453
3487 3454
3488 3456
3489 3455
3490 3457
3491 3458
3492 3459
3493 3460
3494 3461
3495 3462
3496 3463
3497 3464
3498 3465
3499 3466
3500 3467
3501 3468
3502 3469
3503 3470
3504 3471
3505 3472
3506 3473
3507 3474
3508 3475
3509 3476
3510 3477
3511 3478
3512 3479
3513 3480
3514 3481
3515 3482
3516 3483
3517 3484
3518 3485
3519 3486
3520 3487
3521 3488
3522 3489
3523 3490
3524 3491
3525 3492
3526 3493
3527 3494
3528 3496
3529 3497
3530 3498
3531 3499
3532 3500
3533 3501
3534 3502
3535 3503
3536 3504
3537 3505
3538 3506
3539 3507
3540 3508
3541 3509
3542 3511
3543 3512
3544 3513
3545 3514
3546 3515
3547 3516
3548 3517
3549 3518
3550 3519
3551 3520
3552 3521
3553 3522
3554 3523
3555 3524
3556 3525
3557 3526
3558 3527
3559 3528
3560 3529
3561 3530
3562 3531
3563 3532
3564 3533
3565 3535
3566 3536
3567 3538
3568 3539
3569 3540
3570 3541
3571 3542
3572 3543
3573 3544
3574 3545
3575 3546
3576 3547
3577 3548
3578 3549
3579 3550
3580 3551
3581 3552
3582 3553
3583 3554
3584 3555
3585 3556
3586 3557
3587 3558
3588 3559
3589 3560
3590 3561
3591 3563
3592 3564
3593 3565
3594 3566
3595 3567
3596 3568
3597 3569
3598 3570
3599 3571
3600 3572
3601 3573
3602 3574
3603 3575
3604 3576
3605 3577
3606 3578
3607 3579
3608 3580
3609 3581
3610 3582
3611 3583
3612 3584
3613 3585
3614 3586
3615 3587
3616 3588
3617 3589
3618 3590
3619 3591
3620 3592
3621 3593
3622 3594
3623 3595
3624 3596
3625 3597
3626 3598
3627 3599
3628 3600
3629 3601
3630 3602
3631 3603
3632 3605
3633 3606
3634 3607
3635 3608
3636 3609
3637 3610
3638 3611
3639 3612
3640 3613
3641 3615
3642 3614
3643 3616
3644 3617
3645 3618
3646 3619
3647 3620
3648 3621
3649 3622
3650 3623
3651 3624
3652 3625
3653 3626
3654 3627
3655 3628
3656 3629
3657 3630
3658 3631
3659 3632
3660 3633
3661 3634
3662 3635
3663 3636
3664 3637
3665 3638
3666 3639
3667 3640
3668 3641
3669 3642
3670 3643
3671 3644
3672 3645
3673 3646
3674 3647
3675 3648
3676 3649
3677 3650
3678 3651
3679 3652
3680 3653
3681 3654
3682 3655
3683 3656
3684 3657
3685 3658
3686 3659
3687 3660
3688 3661
3689 3662
3690 3663
3691 3664
3692 3665
3693 3666
3694 3667
3695 3668
3696 3669
3697 3670
3698 3671
3699 3672
3700 3673
3701 3674
3702 3676
3703 3675
3704 3677
3705 3678
3706 3679
3707 3680
3708 3681
3709 3682
3710 3683
3711 3685
3712 3686
3713 3687
3714 3688
3715 3689
3716 3691
3717 3690
3718 3692
3719 3693
3720 3694
3721 3695
3722 3696
3723 3697
3724 3698
3725 3699
3726 3700
3727 3701
3728 3702
3729 3703
3730 3704
3731 3705
3732 3706
3733 3707
3734 3708
3735 3709
3736 3710
3737 3711
3738 3712
3739 3713
3740 3714
3741 3715
3742 3716
3743 3717
3744 3718
3745 3719
3746 3720
3747 3721
3748 3722
3749 3724
3750 3723
3751 3725
3752 3726
3753 3727
3754 3728
3755 3729
3756 3730
3757 3731
3758 3732
3759 3733
3760 3734
3761 3735
3762 3736
3763 3737
3764 3738
3765 3739
3766 3740
3767 3741
3768 3742
3769 3743
3770 3744
3771 3745
3772 3746
3773 3747
3774 3749
3775 3750
3776 3751
3777 3753
3778 3754
3779 3755
3780 3756
3781 3757
3782 3758
3783 3759
3784 3760
3785 3761
3786 3762
3787 3763
3788 3764
3789 3765
3790 3766
3791 3767
3792 3768
3793 3769
3794 3770
3795 3771
3796 3772
3797 3773
3798 3774
3799 3775
3800 3776
3801 3777
3802 3778
3803 3779
3804 3780
3805 3781
3806 3782
3807 3783
3808 3784
3809 3785
3810 3786
3811 3787
3812 3788
3813 3789
3814 3790
3815 3791
3816 3792
3817 3793
3818 3794
3819 3795
3820 3796
3821 3797
3822 3798
3823 3800
3824 3799
3825 3801
3826 3802
3827 3803
3828 3804
3829 3805
3830 3806
3831 3807
3832 3808
3833 3809
3834 3810
3835 3811
3836 3812
3837 3813
3838 3814
3839 3815
3840 3816
3841 3817
3842 3818
3843 3819
3844 3820
3845 3821
3846 3822
3847 3823
3848 3824
3849 3825
3850 3826
3851 3827
3852 3828
3853 3830
3854 3831
3855 3832
3856 3833
3857 3834
3858 3836
3859 3837
3860 3838
3861 3839
3862 3840
3863 3841
3864 3842
3865 3843
3866 3844
3867 3845
3868 3846
3869 3847
3870 3848
3871 3849
3872 3850
3873 3854
3874 4084
3875 4083
3876 3856
3877 3857
3878 3858
3879 3859
3880 3860
3881 3861
3882 3862
3883 3863
3884 3864
3885 3865
3886 3866
3887 3867
3888 3868
3889 3869
3890 3870
3891 3871
3892 3872
3893 3873
3894 3874
3895 3875
3896 3876
3897 3877
3898 3878
3899 3879
3900 3880
3901 3881
3902 3885
3903 3886
3904 3887
3905 3888
3906 3889
3907 3890
3908 3891
3909 3892
3910 3893
3911 3894
3912 3895
3913 3896
3914 3897
3915 3898
3916 3899
3917 3900
3918 3901
3919 3902
3920 3903
3921 3904
3922 3905
3923 3906
3924 3907
3925 3908
3926 3909
3927 3910
3928 3911
3929 3912
3930 3913
3931 3914
3932 3915
3933 3916
3934 3917
3935 3918
3936 3919
3937 3920
3938 3921
3939 3922
3940 3923
3941 3924
3942 3925
3943 3926
3944 3927
3945 3928
3946 3929
3947 3930
3948 3931
3949 3932
3950 3933
3951 3934
3952 3935
3953 3936
3954 3937
3955 3938
3956 3939
3957 3940
3958 3941
3959 3942
3960 3943
3961 3944
3962 3945
3963 3946
3964 3947
3965 3948
3966 3949
3967 3950
3968 3951
3969 3952
3970 3953
3971 3954
3972 3955
3973 3956
3974 3957
3975 3958
3976 3959
3977 3960
3978 3961
3979 3962
3980 3963
3981 3964
3982 3965
3983 3966
3984 3967
3985 3968
3986 3969
3987 3970
3988 3971
3989 3973
3990 3974
3991 3975
3992 3976
3993 3978
3994 3977
3995 3979
3996 3980
3997 3981
3998 3982
3999 3983
4000 3984
4001 3985
4002 3986
4003 3987
4004 3988
4005 3990
4006 3991
4007 3992
4008 3993
4009 3994
4010 3995
4011 3996
4012 3997
4013 3998
4014 3999
4015 4000
4016 4001
4017 4002
4018 4003
4019 4005
4020 4006
4021 4007
4022 4008
4023 4009
4024 4010
4025 4011
4026 4012
4027 4013
4028 4014
4029 4015
4030 4016
4031 4017
4032 4018
4033 4019
4034 4020
4035 4021
4036 4022
4037 4023
4038 4024
4039 4025
4040 4026
4041 4027
4042 4028
4043 4029
4044 4030
4045 4031
4046 4032
4047 4033
4048 4035
4049 4036
4050 4037
4051 4038
4052 4039
4053 4040
4054 4041
4055 4042
4056 4044
4057 4045
4058 4046
4059 4047
4060 4048
4061 4049
4062 4051
4063 4052
4064 4053
4065 4054
4066 4055
4067 4056
4068 4057
4069 4058
4070 4059
4071 4060
4072 4061
4073 4062
4074 4063
4075 4064
4076 4065
4077 4066
4078 4067
4079 4068
4080 4069
4081 4070
4082 4071
4083 4073
4084 4074
4085 4075
4086 4076
4087 4077
4088 4078
4089 4079
4090 4080
4091 4081
4092 4082
4093 4085
4094 4086
4095 4087
4096 4088
4097 4089
4098 4090
4099 4091
4100 4092
4101 4093
4102 4094
4103 4095
4104 4096
4105 4097
4106 4098
4107 4099
4108 4100
4109 4101
4110 4102
4111 4103
4112 4104
4113 4105
4114 4113
4115 4114
4116 4115
4117 4116
4118 4117
4119 4118
4120 4119
4121 4120
4122 4121
4123 4122
4124 4123
4125 4124
4126 4126
4127 4127
4128 4128
4129 4129
4130 4130
4131 4131
4132 4132
4133 4133
4134 4134
4135 4135
4136 4136
4137 4137
4138 4138
4139 4139
4140 4140
4141 4141
4142 4142
4143 4143
4144 4144
4145 4145
4146 4146
4147 4147
4148 4148
4149 4149
4150 4150
4151 4151
4152 4152
4153 4153
4154 4154
4155 4155
4156 4156
