0 0
1 2
2 1
3 6
4 3
5 4
6 5
7 7
8 8
9 336
10 9
11 10
12 11
13 12
14 13
15 14
16 15
17 16
18 17
19 18
20 19
21 20
22 21
23 22
24 23
25 25
26 24
27 546
28 211
29 68
30 48
31 26
32 27
33 5765
34 5542
35 5155
36 5151
37 5146
38 3840
39 3124
40 2167
41 1655
42 1231
43 1100
44 1095
45 899
46 835
47 614
48 435
49 28
50 29
51 30
52 31
53 32
54 33
55 34
56 35
57 36
58 37
59 4333
60 4140
61 4139
62 4074
63 2602
64 1409
65 217
66 73
67 38
68 39
69 40
70 41
71 42
72 43
73 44
74 5419
75 45
76 46
77 47
78 49
79 50
80 51
81 52
82 63
83 62
84 61
85 60
86 59
87 58
88 57
89 56
90 55
91 54
92 53
93 64
94 65
95 66
96 67
97 70
98 69
99 71
100 72
101 5226
102 5225
103 5224
104 1807
105 74
106 75
107 76
108 77
109 78
110 79
111 80
112 81
113 82
114 1827
115 481
116 83
117 84
118 85
119 5402
120 86
121 87
122 88
123 5544
124 4317
125 4316
126 4315
127 4314
128 3966
129 3196
130 2996
131 2970
132 2887
133 2727
134 2197
135 2165
136 2159
137 1127
138 1096
139 979
140 900
141 825
142 611
143 497
144 416
145 342
146 214
147 213
148 175
149 124
150 89
151 90
152 5867
153 5579
154 4919
155 4504
156 4396
157 3927
158 1381
159 1220
160 275
161 91
162 92
163 109
164 108
165 107
166 106
167 105
168 104
169 103
170 102
171 101
172 100
173 99
174 98
175 97
176 96
177 95
178 94
179 93
180 5565
181 4827
182 3852
183 3851
184 3850
185 3849
186 3848
187 3847
188 3846
189 3845
190 3844
191 3843
192 3760
193 3549
194 3281
195 3194
196 3192
197 2322
198 1774
199 1237
200 1236
201 1235
202 1234
203 1233
204 1232
205 1230
206 1229
207 1228
208 1227
209 1226
210 1225
211 1224
212 1089
213 1038
214 733
215 685
216 244
217 220
218 4695
219 3283
220 3278
221 3167
222 2461
223 242
224 163
225 125
226 2840
227 110
228 111
229 112
230 115
231 114
232 113
233 6134
234 5664
235 5494
236 3944
237 189
238 803
239 502
240 5817
241 5797
242 4887
243 4792
244 3294
245 2401
246 2342
247 2277
248 2092
249 243
250 215
251 174
252 116
253 117
254 118
255 119
256 120
257 122
258 121
259 123
260 128
261 127
262 126
263 3643
264 2522
265 2131
266 737
267 246
268 389
269 129
270 130
271 131
272 132
273 133
274 134
275 135
276 136
277 137
278 138
279 139
280 140
281 141
282 142
283 143
284 6200
285 3646
286 935
287 144
288 145
289 146
290 147
291 4694
292 148
293 149
294 150
295 151
296 152
297 153
298 154
299 155
300 156
301 157
302 158
303 159
304 160
305 161
306 162
307 164
308 165
309 167
310 166
311 2087
312 261
313 168
314 169
315 170
316 171
317 172
318 173
319 176
320 6092
321 177
322 178
323 179
324 181
325 180
326 182
327 183
328 184
329 185
330 186
331 187
332 188
333 3297
334 621
335 190
336 191
337 192
338 193
339 194
340 5539
341 5081
342 5080
343 4506
344 4505
345 4393
346 4392
347 4024
348 2896
349 2086
350 1289
351 195
352 196
353 197
354 198
355 199
356 200
357 201
358 202
359 203
360 204
361 205
362 206
363 207
364 208
365 209
366 210
367 219
368 218
369 216
370 212
371 4535
372 6201
373 6199
374 5356
375 4718
376 4660
377 4277
378 2340
379 5173
380 5172
381 5171
382 5170
383 5169
384 250
385 5409
386 4768
387 3187
388 5026
389 4190
390 6050
391 3422
392 3358
393 3289
394 2452
395 1851
396 883
397 221
398 222
399 223
400 224
401 225
402 226
403 227
404 228
405 229
406 230
407 231
408 232
409 234
410 233
411 882
412 5836
413 5249
414 2612
415 1057
416 235
417 236
418 237
419 238
420 239
421 240
422 241
423 245
424 5609
425 5595
426 5493
427 5462
428 5461
429 5288
430 5287
431 5286
432 5285
433 5150
434 5149
435 5148
436 5147
437 3945
438 3943
439 3942
440 3941
441 3940
442 3939
443 3938
444 3937
445 3936
446 3935
447 3934
448 3933
449 3932
450 3931
451 3930
452 3929
453 3928
454 3195
455 4979
456 4978
457 3536
458 3299
459 3275
460 2851
461 247
462 248
463 249
464 6125
465 252
466 251
467 253
468 254
469 255
470 256
471 257
472 258
473 259
474 260
475 262
476 263
477 265
478 264
479 266
480 267
481 268
482 269
483 270
484 4298
485 271
486 272
487 273
488 274
489 1458
490 276
491 277
492 278
493 279
494 280
495 281
496 282
497 283
498 284
499 285
500 286
501 287
502 288
503 289
504 290
505 291
506 292
507 293
508 294
509 295
510 296
511 297
512 298
513 300
514 299
515 301
516 303
517 302
518 304
519 305
520 307
521 306
522 308
523 309
524 310
525 311
526 312
527 313
528 314
529 315
530 316
531 317
532 318
533 319
534 320
535 321
536 322
537 323
538 324
539 325
540 326
541 327
542 328
543 329
544 330
545 331
546 332
547 333
548 334
549 335
550 337
551 338
552 339
553 340
554 341
555 343
556 344
557 345
558 346
559 347
560 348
561 349
562 350
563 351
564 352
565 353
566 354
567 355
568 356
569 357
570 358
571 359
572 360
573 362
574 361
575 363
576 364
577 365
578 366
579 367
580 368
581 369
582 370
583 371
584 372
585 373
586 374
587 375
588 376
589 377
590 378
591 379
592 380
593 382
594 381
595 383
596 384
597 393
598 392
599 391
600 390
601 388
602 387
603 386
604 385
605 413
606 394
607 395
608 396
609 397
610 398
611 399
612 400
613 401
614 402
615 403
616 404
617 405
618 406
619 407
620 408
621 409
622 410
623 411
624 412
625 414
626 415
627 3468
628 417
629 418
630 419
631 420
632 421
633 422
634 423
635 424
636 425
637 426
638 427
639 428
640 429
641 430
642 3368
643 3286
644 3225
645 2722
646 431
647 432
648 433
649 434
650 5677
651 3072
652 1561
653 436
654 437
655 438
656 439
657 440
658 6080
659 3958
660 3115
661 3114
662 3113
663 441
664 442
665 443
666 444
667 445
668 446
669 447
670 4666
671 448
672 449
673 450
674 451
675 452
676 459
677 458
678 457
679 456
680 455
681 454
682 453
683 460
684 461
685 462
686 463
687 465
688 464
689 466
690 467
691 468
692 469
693 470
694 471
695 472
696 473
697 474
698 475
699 476
700 477
701 478
702 479
703 483
704 482
705 480
706 484
707 486
708 485
709 487
710 488
711 489
712 490
713 491
714 492
715 493
716 494
717 495
718 496
719 6138
720 6137
721 1090
722 1073
723 622
724 498
725 499
726 500
727 501
728 503
729 504
730 505
731 506
732 507
733 508
734 509
735 510
736 512
737 511
738 513
739 514
740 515
741 516
742 517
743 518
744 519
745 520
746 521
747 522
748 523
749 524
750 525
751 526
752 527
753 528
754 529
755 530
756 531
757 532
758 533
759 534
760 535
761 536
762 537
763 538
764 539
765 540
766 541
767 542
768 543
769 544
770 545
771 547
772 548
773 549
774 550
775 551
776 552
777 553
778 554
779 555
780 556
781 557
782 558
783 559
784 560
785 561
786 562
787 563
788 564
789 565
790 566
791 567
792 568
793 569
794 570
795 571
796 572
797 573
798 574
799 575
800 576
801 577
802 578
803 579
804 580
805 581
806 582
807 583
808 584
809 585
810 586
811 587
812 588
813 589
814 590
815 591
816 592
817 593
818 594
819 595
820 596
821 597
822 598
823 599
824 600
825 601
826 602
827 603
828 604
829 605
830 606
831 607
832 608
833 609
834 610
835 612
836 613
837 5085
838 5084
839 5082
840 2632
841 2085
842 1642
843 1273
844 1252
845 1152
846 1133
847 1072
848 1032
849 615
850 616
851 617
852 618
853 619
854 620
855 623
856 624
857 625
858 626
859 627
860 628
861 629
862 630
863 631
864 632
865 633
866 634
867 635
868 636
869 637
870 638
871 639
872 4813
873 640
874 641
875 688
876 687
877 686
878 684
879 683
880 682
881 681
882 680
883 679
884 678
885 677
886 676
887 675
888 674
889 673
890 672
891 671
892 670
893 669
894 668
895 667
896 666
897 665
898 664
899 663
900 662
901 661
902 660
903 659
904 658
905 657
906 656
907 655
908 654
909 653
910 652
911 651
912 650
913 649
914 648
915 647
916 646
917 645
918 644
919 643
920 642
921 3797
922 2988
923 1594
924 5834
925 689
926 690
927 691
928 692
929 693
930 694
931 695
932 696
933 697
934 698
935 699
936 700
937 701
938 702
939 703
940 704
941 705
942 706
943 707
944 708
945 709
946 710
947 711
948 712
949 713
950 714
951 715
952 716
953 717
954 718
955 719
956 720
957 721
958 722
959 723
960 724
961 725
962 726
963 727
964 728
965 729
966 730
967 731
968 732
969 734
970 735
971 736
972 738
973 739
974 740
975 741
976 742
977 743
978 744
979 745
980 746
981 747
982 748
983 749
984 750
985 751
986 752
987 753
988 754
989 755
990 756
991 757
992 758
993 759
994 760
995 761
996 762
997 763
998 4990
999 4989
1000 764
1001 765
1002 766
1003 767
1004 768
1005 769
1006 770
1007 771
1008 772
1009 773
1010 774
1011 775
1012 776
1013 777
1014 778
1015 779
1016 780
1017 781
1018 782
1019 783
1020 784
1021 785
1022 787
1023 786
1024 788
1025 789
1026 790
1027 791
1028 792
1029 793
1030 794
1031 795
1032 796
1033 797
1034 798
1035 799
1036 800
1037 801
1038 802
1039 804
1040 805
1041 806
1042 807
1043 808
1044 809
1045 810
1046 811
1047 5371
1048 5121
1049 4346
1050 4345
1051 4344
1052 4343
1053 4342
1054 4341
1055 4138
1056 3282
1057 3193
1058 1799
1059 1477
1060 1158
1061 876
1062 812
1063 813
1064 814
1065 815
1066 816
1067 817
1068 818
1069 819
1070 820
1071 821
1072 822
1073 824
1074 823
1075 826
1076 827
1077 828
1078 829
1079 830
1080 831
1081 832
1082 833
1083 834
1084 836
1085 837
1086 838
1087 839
1088 840
1089 841
1090 842
1091 843
1092 844
1093 845
1094 846
1095 847
1096 848
1097 849
1098 850
1099 1141
1100 851
1101 852
1102 853
1103 854
1104 855
1105 856
1106 857
1107 858
1108 859
1109 860
1110 861
1111 862
1112 863
1113 864
1114 865
1115 866
1116 867
1117 868
1118 869
1119 870
1120 871
1121 872
1122 873
1123 874
1124 875
1125 877
1126 878
1127 879
1128 880
1129 881
1130 884
1131 885
1132 886
1133 887
1134 888
1135 889
1136 890
1137 891
1138 898
1139 897
1140 896
1141 895
1142 894
1143 893
1144 892
1145 901
1146 902
1147 903
1148 1672
1149 904
1150 905
1151 906
1152 907
1153 908
1154 909
1155 910
1156 911
1157 912
1158 913
1159 914
1160 915
1161 916
1162 917
1163 918
1164 919
1165 920
1166 921
1167 922
1168 923
1169 924
1170 925
1171 926
1172 927
1173 928
1174 929
1175 930
1176 931
1177 932
1178 933
1179 934
1180 936
1181 937
1182 938
1183 939
1184 940
1185 941
1186 942
1187 943
1188 944
1189 945
1190 946
1191 947
1192 948
1193 949
1194 950
1195 951
1196 953
1197 952
1198 954
1199 955
1200 956
1201 958
1202 957
1203 959
1204 960
1205 961
1206 963
1207 962
1208 964
1209 965
1210 966
1211 967
1212 968
1213 969
1214 970
1215 971
1216 972
1217 973
1218 974
1219 975
1220 976
1221 977
1222 978
1223 980
1224 981
1225 982
1226 983
1227 984
1228 985
1229 986
1230 987
1231 988
1232 989
1233 990
1234 991
1235 992
1236 993
1237 994
1238 996
1239 995
1240 997
1241 998
1242 999
1243 1000
1244 1001
1245 1002
1246 1003
1247 1004
1248 1006
1249 1005
1250 1007
1251 1008
1252 1009
1253 1010
1254 1011
1255 1012
1256 1013
1257 1014
1258 1019
1259 1018
1260 1017
1261 1016
1262 1015
1263 4867
1264 4857
1265 1992
1266 1309
1267 1196
1268 1055
1269 1054
1270 1053
1271 1052
1272 1051
1273 1050
1274 1049
1275 1048
1276 1047
1277 1046
1278 1045
1279 1044
1280 1043
1281 1042
1282 1033
1283 1031
1284 1028
1285 1020
1286 1024
1287 1023
1288 1022
1289 1021
1290 1025
1291 1026
1292 1027
1293 1029
1294 1030
1295 1034
1296 1035
1297 1036
1298 1037
1299 3968
1300 3967
1301 2658
1302 1039
1303 1040
1304 1041
1305 1056
1306 5854
1307 5722
1308 3562
1309 2912
1310 2720
1311 2325
1312 2096
1313 1554
1314 1543
1315 1058
1316 1059
1317 1060
1318 1061
1319 1062
1320 1063
1321 1064
1322 1065
1323 1066
1324 1067
1325 1068
1326 1069
1327 1071
1328 1074
1329 1070
1330 5109
1331 1075
1332 1076
1333 1077
1334 1078
1335 1079
1336 1080
1337 1082
1338 1102
1339 1101
1340 1099
1341 1098
1342 1097
1343 1094
1344 1093
1345 1092
1346 1091
1347 1088
1348 1087
1349 1086
1350 1085
1351 1084
1352 1083
1353 1081
1354 4440
1355 4142
1356 3288
1357 5184
1358 4693
1359 4692
1360 4691
1361 4690
1362 4689
1363 4688
1364 4687
1365 4686
1366 4685
1367 4683
1368 2023
1369 5389
1370 2431
1371 1103
1372 1104
1373 1105
1374 1107
1375 1106
1376 5564
1377 5563
1378 5562
1379 5561
1380 5560
1381 5559
1382 5558
1383 5403
1384 4064
1385 3341
1386 1108
1387 1110
1388 1109
1389 1111
1390 1112
1391 1113
1392 1114
1393 1115
1394 1116
1395 1117
1396 1118
1397 1119
1398 1120
1399 1121
1400 1122
1401 1123
1402 1124
1403 1126
1404 1125
1405 2810
1406 2363
1407 1128
1408 1129
1409 1130
1410 1131
1411 1132
1412 3658
1413 1393
1414 1134
1415 1135
1416 1136
1417 1137
1418 1138
1419 1139
1420 1140
1421 1142
1422 1143
1423 1144
1424 1145
1425 1146
1426 1147
1427 1148
1428 1149
1429 1150
1430 1151
1431 6141
1432 6140
1433 6139
1434 5300
1435 1192
1436 1191
1437 1153
1438 1154
1439 1155
1440 1156
1441 1157
1442 1159
1443 1160
1444 1161
1445 1163
1446 1162
1447 3453
1448 3452
1449 6020
1450 1164
1451 1165
1452 1166
1453 1167
1454 1168
1455 1169
1456 1170
1457 1171
1458 1172
1459 1173
1460 1174
1461 1175
1462 1176
1463 1177
1464 1178
1465 1179
1466 1180
1467 1181
1468 1182
1469 1183
1470 1184
1471 1185
1472 1186
1473 1187
1474 1188
1475 1190
1476 1189
1477 1193
1478 1194
1479 1195
1480 1197
1481 1198
1482 1199
1483 1200
1484 1201
1485 1202
1486 1203
1487 6044
1488 1204
1489 1205
1490 1206
1491 1207
1492 1208
1493 1209
1494 1210
1495 1211
1496 1212
1497 1213
1498 1214
1499 1215
1500 1216
1501 1217
1502 1218
1503 1219
1504 1221
1505 1222
1506 1223
1507 4218
1508 5543
1509 4123
1510 3300
1511 4956
1512 3919
1513 3513
1514 1238
1515 1239
1516 1240
1517 1241
1518 1242
1519 1243
1520 1244
1521 1245
1522 1246
1523 1856
1524 1247
1525 1248
1526 1249
1527 1250
1528 1251
1529 1253
1530 1254
1531 1255
1532 1256
1533 1257
1534 1258
1535 1259
1536 1260
1537 1261
1538 1262
1539 1263
1540 1264
1541 1265
1542 1266
1543 1267
1544 1268
1545 1269
1546 1270
1547 1271
1548 1272
1549 1274
1550 1275
1551 1276
1552 1277
1553 5204
1554 1278
1555 1279
1556 1280
1557 1281
1558 1282
1559 1283
1560 1284
1561 1285
1562 1286
1563 1287
1564 1288
1565 1290
1566 1291
1567 1292
1568 1293
1569 1294
1570 1295
1571 1296
1572 1297
1573 1298
1574 1299
1575 3258
1576 1300
1577 1301
1578 1302
1579 1303
1580 1304
1581 1305
1582 1306
1583 1307
1584 1308
1585 1310
1586 1311
1587 1312
1588 1313
1589 1314
1590 1315
1591 1316
1592 1317
1593 1318
1594 1319
1595 1320
1596 1321
1597 1322
1598 1323
1599 1324
1600 1325
1601 1326
1602 1327
1603 1328
1604 1329
1605 1330
1606 1331
1607 1332
1608 1333
1609 1335
1610 1334
1611 1336
1612 1337
1613 1338
1614 1339
1615 1340
1616 1341
1617 1343
1618 1342
1619 1344
1620 1345
1621 1346
1622 1347
1623 1348
1624 1349
1625 1350
1626 1351
1627 1352
1628 1353
1629 1354
1630 1355
1631 1356
1632 1357
1633 1358
1634 1359
1635 1360
1636 1361
1637 1362
1638 1363
1639 1364
1640 1365
1641 1366
1642 1367
1643 1368
1644 1369
1645 1370
1646 1371
1647 1372
1648 1373
1649 1374
1650 1375
1651 1376
1652 1377
1653 1378
1654 1379
1655 1380
1656 5731
1657 5657
1658 5135
1659 4520
1660 3725
1661 3677
1662 1382
1663 1383
1664 1384
1665 1385
1666 1386
1667 1387
1668 1388
1669 1389
1670 1390
1671 1391
1672 1392
1673 1394
1674 1395
1675 1396
1676 1397
1677 1398
1678 1399
1679 2926
1680 2864
1681 1400
1682 1401
1683 1402
1684 1403
1685 1404
1686 1405
1687 4216
1688 1406
1689 1407
1690 1408
1691 1410
1692 1413
1693 1412
1694 1411
1695 4834
1696 3866
1697 3865
1698 3450
1699 2543
1700 1414
1701 1415
1702 1416
1703 1417
1704 1418
1705 1419
1706 1420
1707 1421
1708 1422
1709 1423
1710 1424
1711 1425
1712 1426
1713 1427
1714 1428
1715 1429
1716 1430
1717 1431
1718 1432
1719 1433
1720 1434
1721 1435
1722 1436
1723 1437
1724 1438
1725 1439
1726 1440
1727 1441
1728 1442
1729 1443
1730 1444
1731 1445
1732 1446
1733 1447
1734 1448
1735 1449
1736 1450
1737 1451
1738 1452
1739 1453
1740 1454
1741 1455
1742 1456
1743 1459
1744 1457
1745 1460
1746 1461
1747 1462
1748 1463
1749 1464
1750 1465
1751 1466
1752 1467
1753 1468
1754 1469
1755 1470
1756 1471
1757 1472
1758 1473
1759 1474
1760 1475
1761 1476
1762 1478
1763 1479
1764 1480
1765 1481
1766 1482
1767 1483
1768 1484
1769 1485
1770 1486
1771 1487
1772 1488
1773 1489
1774 1490
1775 1491
1776 1492
1777 1493
1778 1494
1779 1495
1780 1496
1781 1497
1782 1498
1783 1499
1784 1500
1785 1501
1786 1502
1787 1503
1788 1504
1789 1505
1790 1506
1791 1507
1792 1508
1793 1509
1794 1510
1795 1511
1796 1512
1797 1513
1798 1514
1799 1515
1800 1516
1801 1517
1802 1518
1803 1519
1804 1520
1805 1521
1806 1522
1807 1523
1808 1524
1809 1525
1810 1526
1811 1534
1812 1533
1813 1532
1814 1531
1815 1530
1816 1529
1817 1528
1818 1527
1819 1535
1820 1536
1821 1537
1822 1538
1823 1539
1824 1540
1825 1541
1826 1542
1827 1544
1828 1545
1829 1546
1830 1547
1831 1548
1832 1549
1833 1550
1834 1551
1835 1552
1836 1553
1837 1555
1838 1556
1839 1557
1840 1558
1841 1559
1842 1560
1843 2020
1844 2019
1845 2018
1846 1562
1847 1563
1848 1564
1849 1565
1850 1566
1851 1567
1852 1568
1853 1569
1854 1570
1855 1571
1856 1572
1857 1573
1858 1577
1859 1576
1860 1575
1861 1574
1862 1578
1863 1579
1864 1580
1865 1581
1866 1582
1867 1583
1868 1584
1869 1585
1870 1586
1871 1587
1872 1588
1873 1589
1874 1590
1875 1591
1876 1592
1877 1593
1878 1595
1879 1596
1880 1597
1881 1598
1882 1599
1883 1600
1884 1601
1885 1602
1886 1603
1887 1604
1888 1605
1889 1606
1890 1607
1891 1608
1892 1609
1893 1610
1894 1611
1895 1612
1896 1613
1897 1614
1898 1615
1899 1616
1900 1617
1901 1618
1902 1619
1903 1620
1904 1621
1905 1622
1906 1623
1907 1624
1908 1625
1909 1626
1910 1627
1911 1628
1912 1629
1913 1630
1914 1631
1915 1632
1916 1633
1917 1634
1918 1635
1919 1636
1920 1637
1921 1638
1922 1640
1923 1639
1924 1641
1925 1643
1926 1644
1927 1645
1928 1646
1929 1647
1930 1648
1931 1649
1932 1650
1933 1651
1934 1652
1935 1653
1936 1654
1937 1656
1938 1657
1939 1658
1940 1659
1941 1660
1942 1661
1943 1662
1944 1663
1945 1664
1946 1665
1947 1666
1948 1667
1949 1668
1950 1669
1951 1670
1952 1671
1953 1673
1954 1674
1955 1675
1956 1676
1957 1677
1958 1678
1959 1679
1960 1680
1961 1681
1962 1682
1963 1684
1964 1683
1965 1685
1966 1686
1967 1691
1968 1690
1969 1689
1970 1688
1971 1687
1972 1692
1973 1693
1974 1694
1975 1695
1976 1696
1977 1697
1978 1698
1979 1699
1980 1700
1981 1701
1982 1702
1983 1703
1984 1704
1985 1705
1986 1706
1987 1707
1988 1708
1989 1709
1990 1710
1991 1711
1992 1712
1993 1713
1994 1714
1995 1715
1996 1716
1997 1717
1998 1718
1999 1719
2000 5669
2001 5668
2002 5667
2003 5666
2004 5665
2005 5663
2006 5662
2007 5661
2008 5660
2009 5659
2010 5658
2011 5656
2012 5655
2013 5654
2014 5653
2015 5652
2016 5651
2017 5650
2018 5602
2019 5524
2020 5522
2021 5185
2022 5120
2023 5102
2024 4820
2025 3515
2026 2813
2027 2287
2028 1720
2029 1721
2030 1722
2031 1723
2032 1724
2033 1725
2034 1726
2035 5676
2036 1727
2037 1728
2038 1729
2039 1730
2040 1731
2041 1732
2042 1733
2043 1734
2044 1735
2045 1736
2046 1737
2047 1738
2048 1739
2049 1740
2050 1741
2051 1742
2052 1743
2053 1744
2054 1745
2055 1746
2056 1747
2057 1748
2058 1749
2059 1750
2060 1751
2061 1752
2062 1753
2063 1754
2064 1755
2065 1756
2066 1757
2067 1758
2068 1759
2069 1760
2070 1761
2071 1762
2072 1763
2073 1764
2074 1765
2075 1766
2076 1767
2077 1768
2078 1769
2079 1770
2080 1771
2081 1772
2082 1773
2083 5382
2084 5381
2085 5380
2086 5379
2087 5378
2088 5377
2089 5376
2090 5375
2091 5374
2092 5373
2093 5372
2094 5370
2095 5203
2096 4609
2097 4388
2098 1775
2099 1776
2100 1777
2101 1778
2102 1779
2103 1780
2104 1781
2105 1782
2106 1783
2107 1784
2108 1785
2109 1786
2110 1787
2111 1788
2112 1789
2113 1790
2114 1791
2115 1792
2116 1793
2117 1794
2118 1795
2119 1796
2120 1797
2121 1798
2122 1800
2123 1801
2124 1802
2125 1803
2126 1804
2127 1805
2128 1806
2129 1808
2130 1809
2131 1810
2132 1811
2133 1812
2134 1813
2135 1814
2136 1815
2137 1816
2138 1817
2139 1818
2140 1819
2141 1820
2142 1821
2143 1822
2144 1823
2145 1824
2146 1825
2147 1826
2148 1828
2149 1829
2150 1830
2151 1831
2152 1832
2153 1833
2154 1834
2155 1835
2156 1836
2157 1837
2158 1838
2159 1839
2160 1843
2161 1842
2162 1841
2163 1840
2164 1844
2165 1845
2166 1846
2167 1847
2168 1848
2169 1849
2170 1850
2171 1852
2172 1853
2173 1854
2174 1855
2175 1857
2176 1858
2177 1859
2178 1860
2179 1861
2180 1862
2181 1863
2182 1864
2183 1865
2184 1866
2185 1867
2186 1868
2187 4389
2188 4387
2189 4386
2190 4385
2191 4384
2192 2341
2193 2338
2194 1869
2195 1870
2196 1871
2197 1872
2198 1873
2199 1874
2200 1875
2201 1876
2202 1877
2203 1878
2204 1879
2205 1880
2206 1881
2207 1882
2208 1883
2209 1884
2210 1885
2211 1886
2212 1887
2213 1888
2214 1889
2215 1890
2216 1891
2217 1892
2218 1893
2219 1894
2220 1895
2221 1896
2222 1897
2223 1898
2224 1899
2225 1900
2226 1901
2227 1902
2228 1903
2229 1904
2230 1905
2231 1906
2232 1907
2233 1908
2234 1909
2235 1910
2236 1911
2237 1912
2238 1913
2239 1914
2240 1915
2241 1916
2242 1917
2243 1918
2244 1919
2245 1920
2246 1921
2247 1922
2248 1923
2249 1924
2250 1925
2251 1926
2252 1927
2253 1928
2254 1929
2255 1930
2256 1931
2257 1932
2258 1933
2259 1934
2260 1935
2261 1936
2262 1937
2263 1938
2264 1939
2265 1940
2266 1941
2267 1942
2268 1943
2269 1944
2270 1945
2271 1946
2272 1947
2273 1948
2274 1949
2275 1950
2276 1951
2277 1952
2278 1953
2279 1954
2280 1955
2281 1956
2282 1957
2283 1958
2284 1959
2285 1960
2286 1961
2287 1962
2288 1963
2289 1964
2290 1965
2291 1966
2292 1967
2293 1968
2294 1969
2295 1970
2296 1971
2297 1972
2298 1973
2299 1974
2300 1975
2301 1976
2302 1977
2303 1978
2304 1979
2305 1980
2306 1981
2307 1982
2308 1983
2309 1984
2310 1985
2311 1986
2312 1987
2313 1988
2314 1989
2315 1990
2316 1991
2317 2884
2318 2883
2319 1993
2320 1994
2321 1995
2322 1996
2323 1997
2324 1998
2325 1999
2326 2001
2327 2003
2328 2002
2329 2000
2330 2004
2331 2005
2332 2006
2333 2007
2334 2010
2335 2009
2336 2008
2337 2011
2338 2012
2339 2013
2340 2014
2341 2015
2342 2016
2343 2017
2344 2021
2345 2022
2346 2024
2347 2025
2348 2026
2349 2027
2350 2028
2351 2029
2352 2030
2353 2031
2354 2032
2355 2033
2356 2034
2357 2035
2358 2036
2359 2037
2360 2039
2361 2038
2362 2040
2363 2041
2364 2042
2365 2043
2366 2044
2367 2045
2368 2046
2369 2047
2370 2048
2371 2049
2372 2050
2373 2051
2374 2052
2375 2053
2376 2054
2377 2055
2378 2056
2379 2057
2380 2058
2381 2059
2382 2060
2383 2061
2384 2063
2385 2062
2386 2064
2387 2065
2388 2066
2389 2067
2390 2068
2391 2069
2392 2070
2393 2071
2394 2072
2395 2073
2396 2074
2397 2075
2398 2076
2399 2077
2400 2078
2401 2079
2402 2080
2403 2081
2404 2082
2405 2083
2406 2084
2407 4466
2408 2088
2409 2089
2410 2090
2411 2091
2412 3983
2413 3146
2414 2660
2415 2093
2416 2094
2417 2095
2418 2097
2419 2098
2420 2099
2421 2100
2422 2101
2423 2102
2424 2103
2425 2104
2426 2105
2427 2106
2428 2107
2429 2108
2430 2109
2431 2110
2432 2111
2433 2112
2434 2113
2435 2114
2436 2115
2437 2116
2438 2117
2439 2118
2440 2119
2441 2120
2442 2121
2443 2122
2444 2123
2445 2124
2446 2125
2447 2126
2448 2127
2449 2128
2450 2129
2451 2130
2452 2132
2453 2133
2454 2134
2455 2136
2456 2135
2457 5083
2458 2137
2459 2138
2460 2139
2461 2140
2462 2141
2463 2142
2464 2143
2465 2144
2466 2145
2467 2146
2468 2147
2469 5257
2470 5256
2471 2148
2472 2149
2473 2150
2474 2151
2475 2152
2476 2153
2477 2154
2478 2155
2479 2156
2480 2157
2481 2158
2482 5569
2483 3006
2484 2603
2485 2160
2486 2161
2487 2162
2488 2163
2489 2164
2490 2166
2491 5535
2492 2168
2493 2169
2494 2170
2495 2171
2496 2172
2497 2173
2498 2174
2499 2175
2500 4872
2501 4871
2502 4491
2503 2634
2504 2176
2505 2177
2506 2178
2507 2179
2508 2180
2509 2181
2510 2182
2511 2183
2512 2184
2513 2185
2514 2186
2515 2187
2516 2188
2517 2189
2518 2190
2519 2191
2520 2192
2521 2193
2522 2194
2523 2195
2524 2198
2525 2196
2526 2199
2527 2200
2528 2201
2529 2202
2530 2203
2531 2204
2532 2205
2533 2206
2534 2207
2535 2208
2536 2209
2537 2210
2538 2211
2539 2212
2540 2213
2541 2214
2542 2216
2543 2215
2544 2217
2545 2218
2546 2219
2547 2221
2548 2220
2549 2222
2550 2223
2551 2224
2552 2225
2553 2226
2554 2227
2555 2228
2556 2229
2557 2230
2558 2231
2559 2232
2560 2233
2561 2234
2562 2235
2563 2236
2564 2237
2565 2238
2566 2239
2567 2240
2568 2241
2569 2242
2570 2243
2571 2244
2572 2245
2573 2246
2574 2248
2575 2247
2576 2919
2577 2249
2578 2250
2579 2251
2580 2252
2581 2253
2582 2254
2583 2255
2584 2256
2585 2257
2586 2258
2587 2259
2588 2260
2589 2261
2590 2262
2591 2263
2592 2264
2593 2265
2594 2266
2595 2267
2596 2268
2597 2269
2598 2270
2599 2271
2600 2272
2601 2273
2602 2274
2603 2275
2604 2276
2605 2278
2606 2279
2607 2280
2608 2281
2609 2282
2610 2283
2611 2284
2612 2285
2613 2286
2614 2288
2615 2289
2616 2290
2617 2291
2618 2292
2619 2293
2620 2294
2621 2295
2622 2296
2623 2297
2624 2298
2625 2299
2626 2300
2627 2301
2628 2302
2629 2303
2630 2304
2631 2305
2632 2306
2633 2307
2634 2308
2635 2309
2636 2310
2637 2311
2638 2312
2639 2313
2640 2314
2641 2315
2642 2316
2643 2317
2644 2318
2645 2319
2646 2320
2647 2321
2648 2530
2649 2323
2650 2324
2651 2326
2652 2327
2653 2328
2654 2329
2655 2330
2656 2331
2657 2332
2658 2333
2659 2334
2660 2335
2661 2336
2662 2337
2663 2339
2664 2812
2665 5779
2666 2343
2667 2344
2668 2345
2669 2346
2670 2347
2671 2348
2672 2349
2673 2350
2674 2351
2675 2352
2676 2353
2677 2354
2678 2355
2679 2356
2680 2357
2681 2358
2682 2359
2683 2360
2684 2361
2685 2362
2686 2846
2687 2845
2688 2844
2689 2843
2690 2842
2691 2415
2692 2411
2693 2378
2694 2377
2695 2376
2696 2375
2697 2374
2698 2373
2699 2372
2700 2371
2701 2370
2702 2369
2703 2368
2704 2367
2705 2366
2706 2365
2707 2364
2708 2379
2709 2380
2710 2381
2711 5201
2712 5200
2713 5199
2714 5198
2715 2382
2716 2383
2717 2384
2718 2385
2719 2386
2720 2387
2721 2388
2722 2389
2723 2391
2724 2390
2725 2392
2726 2393
2727 2394
2728 2395
2729 2396
2730 2398
2731 2399
2732 2397
2733 2400
2734 2402
2735 2403
2736 2404
2737 2405
2738 2406
2739 2407
2740 2408
2741 2409
2742 2410
2743 2782
2744 2781
2745 2414
2746 2413
2747 2412
2748 2416
2749 2417
2750 2418
2751 2419
2752 2420
2753 2421
2754 2422
2755 2423
2756 2424
2757 2425
2758 2426
2759 2427
2760 2428
2761 2429
2762 2430
2763 2432
2764 2433
2765 2434
2766 2435
2767 2436
2768 2437
2769 2438
2770 2439
2771 2440
2772 2441
2773 2442
2774 2443
2775 2444
2776 2445
2777 2446
2778 2447
2779 2448
2780 2449
2781 2450
2782 2451
2783 2453
2784 2454
2785 2455
2786 2456
2787 2457
2788 2458
2789 2459
2790 2460
2791 2462
2792 2463
2793 2464
2794 2465
2795 2466
2796 2467
2797 2468
2798 2472
2799 2471
2800 2470
2801 2469
2802 2473
2803 2474
2804 2475
2805 2476
2806 2477
2807 2478
2808 2479
2809 2481
2810 2480
2811 2482
2812 2483
2813 2484
2814 2485
2815 2486
2816 2487
2817 2488
2818 2489
2819 2490
2820 2491
2821 2492
2822 2493
2823 2494
2824 2495
2825 2496
2826 2497
2827 2498
2828 2499
2829 2500
2830 2501
2831 2502
2832 2503
2833 2504
2834 2505
2835 2506
2836 2507
2837 2508
2838 2509
2839 2510
2840 2511
2841 2512
2842 2513
2843 2514
2844 2515
2845 2516
2846 2517
2847 5721
2848 2518
2849 2519
2850 2520
2851 2521
2852 2523
2853 2524
2854 2525
2855 2526
2856 2528
2857 2527
2858 2529
2859 2531
2860 2532
2861 2533
2862 2534
2863 2535
2864 2536
2865 2537
2866 2538
2867 2539
2868 3132
2869 2541
2870 2540
2871 2542
2872 2545
2873 2544
2874 2546
2875 2547
2876 2548
2877 2549
2878 2550
2879 2551
2880 2552
2881 2553
2882 2554
2883 2555
2884 2556
2885 2557
2886 2558
2887 2559
2888 2560
2889 2561
2890 2562
2891 2563
2892 2564
2893 2565
2894 2566
2895 2569
2896 2568
2897 2567
2898 6119
2899 5943
2900 5942
2901 2570
2902 2571
2903 2572
2904 2573
2905 2574
2906 2575
2907 2576
2908 2577
2909 2578
2910 2579
2911 2909
2912 2580
2913 2581
2914 2582
2915 2583
2916 2584
2917 2585
2918 2586
2919 2587
2920 2588
2921 2589
2922 2590
2923 2591
2924 2592
2925 2593
2926 2594
2927 2595
2928 2596
2929 2597
2930 2598
2931 2599
2932 2600
2933 2601
2934 4075
2935 3507
2936 2604
2937 2605
2938 2606
2939 2607
2940 2608
2941 2609
2942 2610
2943 2611
2944 2614
2945 2613
2946 2615
2947 2616
2948 2617
2949 2618
2950 2619
2951 2620
2952 2621
2953 2622
2954 2623
2955 2624
2956 2625
2957 2626
2958 2627
2959 2629
2960 2635
2961 2633
2962 2631
2963 2630
2964 2628
2965 4845
2966 4844
2967 4843
2968 3307
2969 3972
2970 3284
2971 2636
2972 2637
2973 2638
2974 2639
2975 2640
2976 2641
2977 2642
2978 2643
2979 2644
2980 2645
2981 2646
2982 2647
2983 2648
2984 2649
2985 2650
2986 2651
2987 2652
2988 2653
2989 2654
2990 2655
2991 2656
2992 2657
2993 5471
2994 4183
2995 3678
2996 3627
2997 3351
2998 2659
2999 5504
3000 4653
3001 4469
3002 3758
3003 2661
3004 2662
3005 2663
3006 2664
3007 2665
3008 2666
3009 2667
3010 2668
3011 2669
3012 2670
3013 2671
3014 2672
3015 2673
3016 2674
3017 2675
3018 2676
3019 2677
3020 2678
3021 2679
3022 2680
3023 2681
3024 2682
3025 2683
3026 2684
3027 2685
3028 2686
3029 2687
3030 2688
3031 2689
3032 2690
3033 2691
3034 2692
3035 2693
3036 2694
3037 2695
3038 2696
3039 2697
3040 2698
3041 2699
3042 2700
3043 2701
3044 2702
3045 2703
3046 2704
3047 2705
3048 2706
3049 2708
3050 2707
3051 2709
3052 2710
3053 2711
3054 2712
3055 2713
3056 2714
3057 2715
3058 2716
3059 2717
3060 2719
3061 2718
3062 2721
3063 2829
3064 2723
3065 2724
3066 2725
3067 2726
3068 3121
3069 2728
3070 2729
3071 2731
3072 2730
3073 4398
3074 2732
3075 2733
3076 2734
3077 2735
3078 2736
3079 2737
3080 2738
3081 2739
3082 2740
3083 2741
3084 2742
3085 2743
3086 2744
3087 2745
3088 2746
3089 2747
3090 2748
3091 2749
3092 2750
3093 2751
3094 2752
3095 2753
3096 2754
3097 2755
3098 2756
3099 2757
3100 2759
3101 2758
3102 2760
3103 2761
3104 2762
3105 2763
3106 2764
3107 2765
3108 2766
3109 2767
3110 2768
3111 2769
3112 2770
3113 2771
3114 2772
3115 2773
3116 2774
3117 2775
3118 2776
3119 2777
3120 2778
3121 2779
3122 2780
3123 4607
3124 2783
3125 2784
3126 2785
3127 2786
3128 2787
3129 2788
3130 2789
3131 2790
3132 2791
3133 2792
3134 2793
3135 2794
3136 2795
3137 2796
3138 2797
3139 2798
3140 2799
3141 2800
3142 2801
3143 2802
3144 2803
3145 2804
3146 2805
3147 2806
3148 4423
3149 4363
3150 2807
3151 2808
3152 2809
3153 2811
3154 2814
3155 2815
3156 2816
3157 2817
3158 2818
3159 2819
3160 2820
3161 2821
3162 2822
3163 2823
3164 2824
3165 2825
3166 2826
3167 2827
3168 2828
3169 2830
3170 2831
3171 2832
3172 2833
3173 2834
3174 2836
3175 2835
3176 2837
3177 2838
3178 2839
3179 2841
3180 2847
3181 2848
3182 2849
3183 2850
3184 5584
3185 2852
3186 2853
3187 2854
3188 2855
3189 2857
3190 2856
3191 2858
3192 2859
3193 2860
3194 2861
3195 2862
3196 2863
3197 2865
3198 2866
3199 2867
3200 2868
3201 2869
3202 2870
3203 2871
3204 2872
3205 2873
3206 2874
3207 2875
3208 2876
3209 2877
3210 2878
3211 2879
3212 2880
3213 2881
3214 2882
3215 2885
3216 2886
3217 2888
3218 2889
3219 2890
3220 2891
3221 2892
3222 2893
3223 2894
3224 2895
3225 5936
3226 5935
3227 5934
3228 5933
3229 2897
3230 2898
3231 2899
3232 2900
3233 2901
3234 2902
3235 2903
3236 2904
3237 2905
3238 2906
3239 2907
3240 2908
3241 2910
3242 2911
3243 2913
3244 2914
3245 2915
3246 2916
3247 2917
3248 2918
3249 2920
3250 2921
3251 2922
3252 2923
3253 2924
3254 2927
3255 2925
3256 3886
3257 2928
3258 2929
3259 2930
3260 2931
3261 2932
3262 2933
3263 2934
3264 5725
3265 4167
3266 4166
3267 4165
3268 2935
3269 2936
3270 2937
3271 2938
3272 2939
3273 2940
3274 2941
3275 2942
3276 2943
3277 2944
3278 2946
3279 2945
3280 2947
3281 2948
3282 2956
3283 2955
3284 2954
3285 2953
3286 2952
3287 2951
3288 2950
3289 2949
3290 2957
3291 2958
3292 2959
3293 2960
3294 2961
3295 2962
3296 2963
3297 2964
3298 2965
3299 2966
3300 2967
3301 2968
3302 2969
3303 2971
3304 2972
3305 2974
3306 2973
3307 2975
3308 2976
3309 2977
3310 2978
3311 2979
3312 2980
3313 2981
3314 2982
3315 2983
3316 2984
3317 2985
3318 2986
3319 2987
3320 2989
3321 2990
3322 2991
3323 2992
3324 2993
3325 2994
3326 2995
3327 2997
3328 2998
3329 2999
3330 3000
3331 3001
3332 3002
3333 3003
3334 3004
3335 3005
3336 3007
3337 3008
3338 3009
3339 3010
3340 3011
3341 3012
3342 3013
3343 3014
3344 3015
3345 3016
3346 3017
3347 3018
3348 3019
3349 3020
3350 3021
3351 3022
3352 3023
3353 3024
3354 3025
3355 3026
3356 3027
3357 3028
3358 3029
3359 3030
3360 3031
3361 3032
3362 3033
3363 3034
3364 3035
3365 3036
3366 3037
3367 3038
3368 3039
3369 3040
3370 3041
3371 3042
3372 3043
3373 3044
3374 3045
3375 3046
3376 3047
3377 3048
3378 3049
3379 3050
3380 3051
3381 3052
3382 3053
3383 3054
3384 3055
3385 3056
3386 3057
3387 3058
3388 3059
3389 3060
3390 3061
3391 3062
3392 3063
3393 3064
3394 3065
3395 3066
3396 3067
3397 3068
3398 3069
3399 3070
3400 3071
3401 3073
3402 3074
3403 3075
3404 3076
3405 3077
3406 3078
3407 3079
3408 3080
3409 3081
3410 3082
3411 3083
3412 3084
3413 3085
3414 3086
3415 3087
3416 3364
3417 3088
3418 3089
3419 3090
3420 3091
3421 3092
3422 3093
3423 3094
3424 3095
3425 3096
3426 3097
3427 3098
3428 3099
3429 3100
3430 3101
3431 3102
3432 3103
3433 3104
3434 3105
3435 3106
3436 3107
3437 3108
3438 3109
3439 3110
3440 3111
3441 3112
3442 3116
3443 3117
3444 3118
3445 3119
3446 3120
3447 3122
3448 3123
3449 3125
3450 3126
3451 3127
3452 3128
3453 3129
3454 3130
3455 3131
3456 3133
3457 3134
3458 3135
3459 3136
3460 3137
3461 3138
3462 3139
3463 3140
3464 3141
3465 3142
3466 3143
3467 3144
3468 3145
3469 3147
3470 3148
3471 3149
3472 3150
3473 3151
3474 3152
3475 3153
3476 3154
3477 3155
3478 3156
3479 3157
3480 3158
3481 3159
3482 3160
3483 3161
3484 3162
3485 3163
3486 3164
3487 3165
3488 3166
3489 5163
3490 3168
3491 3169
3492 3170
3493 3171
3494 3172
3495 3173
3496 3174
3497 3175
3498 3176
3499 3177
3500 3178
3501 3179
3502 3180
3503 3181
3504 3182
3505 3183
3506 3184
3507 3185
3508 3197
3509 3191
3510 3190
3511 3189
3512 3188
3513 3186
3514 5649
3515 5648
3516 5523
3517 5029
3518 5028
3519 5027
3520 5025
3521 5024
3522 5023
3523 5022
3524 5021
3525 5020
3526 5019
3527 5018
3528 5017
3529 5016
3530 5015
3531 5014
3532 5013
3533 4184
3534 3756
3535 3985
3536 5749
3537 3775
3538 3359
3539 3198
3540 3199
3541 3200
3542 3201
3543 3202
3544 3203
3545 3204
3546 3205
3547 3206
3548 3207
3549 3208
3550 3209
3551 3210
3552 3211
3553 3212
3554 3213
3555 3214
3556 3215
3557 3216
3558 3217
3559 3218
3560 3219
3561 3220
3562 3221
3563 3222
3564 3223
3565 3224
3566 3226
3567 3227
3568 3228
3569 3229
3570 3230
3571 3231
3572 3232
3573 3233
3574 3234
3575 3235
3576 3236
3577 3237
3578 3238
3579 3239
3580 3240
3581 3241
3582 3242
3583 3243
3584 3244
3585 3245
3586 3246
3587 3247
3588 3248
3589 3249
3590 3250
3591 3251
3592 3252
3593 3253
3594 3254
3595 3255
3596 3256
3597 3257
3598 3259
3599 3260
3600 3261
3601 3262
3602 3263
3603 3264
3604 3266
3605 3302
3606 3301
3607 3298
3608 3296
3609 3295
3610 3293
3611 3292
3612 3291
3613 3290
3614 3287
3615 3285
3616 3280
3617 3279
3618 3277
3619 3276
3620 3274
3621 3273
3622 3272
3623 3271
3624 3270
3625 3269
3626 3268
3627 3267
3628 3265
3629 4554
3630 4303
3631 3981
3632 3510
3633 3506
3634 3472
3635 3471
3636 3470
3637 3469
3638 3421
3639 4879
3640 4878
3641 3763
3642 5053
3643 6085
3644 3303
3645 3304
3646 3305
3647 3306
3648 3308
3649 3309
3650 3310
3651 3311
3652 3312
3653 3313
3654 3314
3655 3315
3656 3316
3657 3317
3658 3318
3659 3319
3660 3320
3661 3321
3662 3322
3663 3323
3664 3324
3665 3325
3666 3326
3667 3327
3668 3328
3669 3329
3670 3330
3671 3331
3672 3332
3673 3333
3674 3334
3675 3335
3676 3336
3677 3337
3678 3338
3679 3339
3680 3340
3681 3342
3682 3343
3683 3344
3684 3345
3685 3346
3686 3348
3687 3347
3688 5534
3689 5533
3690 5532
3691 5531
3692 3636
3693 3349
3694 3350
3695 3352
3696 3353
3697 3354
3698 3355
3699 3356
3700 3357
3701 6095
3702 5748
3703 3360
3704 3361
3705 3362
3706 3363
3707 3365
3708 3366
3709 3367
3710 3614
3711 3369
3712 3370
3713 3371
3714 3372
3715 3373
3716 3374
3717 3375
3718 3376
3719 3377
3720 3378
3721 3379
3722 3380
3723 3381
3724 3382
3725 3383
3726 3384
3727 3385
3728 3386
3729 3387
3730 3388
3731 3389
3732 3390
3733 3391
3734 3392
3735 3393
3736 3394
3737 3395
3738 3396
3739 3397
3740 3398
3741 3399
3742 3400
3743 3401
3744 3402
3745 3403
3746 3404
3747 3405
3748 3406
3749 3407
3750 3408
3751 3409
3752 3411
3753 3410
3754 3412
3755 3413
3756 3414
3757 3415
3758 3416
3759 3417
3760 3418
3761 3419
3762 3420
3763 3423
3764 3424
3765 3425
3766 3426
3767 3427
3768 3429
3769 3428
3770 3430
3771 3431
3772 3432
3773 3434
3774 3433
3775 3435
3776 3436
3777 3437
3778 3438
3779 3439
3780 3440
3781 3441
3782 3442
3783 3443
3784 3444
3785 3445
3786 3446
3787 3447
3788 3448
3789 3449
3790 3451
3791 3456
3792 3455
3793 3454
3794 3457
3795 3458
3796 3459
3797 3460
3798 3461
3799 3462
3800 3463
3801 3464
3802 3465
3803 3466
3804 3467
3805 3473
3806 3474
3807 3475
3808 3476
3809 3477
3810 3478
3811 3479
3812 3480
3813 3481
3814 3482
3815 3483
3816 3484
3817 3485
3818 3487
3819 3520
3820 3519
3821 3518
3822 3517
3823 3516
3824 3514
3825 3512
3826 3511
3827 3509
3828 3508
3829 3505
3830 3504
3831 3503
3832 3502
3833 3501
3834 3500
3835 3499
3836 3498
3837 3497
3838 3496
3839 3495
3840 3494
3841 3493
3842 3492
3843 3491
3844 3490
3845 3489
3846 3488
3847 3486
3848 5268
3849 5174
3850 4196
3851 6211
3852 5276
3853 5939
3854 3521
3855 3522
3856 3523
3857 3524
3858 3525
3859 3526
3860 3527
3861 3528
3862 3529
3863 3530
3864 3531
3865 3532
3866 3533
3867 3534
3868 3535
3869 3537
3870 3538
3871 3539
3872 3541
3873 3540
3874 3542
3875 3543
3876 3544
3877 3545
3878 3546
3879 3547
3880 3548
3881 3550
3882 3551
3883 3552
3884 3553
3885 3554
3886 3555
3887 3556
3888 3557
3889 3558
3890 3559
3891 3560
3892 3561
3893 3563
3894 3564
3895 3565
3896 3566
3897 3567
3898 3568
3899 3569
3900 3570
3901 5275
3902 3571
3903 3572
3904 3573
3905 3574
3906 3575
3907 3576
3908 3577
3909 3578
3910 3579
3911 3581
3912 3580
3913 3582
3914 3583
3915 3584
3916 3585
3917 3586
3918 3587
3919 3588
3920 3589
3921 3590
3922 3591
3923 3592
3924 3593
3925 3594
3926 3595
3927 3596
3928 3597
3929 3598
3930 3599
3931 3600
3932 3601
3933 3602
3934 3603
3935 3604
3936 3605
3937 3606
3938 3607
3939 3608
3940 3609
3941 3610
3942 3611
3943 3612
3944 3613
3945 3615
3946 3616
3947 3617
3948 3618
3949 3619
3950 3620
3951 3621
3952 3622
3953 3623
3954 3624
3955 3625
3956 3626
3957 3628
3958 3630
3959 3629
3960 3631
3961 3632
3962 3633
3963 3634
3964 3635
3965 3637
3966 3638
3967 3639
3968 3640
3969 3641
3970 3642
3971 3644
3972 3645
3973 4360
3974 3647
3975 3648
3976 3649
3977 3650
3978 3651
3979 3652
3980 3653
3981 3654
3982 3655
3983 3656
3984 3657
3985 3659
3986 3660
3987 3661
3988 3662
3989 3663
3990 3664
3991 3665
3992 3666
3993 3667
3994 3668
3995 3669
3996 3670
3997 3671
3998 3672
3999 3673
4000 3674
4001 3675
4002 3676
4003 4182
4004 3679
4005 3680
4006 3683
4007 3682
4008 3681
4009 3684
4010 3685
4011 3686
4012 3687
4013 3688
4014 3689
4015 3690
4016 3691
4017 3692
4018 3693
4019 3694
4020 3695
4021 3696
4022 3697
4023 3698
4024 3699
4025 3700
4026 3701
4027 3702
4028 3703
4029 3704
4030 3705
4031 3706
4032 3707
4033 3708
4034 3709
4035 3710
4036 3711
4037 3712
4038 3713
4039 3714
4040 3715
4041 3716
4042 3717
4043 3718
4044 3719
4045 3720
4046 3721
4047 3722
4048 3723
4049 3724
4050 3726
4051 3727
4052 3728
4053 3729
4054 3730
4055 3731
4056 3732
4057 3733
4058 3734
4059 3735
4060 3736
4061 3737
4062 3738
4063 3739
4064 3740
4065 3741
4066 3742
4067 3743
4068 3744
4069 3745
4070 3746
4071 3747
4072 3748
4073 3749
4074 3750
4075 3751
4076 3752
4077 3753
4078 3754
4079 3755
4080 3757
4081 3759
4082 6118
4083 6117
4084 3761
4085 3762
4086 3764
4087 3765
4088 3766
4089 3767
4090 3768
4091 3769
4092 3770
4093 3771
4094 3772
4095 3773
4096 3774
4097 4381
4098 4380
4099 3824
4100 3776
4101 3777
4102 3778
4103 3779
4104 3780
4105 3782
4106 3781
4107 3783
4108 3784
4109 3785
4110 3786
4111 3787
4112 3788
4113 3789
4114 3790
4115 3791
4116 3792
4117 3793
4118 3794
4119 3796
4120 3795
4121 3798
4122 3799
4123 3800
4124 3801
4125 5154
4126 5153
4127 5152
4128 3805
4129 3804
4130 3803
4131 3802
4132 3806
4133 3807
4134 3808
4135 3809
4136 3810
4137 3811
4138 3812
4139 3813
4140 3814
4141 3815
4142 3816
4143 3817
4144 3818
4145 3819
4146 3820
4147 3821
4148 3822
4149 3823
4150 3825
4151 3826
4152 3827
4153 3828
4154 3829
4155 3830
4156 3831
4157 3832
4158 3833
4159 3834
4160 3835
4161 3836
4162 3837
4163 3838
4164 3839
4165 3841
4166 3842
4167 5732
4168 5449
4169 3853
4170 3854
4171 3855
4172 3856
4173 3857
4174 3858
4175 3859
4176 3860
4177 3861
4178 3862
4179 3867
4180 3864
4181 3863
4182 6157
4183 3868
4184 3869
4185 3870
4186 3871
4187 3872
4188 3873
4189 3874
4190 3875
4191 3876
4192 3877
4193 3878
4194 3879
4195 3880
4196 3881
4197 3882
4198 3883
4199 3884
4200 3885
4201 3887
4202 3888
4203 3889
4204 3890
4205 3891
4206 3892
4207 3893
4208 3894
4209 3895
4210 3896
4211 3897
4212 3898
4213 3899
4214 3900
4215 3901
4216 3902
4217 3903
4218 3904
4219 3905
4220 3906
4221 3907
4222 3908
4223 3909
4224 3910
4225 3911
4226 3912
4227 3913
4228 3914
4229 3915
4230 3916
4231 3917
4232 3918
4233 3920
4234 3921
4235 5573
4236 4407
4237 3922
4238 3923
4239 3926
4240 3924
4241 3925
4242 3946
4243 3947
4244 3948
4245 3949
4246 3950
4247 3951
4248 3952
4249 3953
4250 3954
4251 3955
4252 3956
4253 3957
4254 3959
4255 3960
4256 3961
4257 3962
4258 3963
4259 3964
4260 3965
4261 3969
4262 3970
4263 3971
4264 3973
4265 3974
4266 3975
4267 3976
4268 3977
4269 3978
4270 3979
4271 3980
4272 3982
4273 3984
4274 3986
4275 3987
4276 3988
4277 3989
4278 3990
4279 3991
4280 3992
4281 3993
4282 3994
4283 3995
4284 3996
4285 3997
4286 3998
4287 3999
4288 4000
4289 4001
4290 4002
4291 4003
4292 4004
4293 4005
4294 4006
4295 4007
4296 4008
4297 4009
4298 4010
4299 4011
4300 4012
4301 4013
4302 4014
4303 4015
4304 4016
4305 4017
4306 4018
4307 4019
4308 4020
4309 4021
4310 4022
4311 4023
4312 4025
4313 4027
4314 4026
4315 4028
4316 4029
4317 4030
4318 4031
4319 4032
4320 4033
4321 4034
4322 4035
4323 4036
4324 4037
4325 4038
4326 4040
4327 4039
4328 4041
4329 4042
4330 4043
4331 4044
4332 4045
4333 4046
4334 4047
4335 4048
4336 4049
4337 4050
4338 4051
4339 4052
4340 4053
4341 4054
4342 4055
4343 6061
4344 4795
4345 4794
4346 4059
4347 4058
4348 4057
4349 4056
4350 4060
4351 4061
4352 4062
4353 4063
4354 4065
4355 4066
4356 4067
4357 4068
4358 4069
4359 4070
4360 4071
4361 4072
4362 4073
4363 4076
4364 4077
4365 4078
4366 4079
4367 4081
4368 4080
4369 4082
4370 4083
4371 4084
4372 4085
4373 4086
4374 4087
4375 4088
4376 4089
4377 4090
4378 4091
4379 4092
4380 4093
4381 4094
4382 4095
4383 4096
4384 4103
4385 4102
4386 4101
4387 4100
4388 4099
4389 4098
4390 4097
4391 4104
4392 4105
4393 4106
4394 4107
4395 4108
4396 4109
4397 4110
4398 4111
4399 4112
4400 4113
4401 4114
4402 4115
4403 4116
4404 4117
4405 4118
4406 4119
4407 4120
4408 4121
4409 4122
4410 4124
4411 4125
4412 4126
4413 4127
4414 4128
4415 4129
4416 4130
4417 4131
4418 4132
4419 4133
4420 4134
4421 4135
4422 4136
4423 4137
4424 4141
4425 4143
4426 4144
4427 4145
4428 4146
4429 4147
4430 4148
4431 4150
4432 4149
4433 4151
4434 4152
4435 4153
4436 4154
4437 4155
4438 4156
4439 4157
4440 4158
4441 4159
4442 4160
4443 4161
4444 4162
4445 4163
4446 4164
4447 4168
4448 4169
4449 4170
4450 4171
4451 4172
4452 4173
4453 4174
4454 4175
4455 4176
4456 4177
4457 4178
4458 4179
4459 4180
4460 4181
4461 4185
4462 4186
4463 4187
4464 4188
4465 4189
4466 4191
4467 4192
4468 4193
4469 4194
4470 4195
4471 4197
4472 4199
4473 4200
4474 4198
4475 4201
4476 4202
4477 4203
4478 4204
4479 4205
4480 4206
4481 4207
4482 4208
4483 4209
4484 4210
4485 4212
4486 4211
4487 4213
4488 4214
4489 4215
4490 4217
4491 4219
4492 4220
4493 4221
4494 4235
4495 4234
4496 4233
4497 4232
4498 4231
4499 4230
4500 4229
4501 4228
4502 4227
4503 4226
4504 4225
4505 4224
4506 4223
4507 4222
4508 4236
4509 4237
4510 4238
4511 4239
4512 4240
4513 4241
4514 4242
4515 4243
4516 4244
4517 4245
4518 4246
4519 4247
4520 4248
4521 4249
4522 4250
4523 4251
4524 4252
4525 4253
4526 4254
4527 4255
4528 4256
4529 4257
4530 4258
4531 4259
4532 4260
4533 4261
4534 4262
4535 4263
4536 4264
4537 4265
4538 4266
4539 4268
4540 4267
4541 4269
4542 4271
4543 4270
4544 4272
4545 4273
4546 4274
4547 4275
4548 4276
4549 4278
4550 4279
4551 4280
4552 4281
4553 4282
4554 4283
4555 4284
4556 4285
4557 4286
4558 4287
4559 4288
4560 4289
4561 4290
4562 4291
4563 4292
4564 4293
4565 4294
4566 4295
4567 4296
4568 4297
4569 4299
4570 4300
4571 4301
4572 4302
4573 4304
4574 4305
4575 4306
4576 4307
4577 4308
4578 4309
4579 4310
4580 4311
4581 4312
4582 4313
4583 4318
4584 4319
4585 4320
4586 4321
4587 4322
4588 4323
4589 4324
4590 4325
4591 4326
4592 4327
4593 4328
4594 4329
4595 4330
4596 4332
4597 4331
4598 4334
4599 4335
4600 4336
4601 4337
4602 4338
4603 4339
4604 4340
4605 4347
4606 4348
4607 4349
4608 4350
4609 4351
4610 4352
4611 4353
4612 4354
4613 4355
4614 4356
4615 4357
4616 4358
4617 4359
4618 4361
4619 4362
4620 4364
4621 4365
4622 4366
4623 4367
4624 4368
4625 4369
4626 4370
4627 4371
4628 4372
4629 4373
4630 4374
4631 4375
4632 4376
4633 4377
4634 4378
4635 4379
4636 4382
4637 4383
4638 4390
4639 4391
4640 4394
4641 4395
4642 4397
4643 4399
4644 4400
4645 4401
4646 4402
4647 4403
4648 4404
4649 4405
4650 4406
4651 4408
4652 4409
4653 4410
4654 4411
4655 4412
4656 4413
4657 4414
4658 4415
4659 4416
4660 4417
4661 4418
4662 4419
4663 4420
4664 4421
4665 4422
4666 4424
4667 4425
4668 4426
4669 4427
4670 4428
4671 4429
4672 4430
4673 4431
4674 4432
4675 4433
4676 4434
4677 4435
4678 4436
4679 4437
4680 4438
4681 4439
4682 4441
4683 4442
4684 4443
4685 4445
4686 4444
4687 4446
4688 4447
4689 4448
4690 4449
4691 4450
4692 4451
4693 4452
4694 4453
4695 4454
4696 4455
4697 4456
4698 4457
4699 4458
4700 4459
4701 4460
4702 4461
4703 4462
4704 4463
4705 4464
4706 4471
4707 4470
4708 4468
4709 4467
4710 4465
4711 5252
4712 5251
4713 5250
4714 5248
4715 5247
4716 5246
4717 5245
4718 5244
4719 5243
4720 5242
4721 5240
4722 5239
4723 5238
4724 5237
4725 5236
4726 5235
4727 5234
4728 5233
4729 5232
4730 5231
4731 5230
4732 5229
4733 5089
4734 4547
4735 4546
4736 4545
4737 4544
4738 4472
4739 4473
4740 4474
4741 4475
4742 4476
4743 4477
4744 4478
4745 4480
4746 4479
4747 4481
4748 4482
4749 4483
4750 4484
4751 4485
4752 4486
4753 4487
4754 4488
4755 4489
4756 4490
4757 4492
4758 4493
4759 4494
4760 4495
4761 4496
4762 4497
4763 4498
4764 4499
4765 4500
4766 4501
4767 4502
4768 4503
4769 4507
4770 4508
4771 4509
4772 4510
4773 4511
4774 4512
4775 4513
4776 4514
4777 4515
4778 4516
4779 4517
4780 4518
4781 4519
4782 4521
4783 4522
4784 4523
4785 4524
4786 4525
4787 4526
4788 4527
4789 4528
4790 4529
4791 4530
4792 4531
4793 4532
4794 4533
4795 4534
4796 4536
4797 4537
4798 4538
4799 4539
4800 4540
4801 4541
4802 4542
4803 4543
4804 4548
4805 4550
4806 5197
4807 5196
4808 5195
4809 5194
4810 5193
4811 5192
4812 5191
4813 5190
4814 5189
4815 5188
4816 5187
4817 5186
4818 5183
4819 5182
4820 5181
4821 5180
4822 5179
4823 5178
4824 5177
4825 5176
4826 5175
4827 4676
4828 4654
4829 4549
4830 4551
4831 4552
4832 4553
4833 4555
4834 4556
4835 4557
4836 4558
4837 4559
4838 4560
4839 4561
4840 4562
4841 4563
4842 4564
4843 4565
4844 4566
4845 4567
4846 4568
4847 4569
4848 4570
4849 4571
4850 4572
4851 4573
4852 4574
4853 4575
4854 4576
4855 4577
4856 4578
4857 4579
4858 4580
4859 4581
4860 4583
4861 4582
4862 4584
4863 4585
4864 4586
4865 4587
4866 4588
4867 4589
4868 4590
4869 4591
4870 4592
4871 4593
4872 4594
4873 4595
4874 4596
4875 4597
4876 4599
4877 4598
4878 4600
4879 4601
4880 4602
4881 4603
4882 4604
4883 4605
4884 4606
4885 4608
4886 4610
4887 4611
4888 4612
4889 4613
4890 4614
4891 4615
4892 4617
4893 4616
4894 4618
4895 4619
4896 4621
4897 4620
4898 4622
4899 4623
4900 4624
4901 4625
4902 4626
4903 4627
4904 4628
4905 4629
4906 4630
4907 4631
4908 4632
4909 4633
4910 4634
4911 4635
4912 4636
4913 4637
4914 4638
4915 4639
4916 4640
4917 4641
4918 4642
4919 4643
4920 4644
4921 4645
4922 4646
4923 4647
4924 4648
4925 4649
4926 4650
4927 4651
4928 4652
4929 5780
4930 4655
4931 4656
4932 4657
4933 4658
4934 4659
4935 4661
4936 4662
4937 4663
4938 4664
4939 4665
4940 4668
4941 4667
4942 4669
4943 4670
4944 4671
4945 4672
4946 4673
4947 4674
4948 4675
4949 4677
4950 4678
4951 4679
4952 4680
4953 4681
4954 4682
4955 4684
4956 5737
4957 5736
4958 4696
4959 4697
4960 4698
4961 4699
4962 4700
4963 4701
4964 4702
4965 4703
4966 4704
4967 4706
4968 4724
4969 4723
4970 4722
4971 4721
4972 4720
4973 4719
4974 4716
4975 4715
4976 4714
4977 4713
4978 4712
4979 4711
4980 4710
4981 4709
4982 4708
4983 4707
4984 4705
4985 4717
4986 4812
4987 4811
4988 4810
4989 6036
4990 6035
4991 6034
4992 4725
4993 4726
4994 4727
4995 4728
4996 4729
4997 4730
4998 4731
4999 4732
5000 4733
5001 4734
5002 4735
5003 4736
5004 4737
5005 4738
5006 4739
5007 4740
5008 4741
5009 4742
5010 4743
5011 4744
5012 4745
5013 4746
5014 4747
5015 4748
5016 4749
5017 4750
5018 4751
5019 4752
5020 4753
5021 4754
5022 4755
5023 4756
5024 4757
5025 4758
5026 4759
5027 4760
5028 4761
5029 4762
5030 4764
5031 4763
5032 4765
5033 4766
5034 4767
5035 4769
5036 4770
5037 4771
5038 4772
5039 4773
5040 4774
5041 4775
5042 4776
5043 4777
5044 4778
5045 4779
5046 4780
5047 4781
5048 4782
5049 4783
5050 4784
5051 4785
5052 4787
5053 4786
5054 4788
5055 4789
5056 4790
5057 4791
5058 4793
5059 4796
5060 4797
5061 4798
5062 4799
5063 4800
5064 4801
5065 4802
5066 4803
5067 4804
5068 4805
5069 4806
5070 4807
5071 4808
5072 4809
5073 4814
5074 4815
5075 4816
5076 4817
5077 4818
5078 4819
5079 4821
5080 4822
5081 4823
5082 4824
5083 4825
5084 4826
5085 4828
5086 4829
5087 4830
5088 4831
5089 4832
5090 4833
5091 4835
5092 4836
5093 4837
5094 4838
5095 4839
5096 4840
5097 4841
5098 4842
5099 4846
5100 4847
5101 4848
5102 4849
5103 4850
5104 4851
5105 4852
5106 4853
5107 4854
5108 4855
5109 4856
5110 4858
5111 4859
5112 4860
5113 4862
5114 4861
5115 4863
5116 4864
5117 4865
5118 4866
5119 4868
5120 4869
5121 4870
5122 5926
5123 4873
5124 4874
5125 4875
5126 4876
5127 4877
5128 4880
5129 4881
5130 4883
5131 4882
5132 4884
5133 4885
5134 4886
5135 4888
5136 4889
5137 4890
5138 4891
5139 4892
5140 4893
5141 4894
5142 4895
5143 4898
5144 4897
5145 4896
5146 4899
5147 4900
5148 4901
5149 4902
5150 4903
5151 4904
5152 4905
5153 4906
5154 4907
5155 4908
5156 4909
5157 4910
5158 4911
5159 4912
5160 4916
5161 4915
5162 4914
5163 4913
5164 4917
5165 4918
5166 4920
5167 4921
5168 4922
5169 4923
5170 4924
5171 4925
5172 4926
5173 6195
5174 4927
5175 4928
5176 4929
5177 4930
5178 4931
5179 4932
5180 4933
5181 4934
5182 4935
5183 4936
5184 4937
5185 4938
5186 4939
5187 4940
5188 5970
5189 4941
5190 4942
5191 4943
5192 4944
5193 4945
5194 4946
5195 4947
5196 4948
5197 4949
5198 4950
5199 4951
5200 4952
5201 4953
5202 4954
5203 4955
5204 4957
5205 4959
5206 4958
5207 4960
5208 4961
5209 4962
5210 4963
5211 4964
5212 4965
5213 4966
5214 4967
5215 4968
5216 4969
5217 4970
5218 4971
5219 4972
5220 4973
5221 4974
5222 4975
5223 4976
5224 4977
5225 4980
5226 4981
5227 4982
5228 4983
5229 4984
5230 4985
5231 4986
5232 4987
5233 4988
5234 4991
5235 4992
5236 4993
5237 4994
5238 4995
5239 4996
5240 4997
5241 4998
5242 4999
5243 5000
5244 5002
5245 5001
5246 5003
5247 5004
5248 5005
5249 5006
5250 5007
5251 5008
5252 5009
5253 5010
5254 5011
5255 5012
5256 5030
5257 5031
5258 5032
5259 5033
5260 5034
5261 5035
5262 5036
5263 5037
5264 5038
5265 5039
5266 5040
5267 5041
5268 5042
5269 5043
5270 5044
5271 5045
5272 5046
5273 5047
5274 5048
5275 5049
5276 5050
5277 5051
5278 5052
5279 5054
5280 5055
5281 5056
5282 5057
5283 5058
5284 5059
5285 5060
5286 5061
5287 5062
5288 5063
5289 5064
5290 5065
5291 5066
5292 5067
5293 5068
5294 5069
5295 5070
5296 5071
5297 5072
5298 5073
5299 5074
5300 5075
5301 5076
5302 5077
5303 5078
5304 5079
5305 5086
5306 5087
5307 5088
5308 5090
5309 5091
5310 5092
5311 5093
5312 5094
5313 5095
5314 5096
5315 5097
5316 5098
5317 5099
5318 5100
5319 5101
5320 5103
5321 5104
5322 5105
5323 5106
5324 5107
5325 5108
5326 5110
5327 5111
5328 5112
5329 5113
5330 5114
5331 5115
5332 5116
5333 5119
5334 5118
5335 5117
5336 6176
5337 5209
5338 5208
5339 5207
5340 5206
5341 5205
5342 5202
5343 5122
5344 5123
5345 5124
5346 5125
5347 5126
5348 5127
5349 5128
5350 5129
5351 5130
5352 5131
5353 5132
5354 5133
5355 5134
5356 5136
5357 5137
5358 5138
5359 5140
5360 5139
5361 5141
5362 5142
5363 5143
5364 5144
5365 5145
5366 5156
5367 5157
5368 5158
5369 5159
5370 5160
5371 5161
5372 5162
5373 5165
5374 5164
5375 5166
5376 5167
5377 5168
5378 5223
5379 5499
5380 5210
5381 5211
5382 5212
5383 5213
5384 5214
5385 5215
5386 5216
5387 5217
5388 5218
5389 5219
5390 5221
5391 5220
5392 5222
5393 5227
5394 5228
5395 5241
5396 5254
5397 5274
5398 5273
5399 5272
5400 5271
5401 5270
5402 5269
5403 5267
5404 5266
5405 5265
5406 5264
5407 5263
5408 5262
5409 5261
5410 5260
5411 5259
5412 5258
5413 5255
5414 5253
5415 5277
5416 5278
5417 5279
5418 5280
5419 5703
5420 5702
5421 5701
5422 5700
5423 5699
5424 5698
5425 5697
5426 5696
5427 5695
5428 5694
5429 5693
5430 5692
5431 5450
5432 5281
5433 5282
5434 5283
5435 5284
5436 5289
5437 5290
5438 5291
5439 5292
5440 5293
5441 5294
5442 5296
5443 5295
5444 5297
5445 5298
5446 5299
5447 5301
5448 5302
5449 5303
5450 5304
5451 5305
5452 5306
5453 5307
5454 5308
5455 5309
5456 5310
5457 5311
5458 5312
5459 5313
5460 5314
5461 5315
5462 5316
5463 5317
5464 5318
5465 5319
5466 5320
5467 5321
5468 5322
5469 5323
5470 5324
5471 5325
5472 5326
5473 5327
5474 5328
5475 5329
5476 5331
5477 5330
5478 5332
5479 5333
5480 5334
5481 5335
5482 5336
5483 5337
5484 5338
5485 5339
5486 5340
5487 5341
5488 5342
5489 5343
5490 5344
5491 5345
5492 5346
5493 5347
5494 5348
5495 5349
5496 5351
5497 5355
5498 5354
5499 5353
5500 5352
5501 5350
5502 5357
5503 5358
5504 5359
5505 5361
5506 5360
5507 5362
5508 5363
5509 5364
5510 5365
5511 5366
5512 5367
5513 5368
5514 5369
5515 5383
5516 5384
5517 5385
5518 5386
5519 5387
5520 5388
5521 5390
5522 5391
5523 5392
5524 5393
5525 5394
5526 5395
5527 5396
5528 5399
5529 5398
5530 5397
5531 5400
5532 5401
5533 5404
5534 5405
5535 5406
5536 5407
5537 5408
5538 5410
5539 5411
5540 5412
5541 5413
5542 5414
5543 5415
5544 5416
5545 5417
5546 5418
5547 5420
5548 5421
5549 5422
5550 5423
5551 5424
5552 5425
5553 5426
5554 5427
5555 5428
5556 5429
5557 5430
5558 5431
5559 5432
5560 5433
5561 5434
5562 5435
5563 5436
5564 5437
5565 5438
5566 5439
5567 5440
5568 5441
5569 5442
5570 5443
5571 5444
5572 5445
5573 5446
5574 5447
5575 5448
5576 5452
5577 5451
5578 5453
5579 5454
5580 5455
5581 5460
5582 5459
5583 5458
5584 5457
5585 5456
5586 5463
5587 5464
5588 5465
5589 5466
5590 5467
5591 5468
5592 5469
5593 5470
5594 5472
5595 5473
5596 5474
5597 5475
5598 5476
5599 5477
5600 5478
5601 5479
5602 5480
5603 5481
5604 5482
5605 5483
5606 5484
5607 5485
5608 5486
5609 5487
5610 5488
5611 5489
5612 5490
5613 5492
5614 5491
5615 5865
5616 5495
5617 5496
5618 5497
5619 5498
5620 5500
5621 5501
5622 5502
5623 5503
5624 5505
5625 5506
5626 5507
5627 5508
5628 5509
5629 5510
5630 5511
5631 5512
5632 5513
5633 5514
5634 5515
5635 5521
5636 5520
5637 5519
5638 5518
5639 5517
5640 5516
5641 5525
5642 5526
5643 5527
5644 5528
5645 5529
5646 5530
5647 5536
5648 5537
5649 5538
5650 5540
5651 5541
5652 5545
5653 5546
5654 5547
5655 5548
5656 5549
5657 5550
5658 5551
5659 5552
5660 5553
5661 5554
5662 5555
5663 5556
5664 5557
5665 5566
5666 5567
5667 5568
5668 5938
5669 5878
5670 5851
5671 5763
5672 5647
5673 5583
5674 5582
5675 5581
5676 5580
5677 5578
5678 5577
5679 5576
5680 5575
5681 5574
5682 5572
5683 5571
5684 5570
5685 5585
5686 5586
5687 5587
5688 5588
5689 5589
5690 5590
5691 5591
5692 5592
5693 5593
5694 5594
5695 5596
5696 5597
5697 5598
5698 5599
5699 5600
5700 5601
5701 5603
5702 5604
5703 5605
5704 5607
5705 5606
5706 5608
5707 5610
5708 5611
5709 5612
5710 5613
5711 5614
5712 5615
5713 5616
5714 5617
5715 5618
5716 5619
5717 5620
5718 5621
5719 5622
5720 5623
5721 5624
5722 5625
5723 5626
5724 5627
5725 5628
5726 5629
5727 5630
5728 5631
5729 5632
5730 5633
5731 5634
5732 5635
5733 5636
5734 5637
5735 5638
5736 5639
5737 5640
5738 5641
5739 5642
5740 5643
5741 5644
5742 5645
5743 5646
5744 5670
5745 5671
5746 5672
5747 5673
5748 5674
5749 5675
5750 5678
5751 5679
5752 5680
5753 5681
5754 5682
5755 5683
5756 5684
5757 5685
5758 5686
5759 5687
5760 5688
5761 5689
5762 5690
5763 5691
5764 5704
5765 5705
5766 5706
5767 5858
5768 5708
5769 5707
5770 5709
5771 5710
5772 5711
5773 5712
5774 5713
5775 5715
5776 5714
5777 5716
5778 5717
5779 5718
5780 5719
5781 5720
5782 5723
5783 5724
5784 5726
5785 5727
5786 5728
5787 5729
5788 5730
5789 5733
5790 5734
5791 5735
5792 5738
5793 5739
5794 5740
5795 5741
5796 5742
5797 5743
5798 5744
5799 5745
5800 5746
5801 5747
5802 5750
5803 5751
5804 5752
5805 5757
5806 5755
5807 5754
5808 5753
5809 5756
5810 5758
5811 5759
5812 5760
5813 5761
5814 5762
5815 5764
5816 5766
5817 5767
5818 5768
5819 5769
5820 5770
5821 5771
5822 5772
5823 5773
5824 5774
5825 5775
5826 5776
5827 5777
5828 5778
5829 5781
5830 5782
5831 5783
5832 5784
5833 5785
5834 5786
5835 5787
5836 5788
5837 5789
5838 5790
5839 5791
5840 5792
5841 5793
5842 5794
5843 5795
5844 6069
5845 5796
5846 5798
5847 5799
5848 5800
5849 5801
5850 5802
5851 5803
5852 5804
5853 5805
5854 5806
5855 5807
5856 5808
5857 5809
5858 5810
5859 5811
5860 5812
5861 5813
5862 5814
5863 5815
5864 5816
5865 5818
5866 5819
5867 5820
5868 5822
5869 5823
5870 5821
5871 5824
5872 5825
5873 5826
5874 5827
5875 5828
5876 5829
5877 5830
5878 5831
5879 5832
5880 5833
5881 5835
5882 5837
5883 5838
5884 5839
5885 5840
5886 5841
5887 5842
5888 5843
5889 5844
5890 5845
5891 5846
5892 5847
5893 5848
5894 5849
5895 5850
5896 5852
5897 5853
5898 5855
5899 5856
5900 5857
5901 5859
5902 5860
5903 5861
5904 5862
5905 5863
5906 5864
5907 5866
5908 5868
5909 5869
5910 5870
5911 5871
5912 5872
5913 5873
5914 5874
5915 5875
5916 5876
5917 5877
5918 5879
5919 5880
5920 5881
5921 5921
5922 5920
5923 5919
5924 5918
5925 5917
5926 5916
5927 5915
5928 5914
5929 5913
5930 5912
5931 5911
5932 5910
5933 5909
5934 5908
5935 5907
5936 5906
5937 5905
5938 5904
5939 5903
5940 5902
5941 5901
5942 5900
5943 5899
5944 5898
5945 5897
5946 5896
5947 5895
5948 5894
5949 5893
5950 5892
5951 5891
5952 5890
5953 5889
5954 5888
5955 5887
5956 5886
5957 5885
5958 5884
5959 5883
5960 5882
5961 5922
5962 5923
5963 5924
5964 5925
5965 5927
5966 5928
5967 5929
5968 5930
5969 5931
5970 5932
5971 5937
5972 5940
5973 5941
5974 5944
5975 5945
5976 5946
5977 5947
5978 5948
5979 5949
5980 5950
5981 5951
5982 5952
5983 5953
5984 5954
5985 5955
5986 5956
5987 5957
5988 5958
5989 5959
5990 5960
5991 5961
5992 5962
5993 5963
5994 5964
5995 5965
5996 5966
5997 5967
5998 5968
5999 5969
6000 5971
6001 5972
6002 5973
6003 5974
6004 5976
6005 5977
6006 5975
6007 5978
6008 5979
6009 5980
6010 5981
6011 5982
6012 5983
6013 5984
6014 5985
6015 5986
6016 5987
6017 5988
6018 5989
6019 5991
6020 5990
6021 5992
6022 5993
6023 5994
6024 5995
6025 5996
6026 5997
6027 5998
6028 5999
6029 6000
6030 6001
6031 6002
6032 6003
6033 6004
6034 6005
6035 6006
6036 6007
6037 6008
6038 6009
6039 6010
6040 6011
6041 6012
6042 6013
6043 6014
6044 6015
6045 6016
6046 6017
6047 6018
6048 6019
6049 6021
6050 6022
6051 6023
6052 6024
6053 6025
6054 6026
6055 6027
6056 6028
6057 6029
6058 6030
6059 6031
6060 6032
6061 6033
6062 6037
6063 6038
6064 6039
6065 6040
6066 6041
6067 6042
6068 6043
6069 6045
6070 6046
6071 6047
6072 6048
6073 6049
6074 6051
6075 6052
6076 6053
6077 6054
6078 6055
6079 6056
6080 6057
6081 6058
6082 6063
6083 6062
6084 6060
6085 6059
6086 6064
6087 6065
6088 6066
6089 6067
6090 6068
6091 6070
6092 6071
6093 6072
6094 6073
6095 6074
6096 6075
6097 6076
6098 6077
6099 6078
6100 6079
6101 6081
6102 6082
6103 6083
6104 6084
6105 6086
6106 6087
6107 6088
6108 6090
6109 6089
6110 6091
6111 6093
6112 6094
6113 6096
6114 6097
6115 6098
6116 6099
6117 6100
6118 6101
6119 6102
6120 6103
6121 6104
6122 6105
6123 6106
6124 6107
6125 6108
6126 6109
6127 6110
6128 6112
6129 6111
6130 6113
6131 6114
6132 6115
6133 6116
6134 6120
6135 6121
6136 6122
6137 6123
6138 6124
6139 6126
6140 6127
6141 6128
6142 6129
6143 6130
6144 6131
6145 6132
6146 6133
6147 6135
6148 6136
6149 6142
6150 6143
6151 6144
6152 6145
6153 6146
6154 6147
6155 6148
6156 6149
6157 6150
6158 6151
6159 6152
6160 6252
6161 6251
6162 6153
6163 6154
6164 6155
6165 6156
6166 6158
6167 6159
6168 6160
6169 6161
6170 6162
6171 6163
6172 6164
6173 6165
6174 6166
6175 6167
6176 6168
6177 6169
6178 6170
6179 6171
6180 6172
6181 6175
6182 6173
6183 6174
6184 6177
6185 6178
6186 6180
6187 6179
6188 6181
6189 6182
6190 6183
6191 6184
6192 6185
6193 6187
6194 6186
6195 6188
6196 6194
6197 6193
6198 6192
6199 6190
6200 6189
6201 6191
6202 6196
6203 6197
6204 6198
6205 6202
6206 6203
6207 6206
6208 6204
6209 6205
6210 6207
6211 6208
6212 6209
6213 6210
6214 6224
6215 6223
6216 6222
6217 6221
6218 6220
6219 6219
6220 6218
6221 6217
6222 6216
6223 6215
6224 6214
6225 6213
6226 6212
6227 6225
6228 6226
6229 6227
6230 6228
6231 6229
6232 6230
6233 6231
6234 6232
6235 6234
6236 6233
6237 6235
6238 6236
6239 6237
6240 6238
6241 6239
6242 6240
6243 6241
6244 6242
6245 6243
6246 6244
6247 6245
6248 6246
6249 6247
6250 6248
6251 6249
6252 6250
6253 6253
6254 6254
6255 6255
