0 0
1 1
2 2
3 3
4 4
5 5
6 6
7 7
8 8
9 9
10 10
11 85
12 53
13 11
14 12
15 13
16 15
17 14
18 16
19 21
20 20
21 19
22 18
23 17
24 22
25 23
26 24
27 25
28 26
29 27
30 28
31 29
32 30
33 31
34 3881
35 735
36 32
37 33
38 34
39 35
40 36
41 37
42 38
43 39
44 43
45 42
46 41
47 40
48 44
49 45
50 46
51 47
52 48
53 49
54 50
55 51
56 52
57 2155
58 2042
59 1725
60 1724
61 980
62 54
63 56
64 55
65 57
66 58
67 59
68 60
69 61
70 62
71 63
72 64
73 65
74 67
75 66
76 68
77 69
78 70
79 72
80 71
81 73
82 74
83 75
84 76
85 77
86 78
87 79
88 80
89 81
90 82
91 83
92 84
93 86
94 87
95 88
96 89
97 90
98 93
99 92
100 91
101 5808
102 5459
103 5415
104 5414
105 5413
106 4946
107 4568
108 2188
109 1783
110 1782
111 1781
112 1254
113 1253
114 1252
115 196
116 94
117 96
118 95
119 97
120 98
121 99
122 100
123 101
124 102
125 103
126 104
127 105
128 106
129 107
130 109
131 108
132 110
133 111
134 112
135 113
136 114
137 115
138 116
139 117
140 118
141 119
142 120
143 121
144 122
145 123
146 124
147 125
148 126
149 127
150 128
151 129
152 130
153 131
154 132
155 133
156 134
157 135
158 136
159 137
160 138
161 139
162 140
163 141
164 142
165 143
166 144
167 145
168 146
169 147
170 148
171 149
172 150
173 151
174 152
175 153
176 154
177 155
178 157
179 156
180 158
181 159
182 160
183 161
184 162
185 163
186 164
187 165
188 166
189 167
190 168
191 169
192 170
193 171
194 172
195 173
196 174
197 175
198 176
199 177
200 178
201 179
202 180
203 181
204 182
205 183
206 184
207 185
208 186
209 187
210 188
211 189
212 190
213 191
214 192
215 193
216 194
217 195
218 197
219 198
220 199
221 201
222 200
223 202
224 203
225 204
226 206
227 205
228 207
229 208
230 209
231 210
232 211
233 212
234 213
235 214
236 215
237 216
238 217
239 218
240 219
241 220
242 221
243 222
244 223
245 224
246 225
247 226
248 227
249 228
250 229
251 230
252 231
253 232
254 233
255 234
256 235
257 236
258 237
259 238
260 240
261 239
262 241
263 242
264 243
265 244
266 245
267 246
268 247
269 248
270 250
271 249
272 251
273 252
274 253
275 254
276 255
277 256
278 257
279 258
280 259
281 260
282 261
283 262
284 263
285 264
286 265
287 266
288 267
289 268
290 269
291 270
292 271
293 272
294 274
295 273
296 275
297 276
298 277
299 278
300 279
301 280
302 281
303 282
304 283
305 284
306 285
307 286
308 287
309 288
310 289
311 290
312 291
313 292
314 293
315 294
316 295
317 296
318 297
319 412
320 393
321 378
322 298
323 299
324 300
325 301
326 302
327 303
328 304
329 305
330 306
331 307
332 308
333 309
334 310
335 311
336 312
337 313
338 314
339 315
340 316
341 318
342 317
343 319
344 320
345 321
346 322
347 323
348 324
349 325
350 326
351 327
352 328
353 329
354 330
355 331
356 332
357 333
358 334
359 335
360 336
361 337
362 339
363 338
364 340
365 341
366 342
367 343
368 344
369 345
370 346
371 347
372 348
373 349
374 350
375 351
376 352
377 353
378 354
379 355
380 356
381 357
382 359
383 358
384 360
385 361
386 362
387 365
388 364
389 363
390 439
391 402
392 366
393 367
394 369
395 368
396 370
397 371
398 372
399 374
400 373
401 375
402 376
403 377
404 379
405 380
406 381
407 382
408 383
409 384
410 385
411 386
412 387
413 388
414 389
415 390
416 391
417 392
418 394
419 395
420 396
421 397
422 398
423 399
424 400
425 401
426 403
427 404
428 405
429 406
430 407
431 408
432 409
433 410
434 411
435 413
436 414
437 415
438 416
439 417
440 418
441 419
442 420
443 421
444 422
445 423
446 424
447 425
448 426
449 427
450 429
451 428
452 430
453 431
454 432
455 433
456 434
457 436
458 437
459 435
460 438
461 440
462 441
463 442
464 443
465 444
466 445
467 446
468 447
469 448
470 449
471 450
472 451
473 453
474 452
475 454
476 455
477 456
478 457
479 459
480 458
481 460
482 461
483 462
484 463
485 464
486 465
487 466
488 467
489 468
490 469
491 470
492 471
493 472
494 473
495 474
496 475
497 476
498 477
499 478
500 479
501 480
502 481
503 482
504 483
505 484
506 485
507 486
508 487
509 488
510 489
511 490
512 491
513 492
514 493
515 494
516 495
517 496
518 498
519 497
520 499
521 500
522 501
523 502
524 504
525 503
526 505
527 506
528 507
529 508
530 509
531 510
532 511
533 512
534 513
535 514
536 515
537 516
538 517
539 518
540 519
541 520
542 521
543 522
544 523
545 525
546 524
547 526
548 527
549 528
550 529
551 530
552 532
553 531
554 533
555 534
556 535
557 536
558 537
559 538
560 539
561 540
562 541
563 542
564 543
565 544
566 545
567 546
568 547
569 548
570 549
571 550
572 551
573 552
574 553
575 554
576 555
577 556
578 557
579 558
580 559
581 560
582 561
583 562
584 563
585 564
586 565
587 566
588 567
589 568
590 569
591 570
592 571
593 572
594 573
595 574
596 575
597 576
598 577
599 578
600 579
601 580
602 581
603 582
604 583
605 584
606 585
607 586
608 587
609 588
610 589
611 590
612 591
613 592
614 593
615 594
616 596
617 595
618 597
619 598
620 599
621 600
622 601
623 602
624 603
625 604
626 606
627 605
628 607
629 608
630 609
631 610
632 612
633 611
634 613
635 614
636 615
637 616
638 618
639 617
640 619
641 621
642 620
643 622
644 623
645 624
646 625
647 626
648 628
649 627
650 629
651 630
652 631
653 632
654 633
655 634
656 635
657 636
658 637
659 638
660 639
661 641
662 640
663 642
664 643
665 644
666 645
667 646
668 647
669 648
670 649
671 650
672 652
673 651
674 653
675 654
676 656
677 655
678 657
679 658
680 659
681 660
682 661
683 662
684 663
685 665
686 664
687 666
688 667
689 668
690 669
691 670
692 671
693 672
694 674
695 673
696 675
697 676
698 678
699 677
700 679
701 680
702 681
703 682
704 683
705 684
706 685
707 686
708 687
709 688
710 689
711 690
712 691
713 692
714 693
715 694
716 695
717 696
718 697
719 698
720 699
721 700
722 701
723 702
724 703
725 704
726 705
727 706
728 707
729 708
730 709
731 710
732 711
733 712
734 713
735 714
736 715
737 716
738 717
739 718
740 719
741 720
742 721
743 722
744 723
745 724
746 725
747 726
748 727
749 728
750 729
751 730
752 731
753 734
754 733
755 732
756 736
757 737
758 738
759 739
760 740
761 741
762 742
763 743
764 744
765 745
766 746
767 747
768 748
769 749
770 750
771 751
772 752
773 753
774 754
775 755
776 756
777 757
778 758
779 759
780 760
781 761
782 762
783 763
784 764
785 765
786 766
787 767
788 768
789 769
790 770
791 771
792 772
793 773
794 774
795 775
796 776
797 778
798 777
799 779
800 780
801 781
802 782
803 783
804 784
805 785
806 786
807 787
808 788
809 789
810 790
811 791
812 792
813 793
814 794
815 795
816 796
817 797
818 798
819 799
820 800
821 801
822 802
823 803
824 804
825 805
826 806
827 807
828 808
829 809
830 811
831 812
832 810
833 813
834 814
835 815
836 816
837 817
838 818
839 819
840 820
841 821
842 822
843 823
844 824
845 825
846 826
847 827
848 828
849 829
850 830
851 831
852 832
853 833
854 834
855 835
856 836
857 837
858 839
859 838
860 840
861 841
862 842
863 844
864 843
865 845
866 846
867 847
868 849
869 848
870 850
871 851
872 852
873 853
874 854
875 855
876 856
877 857
878 858
879 859
880 860
881 861
882 863
883 862
884 864
885 865
886 866
887 867
888 868
889 869
890 870
891 871
892 872
893 873
894 874
895 875
896 876
897 877
898 878
899 879
900 880
901 881
902 882
903 883
904 884
905 885
906 886
907 887
908 888
909 889
910 890
911 891
912 892
913 893
914 894
915 895
916 896
917 897
918 898
919 899
920 900
921 901
922 902
923 903
924 904
925 905
926 907
927 906
928 908
929 909
930 910
931 911
932 912
933 913
934 914
935 915
936 916
937 917
938 918
939 919
940 920
941 921
942 922
943 923
944 924
945 925
946 926
947 927
948 928
949 929
950 930
951 931
952 932
953 933
954 934
955 935
956 936
957 937
958 938
959 939
960 940
961 941
962 942
963 943
964 944
965 945
966 946
967 947
968 948
969 949
970 950
971 951
972 952
973 953
974 954
975 955
976 958
977 956
978 957
979 959
980 960
981 961
982 962
983 963
984 964
985 965
986 967
987 966
988 968
989 969
990 970
991 971
992 972
993 973
994 974
995 975
996 976
997 977
998 978
999 979
1000 981
1001 982
1002 983
1003 984
1004 985
1005 986
1006 987
1007 988
1008 989
1009 990
1010 991
1011 992
1012 993
1013 994
1014 995
1015 996
1016 997
1017 998
1018 999
1019 1000
1020 1001
1021 1002
1022 1003
1023 1004
1024 1005
1025 1006
1026 1007
1027 1008
1028 1009
1029 1010
1030 1011
1031 1012
1032 1013
1033 1014
1034 1015
1035 1016
1036 1017
1037 1018
1038 1019
1039 1020
1040 1021
1041 1022
1042 1023
1043 1024
1044 1025
1045 1026
1046 1027
1047 1028
1048 1029
1049 1030
1050 1031
1051 1032
1052 1033
1053 1034
1054 1035
1055 1036
1056 1037
1057 1038
1058 1039
1059 1040
1060 1041
1061 1042
1062 1043
1063 1044
1064 1045
1065 1046
1066 1047
1067 1048
1068 1049
1069 1050
1070 1051
1071 1052
1072 1053
1073 1055
1074 1054
1075 1057
1076 1056
1077 1058
1078 1059
1079 1060
1080 1061
1081 2500
1082 1062
1083 1063
1084 1064
1085 1065
1086 1066
1087 1067
1088 1068
1089 1069
1090 1070
1091 1071
1092 1072
1093 1073
1094 1074
1095 1075
1096 1076
1097 1077
1098 1078
1099 1079
1100 1080
1101 1081
1102 1082
1103 1083
1104 1084
1105 1085
1106 1086
1107 1087
1108 1088
1109 1089
1110 1090
1111 1091
1112 1093
1113 1092
1114 1094
1115 1095
1116 1096
1117 1097
1118 1098
1119 1099
1120 1100
1121 1101
1122 1102
1123 1103
1124 1104
1125 1105
1126 1107
1127 1106
1128 1108
1129 1109
1130 1110
1131 1111
1132 1112
1133 1113
1134 1114
1135 1205
1136 1115
1137 1116
1138 1117
1139 1118
1140 1119
1141 1120
1142 1121
1143 1122
1144 1124
1145 1123
1146 1125
1147 1126
1148 1127
1149 1128
1150 1129
1151 1130
1152 1131
1153 1132
1154 1133
1155 1134
1156 1167
1157 1136
1158 1135
1159 1137
1160 1138
1161 1139
1162 1140
1163 1141
1164 1142
1165 1143
1166 1144
1167 1145
1168 1146
1169 1147
1170 1148
1171 1149
1172 1150
1173 1151
1174 1152
1175 1153
1176 1154
1177 1155
1178 1156
1179 1157
1180 1158
1181 1159
1182 1160
1183 1161
1184 1162
1185 1163
1186 1164
1187 1165
1188 1166
1189 1608
1190 1224
1191 1168
1192 1169
1193 1170
1194 1171
1195 1172
1196 1173
1197 1175
1198 1174
1199 1176
1200 1177
1201 1178
1202 1179
1203 1180
1204 1181
1205 1182
1206 1183
1207 1184
1208 1185
1209 1186
1210 1187
1211 1188
1212 1190
1213 1189
1214 1192
1215 1191
1216 1193
1217 1194
1218 1195
1219 1196
1220 1198
1221 1197
1222 1199
1223 1200
1224 1202
1225 1201
1226 1203
1227 1204
1228 1206
1229 1207
1230 1208
1231 1209
1232 1210
1233 1211
1234 1212
1235 1214
1236 1213
1237 1215
1238 1216
1239 1217
1240 1218
1241 1219
1242 1220
1243 1221
1244 1222
1245 1223
1246 1225
1247 1226
1248 1227
1249 1228
1250 1229
1251 1230
1252 1231
1253 1232
1254 1233
1255 1234
1256 1235
1257 1236
1258 1237
1259 1238
1260 1239
1261 1240
1262 1241
1263 1242
1264 1243
1265 1244
1266 1245
1267 1246
1268 1247
1269 1248
1270 1249
1271 1250
1272 1251
1273 1255
1274 1256
1275 1257
1276 1258
1277 1260
1278 1259
1279 1261
1280 1262
1281 1263
1282 1264
1283 1265
1284 1266
1285 1267
1286 1268
1287 1269
1288 1270
1289 1271
1290 1272
1291 1273
1292 1274
1293 1275
1294 1276
1295 1277
1296 1278
1297 1279
1298 1281
1299 1280
1300 1282
1301 1283
1302 1284
1303 1285
1304 1286
1305 1287
1306 1289
1307 1288
1308 1290
1309 1291
1310 1292
1311 1293
1312 1294
1313 1295
1314 1296
1315 1297
1316 1298
1317 1299
1318 1300
1319 1301
1320 1302
1321 1303
1322 1304
1323 1305
1324 1306
1325 1307
1326 1308
1327 1309
1328 1310
1329 1311
1330 1312
1331 1313
1332 1314
1333 1315
1334 1316
1335 1317
1336 1318
1337 1319
1338 1320
1339 1321
1340 1322
1341 1323
1342 1324
1343 1325
1344 1326
1345 1328
1346 1327
1347 1329
1348 1330
1349 1331
1350 1332
1351 1333
1352 1334
1353 1335
1354 1336
1355 1337
1356 1338
1357 1339
1358 1340
1359 1341
1360 1342
1361 1343
1362 1344
1363 1345
1364 1346
1365 1347
1366 1348
1367 1349
1368 1350
1369 1351
1370 1352
1371 1353
1372 1354
1373 1355
1374 1356
1375 1357
1376 1358
1377 1359
1378 1360
1379 1361
1380 1362
1381 1363
1382 1364
1383 1365
1384 1366
1385 1367
1386 1368
1387 1369
1388 1370
1389 1371
1390 1372
1391 1373
1392 1374
1393 1375
1394 1376
1395 1377
1396 1378
1397 1379
1398 1380
1399 1381
1400 1383
1401 1382
1402 1385
1403 1384
1404 1386
1405 1387
1406 1389
1407 1388
1408 1390
1409 1391
1410 1392
1411 1393
1412 1394
1413 1395
1414 1396
1415 1397
1416 1398
1417 1399
1418 1400
1419 1401
1420 1402
1421 1403
1422 1404
1423 1405
1424 1406
1425 1407
1426 1408
1427 1409
1428 1410
1429 1411
1430 1412
1431 1413
1432 1414
1433 1415
1434 1416
1435 1417
1436 1418
1437 1420
1438 1419
1439 1421
1440 1422
1441 1423
1442 1424
1443 1425
1444 1426
1445 1427
1446 1428
1447 1429
1448 1430
1449 1431
1450 1432
1451 1433
1452 1434
1453 1435
1454 1436
1455 1437
1456 1438
1457 1439
1458 1440
1459 1441
1460 1442
1461 1443
1462 1444
1463 1445
1464 1446
1465 1447
1466 1448
1467 1449
1468 1450
1469 1451
1470 1452
1471 1453
1472 1454
1473 1455
1474 1456
1475 1457
1476 1458
1477 1459
1478 1460
1479 1461
1480 1462
1481 1463
1482 1464
1483 1465
1484 1466
1485 1467
1486 1469
1487 1468
1488 1470
1489 1471
1490 1472
1491 1473
1492 1474
1493 1475
1494 1476
1495 1477
1496 1478
1497 1480
1498 1479
1499 1481
1500 1482
1501 1483
1502 1484
1503 1485
1504 1486
1505 1487
1506 1488
1507 1489
1508 1490
1509 1491
1510 1492
1511 1493
1512 1494
1513 1495
1514 1496
1515 1497
1516 1498
1517 1499
1518 1500
1519 1501
1520 1502
1521 1503
1522 1504
1523 1505
1524 1506
1525 1507
1526 1508
1527 1509
1528 4830
1529 1510
1530 1511
1531 1512
1532 1513
1533 1514
1534 1515
1535 1516
1536 1517
1537 1518
1538 1519
1539 1520
1540 1521
1541 1522
1542 1523
1543 1524
1544 1525
1545 1526
1546 1527
1547 1528
1548 1529
1549 1530
1550 1531
1551 1532
1552 1533
1553 1534
1554 1535
1555 1536
1556 1538
1557 1537
1558 1539
1559 1540
1560 1541
1561 1542
1562 1543
1563 1544
1564 1545
1565 1546
1566 1547
1567 1548
1568 1549
1569 1550
1570 1551
1571 1552
1572 1553
1573 1554
1574 1555
1575 1557
1576 1556
1577 1558
1578 1559
1579 1560
1580 1561
1581 1562
1582 1563
1583 1564
1584 1565
1585 1566
1586 1567
1587 1568
1588 1569
1589 1570
1590 1571
1591 1572
1592 1573
1593 1574
1594 1575
1595 1576
1596 1577
1597 1578
1598 1579
1599 1580
1600 1581
1601 1582
1602 1583
1603 1584
1604 1585
1605 1586
1606 1587
1607 1588
1608 1589
1609 1590
1610 1591
1611 1592
1612 1593
1613 1594
1614 1595
1615 1596
1616 1597
1617 1598
1618 1599
1619 1600
1620 1601
1621 1602
1622 1603
1623 1604
1624 1605
1625 1606
1626 1607
1627 1609
1628 1610
1629 1611
1630 1613
1631 1612
1632 1614
1633 1615
1634 1616
1635 1617
1636 1618
1637 1619
1638 1621
1639 1620
1640 1622
1641 1623
1642 1624
1643 1625
1644 1626
1645 1627
1646 1628
1647 1629
1648 1630
1649 1631
1650 1632
1651 1633
1652 1634
1653 1635
1654 1636
1655 1637
1656 1638
1657 1639
1658 1640
1659 1641
1660 1642
1661 1643
1662 1644
1663 1645
1664 1646
1665 1648
1666 1647
1667 1649
1668 1650
1669 1651
1670 1652
1671 1653
1672 1654
1673 1655
1674 1656
1675 1657
1676 1658
1677 1659
1678 1660
1679 1661
1680 1662
1681 1663
1682 1664
1683 1665
1684 1666
1685 1667
1686 1668
1687 1669
1688 1670
1689 1671
1690 1672
1691 1673
1692 1674
1693 1675
1694 1676
1695 1677
1696 1678
1697 1679
1698 1680
1699 1681
1700 1682
1701 1683
1702 1684
1703 1685
1704 1686
1705 1687
1706 1688
1707 1689
1708 1690
1709 1691
1710 1692
1711 1693
1712 1694
1713 1695
1714 1696
1715 1697
1716 1698
1717 1699
1718 1700
1719 1701
1720 1702
1721 1703
1722 1705
1723 1704
1724 1706
1725 1707
1726 1708
1727 1709
1728 1710
1729 1711
1730 1712
1731 1713
1732 1715
1733 1714
1734 1716
1735 1717
1736 1718
1737 1719
1738 1720
1739 1721
1740 1722
1741 1723
1742 1726
1743 1728
1744 1727
1745 1729
1746 1730
1747 1731
1748 1732
1749 1733
1750 1734
1751 1735
1752 1736
1753 1737
1754 1738
1755 1739
1756 1740
1757 1741
1758 1742
1759 1743
1760 1744
1761 1745
1762 1746
1763 1747
1764 1748
1765 1749
1766 1750
1767 1751
1768 1752
1769 1754
1770 1755
1771 1753
1772 1756
1773 1757
1774 1758
1775 1759
1776 1760
1777 1761
1778 1762
1779 1763
1780 1764
1781 1765
1782 1766
1783 1767
1784 1768
1785 1770
1786 1773
1787 1772
1788 1771
1789 1769
1790 3383
1791 2129
1792 2060
1793 2051
1794 1907
1795 1774
1796 1775
1797 1776
1798 1777
1799 1778
1800 1779
1801 1780
1802 1784
1803 1785
1804 1786
1805 1787
1806 1788
1807 1789
1808 1790
1809 1791
1810 1792
1811 1793
1812 1794
1813 1795
1814 1796
1815 1797
1816 1798
1817 1799
1818 1800
1819 1801
1820 1802
1821 1803
1822 1804
1823 1807
1824 1806
1825 1805
1826 1808
1827 1809
1828 1810
1829 1811
1830 1812
1831 1813
1832 1815
1833 1814
1834 1816
1835 1817
1836 1818
1837 1819
1838 1820
1839 1821
1840 1822
1841 1823
1842 1824
1843 1825
1844 1826
1845 1827
1846 1828
1847 1829
1848 1830
1849 1831
1850 1832
1851 1834
1852 1833
1853 1835
1854 1836
1855 1837
1856 1838
1857 1839
1858 1840
1859 1841
1860 1842
1861 1843
1862 1844
1863 1845
1864 1846
1865 1847
1866 1848
1867 1849
1868 1850
1869 1851
1870 1852
1871 1853
1872 1854
1873 1855
1874 1856
1875 1857
1876 1858
1877 1859
1878 1860
1879 1861
1880 1862
1881 1863
1882 1864
1883 1865
1884 1866
1885 1867
1886 1868
1887 1869
1888 1870
1889 1871
1890 1872
1891 1873
1892 1874
1893 1875
1894 1876
1895 1877
1896 1878
1897 1879
1898 1880
1899 1881
1900 1882
1901 1883
1902 1884
1903 1885
1904 1886
1905 1887
1906 1888
1907 1889
1908 1890
1909 1891
1910 1892
1911 1893
1912 1894
1913 1895
1914 1896
1915 1897
1916 1898
1917 5301
1918 1899
1919 1900
1920 1901
1921 1902
1922 1903
1923 1904
1924 1905
1925 1906
1926 1908
1927 1909
1928 1910
1929 1911
1930 1912
1931 1913
1932 1914
1933 1915
1934 1916
1935 1917
1936 1918
1937 1919
1938 1920
1939 1921
1940 1922
1941 1923
1942 1924
1943 1925
1944 1926
1945 1927
1946 1928
1947 1929
1948 1930
1949 1931
1950 1932
1951 1933
1952 1934
1953 1935
1954 1936
1955 1937
1956 1938
1957 1939
1958 1940
1959 1941
1960 1942
1961 1943
1962 1944
1963 1945
1964 1946
1965 1948
1966 1947
1967 1949
1968 1950
1969 1951
1970 1953
1971 1952
1972 1954
1973 1955
1974 1956
1975 1957
1976 1958
1977 1959
1978 1960
1979 1961
1980 1962
1981 1963
1982 1964
1983 1965
1984 1966
1985 1967
1986 1968
1987 1969
1988 1970
1989 1971
1990 1972
1991 1973
1992 1974
1993 1975
1994 1976
1995 1977
1996 1978
1997 1979
1998 1980
1999 1981
2000 1982
2001 1983
2002 1984
2003 1985
2004 1986
2005 1987
2006 1988
2007 1989
2008 1990
2009 1991
2010 1992
2011 1993
2012 1994
2013 1995
2014 1996
2015 1997
2016 1998
2017 1999
2018 2000
2019 2001
2020 2002
2021 2003
2022 2004
2023 2005
2024 2006
2025 2007
2026 2008
2027 2009
2028 2010
2029 2011
2030 2012
2031 2013
2032 2014
2033 2015
2034 2016
2035 2017
2036 2018
2037 2019
2038 2020
2039 2021
2040 2022
2041 2023
2042 2024
2043 2025
2044 2026
2045 2027
2046 2028
2047 2029
2048 2030
2049 2031
2050 2032
2051 2033
2052 2034
2053 2035
2054 2036
2055 2037
2056 2038
2057 2039
2058 2040
2059 2041
2060 2043
2061 2044
2062 2045
2063 2046
2064 2047
2065 2048
2066 2049
2067 2050
2068 2052
2069 2053
2070 2054
2071 2055
2072 2056
2073 2057
2074 2058
2075 2059
2076 2061
2077 2062
2078 2063
2079 2064
2080 2065
2081 2066
2082 2067
2083 2068
2084 2069
2085 2070
2086 2071
2087 2072
2088 2073
2089 2074
2090 2075
2091 2076
2092 2077
2093 2078
2094 2079
2095 2080
2096 2081
2097 2082
2098 2083
2099 2084
2100 2085
2101 2086
2102 2087
2103 2088
2104 2089
2105 2090
2106 2091
2107 2092
2108 2093
2109 2094
2110 2095
2111 2096
2112 2097
2113 2098
2114 2099
2115 2100
2116 2101
2117 2102
2118 2103
2119 2104
2120 2105
2121 2106
2122 2107
2123 2108
2124 2109
2125 2110
2126 2111
2127 2112
2128 2113
2129 2114
2130 2116
2131 2115
2132 2117
2133 2118
2134 2119
2135 2120
2136 2121
2137 2122
2138 2123
2139 2124
2140 2125
2141 2126
2142 2127
2143 2128
2144 2130
2145 2131
2146 2132
2147 2133
2148 2134
2149 2135
2150 2136
2151 2137
2152 2138
2153 2140
2154 2139
2155 2141
2156 2142
2157 2143
2158 2144
2159 2145
2160 2146
2161 2147
2162 2148
2163 2149
2164 2150
2165 2151
2166 2152
2167 2153
2168 2154
2169 2156
2170 2157
2171 2158
2172 2160
2173 2159
2174 2161
2175 2162
2176 2163
2177 2164
2178 2165
2179 2166
2180 2167
2181 2168
2182 2169
2183 2170
2184 2171
2185 2172
2186 2173
2187 2174
2188 2175
2189 2176
2190 2177
2191 2178
2192 2179
2193 2180
2194 2181
2195 2182
2196 2183
2197 2184
2198 2185
2199 2186
2200 2187
2201 2189
2202 2190
2203 2191
2204 2192
2205 2193
2206 2194
2207 2195
2208 2196
2209 2197
2210 2198
2211 2199
2212 2200
2213 2201
2214 2202
2215 2203
2216 2204
2217 2205
2218 2206
2219 2207
2220 2208
2221 2209
2222 2210
2223 2212
2224 2211
2225 2213
2226 2214
2227 2215
2228 2216
2229 2217
2230 2218
2231 2219
2232 2220
2233 2221
2234 2222
2235 2223
2236 2224
2237 2225
2238 2226
2239 2227
2240 2229
2241 2228
2242 2230
2243 2231
2244 2232
2245 2233
2246 2234
2247 2235
2248 2236
2249 2237
2250 2238
2251 2239
2252 2241
2253 2240
2254 2242
2255 2243
2256 2244
2257 2245
2258 2246
2259 2247
2260 2248
2261 2249
2262 2250
2263 2251
2264 2252
2265 2253
2266 2254
2267 2255
2268 2256
2269 2257
2270 2258
2271 2259
2272 2260
2273 2261
2274 2262
2275 2263
2276 2264
2277 2265
2278 2266
2279 2267
2280 2268
2281 2269
2282 2270
2283 2271
2284 2273
2285 2272
2286 2274
2287 2275
2288 2276
2289 2277
2290 2278
2291 2279
2292 2280
2293 2281
2294 2283
2295 2282
2296 2284
2297 2285
2298 2286
2299 2287
2300 2288
2301 2289
2302 2290
2303 2291
2304 2292
2305 2293
2306 2294
2307 2295
2308 2296
2309 2297
2310 2298
2311 2299
2312 2300
2313 2301
2314 2302
2315 2303
2316 2304
2317 2305
2318 2306
2319 2307
2320 2308
2321 2309
2322 2310
2323 2311
2324 2312
2325 2313
2326 2314
2327 2315
2328 2316
2329 2317
2330 2318
2331 2319
2332 2320
2333 2321
2334 2322
2335 2323
2336 2325
2337 2326
2338 2324
2339 2327
2340 2328
2341 2329
2342 2330
2343 2331
2344 2332
2345 2333
2346 2334
2347 2335
2348 2336
2349 2337
2350 2338
2351 2339
2352 2340
2353 2341
2354 2342
2355 2343
2356 2344
2357 2345
2358 2346
2359 2347
2360 2348
2361 2349
2362 2350
2363 2351
2364 2352
2365 2353
2366 2354
2367 2355
2368 2356
2369 2357
2370 2358
2371 2359
2372 2360
2373 2361
2374 2362
2375 2363
2376 2364
2377 2365
2378 2366
2379 2367
2380 2368
2381 2369
2382 2370
2383 2372
2384 2373
2385 2371
2386 2374
2387 2375
2388 2376
2389 2377
2390 2378
2391 2379
2392 2380
2393 2381
2394 2382
2395 2383
2396 2384
2397 2385
2398 2386
2399 2387
2400 2388
2401 2389
2402 2390
2403 2391
2404 2392
2405 2393
2406 2394
2407 2395
2408 2397
2409 2396
2410 2398
2411 2399
2412 2400
2413 2401
2414 2402
2415 2403
2416 2404
2417 2405
2418 2406
2419 2407
2420 2408
2421 2409
2422 2410
2423 2411
2424 2412
2425 2413
2426 2414
2427 2415
2428 2416
2429 2417
2430 2418
2431 2419
2432 2420
2433 2421
2434 2422
2435 2423
2436 2424
2437 2425
2438 2426
2439 2427
2440 2428
2441 2429
2442 2430
2443 2431
2444 2432
2445 2433
2446 2434
2447 2435
2448 2436
2449 2437
2450 2438
2451 2439
2452 2440
2453 2441
2454 2442
2455 2443
2456 2444
2457 2445
2458 2446
2459 2447
2460 2448
2461 2449
2462 2450
2463 2451
2464 2452
2465 2453
2466 2454
2467 2455
2468 2456
2469 2457
2470 2458
2471 2459
2472 2460
2473 2461
2474 2462
2475 2463
2476 2464
2477 2465
2478 2467
2479 2466
2480 2468
2481 2469
2482 2470
2483 2472
2484 2471
2485 2473
2486 2474
2487 2475
2488 2476
2489 2477
2490 2478
2491 2479
2492 2480
2493 2481
2494 2482
2495 2483
2496 2484
2497 2485
2498 2486
2499 2487
2500 2488
2501 2489
2502 2490
2503 2491
2504 2492
2505 2493
2506 2494
2507 2495
2508 2496
2509 2497
2510 2499
2511 2498
2512 2501
2513 2502
2514 2503
2515 2504
2516 2505
2517 2506
2518 2507
2519 2508
2520 2509
2521 2510
2522 2511
2523 2512
2524 2513
2525 2514
2526 2515
2527 2516
2528 2517
2529 2518
2530 2519
2531 2520
2532 2521
2533 2522
2534 2524
2535 2523
2536 2525
2537 2526
2538 2527
2539 2528
2540 2529
2541 2530
2542 2531
2543 2532
2544 2533
2545 2534
2546 2535
2547 2536
2548 2537
2549 2538
2550 2539
2551 2540
2552 2541
2553 2542
2554 2543
2555 2544
2556 2545
2557 2546
2558 2547
2559 2548
2560 2549
2561 2550
2562 2551
2563 2552
2564 2553
2565 2555
2566 2556
2567 2554
2568 2557
2569 2558
2570 2559
2571 2560
2572 2561
2573 2562
2574 2563
2575 2564
2576 2565
2577 2566
2578 2567
2579 2568
2580 2570
2581 2569
2582 2571
2583 2572
2584 2573
2585 2574
2586 2575
2587 2576
2588 2577
2589 2578
2590 2579
2591 2580
2592 2581
2593 2582
2594 2583
2595 2584
2596 2585
2597 2586
2598 2587
2599 2588
2600 2589
2601 2590
2602 2591
2603 2592
2604 2593
2605 2594
2606 2595
2607 2596
2608 2597
2609 2598
2610 2599
2611 2600
2612 2601
2613 2602
2614 2603
2615 2604
2616 2605
2617 2606
2618 2607
2619 2608
2620 2609
2621 2610
2622 2611
2623 2612
2624 2613
2625 2614
2626 2615
2627 2616
2628 2617
2629 2618
2630 2619
2631 2620
2632 2621
2633 2622
2634 2623
2635 2624
2636 2625
2637 2626
2638 2627
2639 2628
2640 2629
2641 2630
2642 2631
2643 2633
2644 2632
2645 2634
2646 2635
2647 2636
2648 2637
2649 2638
2650 2639
2651 2640
2652 2641
2653 2642
2654 2643
2655 2644
2656 2645
2657 2646
2658 2647
2659 2648
2660 2649
2661 2650
2662 2651
2663 2652
2664 2653
2665 3007
2666 2887
2667 2654
2668 2655
2669 2656
2670 2657
2671 2658
2672 2659
2673 2660
2674 2661
2675 2662
2676 2663
2677 2664
2678 2665
2679 2667
2680 2666
2681 2668
2682 2669
2683 2670
2684 2671
2685 2672
2686 2673
2687 2674
2688 2675
2689 2677
2690 2676
2691 2678
2692 2679
2693 2680
2694 2681
2695 2682
2696 2683
2697 2684
2698 2685
2699 2686
2700 2687
2701 2688
2702 2689
2703 2690
2704 2691
2705 2692
2706 2693
2707 2694
2708 2696
2709 2695
2710 2697
2711 2698
2712 2699
2713 2700
2714 2701
2715 2702
2716 2703
2717 2704
2718 3629
2719 2705
2720 2707
2721 2706
2722 2708
2723 2709
2724 2710
2725 2711
2726 2712
2727 2713
2728 2714
2729 2715
2730 2716
2731 2717
2732 2718
2733 2719
2734 2720
2735 2721
2736 2722
2737 2723
2738 2724
2739 2725
2740 2726
2741 2727
2742 2728
2743 2729
2744 2730
2745 2731
2746 2732
2747 2733
2748 2734
2749 2735
2750 2736
2751 2737
2752 2738
2753 2739
2754 2740
2755 2747
2756 2746
2757 2745
2758 2744
2759 2743
2760 2742
2761 2741
2762 2748
2763 2749
2764 2750
2765 2751
2766 2752
2767 2753
2768 2754
2769 2755
2770 2756
2771 2757
2772 2758
2773 2759
2774 2760
2775 2761
2776 2762
2777 2763
2778 2764
2779 2765
2780 2767
2781 2766
2782 2768
2783 2769
2784 2770
2785 2771
2786 2772
2787 2773
2788 2774
2789 2775
2790 2776
2791 2778
2792 2780
2793 2779
2794 2777
2795 2781
2796 2782
2797 2783
2798 2784
2799 2785
2800 2786
2801 2787
2802 2788
2803 2789
2804 2791
2805 2790
2806 2792
2807 2793
2808 2794
2809 2795
2810 2796
2811 2797
2812 2798
2813 2799
2814 2800
2815 2801
2816 2802
2817 2803
2818 2804
2819 2805
2820 2806
2821 2807
2822 2808
2823 2809
2824 2810
2825 2811
2826 2812
2827 2813
2828 2814
2829 2815
2830 2816
2831 2817
2832 2818
2833 2819
2834 2820
2835 2821
2836 2822
2837 2823
2838 2824
2839 2825
2840 2826
2841 2827
2842 2828
2843 2829
2844 2830
2845 2831
2846 2832
2847 2833
2848 2834
2849 2835
2850 2836
2851 2837
2852 2838
2853 2840
2854 2839
2855 2841
2856 2842
2857 2843
2858 2844
2859 2845
2860 2846
2861 2847
2862 2848
2863 2849
2864 2850
2865 2851
2866 2852
2867 2853
2868 2854
2869 2855
2870 2856
2871 2857
2872 2858
2873 2859
2874 2860
2875 2861
2876 2862
2877 2863
2878 2864
2879 2865
2880 2866
2881 2867
2882 2868
2883 2869
2884 2870
2885 2871
2886 2872
2887 2873
2888 2874
2889 2875
2890 2876
2891 2877
2892 2878
2893 2879
2894 2880
2895 2881
2896 2882
2897 2883
2898 2884
2899 2885
2900 2886
2901 2888
2902 2889
2903 2890
2904 2891
2905 2892
2906 2893
2907 2894
2908 2895
2909 2896
2910 2897
2911 2898
2912 2899
2913 2900
2914 2901
2915 2902
2916 2903
2917 2904
2918 2905
2919 2906
2920 2907
2921 2908
2922 2909
2923 2910
2924 2912
2925 2913
2926 2911
2927 2914
2928 2915
2929 2916
2930 2917
2931 2918
2932 2919
2933 2920
2934 2921
2935 2922
2936 2923
2937 2924
2938 2925
2939 2926
2940 2927
2941 2928
2942 2929
2943 2930
2944 2931
2945 2932
2946 2933
2947 2934
2948 2935
2949 2936
2950 2937
2951 2938
2952 2939
2953 2940
2954 2941
2955 2942
2956 2943
2957 2944
2958 2946
2959 2945
2960 2947
2961 2948
2962 2949
2963 2950
2964 2951
2965 2952
2966 2953
2967 2954
2968 2955
2969 2956
2970 2957
2971 2958
2972 2959
2973 2960
2974 2961
2975 2962
2976 2963
2977 2964
2978 2965
2979 2966
2980 2967
2981 2968
2982 2969
2983 2970
2984 2971
2985 2972
2986 2973
2987 2974
2988 2975
2989 2976
2990 2977
2991 2978
2992 2979
2993 2980
2994 2981
2995 2982
2996 2983
2997 2984
2998 2985
2999 2986
3000 2987
3001 2988
3002 2989
3003 2990
3004 2991
3005 2992
3006 2993
3007 2994
3008 2995
3009 2996
3010 2997
3011 2998
3012 2999
3013 3000
3014 3001
3015 3002
3016 3003
3017 3004
3018 3005
3019 3006
3020 3008
3021 3009
3022 3010
3023 3011
3024 3012
3025 3013
3026 3014
3027 3015
3028 3016
3029 3017
3030 3018
3031 3019
3032 3020
3033 3021
3034 3022
3035 3023
3036 3024
3037 3025
3038 3026
3039 3027
3040 3028
3041 3029
3042 3030
3043 3031
3044 3032
3045 3033
3046 3034
3047 3035
3048 3036
3049 3037
3050 3038
3051 3039
3052 3040
3053 3041
3054 3042
3055 3043
3056 3044
3057 3045
3058 3046
3059 3047
3060 3048
3061 3049
3062 3050
3063 3051
3064 3052
3065 3053
3066 3054
3067 3055
3068 3056
3069 3057
3070 3058
3071 3059
3072 3060
3073 3061
3074 3062
3075 3063
3076 3064
3077 3066
3078 3065
3079 3067
3080 3068
3081 3069
3082 3071
3083 3070
3084 3072
3085 3073
3086 3074
3087 3075
3088 3076
3089 3077
3090 3078
3091 3079
3092 3080
3093 3081
3094 3082
3095 3083
3096 3084
3097 3085
3098 3086
3099 3087
3100 3088
3101 3089
3102 3090
3103 3091
3104 3092
3105 3093
3106 3095
3107 3094
3108 3096
3109 3097
3110 3098
3111 3099
3112 3100
3113 3101
3114 3102
3115 3103
3116 3104
3117 3105
3118 3106
3119 3107
3120 3108
3121 3109
3122 3110
3123 3111
3124 3112
3125 3113
3126 3114
3127 3115
3128 3116
3129 3117
3130 3118
3131 3119
3132 3120
3133 3121
3134 3122
3135 3123
3136 3124
3137 3125
3138 3126
3139 3127
3140 3128
3141 3129
3142 3130
3143 3131
3144 3132
3145 3133
3146 3134
3147 3135
3148 3136
3149 3137
3150 3139
3151 3140
3152 3138
3153 3141
3154 3142
3155 3143
3156 3144
3157 3145
3158 3146
3159 3147
3160 3148
3161 3149
3162 3150
3163 3151
3164 3152
3165 3153
3166 3154
3167 3155
3168 3156
3169 3157
3170 3158
3171 3159
3172 3160
3173 3161
3174 3162
3175 3163
3176 3164
3177 3165
3178 3166
3179 3167
3180 3168
3181 3169
3182 3171
3183 3170
3184 3172
3185 3173
3186 3174
3187 3175
3188 3176
3189 3177
3190 3178
3191 3179
3192 3180
3193 3181
3194 3182
3195 3183
3196 3184
3197 3185
3198 3186
3199 3187
3200 3188
3201 3189
3202 3190
3203 3191
3204 3192
3205 3193
3206 3194
3207 3195
3208 3196
3209 3197
3210 3198
3211 3199
3212 3200
3213 3201
3214 3202
3215 3203
3216 3204
3217 3205
3218 3206
3219 3207
3220 3210
3221 3209
3222 3208
3223 3211
3224 3212
3225 3213
3226 3214
3227 3215
3228 3216
3229 3217
3230 3218
3231 3219
3232 3220
3233 3221
3234 3222
3235 3223
3236 3224
3237 3225
3238 3226
3239 3227
3240 3229
3241 3228
3242 3230
3243 3231
3244 3232
3245 3233
3246 3234
3247 3235
3248 3236
3249 3237
3250 3238
3251 3239
3252 3240
3253 3241
3254 3243
3255 3244
3256 3242
3257 3245
3258 3246
3259 3247
3260 3248
3261 3249
3262 3250
3263 3251
3264 3252
3265 3253
3266 3254
3267 3255
3268 3257
3269 3256
3270 3258
3271 3259
3272 3260
3273 3261
3274 3262
3275 3263
3276 3264
3277 3265
3278 3266
3279 3268
3280 3269
3281 3267
3282 3270
3283 3271
3284 3272
3285 3273
3286 3274
3287 3275
3288 3276
3289 3277
3290 3278
3291 3279
3292 3280
3293 3281
3294 3282
3295 3283
3296 3284
3297 3285
3298 3286
3299 3287
3300 3288
3301 3289
3302 3290
3303 3291
3304 3292
3305 3293
3306 3294
3307 3295
3308 3296
3309 3297
3310 3299
3311 3300
3312 3298
3313 3301
3314 3302
3315 3304
3316 3303
3317 3305
3318 3306
3319 3307
3320 3308
3321 3309
3322 3310
3323 3311
3324 3312
3325 3313
3326 3314
3327 3315
3328 3316
3329 3317
3330 3318
3331 3319
3332 3320
3333 3321
3334 3322
3335 3323
3336 3324
3337 3325
3338 3326
3339 3327
3340 3328
3341 3329
3342 3330
3343 3331
3344 3332
3345 3333
3346 3334
3347 3335
3348 3336
3349 3337
3350 3338
3351 3339
3352 3340
3353 3341
3354 3342
3355 3343
3356 3344
3357 3345
3358 3346
3359 3347
3360 3348
3361 3349
3362 3350
3363 3351
3364 3352
3365 3353
3366 3354
3367 3418
3368 3355
3369 3356
3370 3357
3371 3358
3372 3359
3373 3360
3374 3361
3375 3362
3376 3363
3377 3364
3378 3365
3379 3366
3380 3367
3381 3368
3382 3369
3383 3370
3384 3371
3385 3372
3386 3373
3387 3374
3388 3376
3389 3375
3390 3377
3391 3378
3392 3379
3393 3380
3394 3381
3395 3382
3396 3385
3397 3384
3398 3386
3399 3388
3400 3387
3401 3390
3402 3389
3403 3391
3404 3392
3405 3393
3406 3394
3407 3395
3408 3396
3409 3397
3410 3398
3411 3399
3412 3400
3413 3401
3414 3402
3415 3404
3416 3405
3417 3403
3418 3406
3419 3407
3420 3408
3421 3409
3422 3410
3423 3411
3424 3412
3425 3413
3426 3414
3427 3415
3428 3416
3429 3417
3430 3419
3431 3420
3432 3421
3433 3423
3434 3422
3435 3424
3436 3425
3437 3426
3438 3427
3439 3428
3440 3429
3441 3430
3442 3431
3443 3432
3444 3433
3445 3434
3446 3435
3447 3436
3448 3437
3449 3438
3450 3439
3451 3440
3452 3441
3453 3443
3454 3442
3455 3444
3456 3445
3457 3446
3458 3447
3459 3448
3460 3450
3461 3449
3462 3451
3463 3452
3464 3453
3465 3455
3466 3456
3467 3454
3468 3457
3469 3458
3470 3459
3471 3460
3472 3461
3473 3462
3474 3463
3475 3464
3476 3465
3477 3466
3478 3467
3479 3468
3480 3469
3481 3470
3482 3471
3483 3472
3484 3473
3485 3474
3486 3475
3487 3476
3488 3477
3489 3478
3490 3479
3491 3480
3492 3481
3493 3482
3494 3483
3495 3484
3496 3485
3497 3486
3498 3487
3499 3488
3500 3489
3501 3490
3502 3491
3503 3492
3504 3493
3505 3494
3506 3495
3507 3496
3508 3497
3509 3498
3510 3499
3511 3500
3512 3501
3513 3502
3514 3503
3515 3504
3516 3505
3517 3506
3518 3507
3519 3508
3520 3509
3521 3510
3522 3512
3523 3511
3524 3513
3525 3514
3526 3515
3527 3516
3528 3517
3529 3518
3530 3519
3531 3520
3532 3523
3533 3522
3534 3521
3535 3657
3536 3656
3537 3655
3538 3524
3539 3525
3540 3526
3541 3527
3542 3528
3543 3529
3544 3530
3545 3531
3546 3532
3547 3533
3548 3534
3549 3535
3550 3536
3551 3538
3552 3537
3553 3539
3554 3540
3555 3541
3556 3542
3557 3543
3558 3544
3559 3545
3560 3546
3561 3547
3562 3548
3563 3549
3564 3550
3565 3551
3566 3552
3567 3553
3568 3554
3569 3555
3570 3556
3571 3558
3572 3557
3573 3559
3574 3560
3575 3561
3576 3562
3577 3563
3578 3564
3579 3565
3580 3566
3581 3567
3582 3568
3583 3569
3584 3570
3585 3571
3586 3572
3587 3573
3588 3574
3589 3575
3590 3576
3591 3577
3592 3578
3593 3579
3594 3583
3595 3582
3596 3581
3597 3580
3598 5042
3599 3584
3600 3585
3601 3586
3602 3587
3603 3588
3604 3589
3605 3590
3606 3591
3607 3592
3608 3593
3609 3594
3610 3595
3611 3596
3612 3597
3613 3598
3614 3599
3615 3600
3616 3601
3617 3602
3618 3604
3619 3603
3620 3605
3621 3606
3622 3607
3623 3608
3624 3610
3625 3609
3626 3611
3627 3612
3628 3613
3629 3614
3630 3615
3631 3617
3632 3616
3633 3618
3634 3619
3635 3620
3636 3621
3637 3623
3638 3622
3639 3624
3640 3625
3641 3626
3642 3627
3643 3628
3644 3630
3645 3631
3646 3632
3647 3633
3648 3634
3649 3635
3650 3636
3651 3640
3652 3639
3653 3637
3654 3638
3655 3641
3656 3642
3657 3643
3658 3644
3659 3645
3660 3646
3661 3647
3662 3648
3663 3649
3664 3650
3665 3651
3666 3652
3667 3653
3668 3654
3669 3659
3670 3658
3671 3660
3672 3661
3673 3663
3674 3664
3675 3662
3676 3665
3677 3678
3678 3677
3679 3676
3680 3675
3681 3674
3682 3673
3683 3672
3684 3671
3685 3670
3686 3669
3687 3668
3688 3667
3689 3666
3690 3679
3691 3680
3692 3681
3693 3682
3694 3683
3695 3684
3696 3685
3697 3686
3698 3687
3699 3688
3700 3689
3701 3690
3702 3691
3703 3692
3704 3693
3705 3694
3706 3695
3707 3696
3708 3697
3709 3698
3710 3699
3711 3700
3712 3701
3713 3702
3714 3703
3715 3704
3716 3705
3717 3706
3718 3707
3719 3708
3720 3709
3721 3710
3722 3711
3723 3712
3724 3713
3725 3714
3726 3715
3727 3716
3728 3717
3729 3720
3730 3718
3731 3719
3732 3721
3733 3722
3734 3723
3735 3724
3736 3725
3737 3727
3738 3726
3739 3728
3740 3729
3741 3730
3742 3731
3743 3732
3744 3733
3745 3734
3746 3735
3747 3736
3748 3737
3749 3738
3750 3739
3751 3740
3752 3741
3753 3742
3754 3743
3755 3744
3756 3745
3757 3746
3758 3747
3759 3748
3760 3749
3761 3750
3762 3751
3763 3752
3764 3753
3765 3754
3766 3755
3767 3756
3768 3757
3769 3758
3770 3759
3771 3760
3772 3761
3773 3762
3774 3763
3775 3764
3776 3765
3777 3766
3778 3767
3779 3768
3780 3769
3781 3770
3782 3771
3783 3772
3784 3773
3785 3774
3786 3775
3787 3776
3788 3777
3789 3778
3790 3779
3791 3780
3792 3781
3793 3782
3794 3783
3795 3784
3796 3785
3797 3786
3798 3788
3799 3787
3800 3789
3801 3790
3802 3791
3803 3792
3804 3793
3805 3794
3806 3795
3807 3796
3808 3797
3809 3798
3810 3799
3811 3800
3812 3802
3813 3801
3814 3803
3815 3804
3816 3805
3817 3806
3818 3807
3819 3808
3820 3809
3821 3810
3822 3811
3823 3812
3824 3813
3825 3814
3826 3815
3827 3816
3828 3817
3829 3819
3830 3818
3831 3820
3832 3821
3833 3822
3834 3823
3835 3824
3836 3825
3837 3826
3838 3827
3839 3828
3840 3829
3841 3830
3842 3831
3843 3832
3844 3833
3845 3834
3846 3835
3847 3836
3848 3837
3849 3838
3850 3839
3851 3840
3852 3841
3853 3842
3854 3843
3855 3844
3856 3845
3857 3846
3858 3847
3859 3848
3860 3849
3861 3850
3862 3852
3863 3851
3864 3853
3865 3854
3866 3856
3867 3855
3868 3857
3869 3858
3870 3859
3871 3860
3872 3861
3873 3862
3874 3863
3875 3864
3876 3865
3877 3866
3878 3867
3879 3868
3880 3869
3881 3870
3882 3871
3883 3872
3884 3873
3885 3875
3886 3874
3887 3876
3888 3877
3889 3878
3890 3879
3891 3880
3892 3882
3893 3883
3894 3884
3895 3885
3896 3886
3897 3888
3898 3887
3899 3889
3900 3890
3901 3891
3902 3892
3903 3893
3904 3894
3905 3895
3906 3896
3907 3897
3908 3898
3909 3899
3910 3900
3911 3901
3912 3902
3913 3903
3914 3904
3915 3905
3916 3906
3917 3907
3918 3908
3919 3909
3920 3910
3921 3911
3922 3912
3923 3913
3924 3914
3925 3915
3926 3916
3927 3917
3928 3918
3929 3919
3930 3920
3931 3921
3932 3922
3933 3923
3934 3924
3935 3925
3936 3926
3937 3935
3938 3934
3939 3933
3940 3932
3941 3931
3942 3930
3943 3929
3944 3928
3945 3927
3946 3936
3947 3937
3948 3938
3949 3939
3950 3940
3951 3941
3952 3942
3953 3943
3954 3944
3955 3945
3956 3946
3957 3947
3958 3948
3959 3950
3960 3949
3961 3951
3962 3953
3963 3952
3964 3954
3965 3955
3966 3956
3967 3957
3968 3958
3969 3959
3970 3960
3971 3961
3972 3962
3973 3963
3974 3964
3975 3965
3976 3966
3977 3967
3978 3968
3979 3969
3980 3970
3981 3971
3982 3972
3983 3973
3984 3974
3985 3975
3986 3976
3987 3977
3988 3978
3989 3979
3990 3980
3991 3981
3992 3982
3993 3983
3994 3984
3995 3985
3996 3986
3997 3987
3998 3988
3999 3989
4000 3990
4001 3991
4002 3992
4003 3993
4004 3995
4005 3994
4006 3996
4007 3997
4008 3998
4009 3999
4010 4000
4011 4001
4012 4002
4013 4003
4014 4004
4015 4005
4016 4006
4017 4007
4018 4008
4019 4009
4020 4010
4021 4011
4022 4012
4023 4013
4024 4014
4025 4015
4026 4016
4027 4017
4028 4018
4029 4019
4030 4020
4031 4021
4032 4022
4033 4023
4034 4024
4035 4025
4036 4026
4037 4027
4038 4028
4039 4029
4040 4030
4041 4031
4042 4032
4043 4033
4044 4034
4045 4035
4046 4036
4047 4037
4048 4038
4049 4039
4050 4040
4051 4041
4052 4042
4053 4043
4054 4044
4055 4045
4056 4046
4057 4047
4058 4048
4059 4049
4060 4050
4061 4051
4062 4052
4063 4053
4064 4054
4065 4055
4066 4056
4067 4057
4068 4058
4069 4059
4070 4060
4071 4061
4072 4062
4073 4063
4074 4064
4075 4065
4076 4066
4077 4067
4078 4068
4079 4069
4080 4070
4081 4071
4082 4072
4083 4073
4084 4074
4085 4075
4086 4076
4087 4077
4088 4078
4089 4079
4090 4080
4091 4082
4092 4081
4093 4084
4094 4083
4095 4085
4096 4086
4097 4087
4098 4088
4099 4089
4100 4090
4101 4091
4102 4092
4103 4093
4104 4094
4105 4095
4106 4096
4107 4097
4108 4098
4109 4099
4110 4100
4111 4101
4112 4102
4113 4103
4114 4104
4115 4105
4116 4106
4117 4107
4118 4108
4119 4110
4120 4109
4121 4111
4122 4112
4123 4113
4124 4114
4125 4115
4126 4116
4127 4117
4128 4118
4129 4119
4130 4120
4131 4121
4132 4122
4133 4123
4134 4124
4135 4125
4136 4126
4137 4127
4138 4128
4139 4129
4140 4130
4141 4131
4142 4132
4143 4133
4144 4134
4145 4135
4146 4136
4147 4137
4148 4138
4149 4139
4150 4140
4151 4141
4152 4142
4153 4143
4154 4145
4155 4144
4156 4146
4157 4147
4158 4148
4159 4149
4160 4150
4161 4151
4162 4152
4163 4153
4164 4154
4165 4155
4166 4156
4167 4157
4168 4158
4169 4159
4170 4160
4171 4161
4172 4162
4173 4163
4174 4164
4175 4165
4176 4166
4177 4167
4178 4168
4179 4169
4180 4170
4181 4171
4182 4172
4183 4173
4184 4174
4185 4175
4186 4176
4187 4177
4188 4178
4189 4179
4190 4180
4191 4181
4192 4182
4193 4183
4194 4184
4195 4185
4196 4186
4197 4187
4198 4188
4199 4189
4200 4190
4201 4191
4202 4192
4203 4193
4204 4194
4205 4195
4206 4196
4207 4197
4208 4198
4209 4199
4210 4200
4211 4201
4212 4202
4213 4203
4214 4204
4215 4205
4216 4206
4217 4207
4218 4208
4219 4209
4220 4210
4221 4211
4222 4212
4223 4214
4224 4213
4225 4216
4226 4215
4227 4217
4228 4218
4229 4220
4230 4219
4231 4221
4232 4222
4233 4224
4234 4223
4235 4225
4236 4227
4237 4226
4238 4228
4239 4229
4240 4230
4241 4231
4242 4232
4243 4233
4244 4234
4245 4235
4246 4236
4247 4237
4248 4238
4249 4239
4250 4240
4251 4241
4252 4242
4253 4243
4254 4244
4255 4245
4256 4246
4257 4247
4258 4248
4259 4249
4260 4250
4261 4251
4262 4252
4263 4253
4264 4254
4265 4255
4266 4256
4267 4257
4268 4258
4269 4259
4270 4260
4271 4261
4272 4262
4273 4263
4274 4264
4275 4265
4276 4266
4277 4267
4278 4268
4279 4269
4280 4270
4281 4271
4282 4272
4283 4274
4284 4273
4285 4275
4286 4276
4287 4277
4288 4454
4289 4278
4290 4279
4291 4280
4292 4281
4293 4282
4294 4283
4295 4284
4296 4285
4297 4286
4298 4287
4299 4288
4300 4289
4301 4290
4302 4291
4303 4292
4304 4293
4305 4294
4306 4295
4307 4296
4308 4297
4309 4298
4310 4299
4311 4301
4312 4300
4313 4302
4314 4303
4315 4304
4316 4305
4317 4306
4318 4307
4319 4308
4320 4309
4321 4310
4322 4311
4323 4313
4324 4312
4325 4314
4326 4315
4327 4316
4328 4317
4329 4318
4330 4319
4331 4320
4332 4321
4333 4323
4334 4322
4335 4324
4336 4325
4337 4326
4338 4327
4339 4328
4340 4329
4341 4330
4342 4331
4343 4332
4344 4333
4345 4334
4346 4335
4347 4336
4348 4337
4349 4338
4350 4339
4351 4340
4352 4341
4353 4342
4354 4343
4355 4344
4356 4345
4357 4347
4358 4346
4359 4348
4360 4349
4361 4350
4362 4351
4363 4352
4364 4353
4365 4354
4366 4355
4367 4356
4368 4357
4369 4358
4370 4359
4371 4360
4372 4361
4373 4362
4374 4363
4375 4364
4376 4365
4377 4366
4378 4367
4379 4368
4380 4369
4381 4370
4382 4371
4383 4372
4384 4373
4385 4374
4386 4375
4387 4376
4388 4377
4389 4378
4390 4379
4391 4380
4392 4381
4393 4382
4394 4383
4395 4384
4396 4385
4397 4386
4398 4387
4399 4390
4400 4389
4401 4388
4402 4391
4403 4392
4404 4393
4405 4394
4406 4395
4407 4396
4408 4397
4409 4398
4410 4399
4411 4400
4412 4401
4413 4402
4414 4403
4415 4404
4416 4405
4417 4406
4418 4407
4419 4408
4420 4409
4421 4410
4422 4411
4423 4412
4424 4413
4425 4414
4426 4415
4427 4416
4428 4417
4429 4418
4430 4419
4431 4420
4432 4421
4433 4422
4434 4423
4435 4424
4436 4425
4437 4426
4438 4427
4439 4428
4440 4429
4441 4430
4442 4431
4443 4433
4444 4432
4445 4434
4446 4435
4447 4436
4448 4437
4449 4438
4450 4439
4451 4440
4452 4441
4453 4442
4454 4443
4455 4444
4456 4445
4457 4446
4458 4447
4459 4448
4460 4449
4461 4450
4462 4451
4463 4452
4464 4453
4465 4553
4466 4455
4467 4456
4468 4457
4469 4458
4470 4459
4471 4460
4472 4461
4473 4462
4474 4463
4475 4464
4476 4465
4477 4466
4478 4467
4479 4468
4480 4469
4481 4470
4482 4471
4483 4472
4484 4473
4485 4474
4486 4475
4487 4476
4488 4477
4489 4478
4490 4479
4491 4480
4492 4481
4493 4482
4494 4483
4495 4484
4496 4485
4497 4486
4498 4487
4499 4488
4500 4490
4501 4489
4502 4491
4503 4492
4504 4493
4505 4494
4506 4495
4507 4496
4508 4497
4509 4498
4510 4499
4511 4500
4512 4501
4513 4502
4514 4503
4515 4504
4516 4505
4517 4506
4518 4507
4519 4508
4520 4509
4521 4510
4522 4511
4523 4512
4524 4513
4525 4514
4526 4515
4527 4516
4528 4517
4529 4518
4530 4519
4531 4520
4532 4521
4533 4522
4534 4523
4535 4524
4536 4525
4537 4526
4538 4527
4539 4528
4540 4529
4541 4530
4542 4531
4543 4532
4544 4533
4545 4534
4546 4535
4547 4536
4548 4537
4549 4538
4550 4539
4551 4540
4552 4541
4553 4542
4554 4543
4555 4544
4556 4545
4557 4546
4558 4547
4559 4548
4560 4549
4561 4550
4562 4551
4563 4552
4564 4554
4565 4555
4566 4556
4567 4557
4568 4558
4569 4559
4570 4560
4571 4561
4572 4562
4573 4563
4574 4564
4575 4565
4576 4566
4577 4567
4578 4570
4579 4569
4580 4571
4581 4572
4582 4573
4583 4574
4584 4575
4585 4576
4586 4577
4587 4578
4588 4579
4589 4580
4590 4581
4591 4582
4592 4583
4593 4584
4594 4585
4595 4586
4596 4587
4597 4588
4598 4589
4599 4590
4600 4591
4601 4592
4602 4593
4603 4594
4604 4595
4605 4596
4606 4597
4607 4598
4608 4599
4609 4600
4610 4601
4611 4602
4612 4603
4613 4604
4614 4605
4615 4606
4616 4607
4617 4608
4618 4609
4619 4610
4620 4611
4621 4613
4622 4612
4623 4614
4624 4615
4625 4616
4626 4617
4627 4618
4628 4619
4629 4620
4630 4621
4631 4622
4632 4623
4633 4624
4634 4625
4635 4626
4636 4627
4637 4628
4638 4629
4639 4630
4640 4631
4641 4632
4642 4633
4643 4634
4644 4635
4645 4636
4646 4637
4647 4638
4648 4639
4649 4640
4650 4642
4651 4641
4652 4643
4653 4644
4654 4645
4655 4646
4656 4647
4657 4648
4658 4649
4659 4650
4660 4651
4661 4652
4662 4654
4663 4653
4664 4655
4665 4656
4666 4657
4667 4658
4668 4659
4669 4660
4670 4661
4671 4662
4672 4663
4673 4664
4674 4665
4675 4666
4676 4667
4677 4668
4678 4670
4679 4669
4680 4671
4681 4672
4682 4673
4683 4674
4684 4675
4685 4676
4686 4677
4687 4678
4688 4679
4689 4680
4690 4681
4691 4682
4692 4683
4693 4684
4694 4685
4695 4686
4696 4687
4697 4688
4698 4689
4699 4690
4700 4692
4701 4691
4702 4693
4703 4694
4704 4695
4705 4696
4706 4697
4707 4698
4708 4699
4709 4700
4710 4702
4711 4701
4712 4703
4713 4704
4714 4705
4715 4706
4716 4707
4717 4708
4718 4709
4719 4710
4720 4711
4721 4712
4722 4713
4723 4714
4724 4715
4725 4716
4726 4717
4727 4718
4728 4719
4729 4720
4730 4721
4731 4722
4732 4723
4733 4724
4734 4725
4735 4726
4736 4727
4737 4728
4738 4729
4739 4730
4740 4731
4741 4732
4742 4733
4743 4734
4744 4735
4745 4736
4746 4737
4747 4738
4748 4739
4749 4740
4750 4741
4751 4742
4752 4745
4753 4744
4754 4743
4755 4746
4756 4747
4757 4748
4758 4749
4759 4750
4760 4751
4761 4752
4762 4753
4763 4755
4764 4754
4765 4756
4766 4757
4767 4760
4768 4759
4769 4758
4770 4761
4771 4762
4772 4763
4773 4764
4774 4765
4775 4766
4776 4767
4777 4768
4778 4769
4779 4770
4780 4771
4781 4772
4782 4773
4783 4774
4784 4775
4785 4776
4786 4777
4787 4779
4788 4783
4789 4782
4790 4781
4791 4780
4792 4778
4793 4784
4794 4785
4795 4786
4796 4787
4797 4788
4798 4789
4799 4790
4800 4791
4801 4793
4802 4792
4803 4794
4804 4795
4805 4796
4806 4797
4807 4798
4808 4800
4809 4799
4810 4801
4811 4802
4812 4803
4813 4804
4814 4805
4815 4806
4816 4807
4817 4808
4818 4809
4819 4810
4820 4811
4821 4812
4822 4813
4823 4814
4824 4815
4825 4816
4826 4817
4827 4818
4828 4819
4829 4820
4830 4821
4831 4822
4832 4823
4833 4824
4834 4826
4835 4825
4836 4827
4837 4828
4838 4829
4839 4831
4840 4832
4841 4833
4842 4834
4843 4835
4844 4836
4845 4837
4846 4838
4847 4839
4848 4840
4849 4841
4850 4842
4851 4843
4852 4844
4853 4845
4854 4846
4855 4847
4856 4848
4857 4849
4858 4850
4859 4852
4860 4851
4861 4853
4862 4854
4863 4855
4864 4856
4865 4857
4866 4858
4867 4860
4868 4859
4869 4862
4870 4861
4871 4863
4872 4864
4873 4865
4874 4866
4875 4867
4876 4868
4877 4869
4878 4870
4879 4871
4880 4872
4881 4873
4882 4874
4883 4875
4884 4876
4885 4877
4886 4878
4887 4879
4888 4880
4889 4881
4890 4882
4891 4883
4892 4884
4893 4885
4894 4886
4895 4887
4896 4888
4897 4889
4898 4890
4899 4891
4900 4892
4901 4894
4902 4893
4903 4895
4904 4896
4905 4897
4906 4898
4907 4899
4908 4900
4909 4901
4910 4902
4911 4903
4912 4904
4913 4989
4914 4905
4915 4906
4916 4908
4917 4907
4918 5410
4919 5409
4920 5408
4921 5304
4922 4973
4923 4972
4924 4909
4925 4910
4926 4911
4927 4912
4928 4913
4929 4914
4930 4915
4931 4916
4932 4917
4933 4918
4934 4919
4935 4920
4936 4921
4937 4922
4938 4923
4939 4924
4940 4925
4941 4926
4942 4927
4943 4928
4944 4929
4945 4930
4946 4932
4947 4931
4948 4934
4949 4937
4950 4936
4951 4935
4952 4933
4953 4938
4954 4939
4955 4940
4956 4941
4957 4942
4958 4943
4959 4944
4960 4945
4961 4947
4962 4949
4963 4948
4964 4951
4965 4950
4966 4952
4967 4953
4968 4954
4969 4955
4970 4956
4971 4957
4972 4958
4973 4959
4974 4960
4975 4961
4976 4962
4977 4963
4978 4964
4979 4965
4980 4967
4981 4966
4982 4968
4983 4970
4984 4969
4985 4971
4986 4974
4987 4975
4988 4977
4989 4976
4990 4978
4991 4979
4992 4980
4993 4981
4994 4982
4995 4983
4996 4984
4997 4985
4998 4986
4999 4987
5000 4988
5001 4990
5002 4991
5003 4992
5004 4993
5005 4994
5006 4995
5007 4996
5008 4997
5009 4999
5010 5000
5011 4998
5012 5001
5013 5002
5014 5003
5015 5004
5016 5005
5017 5006
5018 5007
5019 5008
5020 5009
5021 5010
5022 5011
5023 5012
5024 5013
5025 5014
5026 5015
5027 5016
5028 5017
5029 5018
5030 5019
5031 5020
5032 5021
5033 5022
5034 5024
5035 5023
5036 5025
5037 5026
5038 5028
5039 5027
5040 5029
5041 5030
5042 5031
5043 5032
5044 5033
5045 5034
5046 5035
5047 5036
5048 5037
5049 5038
5050 5039
5051 5040
5052 5041
5053 5043
5054 5045
5055 5044
5056 5047
5057 5048
5058 5046
5059 5049
5060 5050
5061 5051
5062 5052
5063 5053
5064 5054
5065 5055
5066 5056
5067 5057
5068 5058
5069 5059
5070 5060
5071 5061
5072 5063
5073 5064
5074 5062
5075 5065
5076 5066
5077 5067
5078 5069
5079 5068
5080 5070
5081 5071
5082 5072
5083 5073
5084 5074
5085 5075
5086 5076
5087 5077
5088 5078
5089 5079
5090 5080
5091 5081
5092 5082
5093 5083
5094 5084
5095 5085
5096 5086
5097 5087
5098 5088
5099 5089
5100 5090
5101 5091
5102 5092
5103 5093
5104 5094
5105 5095
5106 5096
5107 5097
5108 5098
5109 5099
5110 5100
5111 5101
5112 5102
5113 5103
5114 5105
5115 5104
5116 5106
5117 5107
5118 5108
5119 5109
5120 5110
5121 5111
5122 5112
5123 5113
5124 5114
5125 5115
5126 5116
5127 5117
5128 5118
5129 5119
5130 5120
5131 5121
5132 5122
5133 5123
5134 5124
5135 5125
5136 5126
5137 5128
5138 5127
5139 5129
5140 5131
5141 5132
5142 5130
5143 5176
5144 5133
5145 5134
5146 5135
5147 5136
5148 5137
5149 5138
5150 5139
5151 5141
5152 5142
5153 5140
5154 5143
5155 5144
5156 5145
5157 5146
5158 5147
5159 5148
5160 5149
5161 5150
5162 5151
5163 5152
5164 5153
5165 5154
5166 5155
5167 5156
5168 5157
5169 5158
5170 5159
5171 5161
5172 5160
5173 5162
5174 5163
5175 5164
5176 5165
5177 5166
5178 5167
5179 5168
5180 5169
5181 5170
5182 5171
5183 5172
5184 5173
5185 5174
5186 5175
5187 5177
5188 5178
5189 5179
5190 5180
5191 5181
5192 5182
5193 5183
5194 5184
5195 5185
5196 5186
5197 5187
5198 5189
5199 5188
5200 5190
5201 5191
5202 5192
5203 5193
5204 5194
5205 5195
5206 5196
5207 5197
5208 5198
5209 5199
5210 5200
5211 5202
5212 5201
5213 5204
5214 5210
5215 5209
5216 5208
5217 5207
5218 5206
5219 5205
5220 5203
5221 5211
5222 5213
5223 5212
5224 5214
5225 5215
5226 5216
5227 5217
5228 5218
5229 5219
5230 5220
5231 5221
5232 5222
5233 5223
5234 5224
5235 5225
5236 5226
5237 5227
5238 5228
5239 5233
5240 5232
5241 5231
5242 5230
5243 5229
5244 5234
5245 5235
5246 5236
5247 5237
5248 5238
5249 5239
5250 5240
5251 5241
5252 5242
5253 5243
5254 5244
5255 5245
5256 5246
5257 5247
5258 5248
5259 5250
5260 5249
5261 5251
5262 5252
5263 5253
5264 5254
5265 5255
5266 5256
5267 5257
5268 5258
5269 5259
5270 5260
5271 5261
5272 5262
5273 5263
5274 5265
5275 5264
5276 5266
5277 5267
5278 5269
5279 5268
5280 5270
5281 5271
5282 5272
5283 5273
5284 5274
5285 5275
5286 5276
5287 5277
5288 5278
5289 5279
5290 5280
5291 5281
5292 5282
5293 5283
5294 5284
5295 5285
5296 5286
5297 5287
5298 5288
5299 5289
5300 5291
5301 5290
5302 5292
5303 5294
5304 5293
5305 5296
5306 5295
5307 5297
5308 5298
5309 5299
5310 5300
5311 5302
5312 5303
5313 5305
5314 5306
5315 5307
5316 5309
5317 5308
5318 5310
5319 5311
5320 5312
5321 5313
5322 5314
5323 5315
5324 5316
5325 5317
5326 5318
5327 5319
5328 5320
5329 5321
5330 5322
5331 5323
5332 5324
5333 5325
5334 5326
5335 5327
5336 5328
5337 5329
5338 5330
5339 5331
5340 5332
5341 5333
5342 5334
5343 5335
5344 5336
5345 5337
5346 5338
5347 5339
5348 5340
5349 5341
5350 5342
5351 5343
5352 5344
5353 5345
5354 5346
5355 5348
5356 5347
5357 5349
5358 5350
5359 5351
5360 5352
5361 5353
5362 5354
5363 5355
5364 5356
5365 5357
5366 5358
5367 5359
5368 5360
5369 5361
5370 5362
5371 5363
5372 5364
5373 5365
5374 5366
5375 5367
5376 5368
5377 5369
5378 5370
5379 5371
5380 5372
5381 5373
5382 5374
5383 5375
5384 5376
5385 5377
5386 5378
5387 5379
5388 5380
5389 5381
5390 5382
5391 5383
5392 5385
5393 5384
5394 5386
5395 5387
5396 5388
5397 5389
5398 5390
5399 5391
5400 5392
5401 5393
5402 5394
5403 5395
5404 5396
5405 5397
5406 5398
5407 5399
5408 5400
5409 5401
5410 5402
5411 5403
5412 5404
5413 5405
5414 5407
5415 5406
5416 5411
5417 5412
5418 5416
5419 5417
5420 5418
5421 5419
5422 5420
5423 5421
5424 5422
5425 5423
5426 5424
5427 5425
5428 5426
5429 5427
5430 5428
5431 5429
5432 5430
5433 5431
5434 5433
5435 5432
5436 5434
5437 5435
5438 5436
5439 5437
5440 5438
5441 5439
5442 5440
5443 5441
5444 5442
5445 5443
5446 5444
5447 5445
5448 5446
5449 5447
5450 5448
5451 5450
5452 5449
5453 5451
5454 5452
5455 5453
5456 5454
5457 5455
5458 5456
5459 5457
5460 5458
5461 5460
5462 5461
5463 5462
5464 5463
5465 5464
5466 5465
5467 5466
5468 5467
5469 5468
5470 5469
5471 5470
5472 5471
5473 5472
5474 5473
5475 5474
5476 5475
5477 5476
5478 5477
5479 5478
5480 5479
5481 5480
5482 5481
5483 5483
5484 5482
5485 5484
5486 5485
5487 5486
5488 5487
5489 5488
5490 5489
5491 5490
5492 5491
5493 5492
5494 5493
5495 5494
5496 5495
5497 5496
5498 5497
5499 5498
5500 5499
5501 5500
5502 5501
5503 5503
5504 5502
5505 5504
5506 5505
5507 5506
5508 5507
5509 5508
5510 5509
5511 5510
5512 5511
5513 5512
5514 5513
5515 5514
5516 5515
5517 5516
5518 5517
5519 5518
5520 5519
5521 5520
5522 5521
5523 5522
5524 5523
5525 5524
5526 5525
5527 5526
5528 5527
5529 5528
5530 5529
5531 5530
5532 5531
5533 5532
5534 5533
5535 5534
5536 5535
5537 5536
5538 5537
5539 5538
5540 5539
5541 5540
5542 5541
5543 5545
5544 5544
5545 5543
5546 5542
5547 5546
5548 5548
5549 5547
5550 5549
5551 5550
5552 5551
5553 5552
5554 5553
5555 5554
5556 5555
5557 5556
5558 5557
5559 5558
5560 5559
5561 5560
5562 5561
5563 5562
5564 5563
5565 5564
5566 5565
5567 5566
5568 5567
5569 5568
5570 5569
5571 5570
5572 5571
5573 5572
5574 5573
5575 5574
5576 5575
5577 5576
5578 5577
5579 5578
5580 5579
5581 5580
5582 5581
5583 5582
5584 5583
5585 5584
5586 5585
5587 5587
5588 5586
5589 5588
5590 5589
5591 5590
5592 5591
5593 5592
5594 5593
5595 5594
5596 5596
5597 5595
5598 5597
5599 5598
5600 5599
5601 5600
5602 5601
5603 5602
5604 5603
5605 5604
5606 5605
5607 5606
5608 5607
5609 5608
5610 5609
5611 5610
5612 5611
5613 5612
5614 5613
5615 5614
5616 5615
5617 5616
5618 5617
5619 5618
5620 5619
5621 5620
5622 5621
5623 5622
5624 5623
5625 5624
5626 5625
5627 5626
5628 5627
5629 5628
5630 5629
5631 5630
5632 5631
5633 5632
5634 5633
5635 5634
5636 5635
5637 5636
5638 5637
5639 5639
5640 5638
5641 5640
5642 5641
5643 5642
5644 5644
5645 5643
5646 5645
5647 5646
5648 5647
5649 5648
5650 5649
5651 5650
5652 5651
5653 5653
5654 5652
5655 5654
5656 5655
5657 5657
5658 5656
5659 5658
5660 5659
5661 5660
5662 5661
5663 5662
5664 5663
5665 5664
5666 5665
5667 5666
5668 5667
5669 5668
5670 5669
5671 5670
5672 5671
5673 5672
5674 5673
5675 5674
5676 5675
5677 5676
5678 5677
5679 5679
5680 5678
5681 5680
5682 5681
5683 5682
5684 5683
5685 5684
5686 5685
5687 5686
5688 5687
5689 5688
5690 5689
5691 5690
5692 5691
5693 5692
5694 5693
5695 5694
5696 5695
5697 5696
5698 5697
5699 5699
5700 5698
5701 5700
5702 5701
5703 5702
5704 5703
5705 5704
5706 5705
5707 5706
5708 5707
5709 5708
5710 5709
5711 5710
5712 5711
5713 5712
5714 5713
5715 5714
5716 5715
5717 5716
5718 5717
5719 5718
5720 5719
5721 5720
5722 5721
5723 5722
5724 5723
5725 5724
5726 5725
5727 5726
5728 5727
5729 5728
5730 5729
5731 5730
5732 5731
5733 5732
5734 5733
5735 5734
5736 5735
5737 5736
5738 5738
5739 5737
5740 5739
5741 5740
5742 5741
5743 5742
5744 5743
5745 5744
5746 5745
5747 5746
5748 5747
5749 5748
5750 5749
5751 5750
5752 5751
5753 5752
5754 5754
5755 5753
5756 5755
5757 5756
5758 5757
5759 5758
5760 5759
5761 5760
5762 5761
5763 5762
5764 5763
5765 5764
5766 5765
5767 5766
5768 5767
5769 5768
5770 5769
5771 5770
5772 5771
5773 5772
5774 5773
5775 5774
5776 5775
5777 5776
5778 5777
5779 5778
5780 5779
5781 5780
5782 5781
5783 5782
5784 5783
5785 5784
5786 5785
5787 5786
5788 5787
5789 5788
5790 5789
5791 5790
5792 5791
5793 5792
5794 5793
5795 5794
5796 5795
5797 5796
5798 5797
5799 5798
5800 5799
5801 5800
5802 5801
5803 5802
5804 5803
5805 5804
5806 5805
5807 5806
5808 5807
5809 5809
5810 5810
5811 5811
5812 5812
5813 5813
5814 5814
5815 5815
5816 5816
5817 5817
5818 5818
5819 5819
5820 5820
5821 5821
5822 5822
5823 5823
5824 5824
5825 5825
5826 5826
5827 5827
5828 5828
5829 5829
5830 5830
5831 5831
5832 5832
5833 5833
5834 5834
5835 5835
5836 5836
5837 5837
5838 5838
5839 5839
5840 5840
5841 5841
5842 5842
5843 5843
5844 5844
5845 5845
5846 5846
5847 5847
5848 5848
5849 5849
5850 5850
5851 5851
5852 5852
5853 5853
5854 5854
5855 5855
5856 5856
5857 5857
5858 5858
5859 5859
5860 5860
5861 5861
5862 5862
5863 5863
5864 5864
5865 5865
5866 5866
5867 5867
5868 5868
5869 5869
5870 5870
5871 5871
5872 5872
5873 5873
5874 5874
5875 5875
5876 5876
5877 5877
5878 5878
5879 5879
5880 5880
5881 5881
5882 5882
5883 5883
5884 5884
5885 5885
5886 5886
5887 5887
5888 5888
5889 5889
5890 5890
5891 5891
5892 5892
5893 5893
5894 5894
5895 5895
5896 5896
5897 5897
5898 5898
5899 5899
5900 5900
5901 5901
5902 5902
5903 5903
5904 5904
5905 5906
5906 5905
5907 5907
5908 5908
5909 5909
5910 5910
5911 5911
5912 5912
5913 5913
5914 5914
5915 5915
5916 5916
5917 5917
5918 5918
5919 5919
5920 5920
5921 5921
5922 5922
5923 5923
5924 5924
5925 5925
5926 5926
5927 5927
5928 5928
5929 5929
5930 5930
5931 5931
5932 5932
5933 5933
5934 5934
5935 5935
5936 5936
5937 5937
5938 5938
5939 5939
5940 5940
5941 5941
5942 5942
5943 5943
5944 5944
5945 5945
5946 5946
5947 5947
5948 5948
5949 5949
5950 5950
5951 5951
5952 5952
5953 5953
5954 6009
5955 5954
5956 5955
5957 5956
5958 5957
5959 5958
5960 5959
5961 5960
5962 5961
5963 5962
5964 5963
5965 5964
5966 5965
5967 5966
5968 5967
5969 5968
5970 5969
5971 5970
5972 5971
5973 5972
5974 5973
5975 5974
5976 5975
5977 5976
5978 5977
5979 5978
5980 5979
5981 5980
5982 5981
5983 5982
5984 5983
5985 5984
5986 5985
5987 5986
5988 5987
5989 5988
5990 5989
5991 5990
5992 5991
5993 5992
5994 5993
5995 5994
5996 5995
5997 5996
5998 5997
5999 5998
6000 5999
6001 6000
6002 6001
6003 6118
6004 6002
6005 6003
6006 6004
6007 6005
6008 6006
6009 6007
6010 6008
6011 6010
6012 6011
6013 6012
6014 6013
6015 6014
6016 6015
6017 6016
6018 6017
6019 6018
6020 6019
6021 6020
6022 6021
6023 6022
6024 6023
6025 6024
6026 6025
6027 6026
6028 6027
6029 6028
6030 6029
6031 6032
6032 6031
6033 6030
6034 6033
6035 6034
6036 6035
6037 6036
6038 6037
6039 6038
6040 6039
6041 6040
6042 6041
6043 6042
6044 6043
6045 6044
6046 6045
6047 6046
6048 6047
6049 6048
6050 6049
6051 6050
6052 6051
6053 6052
6054 6053
6055 6054
6056 6055
6057 6056
6058 6057
6059 6058
6060 6059
6061 6060
6062 6061
6063 6062
6064 6063
6065 6064
6066 6065
6067 6066
6068 6067
6069 6068
6070 6069
6071 6070
6072 6071
6073 6072
6074 6073
6075 6074
6076 6075
6077 6076
6078 6077
6079 6078
6080 6079
6081 6080
6082 6081
6083 6082
6084 6083
6085 6084
6086 6085
6087 6086
6088 6087
6089 6088
6090 6089
6091 6090
6092 6091
6093 6092
6094 6093
6095 6094
6096 6095
6097 6296
6098 6096
6099 6097
6100 6098
6101 6099
6102 6100
6103 6101
6104 6102
6105 6103
6106 6104
6107 6105
6108 6106
6109 6107
6110 6108
6111 6109
6112 6110
6113 6111
6114 6112
6115 6113
6116 6114
6117 6115
6118 6116
6119 6117
6120 6826
6121 6517
6122 6516
6123 6119
6124 6120
6125 6121
6126 6122
6127 6123
6128 6124
6129 6125
6130 6126
6131 6127
6132 6128
6133 6129
6134 6130
6135 6131
6136 6132
6137 6133
6138 6134
6139 6135
6140 6136
6141 6137
6142 6138
6143 6139
6144 6140
6145 6141
6146 6142
6147 6143
6148 6144
6149 6145
6150 6146
6151 6147
6152 6148
6153 6149
6154 6150
6155 6151
6156 6152
6157 6153
6158 6154
6159 6155
6160 6156
6161 6157
6162 6158
6163 6159
6164 6160
6165 6161
6166 6162
6167 6163
6168 6164
6169 6165
6170 6166
6171 6167
6172 6168
6173 6169
6174 6170
6175 6171
6176 6172
6177 6173
6178 6174
6179 6175
6180 6176
6181 6177
6182 6178
6183 6179
6184 6180
6185 6181
6186 6182
6187 6183
6188 6184
6189 6185
6190 6186
6191 6187
6192 6188
6193 6189
6194 6190
6195 6191
6196 6192
6197 6193
6198 6194
6199 6195
6200 6196
6201 6197
6202 6198
6203 6199
6204 6200
6205 6201
6206 6202
6207 6203
6208 6204
6209 6205
6210 6206
6211 6207
6212 6208
6213 6209
6214 6210
6215 6211
6216 6212
6217 6213
6218 6214
6219 6215
6220 6216
6221 6217
6222 6218
6223 6219
6224 6220
6225 6221
6226 6222
6227 6223
6228 6224
6229 6225
6230 6226
6231 6227
6232 6228
6233 6229
6234 6230
6235 6231
6236 6232
6237 6233
6238 6234
6239 6235
6240 6236
6241 6237
6242 6238
6243 6239
6244 6240
6245 6241
6246 6242
6247 6243
6248 6244
6249 6245
6250 6246
6251 6247
6252 6248
6253 6249
6254 6250
6255 6251
6256 6252
6257 6253
6258 6254
6259 6255
6260 6256
6261 6257
6262 6258
6263 6259
6264 6260
6265 6261
6266 6262
6267 6263
6268 6264
6269 6265
6270 6266
6271 6267
6272 6268
6273 6269
6274 6270
6275 6271
6276 6272
6277 6273
6278 6274
6279 6275
6280 6276
6281 6277
6282 6278
6283 6279
6284 6280
6285 6281
6286 6282
6287 6283
6288 6284
6289 6285
6290 6286
6291 6287
6292 6288
6293 6289
6294 6290
6295 6291
6296 6292
6297 6293
6298 6294
6299 6295
6300 8826
6301 6297
6302 6298
6303 6299
6304 6300
6305 6301
6306 6302
6307 6303
6308 6304
6309 6305
6310 6306
6311 6307
6312 6308
6313 6309
6314 6310
6315 6311
6316 6312
6317 6313
6318 6314
6319 6315
6320 6316
6321 6317
6322 6318
6323 6319
6324 6320
6325 6321
6326 6322
6327 6323
6328 6324
6329 6325
6330 6326
6331 6327
6332 6328
6333 6329
6334 6330
6335 6331
6336 6332
6337 6333
6338 6334
6339 6335
6340 6336
6341 7495
6342 6337
6343 6338
6344 6339
6345 6340
6346 6341
6347 6342
6348 6343
6349 6344
6350 6345
6351 6346
6352 6347
6353 6348
6354 6349
6355 6350
6356 6351
6357 6352
6358 6353
6359 6354
6360 6355
6361 6356
6362 6358
6363 6357
6364 6359
6365 6360
6366 6361
6367 6362
6368 6363
6369 6364
6370 6365
6371 6366
6372 6367
6373 6368
6374 6369
6375 6371
6376 6370
6377 6372
6378 6373
6379 6757
6380 6374
6381 6375
6382 6376
6383 6377
6384 6378
6385 6379
6386 6380
6387 6381
6388 6382
6389 6383
6390 6384
6391 6385
6392 6386
6393 6387
6394 6388
6395 6389
6396 6390
6397 6391
6398 6392
6399 6393
6400 6394
6401 6395
6402 6396
6403 6397
6404 6398
6405 6399
6406 6400
6407 6401
6408 6402
6409 6403
6410 6404
6411 6405
6412 6406
6413 6407
6414 6408
6415 6409
6416 6410
6417 6411
6418 6412
6419 6413
6420 6414
6421 6415
6422 6416
6423 6417
6424 6418
6425 6419
6426 6420
6427 6421
6428 6422
6429 6423
6430 6424
6431 6425
6432 6426
6433 6427
6434 6428
6435 6429
6436 6430
6437 6431
6438 6432
6439 6433
6440 6434
6441 6435
6442 6436
6443 6437
6444 6438
6445 6439
6446 6440
6447 6441
6448 6442
6449 6443
6450 6444
6451 6445
6452 6446
6453 6447
6454 6448
6455 6449
6456 6450
6457 6451
6458 6452
6459 6453
6460 6454
6461 6455
6462 6456
6463 6457
6464 6458
6465 6459
6466 6460
6467 6461
6468 6462
6469 6463
6470 6464
6471 6465
6472 6466
6473 6467
6474 6468
6475 6469
6476 6470
6477 6471
6478 6472
6479 6473
6480 6474
6481 6475
6482 6476
6483 6477
6484 6478
6485 6479
6486 6480
6487 6481
6488 6482
6489 6483
6490 6484
6491 6485
6492 6486
6493 6487
6494 6488
6495 6489
6496 6490
6497 6491
6498 6492
6499 6493
6500 6494
6501 6495
6502 6496
6503 6497
6504 6498
6505 6499
6506 6500
6507 6501
6508 6502
6509 6503
6510 6504
6511 6505
6512 6506
6513 6507
6514 6508
6515 6509
6516 6510
6517 6511
6518 6512
6519 6513
6520 6514
6521 6515
6522 6518
6523 6519
6524 6520
6525 6521
6526 6522
6527 6523
6528 6524
6529 6525
6530 6526
6531 6527
6532 6528
6533 6529
6534 6530
6535 6531
6536 6532
6537 6535
6538 6534
6539 6533
6540 6536
6541 6537
6542 6538
6543 6539
6544 6540
6545 6541
6546 6542
6547 6543
6548 6544
6549 6545
6550 6546
6551 6547
6552 6548
6553 6549
6554 6550
6555 6551
6556 6552
6557 6553
6558 6554
6559 6555
6560 6556
6561 6557
6562 6558
6563 6559
6564 6560
6565 6561
6566 6562
6567 6563
6568 6564
6569 6565
6570 6566
6571 6567
6572 6568
6573 6569
6574 6570
6575 6571
6576 6572
6577 6573
6578 6574
6579 6575
6580 6576
6581 6577
6582 6578
6583 6579
6584 6580
6585 6581
6586 6582
6587 6583
6588 6584
6589 6585
6590 6586
6591 6587
6592 6588
6593 6590
6594 6589
6595 6591
6596 6592
6597 6593
6598 6594
6599 6595
6600 6596
6601 6597
6602 6598
6603 6599
6604 6600
6605 6601
6606 6602
6607 6603
6608 6604
6609 6605
6610 6606
6611 6607
6612 6608
6613 6609
6614 6610
6615 6611
6616 6612
6617 6613
6618 6614
6619 6615
6620 6616
6621 6617
6622 6618
6623 6619
6624 6620
6625 6621
6626 6622
6627 6623
6628 6624
6629 6625
6630 6626
6631 6627
6632 6628
6633 6629
6634 6630
6635 6631
6636 6632
6637 6633
6638 6634
6639 6635
6640 6636
6641 6637
6642 6638
6643 6639
6644 6640
6645 6641
6646 6642
6647 6643
6648 6644
6649 6645
6650 6646
6651 6647
6652 6648
6653 6649
6654 6650
6655 6651
6656 6652
6657 6653
6658 6654
6659 6655
6660 6656
6661 6657
6662 6658
6663 6659
6664 6660
6665 6661
6666 6662
6667 6663
6668 6664
6669 6665
6670 6666
6671 6667
6672 6668
6673 6669
6674 6670
6675 6671
6676 6672
6677 6673
6678 6674
6679 6675
6680 6676
6681 6677
6682 6678
6683 6679
6684 6680
6685 6681
6686 6682
6687 6683
6688 6684
6689 6685
6690 6686
6691 6687
6692 6688
6693 6689
6694 6690
6695 6691
6696 6692
6697 6693
6698 6694
6699 6695
6700 6696
6701 6697
6702 6698
6703 6699
6704 6700
6705 6701
6706 6702
6707 6703
6708 6704
6709 6705
6710 6706
6711 6708
6712 6710
6713 6709
6714 6707
6715 6711
6716 6712
6717 6713
6718 6714
6719 6715
6720 6716
6721 6717
6722 6718
6723 6719
6724 6720
6725 7851
6726 6721
6727 6722
6728 6723
6729 6724
6730 6725
6731 6726
6732 6727
6733 6728
6734 6729
6735 6730
6736 6731
6737 6732
6738 6733
6739 6734
6740 6735
6741 6736
6742 6737
6743 6738
6744 6740
6745 6739
6746 6741
6747 6742
6748 6743
6749 6744
6750 6745
6751 6746
6752 6747
6753 6748
6754 6749
6755 6750
6756 6751
6757 6752
6758 6753
6759 6754
6760 6755
6761 6756
6762 6758
6763 6759
6764 6760
6765 6761
6766 6762
6767 6763
6768 6764
6769 6765
6770 6766
6771 6767
6772 6768
6773 6769
6774 6770
6775 6771
6776 6772
6777 6773
6778 6774
6779 6775
6780 6776
6781 6777
6782 6778
6783 6779
6784 6780
6785 6781
6786 6782
6787 6783
6788 6784
6789 6785
6790 6786
6791 6787
6792 6788
6793 6789
6794 6790
6795 6791
6796 6792
6797 6793
6798 6794
6799 6795
6800 6796
6801 6797
6802 6798
6803 6799
6804 6800
6805 6801
6806 6802
6807 6803
6808 6804
6809 6805
6810 6806
6811 6807
6812 6808
6813 6809
6814 6810
6815 6811
6816 6812
6817 6813
6818 6814
6819 6815
6820 6816
6821 6817
6822 6818
6823 6819
6824 6820
6825 6821
6826 6822
6827 6823
6828 6824
6829 6825
6830 6827
6831 6828
6832 6829
6833 6831
6834 6830
6835 6832
6836 6834
6837 6833
6838 6835
6839 6836
6840 6837
6841 6838
6842 6839
6843 6840
6844 6841
6845 6842
6846 6843
6847 6844
6848 6845
6849 6846
6850 6847
6851 6848
6852 6849
6853 6850
6854 6851
6855 6852
6856 6853
6857 6854
6858 6855
6859 6856
6860 6857
6861 6858
6862 6859
6863 6860
6864 6861
6865 6862
6866 6863
6867 6864
6868 6865
6869 6866
6870 6867
6871 6868
6872 6869
6873 6870
6874 6871
6875 6872
6876 6873
6877 6874
6878 6875
6879 6876
6880 6877
6881 6878
6882 6879
6883 6880
6884 6881
6885 6882
6886 6883
6887 6884
6888 6885
6889 6886
6890 6887
6891 6888
6892 6889
6893 6890
6894 6891
6895 6892
6896 6893
6897 6894
6898 6895
6899 6896
6900 6897
6901 6898
6902 6899
6903 6900
6904 6901
6905 6902
6906 6903
6907 6904
6908 6905
6909 6906
6910 6907
6911 6908
6912 6909
6913 6910
6914 6911
6915 6912
6916 6913
6917 6914
6918 6915
6919 6916
6920 6917
6921 6918
6922 6919
6923 6920
6924 6921
6925 6922
6926 6923
6927 6924
6928 6925
6929 6926
6930 6927
6931 6928
6932 6929
6933 6930
6934 6931
6935 6932
6936 6933
6937 6934
6938 6935
6939 6936
6940 6937
6941 6938
6942 6939
6943 6940
6944 6941
6945 6942
6946 6943
6947 6944
6948 6945
6949 6946
6950 6947
6951 6948
6952 6949
6953 6950
6954 6951
6955 6952
6956 6953
6957 6954
6958 6955
6959 6956
6960 6957
6961 6958
6962 6959
6963 6960
6964 6961
6965 6962
6966 6963
6967 6964
6968 6965
6969 6966
6970 6967
6971 6968
6972 6969
6973 6970
6974 6971
6975 6972
6976 6973
6977 6974
6978 6975
6979 6976
6980 6977
6981 6978
6982 6979
6983 6980
6984 6981
6985 6982
6986 6983
6987 6984
6988 6985
6989 6986
6990 6987
6991 6988
6992 6989
6993 6990
6994 6991
6995 6992
6996 6993
6997 6994
6998 6995
6999 6996
7000 6997
7001 6998
7002 6999
7003 7000
7004 7001
7005 7002
7006 7003
7007 7004
7008 7005
7009 7006
7010 7007
7011 7008
7012 7009
7013 7010
7014 7011
7015 7012
7016 7013
7017 7014
7018 7015
7019 7016
7020 7017
7021 7018
7022 7019
7023 7020
7024 7021
7025 7022
7026 7023
7027 7024
7028 7025
7029 7026
7030 7027
7031 7028
7032 7029
7033 7030
7034 7031
7035 7032
7036 7033
7037 7035
7038 7034
7039 7036
7040 7037
7041 7038
7042 7039
7043 7040
7044 7041
7045 7042
7046 7043
7047 7044
7048 7045
7049 7046
7050 7047
7051 7048
7052 7049
7053 7050
7054 7051
7055 7052
7056 7053
7057 7054
7058 7055
7059 7056
7060 7057
7061 7058
7062 7059
7063 7060
7064 7061
7065 7062
7066 7063
7067 7064
7068 7065
7069 7066
7070 7068
7071 7067
7072 7069
7073 7070
7074 7071
7075 7072
7076 7073
7077 7074
7078 7075
7079 7076
7080 7077
7081 7078
7082 7079
7083 7080
7084 7081
7085 7082
7086 7083
7087 7084
7088 7085
7089 7086
7090 7087
7091 7088
7092 7089
7093 7090
7094 7092
7095 7091
7096 7093
7097 7094
7098 7095
7099 7096
7100 7097
7101 7098
7102 7099
7103 7100
7104 7101
7105 7102
7106 7103
7107 7104
7108 7105
7109 7106
7110 7107
7111 7108
7112 7109
7113 7110
7114 7111
7115 7112
7116 7113
7117 7114
7118 7115
7119 7116
7120 7117
7121 7118
7122 7119
7123 7120
7124 7121
7125 7122
7126 7123
7127 7124
7128 7125
7129 7126
7130 7127
7131 7128
7132 7129
7133 7130
7134 7132
7135 7131
7136 7133
7137 7134
7138 7135
7139 7136
7140 7137
7141 7138
7142 7139
7143 7140
7144 7141
7145 7142
7146 7143
7147 7144
7148 7145
7149 7146
7150 7147
7151 7148
7152 7149
7153 7150
7154 7151
7155 7152
7156 7153
7157 7154
7158 7155
7159 7156
7160 7157
7161 7158
7162 7159
7163 7160
7164 7161
7165 7162
7166 7163
7167 7164
7168 7166
7169 7165
7170 7167
7171 7168
7172 7169
7173 7170
7174 7171
7175 7172
7176 7173
7177 7174
7178 7175
7179 7176
7180 7177
7181 7178
7182 7179
7183 7180
7184 7181
7185 7182
7186 7183
7187 7184
7188 7185
7189 7186
7190 7187
7191 7188
7192 7189
7193 7190
7194 7191
7195 7192
7196 7193
7197 7194
7198 7195
7199 7196
7200 7197
7201 7198
7202 7199
7203 7200
7204 7201
7205 7202
7206 7203
7207 7204
7208 7205
7209 7206
7210 7207
7211 7208
7212 7209
7213 7210
7214 7211
7215 7212
7216 7213
7217 7214
7218 7215
7219 7216
7220 7217
7221 7218
7222 7219
7223 7220
7224 7221
7225 7222
7226 7223
7227 7224
7228 7225
7229 7226
7230 7227
7231 7228
7232 7229
7233 7230
7234 7231
7235 7232
7236 7233
7237 7234
7238 7235
7239 7236
7240 7237
7241 7238
7242 7239
7243 7240
7244 7241
7245 7242
7246 7243
7247 7245
7248 7244
7249 7247
7250 7248
7251 7246
7252 7249
7253 7250
7254 7251
7255 7252
7256 7253
7257 7254
7258 7255
7259 7256
7260 7257
7261 7258
7262 7259
7263 7260
7264 7261
7265 7262
7266 7263
7267 7264
7268 7265
7269 7266
7270 7267
7271 7268
7272 7269
7273 7270
7274 7271
7275 7644
7276 7272
7277 7273
7278 7274
7279 7275
7280 7276
7281 7277
7282 7278
7283 7279
7284 7280
7285 7281
7286 7282
7287 7283
7288 7284
7289 7285
7290 7286
7291 7287
7292 7288
7293 7289
7294 7290
7295 7291
7296 7292
7297 7293
7298 7294
7299 7295
7300 7296
7301 7297
7302 7298
7303 7299
7304 7300
7305 7301
7306 7302
7307 7303
7308 7304
7309 7305
7310 7306
7311 7309
7312 7308
7313 7307
7314 7310
7315 7311
7316 7312
7317 7313
7318 7314
7319 7315
7320 7316
7321 7317
7322 7318
7323 7319
7324 7320
7325 7321
7326 7322
7327 7323
7328 7324
7329 7325
7330 7326
7331 7327
7332 7328
7333 7329
7334 7330
7335 7331
7336 7332
7337 7333
7338 7334
7339 7335
7340 7336
7341 7337
7342 7338
7343 7339
7344 7340
7345 7341
7346 7342
7347 7343
7348 7344
7349 7345
7350 7346
7351 7347
7352 7348
7353 7349
7354 7350
7355 7351
7356 7352
7357 7353
7358 7354
7359 7355
7360 7356
7361 7357
7362 7358
7363 7359
7364 7360
7365 7361
7366 7362
7367 7363
7368 7364
7369 7365
7370 7366
7371 7371
7372 7370
7373 7369
7374 7367
7375 7368
7376 7372
7377 7373
7378 7374
7379 7375
7380 7376
7381 7377
7382 7378
7383 7379
7384 7380
7385 7381
7386 7382
7387 7384
7388 7383
7389 7385
7390 7393
7391 7392
7392 7391
7393 7390
7394 7389
7395 7388
7396 7387
7397 7386
7398 7394
7399 7395
7400 7396
7401 7397
7402 7398
7403 7399
7404 7400
7405 7401
7406 7402
7407 7403
7408 7404
7409 7405
7410 7406
7411 7407
7412 7408
7413 8150
7414 7409
7415 7410
7416 7411
7417 7412
7418 7413
7419 7414
7420 7415
7421 7416
7422 7417
7423 7418
7424 7419
7425 7420
7426 7421
7427 7422
7428 7423
7429 7424
7430 7425
7431 7426
7432 7427
7433 7428
7434 7429
7435 7430
7436 7431
7437 7432
7438 7433
7439 7434
7440 7435
7441 7436
7442 7437
7443 7438
7444 7439
7445 7440
7446 7441
7447 7442
7448 7443
7449 7444
7450 7445
7451 7446
7452 7447
7453 7448
7454 7449
7455 7450
7456 7451
7457 7452
7458 7453
7459 7454
7460 7455
7461 7456
7462 7457
7463 7458
7464 7459
7465 7460
7466 7461
7467 7462
7468 7463
7469 7464
7470 7465
7471 7466
7472 7467
7473 7468
7474 7469
7475 7470
7476 7471
7477 7472
7478 7473
7479 7474
7480 7475
7481 7476
7482 7742
7483 7741
7484 7687
7485 7636
7486 7477
7487 7478
7488 7479
7489 7480
7490 7481
7491 7482
7492 7483
7493 7485
7494 7486
7495 7484
7496 7487
7497 7488
7498 7489
7499 7490
7500 7491
7501 7492
7502 7493
7503 7494
7504 7496
7505 7497
7506 7498
7507 7499
7508 7500
7509 7501
7510 7502
7511 7503
7512 7504
7513 7505
7514 7506
7515 7507
7516 7508
7517 7509
7518 7510
7519 7512
7520 7511
7521 7513
7522 7514
7523 7515
7524 7516
7525 7517
7526 7518
7527 7520
7528 7519
7529 7521
7530 7522
7531 7523
7532 7524
7533 7525
7534 7526
7535 7527
7536 7528
7537 7529
7538 7530
7539 7531
7540 7532
7541 7533
7542 7534
7543 7535
7544 7537
7545 7536
7546 7538
7547 7539
7548 7540
7549 7541
7550 7542
7551 7543
7552 7544
7553 7545
7554 7546
7555 7547
7556 7548
7557 7549
7558 7550
7559 7551
7560 7552
7561 7553
7562 7554
7563 7555
7564 7556
7565 7557
7566 7558
7567 7559
7568 7560
7569 7561
7570 7562
7571 7563
7572 7564
7573 7565
7574 7566
7575 7567
7576 7568
7577 7569
7578 7570
7579 7571
7580 7573
7581 7572
7582 7574
7583 7575
7584 7576
7585 7577
7586 7578
7587 7579
7588 7580
7589 7581
7590 7582
7591 7583
7592 7585
7593 7584
7594 7586
7595 7587
7596 7588
7597 7589
7598 7590
7599 7591
7600 7592
7601 7593
7602 7594
7603 7595
7604 7596
7605 7597
7606 7598
7607 7599
7608 7600
7609 7601
7610 7602
7611 7603
7612 7604
7613 7605
7614 7606
7615 7607
7616 7608
7617 7609
7618 7610
7619 7611
7620 7612
7621 7613
7622 7614
7623 7615
7624 7616
7625 7617
7626 7618
7627 7619
7628 7620
7629 7621
7630 7622
7631 7623
7632 7624
7633 7625
7634 7626
7635 7627
7636 7628
7637 7629
7638 7630
7639 7631
7640 7632
7641 7634
7642 7633
7643 7635
7644 7637
7645 7638
7646 7639
7647 7640
7648 7641
7649 7642
7650 7643
7651 7645
7652 7646
7653 7647
7654 7648
7655 7649
7656 7650
7657 7651
7658 7652
7659 7653
7660 7654
7661 7655
7662 7656
7663 7658
7664 7657
7665 7659
7666 7660
7667 7661
7668 7662
7669 7663
7670 7664
7671 7665
7672 7666
7673 7667
7674 7668
7675 7669
7676 7670
7677 7671
7678 7672
7679 7941
7680 7673
7681 7674
7682 7676
7683 7675
7684 7677
7685 7678
7686 7679
7687 7680
7688 7681
7689 7682
7690 7683
7691 7684
7692 7685
7693 7686
7694 8126
7695 7688
7696 7689
7697 7690
7698 7691
7699 7692
7700 7693
7701 7694
7702 7695
7703 7696
7704 7697
7705 7698
7706 7699
7707 7700
7708 7701
7709 7702
7710 7703
7711 7704
7712 7705
7713 7706
7714 7707
7715 7708
7716 7709
7717 7710
7718 7711
7719 7712
7720 7713
7721 7714
7722 7715
7723 7716
7724 7717
7725 7718
7726 7719
7727 7720
7728 7721
7729 7722
7730 7723
7731 7724
7732 7726
7733 7725
7734 7727
7735 7728
7736 7729
7737 7730
7738 7731
7739 7732
7740 7733
7741 7734
7742 7735
7743 7736
7744 7737
7745 7738
7746 7739
7747 7740
7748 7743
7749 7744
7750 7745
7751 7746
7752 7747
7753 7748
7754 7749
7755 7750
7756 7751
7757 7753
7758 7755
7759 7754
7760 7752
7761 7756
7762 7757
7763 7758
7764 7759
7765 7760
7766 7761
7767 7762
7768 7763
7769 7764
7770 7765
7771 7766
7772 7767
7773 7768
7774 7769
7775 7770
7776 7771
7777 7772
7778 7773
7779 7774
7780 7775
7781 7776
7782 7777
7783 7778
7784 7779
7785 7780
7786 7781
7787 7782
7788 7783
7789 7784
7790 7785
7791 7786
7792 7787
7793 7789
7794 7788
7795 7791
7796 7790
7797 7792
7798 7793
7799 7794
7800 7795
7801 7796
7802 7797
7803 7798
7804 7799
7805 7800
7806 7801
7807 7802
7808 7803
7809 7804
7810 7805
7811 7806
7812 7807
7813 7808
7814 7809
7815 7810
7816 7811
7817 7812
7818 7813
7819 7814
7820 7815
7821 7816
7822 7817
7823 7818
7824 7819
7825 7820
7826 7821
7827 7822
7828 7823
7829 7824
7830 7825
7831 7826
7832 7827
7833 7828
7834 7829
7835 7830
7836 7831
7837 7832
7838 7833
7839 7834
7840 7835
7841 7836
7842 7837
7843 7838
7844 7839
7845 7840
7846 7841
7847 7842
7848 7843
7849 7844
7850 7845
7851 7846
7852 7847
7853 7848
7854 7849
7855 7850
7856 7852
7857 7854
7858 7853
7859 7855
7860 7856
7861 7857
7862 7858
7863 7859
7864 7860
7865 7861
7866 7862
7867 7863
7868 7864
7869 7865
7870 7866
7871 7867
7872 7868
7873 7869
7874 7870
7875 7871
7876 7872
7877 7873
7878 7874
7879 7875
7880 7876
7881 7877
7882 7878
7883 7879
7884 7880
7885 7881
7886 7882
7887 7883
7888 7884
7889 7885
7890 7886
7891 7887
7892 7888
7893 7889
7894 7890
7895 7891
7896 7892
7897 7893
7898 7894
7899 7895
7900 7896
7901 7897
7902 7898
7903 7899
7904 7900
7905 7901
7906 7902
7907 7903
7908 7904
7909 7905
7910 7907
7911 7906
7912 7908
7913 7909
7914 7910
7915 7911
7916 7912
7917 7913
7918 7914
7919 7915
7920 7916
7921 7917
7922 7918
7923 7919
7924 7920
7925 7921
7926 7922
7927 7923
7928 7924
7929 7925
7930 7926
7931 7927
7932 7928
7933 7929
7934 7930
7935 7931
7936 7932
7937 7933
7938 7934
7939 7935
7940 7936
7941 7937
7942 7938
7943 7939
7944 7940
7945 7942
7946 7943
7947 7944
7948 7945
7949 7946
7950 7947
7951 7948
7952 7949
7953 7950
7954 7951
7955 7952
7956 7953
7957 7954
7958 7955
7959 7956
7960 7957
7961 7958
7962 7959
7963 7960
7964 7961
7965 7962
7966 7963
7967 7964
7968 7965
7969 7966
7970 7967
7971 7968
7972 7969
7973 7970
7974 7971
7975 7972
7976 7973
7977 7974
7978 7975
7979 7976
7980 7977
7981 7978
7982 7979
7983 7980
7984 7981
7985 7982
7986 7983
7987 7984
7988 7985
7989 7986
7990 7987
7991 7988
7992 7989
7993 7990
7994 7991
7995 7992
7996 7993
7997 7994
7998 7995
7999 7996
8000 7997
8001 7998
8002 7999
8003 8000
8004 8001
8005 8002
8006 8003
8007 8004
8008 8005
8009 8006
8010 8007
8011 8008
8012 8009
8013 8010
8014 8011
8015 8012
8016 8013
8017 8014
8018 8015
8019 8016
8020 8017
8021 8018
8022 8019
8023 8020
8024 8021
8025 8022
8026 8023
8027 8024
8028 8025
8029 8026
8030 8027
8031 8028
8032 8029
8033 8030
8034 8031
8035 8032
8036 8033
8037 8034
8038 8035
8039 8036
8040 8037
8041 8038
8042 8039
8043 8040
8044 8041
8045 8042
8046 8043
8047 8044
8048 8045
8049 8046
8050 8047
8051 8048
8052 8049
8053 8050
8054 8051
8055 8052
8056 8053
8057 8054
8058 8055
8059 8056
8060 8058
8061 8057
8062 8059
8063 8060
8064 8061
8065 8062
8066 8063
8067 8064
8068 8065
8069 8066
8070 8067
8071 8068
8072 8069
8073 8070
8074 8071
8075 8072
8076 8073
8077 8074
8078 8075
8079 8076
8080 8077
8081 8078
8082 8079
8083 8080
8084 8081
8085 8082
8086 8083
8087 8084
8088 8085
8089 8086
8090 8087
8091 8089
8092 8088
8093 8090
8094 8091
8095 8092
8096 8093
8097 8094
8098 8095
8099 8096
8100 8097
8101 8098
8102 8099
8103 8100
8104 8101
8105 8102
8106 8103
8107 8104
8108 8105
8109 8106
8110 8107
8111 8108
8112 8109
8113 8110
8114 8111
8115 8112
8116 8113
8117 8114
8118 8115
8119 8116
8120 8118
8121 8117
8122 8119
8123 8120
8124 8121
8125 8122
8126 8123
8127 8124
8128 8125
8129 8127
8130 8128
8131 8129
8132 8130
8133 8131
8134 8132
8135 8133
8136 8134
8137 8135
8138 8136
8139 8137
8140 8138
8141 8139
8142 8140
8143 8141
8144 8142
8145 8143
8146 8144
8147 8145
8148 8147
8149 8146
8150 8148
8151 8149
8152 8151
8153 8152
8154 8153
8155 8154
8156 8156
8157 8155
8158 8157
8159 8158
8160 8159
8161 8160
8162 8161
8163 8162
8164 8163
8165 8164
8166 8165
8167 8166
8168 8167
8169 8168
8170 8169
8171 8171
8172 8170
8173 8172
8174 8173
8175 8174
8176 8176
8177 8175
8178 8177
8179 8178
8180 8179
8181 8180
8182 8181
8183 8182
8184 8183
8185 8184
8186 8185
8187 8186
8188 8187
8189 8188
8190 8189
8191 8190
8192 8191
8193 8192
8194 8193
8195 8194
8196 8195
8197 8196
8198 8197
8199 8198
8200 8199
8201 8200
8202 8201
8203 8202
8204 8203
8205 8204
8206 8205
8207 8206
8208 8207
8209 8208
8210 8209
8211 8210
8212 8211
8213 8212
8214 8213
8215 8215
8216 8214
8217 8216
8218 8218
8219 8217
8220 8219
8221 8220
8222 8221
8223 8222
8224 8223
8225 8224
8226 8225
8227 8226
8228 8227
8229 8228
8230 8229
8231 8230
8232 8231
8233 8232
8234 8233
8235 8234
8236 8235
8237 8239
8238 8238
8239 8237
8240 8236
8241 8240
8242 8241
8243 8242
8244 8243
8245 8244
8246 8245
8247 8246
8248 8247
8249 8248
8250 8249
8251 8250
8252 8251
8253 8252
8254 8253
8255 8254
8256 8255
8257 8256
8258 8258
8259 8257
8260 8259
8261 8260
8262 8261
8263 8262
8264 8263
8265 8264
8266 8265
8267 8266
8268 8267
8269 8268
8270 8269
8271 8270
8272 8271
8273 8272
8274 8273
8275 8274
8276 8275
8277 8276
8278 8277
8279 8278
8280 8279
8281 8280
8282 8281
8283 8282
8284 8283
8285 8284
8286 8285
8287 8286
8288 8287
8289 8288
8290 8289
8291 8290
8292 8291
8293 8292
8294 8293
8295 8294
8296 8295
8297 8297
8298 8298
8299 8296
8300 8299
8301 8300
8302 8301
8303 8302
8304 8303
8305 8304
8306 8305
8307 8306
8308 8307
8309 8308
8310 8309
8311 8310
8312 8311
8313 8312
8314 8313
8315 8314
8316 8315
8317 8316
8318 8317
8319 8318
8320 8319
8321 8320
8322 8321
8323 8322
8324 8323
8325 8324
8326 8325
8327 8326
8328 8327
8329 8328
8330 8329
8331 8330
8332 8331
8333 8332
8334 8333
8335 8334
8336 8335
8337 8336
8338 8337
8339 8338
8340 8339
8341 8340
8342 8341
8343 8342
8344 8343
8345 8344
8346 8345
8347 8346
8348 8347
8349 8348
8350 8349
8351 8350
8352 8351
8353 8352
8354 8353
8355 8354
8356 8355
8357 8356
8358 8357
8359 8358
8360 8359
8361 8360
8362 8361
8363 8363
8364 8362
8365 8364
8366 8365
8367 8366
8368 8367
8369 8368
8370 8369
8371 8370
8372 8371
8373 8373
8374 8372
8375 8374
8376 8375
8377 8376
8378 8377
8379 8378
8380 8379
8381 8380
8382 8381
8383 8382
8384 8383
8385 8384
8386 8385
8387 8386
8388 8387
8389 8388
8390 8389
8391 8390
8392 8391
8393 8392
8394 8393
8395 8394
8396 8395
8397 8396
8398 8397
8399 8398
8400 8399
8401 8400
8402 8401
8403 8402
8404 8403
8405 8404
8406 8405
8407 8406
8408 8407
8409 8408
8410 8409
8411 8410
8412 8411
8413 8412
8414 8413
8415 8414
8416 8415
8417 8416
8418 8417
8419 8418
8420 8419
8421 8420
8422 8421
8423 8422
8424 8423
8425 8424
8426 8425
8427 8426
8428 8427
8429 8428
8430 8429
8431 8430
8432 8431
8433 8432
8434 8433
8435 8434
8436 8435
8437 8436
8438 8437
8439 8438
8440 8439
8441 8440
8442 8441
8443 8442
8444 8443
8445 8444
8446 8445
8447 8446
8448 8447
8449 8448
8450 8449
8451 8450
8452 8451
8453 8452
8454 8453
8455 8454
8456 8455
8457 8456
8458 8457
8459 8458
8460 8459
8461 8460
8462 8461
8463 8462
8464 8463
8465 8464
8466 8465
8467 8467
8468 8469
8469 8468
8470 8466
8471 8470
8472 8471
8473 8472
8474 8473
8475 8474
8476 8475
8477 8476
8478 8478
8479 8477
8480 8479
8481 8480
8482 8481
8483 8482
8484 8483
8485 8484
8486 8485
8487 8486
8488 8487
8489 8488
8490 8489
8491 8490
8492 8491
8493 8492
8494 8493
8495 8494
8496 8495
8497 8496
8498 8497
8499 8498
8500 8499
8501 8500
8502 8501
8503 8502
8504 8503
8505 8505
8506 8504
8507 8506
8508 8507
8509 8508
8510 8509
8511 8510
8512 8511
8513 8512
8514 8513
8515 8514
8516 8515
8517 8516
8518 8517
8519 8518
8520 8519
8521 8520
8522 8521
8523 8522
8524 8523
8525 8524
8526 8525
8527 8526
8528 8527
8529 8528
8530 8529
8531 8530
8532 8531
8533 8532
8534 8533
8535 8534
8536 8535
8537 8536
8538 8537
8539 8538
8540 8539
8541 8540
8542 8541
8543 8542
8544 8543
8545 8544
8546 8545
8547 8546
8548 8547
8549 8548
8550 8549
8551 8550
8552 8551
8553 8552
8554 8553
8555 8554
8556 8555
8557 8556
8558 8557
8559 8558
8560 8559
8561 8560
8562 8561
8563 8562
8564 8563
8565 8564
8566 8565
8567 8566
8568 8567
8569 8568
8570 8569
8571 8570
8572 8571
8573 8572
8574 8573
8575 8574
8576 8575
8577 8576
8578 8577
8579 8578
8580 8579
8581 8580
8582 8581
8583 8582
8584 8583
8585 8584
8586 8585
8587 8586
8588 8587
8589 8588
8590 8589
8591 8590
8592 8591
8593 8592
8594 8593
8595 8594
8596 8595
8597 8596
8598 8597
8599 8598
8600 8599
8601 8600
8602 8601
8603 8602
8604 8603
8605 8605
8606 8604
8607 8606
8608 8967
8609 8607
8610 8608
8611 8609
8612 8610
8613 8611
8614 8612
8615 8613
8616 8614
8617 8615
8618 8616
8619 8617
8620 8618
8621 8619
8622 8620
8623 8621
8624 8622
8625 8623
8626 8624
8627 8626
8628 8625
8629 8627
8630 8628
8631 8629
8632 8630
8633 8631
8634 8632
8635 8633
8636 8634
8637 8635
8638 8636
8639 8637
8640 8638
8641 8639
8642 8640
8643 8641
8644 8642
8645 8643
8646 8644
8647 8645
8648 8646
8649 8647
8650 8648
8651 8649
8652 8650
8653 8651
8654 8652
8655 8653
8656 8654
8657 8655
8658 8657
8659 8656
8660 8658
8661 8659
8662 8660
8663 8661
8664 8662
8665 8663
8666 8664
8667 8665
8668 8666
8669 8667
8670 8668
8671 8669
8672 8670
8673 8671
8674 8672
8675 8673
8676 8674
8677 8675
8678 8676
8679 8677
8680 8678
8681 8679
8682 8680
8683 8681
8684 8682
8685 8683
8686 8684
8687 8685
8688 8686
8689 8687
8690 8688
8691 8689
8692 8690
8693 8691
8694 8693
8695 8695
8696 8694
8697 8692
8698 8696
8699 8697
8700 8698
8701 8699
8702 8700
8703 8701
8704 8702
8705 8703
8706 8704
8707 8705
8708 8706
8709 8707
8710 8708
8711 8709
8712 8710
8713 8711
8714 8712
8715 8713
8716 8714
8717 8715
8718 8716
8719 8717
8720 8718
8721 8719
8722 8720
8723 8721
8724 8722
8725 8723
8726 8724
8727 8725
8728 8726
8729 8727
8730 8728
8731 8729
8732 8730
8733 8731
8734 8732
8735 8733
8736 8734
8737 8735
8738 8736
8739 8737
8740 8738
8741 8739
8742 8740
8743 8741
8744 8742
8745 8743
8746 8744
8747 8745
8748 8746
8749 8747
8750 8748
8751 8749
8752 8750
8753 8751
8754 8752
8755 8753
8756 8754
8757 8755
8758 8756
8759 8757
8760 8758
8761 8759
8762 8760
8763 8761
8764 8762
8765 8763
8766 8764
8767 8765
8768 8766
8769 8767
8770 8768
8771 8769
8772 8770
8773 8771
8774 8772
8775 8773
8776 8774
8777 8775
8778 8776
8779 8777
8780 8778
8781 8779
8782 8780
8783 8781
8784 8782
8785 8783
8786 8784
8787 8785
8788 8786
8789 8787
8790 8788
8791 8789
8792 8790
8793 8791
8794 8792
8795 8793
8796 8794
8797 8795
8798 8796
8799 8797
8800 8798
8801 8799
8802 8800
8803 8801
8804 8802
8805 8803
8806 8804
8807 8805
8808 8806
8809 8807
8810 8808
8811 8809
8812 8810
8813 8811
8814 8812
8815 8813
8816 8814
8817 8815
8818 8816
8819 8817
8820 8818
8821 8819
8822 8820
8823 8821
8824 8822
8825 8823
8826 8824
8827 8825
8828 8827
8829 8828
8830 8829
8831 8830
8832 8831
8833 8832
8834 8833
8835 8834
8836 8835
8837 8836
8838 8837
8839 8838
8840 8839
8841 8840
8842 8841
8843 8842
8844 8843
8845 8844
8846 8845
8847 8846
8848 8847
8849 8849
8850 8848
8851 8850
8852 8851
8853 8852
8854 8853
8855 8854
8856 8855
8857 8856
8858 8857
8859 8858
8860 8859
8861 8860
8862 8861
8863 8862
8864 8863
8865 8864
8866 8865
8867 8866
8868 8867
8869 8868
8870 8869
8871 8870
8872 8871
8873 8872
8874 8873
8875 8874
8876 8875
8877 8876
8878 8877
8879 8878
8880 8879
8881 8880
8882 8881
8883 8882
8884 8883
8885 8884
8886 8885
8887 8886
8888 8887
8889 8888
8890 8889
8891 8890
8892 8891
8893 8892
8894 8893
8895 8894
8896 8895
8897 8896
8898 8897
8899 8898
8900 8899
8901 8900
8902 8901
8903 8902
8904 8903
8905 8904
8906 8905
8907 8906
8908 8907
8909 8908
8910 8909
8911 8910
8912 8911
8913 8912
8914 8913
8915 8914
8916 8915
8917 8916
8918 8917
8919 8918
8920 8919
8921 8920
8922 8922
8923 8921
8924 8923
8925 8924
8926 8925
8927 8926
8928 8927
8929 8928
8930 8929
8931 8930
8932 8931
8933 8932
8934 8933
8935 8934
8936 8935
8937 8936
8938 8937
8939 8938
8940 8939
8941 8940
8942 8941
8943 8942
8944 8943
8945 8944
8946 8945
8947 8946
8948 8947
8949 8948
8950 8949
8951 8950
8952 8951
8953 8952
8954 8953
8955 8954
8956 8955
8957 8956
8958 8957
8959 8958
8960 8959
8961 8960
8962 8961
8963 8962
8964 8963
8965 8964
8966 8965
8967 8966
8968 8968
8969 8969
8970 8970
8971 8971
8972 8972
8973 8973
8974 8974
8975 8975
8976 8976
8977 8977
8978 8978
8979 8979
8980 8980
8981 8981
8982 8982
8983 8983
8984 8984
8985 8985
8986 8986
8987 8987
8988 8988
8989 8989
8990 8990
8991 8991
8992 8992
8993 8993
8994 8994
8995 8995
8996 8996
8997 8997
8998 8998
8999 8999
9000 9000
9001 9001
9002 9002
9003 9003
9004 9004
9005 9005
9006 9006
9007 9007
9008 9008
9009 9009
9010 9010
9011 9011
9012 9012
9013 9013
9014 9014
9015 9015
9016 9016
9017 9017
9018 9018
9019 9019
9020 9020
9021 9029
9022 9028
9023 9027
9024 9026
9025 9025
9026 9024
9027 9023
9028 9022
9029 9021
9030 9031
9031 9030
9032 9032
9033 9033
9034 9034
9035 9035
9036 9036
9037 9037
9038 9038
9039 9039
9040 9040
9041 9041
9042 9042
9043 9043
9044 9044
9045 9045
9046 9046
9047 9047
9048 9048
9049 9049
9050 9050
9051 9051
9052 9052
9053 9053
9054 9054
9055 9055
9056 9056
9057 9057
9058 9058
9059 9059
9060 9060
9061 9061
9062 9062
9063 9063
9064 9064
9065 9065
9066 9066
9067 9067
9068 9068
9069 9069
9070 9070
9071 9071
9072 9072
9073 9073
9074 9074
9075 9075
9076 9076
9077 9077
9078 9078
9079 9079
9080 9080
9081 9081
9082 9082
9083 9083
9084 9084
9085 9085
9086 9086
9087 9087
9088 9088
9089 9089
9090 9090
9091 9091
9092 9092
9093 9093
9094 9094
9095 9095
9096 9096
9097 9097
9098 9098
9099 9099
9100 9100
9101 9101
9102 9102
9103 9103
9104 9104
9105 9105
9106 9107
9107 9108
9108 9106
9109 9109
9110 9110
9111 9111
9112 9112
9113 9113
9114 9114
9115 9115
9116 9116
9117 9117
9118 9118
9119 9119
9120 9120
9121 9121
9122 9122
9123 9124
9124 9125
9125 9123
9126 9126
9127 9127
9128 9128
9129 9129
9130 9130
9131 9131
9132 9132
9133 9133
9134 9134
9135 9135
9136 9136
9137 9137
9138 9138
9139 9139
9140 9140
9141 9141
9142 9142
9143 9143
9144 9144
9145 9145
9146 9146
9147 9147
9148 9148
9149 9149
9150 9150
9151 9151
9152 9152
9153 9153
9154 9154
9155 9155
9156 9156
9157 9157
9158 9158
9159 9159
9160 9160
9161 9161
9162 9162
9163 9163
9164 9164
9165 9165
9166 9166
9167 9167
9168 9168
9169 9169
9170 9170
9171 9171
9172 9172
9173 9173
9174 9174
9175 9175
9176 9176
9177 9177
9178 9178
9179 9179
9180 9180
9181 9181
9182 9182
9183 9183
9184 9184
9185 9185
9186 9186
9187 9187
9188 9188
9189 9189
9190 9190
9191 9191
9192 9192
9193 9193
9194 9194
9195 9195
9196 9196
9197 9197
9198 9198
9199 9199
9200 9200
9201 9201
9202 9202
9203 9203
9204 9204
9205 9205
9206 9206
9207 9207
9208 9208
9209 9209
9210 9210
9211 9211
9212 9212
9213 9213
9214 9214
9215 9215
9216 9216
9217 9217
9218 9218
9219 9219
9220 9220
9221 9221
9222 9222
9223 9223
9224 9224
9225 9225
9226 9226
9227 9227
9228 9228
9229 9229
9230 9230
9231 9231
9232 9232
9233 9233
9234 9234
9235 9235
9236 9236
9237 9237
9238 9238
9239 9239
9240 9240
9241 9241
9242 9242
9243 9243
9244 9244
9245 9245
9246 9246
9247 9247
9248 9248
9249 9249
9250 9250
9251 9252
9252 9251
9253 9253
9254 9261
9255 9260
9256 9259
9257 9258
9258 9257
9259 9256
9260 9255
9261 9254
9262 9262
9263 9263
9264 9264
9265 9265
9266 9266
9267 9267
9268 9268
9269 9269
9270 9270
9271 9271
9272 9272
9273 9273
9274 9274
9275 9275
9276 9276
9277 9277
9278 9278
9279 9279
9280 9280
9281 9281
9282 9282
9283 9283
9284 9284
9285 9285
9286 9286
9287 9287
9288 9288
9289 9289
9290 9290
9291 9291
9292 9292
9293 9293
9294 9294
9295 9295
9296 9296
9297 9297
9298 9298
9299 9299
9300 9300
9301 9301
9302 9302
9303 9303
9304 9304
9305 9305
9306 9306
9307 9307
9308 9308
9309 9309
9310 9310
9311 9311
9312 9312
9313 9313
9314 9314
9315 9315
9316 9316
9317 9317
9318 9318
9319 9319
9320 9320
9321 9321
9322 9322
9323 9323
9324 9324
9325 9325
9326 9326
9327 9327
9328 9328
9329 9329
9330 9330
9331 9331
9332 9332
9333 9333
9334 9334
9335 9335
9336 9336
9337 9337
9338 9339
9339 9338
9340 9340
9341 9341
9342 9342
9343 9343
9344 9344
9345 9345
9346 9346
9347 9347
9348 9348
9349 9349
9350 9350
9351 9351
9352 9352
9353 9353
9354 9354
9355 9355
9356 9356
9357 9357
9358 9358
9359 9359
9360 9360
9361 9361
9362 9362
9363 9363
9364 9364
9365 9365
9366 9366
9367 9367
9368 9368
9369 9369
9370 9370
9371 9371
9372 9372
9373 9373
9374 9374
9375 9375
9376 9376
9377 9377
9378 9378
9379 9380
9380 9379
9381 9381
9382 9382
9383 9383
9384 9384
9385 9385
9386 9386
9387 9387
9388 9388
9389 9389
9390 9390
9391 9392
9392 9391
9393 9393
9394 9394
9395 9395
9396 9396
9397 9397
9398 9398
9399 9399
9400 9400
9401 9401
9402 9403
9403 9402
9404 9404
9405 9405
9406 9406
9407 9407
9408 9408
9409 9409
9410 9410
9411 9411
9412 9412
9413 9413
9414 9414
9415 9415
9416 9416
9417 9417
9418 9418
9419 9419
9420 9420
9421 9421
9422 9422
9423 9423
9424 9424
9425 9425
9426 9426
9427 9427
9428 9428
9429 9429
9430 9430
9431 9431
9432 9432
9433 9433
9434 9434
9435 9435
9436 9436
9437 9437
9438 9438
9439 9439
9440 9440
9441 9441
9442 9442
9443 9443
9444 9444
9445 9445
9446 9446
9447 9447
9448 9448
9449 9449
9450 9450
9451 9451
9452 9452
9453 9454
9454 9453
9455 9455
9456 9456
9457 9457
9458 9458
9459 9459
9460 9460
9461 9461
9462 9462
9463 9463
9464 9464
9465 9465
9466 9466
9467 9467
9468 9468
9469 9469
9470 9470
9471 9471
9472 9472
9473 9473
9474 9474
9475 9475
9476 9476
9477 9477
9478 9478
9479 9479
9480 9480
9481 9481
9482 9482
9483 9483
9484 9484
9485 9485
9486 9486
9487 9487
9488 9488
9489 9489
9490 9490
9491 9491
9492 9492
9493 9493
9494 9494
9495 9495
9496 9496
9497 9497
9498 9498
9499 9499
9500 9500
9501 9501
9502 9502
9503 9503
9504 9504
9505 9505
9506 9506
9507 9507
9508 9508
9509 9509
9510 9510
9511 9511
9512 9512
9513 9513
9514 9514
9515 9515
9516 9516
9517 9517
9518 9518
9519 9519
9520 9520
9521 9521
9522 9522
9523 9523
9524 9524
9525 9525
9526 9526
9527 9527
9528 9528
9529 9529
9530 9530
9531 9531
9532 9532
9533 9533
9534 9534
9535 9535
9536 9536
9537 9537
9538 9538
9539 9539
9540 9540
9541 9541
9542 9542
9543 9543
9544 9544
9545 9545
9546 9546
9547 9547
9548 9548
9549 9549
9550 9550
9551 9551
9552 9552
9553 9553
9554 9554
9555 9555
9556 9556
9557 9557
9558 9558
9559 9559
9560 9560
9561 9561
9562 9562
9563 9563
9564 9564
9565 9565
9566 9566
9567 9567
9568 9568
9569 9569
9570 9570
9571 9571
9572 9573
9573 9572
9574 9574
9575 9575
9576 9576
9577 9577
9578 9578
9579 9579
9580 9580
9581 9581
9582 9582
9583 9583
9584 9584
9585 9585
9586 9586
9587 9587
9588 9588
9589 9589
9590 9590
9591 9591
9592 9592
9593 9593
9594 9594
9595 9595
9596 9596
9597 9597
9598 9598
9599 9599
9600 9600
9601 9601
9602 9602
9603 9603
9604 9604
9605 9605
9606 9606
9607 9607
9608 9608
9609 9609
9610 9610
9611 9611
9612 9612
9613 9613
9614 9614
9615 9615
9616 9616
9617 9617
9618 9618
9619 9619
9620 9620
9621 9621
9622 9622
9623 9623
9624 9624
9625 9625
9626 9626
9627 9627
9628 9628
9629 9629
9630 9630
9631 9631
9632 9632
9633 9633
9634 9634
9635 9635
9636 9636
9637 9637
9638 9638
9639 9639
9640 9640
9641 9641
9642 9642
9643 9643
9644 9644
9645 9645
9646 9646
9647 9647
9648 9648
9649 9649
9650 9650
9651 9651
9652 9652
9653 9653
9654 9654
9655 9655
9656 9656
9657 9657
9658 9658
9659 9659
9660 9660
9661 9661
9662 9662
9663 9663
9664 9664
9665 9665
9666 9666
9667 9667
9668 9668
9669 9669
9670 9670
9671 9671
