0 0
1 1
2 2
3 3
4 4
5 6
6 5
7 162
8 77
9 7
10 11
11 10
12 9
13 8
14 12
15 13
16 14
17 15
18 16
19 18
20 17
21 19
22 20
23 21
24 22
25 23
26 65
27 24
28 25
29 1374
30 703
31 26
32 27
33 28
34 29
35 30
36 31
37 32
38 33
39 34
40 36
41 35
42 37
43 38
44 39
45 40
46 41
47 42
48 7578
49 7577
50 7575
51 1010
52 45
53 44
54 43
55 46
56 47
57 48
58 50
59 49
60 52
61 51
62 63
63 62
64 61
65 60
66 59
67 58
68 57
69 56
70 55
71 54
72 53
73 64
74 66
75 67
76 4282
77 68
78 69
79 70
80 71
81 72
82 73
83 74
84 75
85 76
86 78
87 79
88 80
89 81
90 82
91 83
92 145
93 144
94 84
95 86
96 85
97 225
98 87
99 88
100 89
101 90
102 91
103 92
104 93
105 94
106 97
107 96
108 95
109 293
110 267
111 98
112 99
113 100
114 101
115 102
116 103
117 104
118 105
119 106
120 107
121 108
122 109
123 110
124 111
125 112
126 711
127 113
128 114
129 115
130 116
131 117
132 118
133 119
134 120
135 121
136 122
137 123
138 124
139 125
140 126
141 127
142 128
143 129
144 130
145 131
146 134
147 133
148 132
149 135
150 136
151 137
152 138
153 139
154 140
155 141
156 142
157 143
158 146
159 147
160 148
161 149
162 151
163 150
164 152
165 153
166 154
167 155
168 156
169 157
170 158
171 8672
172 8671
173 8670
174 8669
175 8668
176 8667
177 8666
178 7656
179 7294
180 6809
181 5783
182 5776
183 5560
184 4030
185 2818
186 2385
187 1775
188 1260
189 1128
190 460
191 344
192 323
193 204
194 159
195 160
196 161
197 163
198 164
199 166
200 165
201 167
202 168
203 169
204 170
205 171
206 172
207 173
208 2865
209 174
210 175
211 181
212 180
213 179
214 178
215 177
216 176
217 182
218 183
219 184
220 185
221 186
222 187
223 188
224 189
225 191
226 190
227 192
228 193
229 203
230 202
231 201
232 200
233 199
234 198
235 197
236 196
237 195
238 194
239 205
240 206
241 207
242 208
243 209
244 210
245 211
246 212
247 213
248 214
249 215
250 216
251 217
252 218
253 219
254 220
255 221
256 222
257 223
258 224
259 520
260 226
261 227
262 229
263 228
264 230
265 231
266 232
267 233
268 234
269 2814
270 275
271 235
272 236
273 237
274 238
275 239
276 240
277 241
278 242
279 243
280 244
281 246
282 245
283 247
284 248
285 249
286 250
287 251
288 252
289 253
290 254
291 255
292 257
293 256
294 258
295 259
296 260
297 261
298 262
299 263
300 264
301 265
302 266
303 268
304 269
305 271
306 270
307 272
308 273
309 274
310 276
311 7780
312 6630
313 4680
314 3670
315 3669
316 3398
317 2370
318 1597
319 298
320 277
321 279
322 278
323 280
324 281
325 1084
326 282
327 283
328 284
329 285
330 286
331 287
332 288
333 289
334 290
335 291
336 292
337 294
338 295
339 296
340 8536
341 1508
342 297
343 299
344 300
345 301
346 302
347 303
348 304
349 305
350 306
351 307
352 308
353 309
354 310
355 311
356 312
357 313
358 314
359 315
360 316
361 317
362 318
363 319
364 320
365 1682
366 1660
367 321
368 322
369 9527
370 6942
371 6941
372 6940
373 2821
374 2788
375 1249
376 1138
377 324
378 325
379 326
380 327
381 328
382 329
383 330
384 331
385 332
386 333
387 334
388 335
389 336
390 337
391 338
392 339
393 340
394 341
395 342
396 343
397 345
398 346
399 347
400 348
401 349
402 350
403 351
404 353
405 352
406 354
407 355
408 356
409 357
410 358
411 8788
412 804
413 694
414 359
415 360
416 361
417 362
418 363
419 364
420 365
421 366
422 367
423 368
424 369
425 370
426 371
427 372
428 373
429 374
430 376
431 375
432 8726
433 1137
434 1136
435 377
436 378
437 379
438 380
439 381
440 382
441 383
442 384
443 385
444 386
445 387
446 388
447 389
448 390
449 391
450 392
451 393
452 394
453 395
454 397
455 396
456 398
457 399
458 400
459 401
460 402
461 403
462 404
463 405
464 406
465 407
466 1745
467 408
468 409
469 410
470 411
471 412
472 413
473 414
474 415
475 416
476 417
477 418
478 419
479 420
480 421
481 422
482 5719
483 3202
484 2565
485 1859
486 596
487 423
488 424
489 425
490 426
491 427
492 428
493 429
494 430
495 4847
496 431
497 432
498 433
499 434
500 435
501 436
502 437
503 438
504 440
505 439
506 441
507 442
508 443
509 444
510 445
511 446
512 447
513 448
514 449
515 450
516 451
517 452
518 453
519 454
520 455
521 456
522 457
523 458
524 459
525 461
526 462
527 463
528 464
529 465
530 466
531 467
532 468
533 469
534 470
535 471
536 472
537 473
538 474
539 475
540 476
541 477
542 478
543 479
544 480
545 481
546 482
547 483
548 484
549 487
550 486
551 485
552 488
553 489
554 490
555 492
556 491
557 493
558 494
559 495
560 496
561 3767
562 497
563 498
564 499
565 500
566 501
567 502
568 503
569 504
570 506
571 505
572 507
573 4600
574 508
575 509
576 510
577 511
578 512
579 513
580 515
581 514
582 8789
583 8787
584 8587
585 8157
586 8156
587 8155
588 8154
589 7301
590 6856
591 5425
592 4000
593 2718
594 940
595 4470
596 516
597 517
598 518
599 519
600 521
601 522
602 523
603 524
604 525
605 526
606 527
607 528
608 529
609 530
610 531
611 532
612 533
613 534
614 535
615 536
616 537
617 538
618 539
619 542
620 541
621 540
622 543
623 544
624 545
625 3986
626 621
627 546
628 547
629 548
630 549
631 551
632 550
633 552
634 553
635 554
636 555
637 556
638 557
639 558
640 559
641 560
642 561
643 562
644 563
645 564
646 565
647 566
648 567
649 568
650 569
651 570
652 571
653 572
654 573
655 574
656 575
657 576
658 578
659 577
660 8973
661 8972
662 8887
663 8776
664 7140
665 4765
666 4636
667 4261
668 2679
669 1352
670 1170
671 4692
672 2082
673 579
674 580
675 581
676 3711
677 3710
678 3709
679 582
680 583
681 584
682 585
683 586
684 587
685 588
686 589
687 590
688 591
689 592
690 593
691 594
692 595
693 597
694 598
695 599
696 600
697 601
698 602
699 603
700 604
701 605
702 606
703 607
704 608
705 609
706 610
707 611
708 612
709 613
710 614
711 615
712 616
713 617
714 618
715 3913
716 619
717 620
718 622
719 623
720 624
721 625
722 626
723 627
724 628
725 631
726 630
727 629
728 4860
729 4422
730 4421
731 4239
732 2378
733 2112
734 2111
735 1874
736 945
737 632
738 633
739 634
740 635
741 636
742 637
743 638
744 639
745 640
746 641
747 642
748 643
749 644
750 645
751 7521
752 1059
753 646
754 647
755 652
756 651
757 650
758 649
759 648
760 4891
761 653
762 654
763 655
764 656
765 657
766 658
767 659
768 660
769 661
770 662
771 663
772 664
773 665
774 666
775 667
776 668
777 669
778 670
779 671
780 672
781 673
782 674
783 676
784 675
785 677
786 678
787 679
788 680
789 681
790 682
791 683
792 684
793 685
794 686
795 690
796 689
797 688
798 687
799 691
800 692
801 693
802 695
803 696
804 697
805 698
806 700
807 699
808 701
809 702
810 3885
811 1990
812 704
813 705
814 706
815 707
816 708
817 709
818 710
819 7774
820 7772
821 6989
822 6017
823 6016
824 5026
825 712
826 713
827 714
828 716
829 715
830 717
831 718
832 719
833 720
834 721
835 722
836 723
837 724
838 726
839 725
840 727
841 728
842 729
843 730
844 731
845 732
846 733
847 734
848 735
849 736
850 737
851 738
852 739
853 740
854 741
855 742
856 743
857 744
858 745
859 746
860 747
861 748
862 749
863 750
864 751
865 752
866 754
867 753
868 755
869 756
870 757
871 758
872 759
873 760
874 761
875 762
876 763
877 764
878 766
879 765
880 767
881 768
882 769
883 770
884 771
885 774
886 772
887 773
888 775
889 776
890 777
891 778
892 779
893 780
894 781
895 782
896 783
897 784
898 785
899 786
900 787
901 788
902 789
903 790
904 791
905 792
906 793
907 794
908 795
909 796
910 797
911 798
912 799
913 800
914 801
915 802
916 803
917 7138
918 7137
919 6820
920 6819
921 4632
922 2955
923 2954
924 2953
925 1532
926 1074
927 1016
928 805
929 806
930 807
931 808
932 809
933 810
934 811
935 1123
936 1122
937 1121
938 1120
939 812
940 813
941 814
942 815
943 816
944 817
945 818
946 819
947 820
948 821
949 822
950 824
951 823
952 825
953 826
954 827
955 828
956 829
957 830
958 831
959 832
960 833
961 834
962 835
963 1143
964 836
965 837
966 838
967 839
968 840
969 842
970 841
971 843
972 844
973 845
974 846
975 847
976 848
977 849
978 850
979 852
980 851
981 853
982 854
983 855
984 856
985 857
986 858
987 859
988 860
989 861
990 862
991 863
992 864
993 865
994 866
995 868
996 867
997 869
998 870
999 871
1000 872
1001 873
1002 874
1003 875
1004 876
1005 877
1006 878
1007 879
1008 880
1009 881
1010 882
1011 883
1012 884
1013 885
1014 886
1015 887
1016 888
1017 889
1018 890
1019 891
1020 892
1021 893
1022 894
1023 895
1024 896
1025 897
1026 898
1027 899
1028 900
1029 901
1030 902
1031 903
1032 904
1033 905
1034 906
1035 907
1036 908
1037 909
1038 910
1039 911
1040 912
1041 913
1042 914
1043 915
1044 916
1045 917
1046 918
1047 919
1048 920
1049 921
1050 922
1051 923
1052 924
1053 925
1054 927
1055 926
1056 928
1057 929
1058 930
1059 931
1060 932
1061 933
1062 934
1063 935
1064 936
1065 937
1066 938
1067 939
1068 941
1069 942
1070 943
1071 944
1072 946
1073 947
1074 948
1075 949
1076 950
1077 951
1078 952
1079 953
1080 954
1081 955
1082 956
1083 957
1084 958
1085 959
1086 960
1087 961
1088 962
1089 963
1090 965
1091 964
1092 966
1093 967
1094 968
1095 969
1096 970
1097 971
1098 972
1099 973
1100 974
1101 975
1102 976
1103 977
1104 978
1105 979
1106 980
1107 981
1108 982
1109 7962
1110 983
1111 984
1112 4101
1113 985
1114 986
1115 987
1116 988
1117 989
1118 990
1119 991
1120 992
1121 993
1122 994
1123 995
1124 996
1125 997
1126 1000
1127 999
1128 998
1129 3080
1130 1001
1131 1002
1132 1003
1133 1004
1134 6955
1135 1005
1136 1006
1137 1011
1138 1009
1139 1008
1140 1007
1141 1750
1142 1012
1143 1013
1144 1014
1145 1015
1146 4685
1147 3137
1148 1017
1149 1018
1150 1019
1151 1020
1152 1021
1153 1022
1154 1023
1155 1024
1156 1025
1157 1026
1158 1027
1159 1029
1160 1028
1161 1030
1162 1031
1163 1032
1164 1034
1165 1033
1166 1035
1167 1036
1168 1037
1169 1038
1170 1039
1171 1040
1172 1041
1173 1042
1174 1044
1175 1043
1176 1045
1177 1046
1178 1047
1179 1048
1180 1049
1181 1053
1182 1052
1183 1051
1184 1050
1185 1054
1186 1055
1187 1056
1188 1057
1189 1058
1190 1060
1191 1061
1192 1062
1193 1063
1194 1064
1195 1283
1196 1065
1197 1066
1198 1067
1199 1068
1200 1069
1201 1072
1202 1071
1203 1070
1204 4296
1205 4295
1206 1073
1207 1075
1208 1076
1209 1077
1210 1078
1211 1079
1212 1080
1213 1081
1214 1082
1215 1083
1216 1085
1217 1086
1218 1087
1219 1088
1220 1091
1221 1090
1222 1089
1223 1092
1224 1093
1225 1094
1226 1095
1227 1096
1228 1097
1229 1098
1230 1099
1231 1100
1232 1101
1233 1102
1234 1103
1235 1104
1236 1105
1237 1106
1238 1107
1239 1108
1240 1109
1241 1110
1242 1111
1243 1112
1244 1113
1245 1115
1246 1114
1247 4333
1248 2264
1249 2254
1250 2131
1251 2130
1252 2129
1253 1571
1254 1570
1255 1454
1256 1432
1257 1307
1258 1306
1259 1116
1260 1117
1261 1118
1262 1119
1263 1124
1264 1125
1265 1127
1266 1126
1267 1129
1268 1130
1269 1131
1270 1132
1271 1133
1272 1134
1273 1135
1274 4939
1275 1139
1276 1140
1277 1141
1278 1142
1279 1144
1280 1145
1281 1146
1282 1147
1283 1148
1284 1151
1285 1150
1286 1149
1287 1152
1288 1153
1289 1154
1290 1155
1291 1156
1292 1157
1293 1158
1294 1159
1295 1160
1296 1161
1297 1162
1298 1163
1299 1164
1300 1165
1301 1166
1302 1167
1303 1168
1304 1169
1305 6023
1306 2232
1307 1171
1308 1172
1309 1173
1310 1174
1311 1175
1312 1176
1313 9145
1314 1177
1315 1178
1316 1179
1317 1180
1318 1181
1319 1182
1320 1183
1321 1184
1322 1185
1323 1186
1324 1188
1325 1187
1326 1189
1327 1190
1328 1191
1329 1192
1330 1193
1331 1194
1332 1195
1333 1196
1334 1197
1335 1198
1336 4150
1337 1199
1338 1200
1339 1201
1340 1202
1341 1203
1342 1205
1343 1204
1344 1206
1345 1207
1346 1208
1347 1209
1348 1210
1349 1211
1350 1212
1351 1213
1352 1214
1353 1215
1354 1216
1355 1217
1356 1218
1357 1219
1358 1220
1359 1221
1360 1222
1361 1226
1362 1225
1363 1224
1364 1223
1365 1227
1366 1228
1367 1229
1368 1230
1369 1231
1370 1232
1371 1233
1372 1234
1373 1235
1374 1236
1375 1237
1376 1238
1377 1239
1378 1240
1379 1242
1380 1241
1381 1243
1382 1244
1383 1245
1384 1246
1385 1247
1386 1248
1387 1250
1388 1251
1389 1252
1390 1253
1391 1254
1392 1255
1393 1256
1394 1257
1395 1258
1396 1259
1397 1261
1398 2544
1399 2009
1400 1334
1401 1262
1402 1263
1403 1264
1404 1265
1405 1266
1406 1267
1407 1268
1408 1269
1409 1270
1410 1271
1411 1272
1412 1273
1413 1274
1414 1275
1415 1276
1416 1277
1417 1278
1418 1279
1419 1280
1420 1281
1421 1282
1422 1284
1423 1285
1424 1286
1425 1287
1426 1288
1427 1289
1428 1290
1429 1291
1430 1292
1431 1293
1432 1294
1433 1295
1434 1296
1435 1297
1436 1298
1437 1299
1438 1300
1439 1301
1440 1302
1441 1303
1442 1304
1443 1305
1444 1308
1445 1309
1446 1310
1447 1311
1448 1312
1449 1313
1450 1314
1451 1315
1452 1316
1453 1317
1454 1318
1455 1319
1456 1320
1457 1321
1458 1322
1459 1323
1460 1324
1461 1325
1462 1326
1463 1327
1464 1328
1465 1329
1466 1330
1467 1331
1468 1332
1469 1333
1470 8766
1471 1335
1472 1338
1473 1337
1474 1336
1475 7688
1476 7687
1477 2248
1478 1552
1479 1350
1480 3823
1481 1470
1482 1339
1483 1340
1484 1341
1485 1342
1486 1343
1487 1344
1488 1345
1489 1346
1490 1347
1491 1348
1492 1349
1493 1351
1494 1353
1495 1354
1496 1355
1497 1356
1498 1357
1499 1358
1500 1359
1501 1360
1502 1361
1503 1362
1504 1363
1505 1364
1506 1365
1507 1366
1508 1367
1509 1368
1510 1369
1511 1370
1512 1371
1513 1372
1514 1373
1515 6944
1516 6740
1517 5236
1518 4862
1519 1375
1520 1377
1521 1376
1522 1378
1523 1379
1524 1380
1525 1381
1526 1382
1527 1383
1528 1384
1529 1385
1530 1386
1531 1387
1532 1388
1533 1389
1534 1390
1535 1391
1536 1392
1537 1393
1538 1394
1539 1395
1540 1397
1541 1396
1542 1398
1543 1400
1544 1399
1545 1401
1546 1402
1547 1403
1548 1404
1549 1405
1550 1406
1551 1407
1552 1408
1553 1409
1554 1410
1555 1411
1556 1412
1557 1413
1558 1414
1559 1415
1560 1416
1561 1417
1562 1418
1563 1419
1564 1420
1565 1421
1566 1422
1567 1426
1568 1425
1569 1424
1570 1423
1571 1427
1572 1428
1573 1429
1574 1430
1575 1431
1576 1433
1577 1434
1578 1435
1579 1436
1580 1437
1581 1438
1582 1439
1583 1440
1584 1441
1585 1442
1586 1443
1587 1444
1588 1445
1589 1446
1590 1447
1591 1448
1592 1449
1593 1450
1594 1451
1595 1452
1596 1453
1597 4871
1598 4870
1599 1455
1600 1456
1601 1457
1602 1458
1603 1459
1604 1460
1605 1461
1606 4112
1607 2097
1608 1462
1609 1463
1610 1464
1611 1465
1612 1466
1613 1467
1614 1468
1615 1473
1616 1472
1617 1471
1618 1469
1619 1474
1620 1475
1621 1476
1622 1477
1623 1479
1624 1478
1625 1480
1626 1481
1627 1482
1628 1483
1629 1484
1630 1485
1631 1486
1632 1487
1633 1488
1634 1489
1635 1490
1636 1491
1637 1492
1638 1493
1639 1494
1640 1495
1641 1496
1642 1497
1643 1498
1644 1499
1645 1500
1646 1501
1647 1502
1648 1503
1649 1504
1650 1505
1651 1506
1652 1507
1653 1509
1654 1510
1655 1511
1656 2779
1657 1513
1658 1512
1659 1514
1660 1515
1661 1516
1662 1517
1663 1518
1664 1519
1665 1520
1666 1565
1667 1564
1668 1563
1669 1562
1670 1561
1671 1560
1672 1559
1673 1558
1674 1557
1675 1556
1676 1555
1677 1554
1678 1553
1679 1551
1680 1550
1681 1549
1682 1548
1683 1547
1684 1546
1685 1545
1686 1544
1687 1543
1688 1542
1689 1541
1690 1540
1691 1539
1692 1538
1693 1537
1694 1536
1695 1535
1696 1534
1697 1533
1698 1531
1699 1530
1700 1529
1701 1528
1702 1527
1703 1526
1704 1525
1705 1524
1706 1523
1707 1522
1708 1521
1709 4001
1710 2057
1711 8727
1712 7539
1713 7538
1714 7537
1715 7390
1716 7389
1717 6493
1718 6151
1719 4969
1720 4744
1721 5970
1722 5732
1723 4428
1724 3071
1725 3070
1726 3069
1727 3068
1728 2028
1729 1709
1730 3685
1731 3684
1732 3683
1733 3682
1734 3681
1735 2637
1736 1790
1737 8340
1738 7527
1739 7498
1740 5188
1741 1940
1742 1566
1743 1567
1744 1568
1745 1569
1746 1572
1747 1573
1748 1574
1749 1575
1750 1576
1751 1577
1752 1578
1753 1579
1754 1580
1755 1865
1756 1581
1757 1582
1758 1583
1759 1584
1760 1585
1761 1586
1762 1587
1763 1588
1764 1589
1765 1590
1766 1591
1767 1592
1768 1593
1769 1594
1770 1595
1771 1596
1772 7375
1773 5435
1774 1598
1775 1599
1776 1600
1777 1601
1778 1602
1779 1603
1780 1604
1781 1605
1782 1606
1783 1607
1784 1608
1785 1609
1786 1610
1787 1611
1788 1612
1789 1613
1790 1614
1791 1615
1792 1616
1793 1617
1794 1618
1795 1619
1796 1620
1797 1621
1798 1622
1799 1623
1800 1624
1801 1625
1802 1626
1803 1627
1804 1628
1805 1629
1806 1630
1807 1631
1808 1632
1809 1633
1810 1634
1811 1635
1812 1636
1813 1637
1814 1638
1815 1639
1816 1640
1817 1641
1818 1642
1819 1643
1820 1644
1821 1645
1822 1646
1823 1647
1824 1648
1825 1649
1826 1650
1827 1651
1828 1652
1829 1653
1830 1658
1831 1657
1832 1656
1833 1655
1834 1654
1835 1659
1836 1661
1837 1662
1838 1663
1839 1664
1840 1665
1841 1666
1842 1667
1843 1668
1844 1669
1845 1670
1846 1671
1847 1672
1848 1673
1849 1674
1850 1675
1851 1676
1852 1677
1853 1678
1854 1679
1855 1680
1856 1681
1857 1683
1858 1684
1859 1685
1860 1686
1861 1687
1862 1688
1863 1689
1864 1690
1865 1691
1866 1692
1867 1693
1868 1694
1869 1695
1870 1696
1871 1697
1872 1698
1873 1699
1874 1700
1875 1701
1876 1702
1877 1703
1878 1704
1879 1705
1880 1706
1881 1707
1882 1708
1883 1710
1884 1711
1885 1712
1886 1713
1887 1714
1888 1715
1889 1716
1890 1717
1891 1718
1892 1719
1893 1720
1894 1721
1895 1722
1896 1723
1897 1724
1898 1725
1899 1726
1900 1727
1901 1728
1902 1729
1903 1730
1904 1731
1905 1732
1906 1733
1907 5278
1908 3359
1909 1942
1910 1734
1911 1735
1912 1736
1913 1737
1914 1738
1915 1739
1916 1740
1917 1741
1918 1742
1919 1743
1920 1744
1921 1746
1922 1747
1923 1748
1924 1749
1925 1751
1926 1752
1927 1753
1928 1754
1929 1755
1930 1756
1931 1757
1932 1758
1933 1759
1934 1760
1935 1761
1936 1762
1937 1763
1938 1764
1939 1765
1940 1766
1941 1767
1942 1768
1943 1769
1944 1770
1945 1771
1946 1772
1947 1773
1948 1774
1949 1776
1950 1777
1951 5492
1952 1937
1953 1778
1954 1779
1955 1780
1956 1781
1957 1782
1958 1783
1959 1784
1960 1785
1961 1786
1962 1787
1963 1788
1964 1789
1965 1791
1966 1792
1967 1793
1968 1794
1969 1795
1970 1796
1971 1797
1972 1798
1973 1799
1974 1800
1975 1801
1976 1802
1977 1803
1978 1804
1979 1805
1980 1806
1981 1807
1982 1808
1983 1809
1984 1810
1985 1811
1986 1812
1987 1813
1988 1814
1989 1815
1990 1816
1991 1817
1992 1818
1993 1819
1994 1820
1995 1821
1996 1822
1997 1823
1998 1824
1999 1825
2000 1826
2001 1827
2002 1828
2003 1829
2004 1830
2005 1831
2006 1834
2007 1833
2008 1832
2009 1835
2010 1839
2011 1838
2012 1837
2013 1836
2014 1840
2015 1841
2016 1842
2017 1843
2018 1844
2019 1845
2020 1846
2021 1847
2022 1848
2023 1849
2024 1850
2025 1851
2026 1852
2027 1853
2028 1854
2029 1855
2030 1856
2031 1857
2032 1860
2033 1858
2034 1861
2035 1863
2036 1862
2037 2902
2038 1864
2039 1866
2040 1867
2041 1868
2042 1869
2043 1870
2044 1871
2045 1872
2046 1873
2047 1875
2048 1876
2049 1877
2050 1878
2051 1880
2052 1879
2053 1881
2054 1882
2055 1883
2056 1884
2057 1885
2058 1886
2059 6861
2060 6481
2061 6480
2062 4173
2063 3715
2064 3342
2065 1887
2066 1888
2067 1889
2068 1890
2069 1891
2070 1892
2071 1893
2072 1894
2073 1895
2074 1896
2075 1897
2076 1898
2077 1899
2078 1900
2079 1901
2080 1902
2081 1903
2082 1904
2083 1905
2084 1906
2085 1907
2086 1908
2087 1909
2088 1910
2089 1911
2090 1912
2091 1914
2092 1913
2093 1915
2094 1916
2095 1917
2096 1918
2097 1919
2098 1920
2099 1921
2100 1922
2101 1923
2102 1924
2103 1925
2104 1926
2105 1927
2106 1928
2107 1929
2108 1930
2109 1931
2110 1932
2111 1933
2112 1934
2113 1935
2114 1936
2115 1938
2116 1941
2117 1939
2118 1943
2119 1944
2120 1945
2121 1946
2122 1947
2123 1948
2124 1949
2125 1950
2126 1951
2127 1952
2128 1953
2129 1954
2130 1955
2131 1956
2132 1957
2133 1958
2134 1959
2135 1960
2136 1961
2137 1962
2138 1963
2139 1964
2140 1965
2141 1966
2142 1967
2143 1968
2144 1969
2145 1970
2146 1971
2147 1972
2148 1973
2149 1974
2150 1975
2151 1976
2152 1978
2153 1977
2154 1979
2155 1980
2156 1981
2157 1982
2158 1983
2159 1984
2160 1985
2161 1986
2162 1987
2163 1988
2164 1989
2165 1991
2166 1992
2167 1993
2168 1994
2169 1995
2170 1996
2171 1997
2172 1998
2173 1999
2174 2001
2175 2000
2176 2002
2177 2003
2178 2004
2179 2005
2180 2006
2181 2007
2182 2008
2183 2010
2184 2011
2185 2012
2186 2013
2187 2014
2188 2015
2189 2016
2190 2017
2191 2018
2192 2019
2193 2020
2194 2021
2195 2024
2196 2023
2197 2022
2198 2025
2199 2026
2200 2027
2201 2029
2202 2031
2203 2030
2204 2032
2205 2033
2206 2034
2207 2035
2208 2036
2209 2037
2210 2038
2211 2039
2212 2040
2213 2041
2214 2042
2215 2043
2216 2044
2217 2045
2218 2046
2219 2047
2220 2048
2221 2049
2222 2050
2223 2051
2224 2052
2225 2053
2226 2054
2227 2055
2228 2056
2229 2058
2230 2059
2231 2060
2232 2061
2233 2062
2234 2063
2235 2064
2236 2065
2237 2066
2238 2067
2239 2068
2240 2069
2241 2070
2242 2071
2243 2072
2244 2073
2245 2074
2246 2076
2247 2075
2248 2077
2249 2078
2250 2079
2251 2080
2252 2081
2253 8311
2254 4200
2255 2729
2256 2084
2257 2083
2258 2085
2259 2086
2260 2087
2261 2088
2262 2089
2263 2090
2264 3471
2265 2091
2266 2092
2267 2093
2268 2094
2269 2095
2270 2096
2271 2098
2272 2099
2273 2100
2274 2102
2275 2101
2276 5375
2277 2103
2278 2104
2279 2105
2280 2106
2281 2107
2282 2108
2283 2109
2284 2110
2285 2113
2286 2114
2287 2115
2288 2116
2289 2117
2290 2118
2291 2119
2292 2120
2293 2121
2294 2122
2295 2123
2296 2124
2297 2125
2298 2126
2299 2127
2300 2128
2301 2132
2302 2133
2303 2134
2304 2135
2305 2136
2306 2137
2307 2138
2308 2139
2309 2140
2310 2141
2311 2142
2312 2143
2313 2144
2314 2145
2315 2146
2316 2147
2317 2148
2318 2149
2319 2150
2320 2151
2321 2152
2322 2153
2323 2154
2324 2155
2325 2156
2326 2157
2327 2158
2328 2159
2329 2160
2330 2161
2331 2162
2332 2163
2333 2164
2334 2165
2335 2166
2336 2167
2337 2169
2338 2168
2339 2170
2340 2171
2341 2172
2342 2173
2343 2174
2344 2175
2345 2176
2346 2177
2347 2178
2348 2179
2349 2180
2350 2181
2351 2182
2352 2183
2353 2184
2354 2185
2355 2186
2356 2187
2357 2188
2358 2189
2359 2190
2360 2191
2361 2192
2362 2193
2363 2194
2364 2195
2365 2196
2366 2197
2367 2198
2368 2199
2369 2200
2370 2201
2371 2202
2372 2203
2373 2204
2374 2205
2375 2206
2376 2207
2377 2208
2378 2209
2379 2210
2380 2211
2381 2212
2382 2213
2383 2214
2384 2215
2385 2216
2386 2217
2387 2218
2388 2219
2389 2220
2390 2221
2391 2222
2392 2223
2393 2224
2394 2225
2395 2226
2396 2227
2397 2228
2398 2229
2399 2230
2400 2231
2401 2233
2402 2234
2403 2235
2404 2236
2405 2237
2406 2238
2407 2239
2408 2240
2409 2241
2410 2242
2411 2243
2412 2244
2413 2245
2414 2246
2415 2247
2416 2249
2417 2250
2418 2251
2419 2252
2420 2253
2421 2255
2422 2256
2423 2257
2424 2258
2425 2259
2426 2260
2427 2261
2428 2262
2429 2263
2430 2265
2431 2266
2432 2267
2433 2268
2434 2269
2435 2270
2436 2271
2437 2272
2438 2273
2439 2274
2440 2275
2441 2276
2442 2277
2443 2278
2444 2279
2445 2280
2446 2281
2447 2282
2448 2283
2449 2284
2450 2285
2451 2286
2452 2287
2453 2288
2454 2289
2455 2290
2456 2291
2457 2292
2458 2293
2459 2294
2460 2295
2461 2296
2462 2297
2463 2298
2464 2299
2465 2300
2466 2301
2467 2302
2468 2303
2469 2304
2470 2305
2471 2306
2472 2307
2473 2308
2474 2309
2475 2310
2476 2311
2477 2312
2478 2313
2479 2314
2480 2315
2481 2316
2482 2317
2483 2318
2484 2319
2485 2320
2486 2321
2487 2322
2488 2323
2489 2324
2490 2325
2491 2326
2492 2327
2493 2328
2494 2329
2495 2330
2496 2331
2497 2332
2498 2333
2499 2334
2500 2335
2501 2336
2502 2337
2503 2338
2504 2339
2505 2340
2506 2341
2507 2342
2508 2343
2509 2344
2510 2345
2511 2346
2512 2347
2513 2348
2514 2349
2515 2350
2516 2351
2517 2352
2518 2353
2519 2354
2520 2355
2521 2356
2522 2357
2523 2358
2524 2359
2525 2360
2526 2361
2527 2362
2528 2363
2529 2364
2530 2365
2531 2366
2532 2367
2533 2368
2534 2369
2535 6068
2536 2371
2537 2372
2538 2373
2539 2374
2540 2375
2541 2376
2542 2377
2543 2379
2544 2380
2545 2381
2546 2382
2547 2383
2548 2389
2549 2388
2550 2387
2551 2386
2552 2384
2553 6790
2554 5039
2555 3338
2556 2750
2557 2390
2558 2391
2559 2392
2560 2393
2561 2394
2562 2395
2563 2396
2564 2397
2565 2399
2566 2398
2567 2400
2568 2401
2569 2402
2570 2403
2571 2404
2572 2405
2573 2406
2574 2407
2575 2408
2576 2409
2577 2410
2578 2411
2579 2412
2580 2413
2581 2414
2582 2415
2583 2416
2584 2417
2585 2418
2586 2419
2587 2420
2588 2421
2589 2422
2590 2423
2591 2424
2592 2427
2593 2426
2594 2425
2595 2428
2596 2429
2597 2430
2598 2431
2599 2432
2600 2433
2601 2434
2602 2435
2603 2436
2604 2437
2605 2438
2606 2439
2607 2440
2608 2441
2609 2442
2610 2443
2611 2444
2612 2445
2613 2446
2614 2447
2615 2448
2616 2449
2617 2450
2618 2451
2619 2452
2620 2453
2621 2454
2622 2455
2623 2456
2624 2457
2625 2458
2626 2459
2627 2460
2628 2461
2629 2462
2630 2463
2631 2464
2632 2465
2633 2466
2634 2467
2635 2468
2636 2469
2637 2470
2638 2471
2639 2472
2640 2473
2641 2475
2642 2474
2643 2476
2644 2477
2645 2478
2646 2479
2647 2480
2648 2481
2649 2482
2650 2483
2651 2484
2652 2485
2653 2486
2654 2487
2655 2488
2656 2489
2657 2490
2658 2491
2659 2492
2660 2493
2661 2494
2662 2495
2663 2496
2664 2497
2665 2498
2666 2499
2667 2500
2668 2501
2669 2502
2670 2503
2671 2504
2672 2505
2673 2506
2674 2507
2675 2508
2676 2509
2677 2510
2678 2511
2679 2512
2680 2513
2681 2514
2682 2515
2683 2516
2684 2517
2685 2518
2686 2519
2687 2520
2688 2521
2689 2522
2690 2523
2691 2524
2692 2525
2693 2526
2694 2527
2695 2528
2696 2529
2697 2530
2698 2531
2699 2533
2700 2532
2701 2534
2702 2535
2703 2536
2704 2537
2705 2538
2706 2539
2707 2540
2708 2541
2709 2542
2710 2543
2711 2545
2712 2546
2713 2547
2714 2548
2715 2549
2716 2550
2717 2551
2718 2552
2719 2553
2720 2554
2721 2555
2722 2556
2723 2557
2724 3943
2725 2559
2726 2558
2727 2560
2728 2561
2729 2562
2730 2563
2731 2564
2732 2566
2733 2567
2734 2568
2735 2569
2736 2570
2737 2571
2738 2572
2739 2573
2740 2574
2741 2575
2742 2576
2743 2577
2744 2578
2745 2579
2746 2580
2747 2582
2748 2581
2749 2583
2750 2584
2751 2585
2752 2586
2753 2587
2754 2588
2755 2589
2756 2590
2757 2591
2758 2592
2759 2593
2760 2594
2761 2595
2762 2596
2763 2597
2764 2598
2765 2599
2766 2601
2767 2600
2768 2602
2769 2603
2770 2604
2771 2605
2772 2606
2773 2607
2774 2608
2775 2609
2776 2610
2777 2611
2778 2612
2779 2613
2780 2614
2781 2615
2782 2616
2783 2617
2784 2618
2785 2619
2786 2620
2787 2621
2788 2622
2789 2623
2790 2624
2791 2625
2792 2626
2793 2627
2794 2628
2795 2629
2796 2630
2797 2631
2798 2632
2799 2633
2800 2634
2801 2635
2802 2636
2803 2638
2804 2639
2805 2640
2806 2641
2807 2642
2808 2643
2809 2644
2810 2645
2811 2646
2812 2647
2813 2648
2814 2649
2815 2650
2816 2651
2817 2652
2818 2653
2819 2654
2820 2655
2821 2656
2822 2657
2823 2658
2824 2659
2825 2662
2826 2661
2827 2660
2828 5448
2829 2663
2830 2664
2831 2665
2832 2666
2833 2667
2834 2670
2835 2669
2836 2668
2837 2671
2838 2672
2839 2673
2840 2674
2841 2675
2842 2676
2843 2677
2844 2678
2845 2680
2846 2681
2847 2682
2848 2683
2849 2684
2850 2685
2851 2686
2852 2687
2853 2688
2854 2689
2855 2690
2856 2691
2857 2692
2858 2693
2859 2694
2860 2695
2861 2696
2862 2697
2863 2698
2864 2699
2865 2700
2866 2701
2867 2702
2868 2703
2869 2704
2870 2705
2871 2706
2872 2707
2873 2708
2874 2709
2875 2710
2876 2711
2877 2712
2878 2713
2879 2714
2880 2715
2881 2716
2882 2717
2883 2719
2884 2720
2885 2721
2886 2722
2887 2723
2888 2724
2889 2725
2890 2726
2891 2727
2892 2728
2893 2730
2894 2731
2895 2732
2896 2733
2897 2734
2898 2735
2899 2736
2900 2737
2901 2738
2902 2739
2903 2740
2904 2741
2905 2742
2906 2743
2907 2744
2908 2745
2909 2746
2910 2747
2911 2748
2912 2749
2913 2751
2914 2752
2915 2753
2916 2754
2917 2755
2918 2756
2919 2757
2920 2758
2921 2759
2922 2760
2923 2761
2924 2762
2925 8444
2926 2763
2927 2764
2928 2765
2929 2766
2930 2767
2931 2768
2932 2769
2933 2770
2934 2771
2935 2772
2936 2773
2937 2774
2938 2776
2939 2775
2940 2777
2941 2778
2942 2780
2943 2781
2944 2782
2945 2783
2946 2784
2947 2785
2948 2786
2949 2787
2950 2789
2951 2790
2952 2791
2953 2792
2954 2793
2955 2794
2956 2795
2957 2796
2958 2797
2959 2798
2960 2799
2961 2800
2962 2801
2963 2802
2964 2803
2965 2804
2966 2806
2967 2805
2968 2807
2969 2808
2970 2809
2971 2810
2972 2811
2973 2812
2974 2813
2975 2815
2976 2816
2977 2817
2978 2819
2979 2820
2980 2822
2981 2823
2982 2824
2983 2825
2984 2826
2985 2827
2986 2828
2987 2829
2988 2830
2989 2831
2990 2832
2991 2833
2992 2834
2993 2835
2994 2836
2995 2837
2996 2839
2997 2838
2998 2840
2999 2841
3000 2842
3001 2843
3002 2844
3003 2845
3004 2846
3005 2847
3006 2848
3007 2849
3008 2850
3009 2851
3010 2852
3011 2853
3012 2854
3013 2855
3014 2856
3015 2857
3016 2858
3017 2859
3018 2860
3019 2861
3020 2862
3021 2863
3022 2864
3023 2866
3024 2867
3025 2868
3026 2869
3027 2870
3028 2871
3029 2872
3030 2873
3031 2874
3032 2875
3033 2876
3034 2877
3035 2878
3036 2879
3037 2880
3038 2881
3039 2882
3040 2883
3041 2884
3042 2885
3043 2886
3044 2887
3045 2888
3046 2889
3047 2890
3048 2891
3049 2892
3050 2893
3051 2894
3052 2895
3053 2896
3054 2897
3055 2898
3056 2899
3057 2900
3058 2901
3059 2903
3060 2904
3061 2905
3062 2906
3063 2907
3064 2908
3065 2909
3066 2910
3067 2911
3068 2912
3069 2913
3070 2914
3071 2915
3072 2916
3073 2917
3074 2918
3075 2919
3076 2920
3077 2921
3078 2922
3079 2923
3080 2924
3081 2925
3082 2926
3083 2927
3084 2928
3085 2929
3086 2930
3087 2933
3088 2931
3089 2932
3090 2934
3091 2935
3092 2936
3093 2937
3094 2938
3095 2939
3096 2940
3097 2941
3098 2942
3099 2943
3100 2944
3101 2945
3102 2946
3103 2947
3104 2948
3105 2949
3106 2950
3107 2951
3108 2952
3109 7671
3110 6275
3111 5070
3112 2956
3113 2957
3114 2958
3115 2959
3116 2960
3117 2961
3118 2962
3119 2963
3120 2965
3121 2964
3122 2966
3123 2967
3124 2968
3125 2969
3126 2970
3127 2971
3128 2972
3129 2973
3130 2974
3131 2975
3132 2976
3133 2977
3134 2979
3135 2978
3136 2980
3137 2981
3138 2982
3139 2984
3140 2983
3141 2985
3142 2986
3143 2987
3144 2988
3145 2989
3146 2990
3147 2991
3148 2992
3149 2993
3150 2994
3151 7298
3152 2995
3153 2996
3154 2997
3155 2998
3156 2999
3157 3001
3158 3000
3159 3002
3160 3003
3161 3004
3162 3005
3163 3006
3164 3007
3165 3008
3166 3009
3167 3010
3168 3011
3169 3012
3170 3013
3171 3014
3172 3015
3173 3016
3174 3017
3175 3018
3176 3019
3177 3020
3178 3021
3179 3022
3180 3023
3181 3024
3182 3025
3183 3026
3184 3027
3185 3028
3186 3029
3187 3030
3188 3031
3189 3032
3190 3033
3191 3034
3192 3035
3193 3036
3194 3037
3195 3038
3196 3039
3197 3040
3198 3041
3199 3042
3200 3043
3201 3044
3202 3045
3203 3046
3204 3047
3205 3048
3206 3049
3207 3050
3208 3051
3209 3052
3210 3053
3211 3054
3212 3055
3213 3056
3214 3057
3215 3058
3216 3059
3217 3060
3218 3061
3219 3062
3220 3063
3221 3064
3222 3065
3223 3067
3224 3066
3225 9109
3226 3072
3227 3073
3228 3074
3229 3075
3230 3076
3231 3077
3232 3078
3233 3079
3234 3081
3235 3082
3236 3083
3237 3084
3238 3085
3239 3086
3240 3087
3241 3088
3242 3089
3243 3090
3244 3091
3245 3092
3246 3093
3247 3095
3248 3094
3249 3096
3250 3097
3251 3098
3252 3099
3253 3100
3254 3101
3255 3102
3256 3104
3257 3103
3258 3105
3259 3106
3260 3107
3261 3108
3262 3109
3263 3110
3264 3111
3265 3112
3266 3113
3267 3114
3268 3115
3269 3116
3270 3117
3271 3118
3272 5585
3273 3604
3274 3476
3275 3475
3276 3474
3277 3473
3278 3289
3279 3119
3280 3120
3281 3121
3282 3122
3283 3123
3284 3124
3285 3125
3286 3126
3287 3127
3288 3128
3289 3129
3290 3130
3291 3132
3292 3131
3293 3133
3294 3134
3295 3135
3296 3138
3297 3136
3298 3139
3299 3140
3300 3141
3301 3142
3302 3143
3303 3144
3304 3145
3305 3146
3306 3147
3307 3148
3308 3149
3309 3150
3310 3151
3311 3152
3312 3153
3313 3154
3314 3155
3315 3156
3316 3157
3317 3158
3318 3159
3319 3160
3320 3161
3321 3162
3322 3163
3323 3164
3324 3165
3325 3166
3326 3167
3327 3168
3328 3169
3329 3170
3330 3171
3331 3172
3332 3173
3333 3174
3334 3175
3335 3176
3336 3177
3337 3178
3338 3179
3339 3180
3340 3181
3341 3182
3342 3183
3343 3184
3344 3185
3345 3187
3346 3186
3347 3188
3348 3189
3349 3190
3350 3191
3351 3192
3352 3193
3353 3194
3354 3195
3355 3196
3356 3197
3357 3198
3358 3199
3359 3200
3360 3201
3361 3203
3362 3205
3363 3204
3364 3206
3365 3207
3366 3208
3367 3209
3368 3210
3369 3211
3370 3212
3371 3213
3372 3214
3373 3215
3374 3216
3375 3217
3376 3218
3377 3219
3378 3220
3379 3221
3380 3222
3381 3223
3382 3224
3383 3225
3384 3226
3385 3227
3386 3228
3387 3229
3388 6214
3389 3230
3390 3231
3391 3232
3392 3235
3393 3234
3394 3233
3395 3276
3396 3275
3397 3236
3398 3237
3399 3238
3400 3239
3401 3240
3402 3241
3403 3242
3404 3243
3405 3244
3406 3245
3407 3246
3408 3247
3409 3248
3410 3249
3411 3250
3412 3251
3413 3252
3414 3253
3415 3254
3416 3255
3417 3256
3418 3257
3419 3258
3420 3259
3421 3260
3422 3261
3423 3262
3424 3263
3425 3264
3426 8208
3427 3265
3428 3267
3429 3266
3430 3268
3431 3269
3432 3270
3433 3271
3434 3272
3435 3273
3436 3274
3437 3277
3438 3278
3439 3279
3440 3280
3441 3281
3442 3282
3443 3283
3444 3284
3445 3285
3446 3286
3447 3287
3448 3288
3449 3290
3450 3291
3451 3292
3452 3293
3453 3294
3454 3295
3455 3296
3456 3297
3457 3298
3458 3299
3459 3300
3460 3301
3461 3302
3462 3303
3463 3304
3464 3305
3465 3306
3466 3307
3467 3308
3468 3309
3469 3310
3470 3311
3471 3312
3472 3313
3473 3315
3474 3314
3475 3316
3476 3317
3477 3319
3478 3318
3479 3320
3480 3321
3481 3322
3482 3323
3483 3324
3484 3325
3485 3326
3486 3327
3487 3328
3488 4113
3489 4111
3490 4110
3491 3329
3492 3330
3493 4514
3494 4513
3495 4512
3496 4511
3497 4510
3498 4509
3499 4508
3500 4507
3501 4506
3502 4505
3503 3923
3504 3331
3505 3332
3506 3333
3507 3334
3508 3335
3509 5650
3510 3336
3511 3337
3512 3339
3513 3341
3514 3340
3515 3343
3516 3344
3517 3345
3518 3346
3519 3347
3520 3348
3521 3349
3522 3350
3523 3351
3524 3353
3525 3352
3526 3354
3527 3355
3528 3356
3529 3357
3530 3358
3531 3360
3532 3361
3533 3362
3534 3363
3535 3364
3536 3365
3537 3366
3538 3367
3539 3368
3540 3369
3541 3370
3542 3371
3543 3372
3544 3373
3545 3374
3546 3375
3547 3376
3548 3377
3549 3378
3550 3379
3551 3380
3552 3381
3553 3382
3554 3383
3555 3384
3556 3385
3557 3386
3558 3387
3559 3388
3560 3389
3561 3390
3562 3391
3563 3392
3564 3393
3565 3394
3566 3395
3567 3396
3568 3397
3569 3399
3570 3400
3571 3401
3572 3402
3573 3403
3574 3404
3575 3405
3576 3406
3577 3407
3578 3408
3579 3409
3580 3410
3581 3411
3582 3412
3583 3414
3584 3413
3585 3415
3586 3416
3587 3417
3588 3418
3589 3419
3590 3420
3591 3421
3592 3422
3593 3423
3594 3424
3595 3425
3596 3426
3597 3427
3598 3428
3599 3429
3600 3430
3601 3432
3602 3431
3603 3433
3604 3434
3605 3435
3606 3436
3607 3437
3608 3438
3609 3439
3610 3440
3611 3441
3612 3442
3613 3443
3614 3444
3615 3445
3616 3446
3617 3447
3618 3448
3619 3449
3620 3450
3621 3451
3622 3452
3623 3453
3624 3454
3625 3455
3626 3456
3627 3457
3628 3458
3629 3459
3630 3460
3631 6095
3632 3461
3633 3462
3634 3463
3635 3464
3636 3465
3637 3466
3638 3467
3639 3468
3640 3469
3641 3470
3642 3472
3643 3477
3644 3478
3645 3479
3646 3480
3647 3481
3648 3482
3649 3483
3650 3484
3651 3485
3652 3486
3653 3487
3654 3488
3655 3489
3656 3490
3657 3491
3658 3492
3659 3493
3660 3494
3661 3495
3662 3496
3663 3497
3664 3498
3665 3499
3666 3500
3667 3501
3668 3502
3669 3503
3670 3504
3671 3505
3672 3506
3673 3507
3674 3509
3675 3508
3676 3510
3677 3511
3678 3512
3679 3513
3680 3514
3681 3515
3682 3516
3683 3518
3684 3517
3685 3519
3686 3520
3687 3521
3688 3522
3689 3523
3690 3524
3691 3525
3692 3526
3693 3527
3694 3528
3695 3529
3696 3530
3697 3531
3698 3532
3699 3533
3700 3534
3701 3535
3702 3536
3703 3537
3704 3538
3705 3539
3706 3540
3707 3541
3708 3542
3709 3543
3710 3544
3711 3545
3712 3546
3713 3547
3714 3548
3715 3549
3716 3550
3717 3551
3718 3552
3719 3553
3720 3554
3721 3555
3722 3556
3723 4234
3724 3970
3725 3969
3726 3968
3727 3967
3728 3557
3729 3558
3730 3559
3731 3560
3732 3561
3733 3562
3734 3563
3735 3564
3736 3565
3737 3566
3738 3567
3739 3568
3740 3569
3741 3570
3742 3571
3743 3572
3744 3573
3745 3574
3746 3575
3747 3576
3748 3577
3749 3578
3750 3579
3751 3580
3752 3581
3753 3582
3754 3583
3755 3584
3756 3585
3757 3586
3758 3587
3759 3588
3760 3589
3761 3590
3762 3591
3763 3592
3764 3593
3765 3595
3766 3594
3767 3596
3768 3597
3769 3598
3770 3599
3771 3600
3772 3601
3773 3602
3774 3603
3775 3605
3776 3606
3777 3608
3778 3607
3779 3609
3780 3610
3781 3611
3782 3612
3783 3613
3784 3614
3785 3615
3786 3616
3787 3617
3788 3618
3789 3619
3790 3620
3791 3621
3792 3622
3793 3623
3794 3624
3795 3625
3796 3626
3797 3627
3798 3628
3799 3629
3800 3630
3801 3631
3802 3632
3803 3633
3804 3634
3805 3635
3806 3636
3807 3637
3808 3638
3809 3639
3810 3640
3811 3641
3812 3642
3813 3643
3814 3644
3815 3645
3816 3646
3817 3647
3818 3648
3819 3649
3820 3650
3821 3651
3822 3652
3823 3653
3824 3654
3825 3655
3826 3656
3827 3657
3828 3658
3829 3659
3830 3660
3831 3661
3832 3662
3833 3663
3834 3664
3835 3665
3836 3666
3837 3667
3838 3668
3839 3671
3840 3672
3841 3673
3842 3674
3843 3675
3844 3676
3845 3677
3846 3678
3847 3679
3848 3680
3849 3686
3850 3687
3851 3688
3852 3689
3853 3690
3854 3691
3855 3692
3856 3693
3857 3694
3858 3695
3859 3700
3860 3699
3861 3698
3862 3697
3863 3696
3864 3701
3865 3702
3866 3703
3867 3704
3868 3705
3869 3706
3870 3707
3871 3708
3872 3712
3873 3713
3874 3714
3875 3716
3876 3717
3877 3718
3878 3719
3879 3720
3880 3721
3881 3722
3882 3723
3883 3724
3884 3725
3885 3727
3886 3726
3887 3728
3888 3729
3889 3730
3890 3731
3891 3732
3892 3733
3893 3734
3894 3735
3895 3736
3896 3737
3897 3738
3898 3739
3899 3740
3900 3741
3901 3742
3902 3743
3903 3744
3904 3745
3905 3746
3906 3747
3907 3748
3908 3749
3909 3750
3910 3751
3911 3752
3912 3753
3913 3754
3914 3755
3915 3756
3916 3758
3917 3757
3918 3759
3919 3760
3920 3761
3921 3762
3922 3763
3923 3764
3924 3765
3925 3766
3926 3768
3927 3769
3928 3770
3929 3771
3930 3772
3931 3773
3932 3774
3933 3775
3934 3776
3935 3777
3936 3778
3937 3779
3938 3780
3939 3781
3940 3782
3941 3783
3942 3784
3943 3785
3944 3786
3945 3787
3946 3788
3947 3789
3948 3790
3949 3791
3950 3792
3951 3793
3952 3794
3953 3795
3954 3796
3955 3799
3956 3798
3957 3797
3958 3800
3959 3801
3960 3802
3961 3803
3962 3804
3963 3805
3964 3806
3965 3807
3966 3808
3967 3809
3968 3810
3969 3811
3970 3812
3971 3813
3972 3814
3973 3815
3974 3816
3975 3817
3976 3818
3977 3819
3978 3820
3979 3821
3980 3822
3981 5891
3982 5673
3983 3824
3984 3825
3985 3826
3986 3827
3987 3828
3988 3829
3989 3830
3990 3831
3991 3832
3992 3833
3993 3834
3994 3835
3995 3836
3996 3837
3997 3838
3998 3839
3999 3840
4000 3841
4001 3842
4002 3843
4003 3844
4004 3845
4005 3846
4006 3847
4007 3848
4008 3849
4009 3850
4010 3851
4011 3852
4012 3853
4013 3854
4014 3855
4015 3856
4016 3857
4017 3858
4018 3859
4019 3860
4020 3861
4021 3862
4022 3863
4023 3864
4024 3865
4025 3866
4026 3867
4027 3868
4028 3869
4029 3870
4030 3871
4031 3873
4032 3872
4033 3874
4034 3875
4035 3876
4036 3877
4037 3878
4038 3879
4039 3880
4040 3881
4041 3882
4042 3883
4043 3884
4044 3886
4045 3887
4046 3888
4047 3889
4048 3890
4049 3891
4050 3892
4051 3893
4052 3894
4053 3895
4054 3896
4055 3897
4056 3898
4057 3899
4058 3900
4059 3901
4060 3902
4061 3903
4062 3904
4063 3905
4064 3906
4065 3907
4066 3908
4067 3909
4068 3910
4069 3911
4070 3912
4071 3914
4072 3915
4073 3916
4074 3917
4075 3918
4076 3919
4077 3920
4078 3921
4079 3922
4080 3924
4081 3925
4082 3926
4083 3927
4084 3928
4085 3929
4086 3930
4087 3931
4088 3932
4089 3933
4090 3934
4091 3935
4092 3936
4093 3937
4094 3938
4095 3939
4096 3940
4097 3941
4098 3942
4099 3944
4100 3945
4101 3946
4102 3947
4103 3948
4104 3949
4105 3950
4106 3951
4107 3952
4108 3953
4109 3954
4110 3955
4111 3956
4112 3957
4113 3958
4114 3959
4115 3960
4116 3961
4117 3962
4118 3963
4119 3964
4120 3965
4121 3966
4122 3971
4123 3972
4124 3973
4125 3974
4126 3975
4127 3976
4128 3977
4129 3978
4130 3979
4131 3980
4132 3981
4133 3982
4134 3983
4135 3984
4136 3985
4137 3987
4138 3988
4139 3990
4140 3989
4141 3991
4142 3992
4143 3993
4144 3994
4145 3995
4146 3996
4147 3997
4148 3998
4149 3999
4150 4002
4151 4003
4152 4004
4153 4005
4154 4006
4155 4007
4156 4008
4157 4009
4158 4010
4159 4011
4160 4012
4161 4013
4162 4014
4163 4015
4164 4016
4165 4017
4166 4018
4167 4019
4168 4020
4169 4023
4170 4022
4171 4021
4172 4024
4173 4025
4174 4026
4175 4027
4176 4028
4177 4029
4178 5445
4179 5444
4180 4499
4181 4031
4182 4032
4183 4033
4184 4034
4185 4035
4186 4036
4187 4037
4188 4038
4189 4039
4190 4040
4191 4041
4192 4042
4193 4043
4194 4044
4195 4045
4196 4049
4197 4048
4198 4047
4199 4046
4200 4050
4201 4051
4202 4052
4203 4053
4204 4054
4205 4055
4206 4056
4207 4057
4208 4058
4209 4059
4210 4060
4211 4061
4212 4062
4213 4063
4214 4064
4215 4065
4216 4066
4217 4067
4218 4068
4219 4069
4220 4070
4221 4071
4222 4072
4223 4073
4224 4074
4225 4075
4226 4076
4227 4077
4228 4078
4229 4079
4230 4080
4231 4081
4232 4082
4233 4083
4234 4084
4235 4085
4236 4086
4237 4087
4238 4088
4239 4089
4240 4090
4241 4091
4242 4093
4243 4092
4244 4094
4245 4095
4246 4096
4247 4097
4248 4098
4249 4099
4250 4100
4251 8923
4252 8922
4253 4102
4254 4103
4255 4104
4256 4105
4257 4106
4258 4107
4259 4108
4260 4109
4261 9183
4262 9115
4263 9114
4264 7423
4265 8535
4266 6115
4267 4114
4268 4115
4269 4116
4270 4117
4271 4118
4272 4119
4273 4120
4274 4121
4275 4122
4276 4123
4277 4124
4278 4125
4279 4126
4280 4127
4281 4128
4282 4129
4283 4130
4284 4131
4285 4132
4286 4133
4287 4134
4288 4135
4289 4136
4290 4137
4291 4138
4292 4139
4293 4140
4294 4141
4295 4142
4296 4143
4297 4144
4298 4145
4299 4146
4300 4147
4301 4148
4302 4149
4303 4151
4304 4152
4305 4153
4306 4154
4307 4155
4308 4156
4309 4157
4310 4158
4311 4159
4312 4160
4313 4161
4314 4162
4315 4163
4316 4164
4317 4165
4318 4166
4319 4167
4320 4168
4321 4169
4322 4170
4323 4171
4324 4172
4325 9033
4326 4230
4327 4174
4328 4175
4329 4176
4330 4177
4331 4178
4332 4179
4333 4180
4334 4181
4335 4182
4336 4183
4337 4184
4338 4185
4339 4186
4340 4187
4341 4188
4342 4189
4343 4190
4344 4191
4345 4192
4346 4193
4347 4194
4348 4195
4349 4196
4350 4197
4351 4198
4352 4199
4353 4201
4354 4202
4355 4203
4356 4204
4357 4205
4358 4206
4359 4207
4360 4208
4361 4209
4362 4210
4363 4211
4364 4212
4365 4213
4366 4214
4367 4215
4368 4216
4369 4217
4370 4218
4371 4219
4372 4220
4373 7924
4374 7923
4375 7922
4376 7921
4377 7920
4378 7919
4379 5528
4380 4288
4381 4222
4382 4221
4383 4223
4384 4224
4385 4225
4386 4226
4387 4227
4388 4228
4389 4229
4390 4231
4391 4232
4392 4233
4393 4235
4394 4236
4395 4237
4396 4238
4397 4240
4398 4241
4399 4242
4400 4243
4401 4244
4402 4245
4403 4246
4404 4247
4405 4248
4406 4249
4407 4250
4408 4251
4409 4252
4410 4253
4411 4254
4412 4255
4413 4256
4414 4257
4415 4258
4416 4259
4417 4260
4418 4262
4419 4263
4420 4264
4421 4265
4422 4266
4423 4267
4424 4268
4425 4269
4426 4270
4427 4271
4428 4272
4429 4273
4430 4274
4431 4275
4432 4276
4433 4277
4434 4278
4435 4279
4436 4280
4437 4281
4438 5889
4439 4283
4440 4284
4441 4285
4442 4286
4443 4287
4444 4289
4445 4290
4446 4291
4447 4292
4448 4293
4449 4294
4450 4297
4451 4298
4452 4299
4453 4300
4454 4301
4455 4302
4456 4303
4457 4304
4458 4305
4459 4306
4460 4307
4461 4308
4462 4316
4463 4315
4464 4314
4465 4313
4466 4312
4467 4311
4468 4310
4469 4309
4470 4317
4471 4318
4472 4319
4473 4320
4474 4321
4475 4322
4476 4323
4477 4324
4478 4325
4479 4326
4480 4327
4481 4328
4482 4329
4483 4330
4484 4331
4485 4332
4486 4334
4487 4335
4488 4336
4489 4337
4490 4338
4491 9155
4492 9154
4493 4339
4494 4340
4495 4341
4496 4342
4497 4343
4498 4344
4499 4345
4500 4346
4501 4347
4502 4348
4503 4349
4504 4350
4505 4351
4506 4352
4507 4353
4508 4354
4509 4355
4510 4356
4511 4357
4512 4358
4513 4359
4514 4360
4515 4361
4516 4362
4517 9006
4518 8476
4519 4363
4520 4364
4521 4365
4522 4366
4523 4367
4524 4368
4525 4369
4526 4370
4527 4371
4528 4372
4529 4373
4530 4374
4531 4375
4532 4376
4533 4377
4534 4378
4535 4379
4536 4380
4537 4382
4538 4381
4539 4383
4540 4384
4541 4385
4542 4386
4543 4387
4544 4388
4545 4389
4546 4390
4547 4391
4548 4392
4549 4393
4550 4394
4551 4395
4552 4396
4553 4398
4554 4397
4555 9313
4556 7215
4557 6294
4558 4399
4559 4400
4560 4401
4561 4402
4562 4403
4563 4404
4564 4405
4565 4406
4566 4407
4567 4408
4568 4409
4569 4410
4570 4411
4571 4412
4572 4413
4573 4414
4574 4415
4575 4416
4576 4417
4577 4418
4578 4419
4579 4420
4580 4423
4581 4424
4582 4425
4583 4426
4584 4427
4585 4429
4586 4430
4587 4432
4588 4434
4589 4433
4590 4431
4591 4435
4592 4436
4593 4437
4594 4438
4595 4439
4596 4440
4597 4441
4598 4442
4599 4443
4600 4444
4601 4445
4602 4446
4603 4447
4604 4448
4605 4449
4606 4450
4607 4451
4608 4452
4609 4453
4610 4454
4611 4455
4612 4456
4613 4457
4614 4458
4615 4459
4616 4460
4617 4461
4618 4462
4619 4463
4620 4464
4621 4465
4622 4466
4623 4467
4624 4468
4625 4469
4626 4471
4627 4472
4628 4473
4629 4474
4630 4475
4631 4476
4632 4477
4633 4478
4634 4479
4635 4480
4636 4481
4637 4482
4638 4483
4639 4484
4640 4485
4641 4487
4642 4486
4643 4488
4644 4489
4645 4490
4646 4491
4647 4492
4648 4493
4649 4494
4650 4495
4651 4496
4652 4497
4653 4498
4654 4500
4655 4501
4656 4502
4657 4503
4658 4504
4659 4515
4660 8100
4661 8099
4662 4516
4663 4517
4664 4518
4665 4519
4666 4520
4667 4521
4668 4522
4669 4523
4670 4524
4671 4525
4672 4526
4673 4527
4674 4528
4675 4529
4676 4530
4677 4531
4678 4532
4679 4533
4680 4534
4681 4535
4682 4536
4683 4537
4684 4538
4685 4539
4686 4540
4687 4541
4688 4542
4689 4543
4690 4544
4691 4545
4692 4546
4693 4547
4694 4548
4695 4549
4696 4550
4697 4551
4698 4552
4699 4553
4700 4554
4701 4555
4702 4557
4703 4556
4704 4558
4705 4559
4706 4560
4707 4561
4708 4562
4709 4563
4710 4564
4711 4565
4712 4566
4713 4567
4714 4568
4715 4569
4716 4570
4717 4571
4718 4572
4719 4573
4720 4574
4721 4575
4722 4576
4723 4577
4724 4578
4725 4579
4726 4580
4727 4581
4728 4582
4729 4583
4730 4584
4731 4585
4732 4586
4733 4587
4734 4588
4735 4589
4736 4590
4737 4591
4738 4592
4739 4593
4740 4594
4741 4595
4742 4596
4743 4597
4744 4598
4745 4599
4746 4601
4747 4603
4748 4602
4749 4604
4750 4605
4751 4606
4752 4607
4753 4608
4754 4609
4755 4610
4756 4611
4757 4612
4758 4613
4759 4614
4760 4615
4761 4616
4762 4617
4763 4618
4764 4619
4765 4620
4766 4621
4767 4622
4768 4625
4769 4624
4770 4623
4771 4626
4772 4627
4773 4628
4774 4629
4775 4630
4776 4631
4777 4633
4778 4634
4779 4635
4780 4637
4781 4638
4782 4639
4783 4640
4784 4641
4785 4645
4786 4644
4787 4643
4788 4642
4789 4646
4790 4647
4791 4648
4792 4649
4793 4650
4794 4651
4795 4652
4796 4653
4797 4654
4798 4655
4799 4656
4800 4657
4801 4658
4802 4659
4803 4660
4804 4821
4805 4661
4806 4662
4807 4663
4808 4664
4809 4665
4810 4666
4811 4667
4812 4668
4813 4669
4814 4670
4815 4671
4816 4672
4817 4673
4818 4674
4819 4675
4820 4676
4821 4677
4822 4678
4823 4679
4824 4681
4825 4682
4826 4684
4827 4683
4828 4686
4829 4687
4830 4688
4831 4689
4832 4690
4833 4691
4834 4693
4835 4694
4836 4695
4837 4696
4838 4697
4839 4698
4840 4699
4841 4700
4842 4701
4843 4702
4844 4703
4845 4704
4846 4705
4847 4706
4848 4707
4849 4708
4850 4709
4851 4710
4852 4711
4853 4712
4854 4713
4855 4714
4856 4715
4857 4716
4858 4717
4859 4718
4860 4729
4861 4728
4862 4727
4863 4726
4864 4725
4865 4724
4866 4723
4867 4722
4868 4721
4869 4720
4870 4719
4871 4730
4872 4731
4873 4732
4874 4733
4875 4734
4876 4735
4877 4736
4878 4831
4879 4737
4880 4738
4881 4739
4882 4740
4883 4741
4884 4742
4885 4743
4886 8864
4887 4745
4888 4746
4889 4747
4890 4748
4891 4749
4892 4750
4893 4751
4894 4752
4895 4753
4896 4754
4897 4755
4898 4756
4899 4757
4900 4758
4901 4759
4902 4760
4903 4761
4904 4762
4905 4763
4906 4764
4907 4766
4908 4767
4909 4768
4910 4769
4911 4770
4912 4771
4913 4772
4914 4773
4915 8303
4916 5235
4917 4774
4918 4775
4919 4776
4920 4777
4921 4778
4922 4779
4923 4780
4924 4781
4925 4782
4926 4783
4927 4784
4928 4785
4929 4787
4930 4786
4931 4788
4932 4789
4933 4790
4934 4791
4935 4792
4936 4793
4937 4794
4938 4795
4939 4796
4940 4797
4941 4798
4942 4799
4943 4800
4944 4801
4945 4802
4946 4803
4947 4804
4948 4805
4949 4806
4950 4807
4951 4808
4952 4809
4953 4810
4954 4811
4955 4812
4956 4813
4957 4814
4958 4815
4959 4816
4960 4817
4961 4818
4962 4819
4963 4820
4964 4822
4965 4823
4966 4830
4967 4829
4968 4828
4969 4827
4970 4826
4971 4825
4972 4824
4973 7907
4974 4832
4975 4833
4976 4834
4977 4835
4978 4836
4979 4837
4980 4838
4981 4839
4982 4840
4983 4841
4984 4842
4985 4843
4986 4844
4987 4845
4988 4846
4989 4848
4990 4849
4991 4850
4992 4851
4993 4852
4994 4853
4995 4854
4996 4855
4997 4856
4998 4857
4999 4858
5000 4859
5001 4861
5002 4863
5003 4864
5004 4865
5005 4866
5006 4867
5007 4868
5008 4869
5009 4872
5010 4873
5011 4874
5012 4875
5013 4878
5014 4877
5015 4876
5016 4879
5017 4880
5018 4881
5019 4882
5020 4883
5021 4884
5022 4885
5023 4886
5024 4887
5025 4888
5026 4889
5027 4890
5028 6175
5029 4892
5030 4893
5031 4894
5032 4895
5033 4896
5034 4897
5035 4898
5036 4899
5037 4900
5038 4901
5039 4902
5040 4903
5041 4904
5042 4905
5043 4906
5044 4907
5045 4908
5046 4909
5047 4910
5048 4911
5049 4912
5050 4913
5051 4914
5052 4915
5053 4916
5054 4917
5055 4918
5056 4919
5057 4920
5058 4922
5059 4921
5060 4923
5061 4924
5062 4925
5063 4926
5064 4927
5065 4929
5066 4928
5067 4930
5068 4931
5069 4932
5070 4933
5071 4934
5072 4935
5073 4936
5074 4937
5075 4938
5076 4940
5077 4941
5078 4942
5079 4943
5080 4944
5081 4945
5082 4946
5083 4947
5084 4948
5085 4951
5086 4950
5087 4949
5088 4952
5089 4953
5090 4954
5091 4955
5092 4956
5093 4957
5094 4958
5095 4959
5096 4960
5097 4961
5098 4962
5099 4963
5100 4964
5101 4965
5102 4966
5103 4967
5104 4968
5105 4971
5106 4970
5107 4972
5108 4973
5109 4974
5110 4975
5111 4976
5112 4977
5113 4978
5114 4979
5115 4980
5116 4981
5117 4982
5118 4983
5119 4984
5120 4985
5121 4986
5122 4987
5123 4988
5124 4989
5125 4990
5126 4991
5127 4992
5128 4993
5129 4994
5130 4995
5131 4996
5132 4997
5133 4998
5134 4999
5135 5000
5136 5001
5137 5002
5138 5003
5139 5004
5140 5005
5141 5006
5142 5007
5143 5008
5144 5009
5145 5010
5146 5011
5147 5012
5148 5013
5149 5014
5150 5015
5151 5016
5152 5017
5153 5018
5154 5019
5155 5020
5156 5021
5157 5022
5158 5023
5159 5024
5160 5025
5161 8544
5162 5027
5163 5028
5164 5029
5165 5030
5166 5031
5167 5032
5168 5033
5169 5034
5170 5035
5171 5036
5172 5037
5173 5038
5174 5040
5175 5041
5176 5042
5177 5043
5178 5044
5179 5045
5180 5046
5181 5047
5182 5048
5183 5049
5184 5050
5185 5051
5186 5052
5187 5053
5188 5054
5189 5055
5190 5056
5191 5057
5192 5058
5193 5059
5194 5060
5195 5061
5196 5062
5197 5063
5198 5064
5199 5065
5200 5066
5201 5067
5202 5068
5203 5069
5204 5304
5205 5172
5206 5171
5207 5071
5208 5072
5209 5073
5210 5074
5211 5075
5212 5076
5213 5077
5214 5078
5215 5079
5216 5080
5217 5081
5218 5082
5219 5083
5220 5084
5221 5085
5222 5086
5223 5087
5224 5088
5225 5089
5226 5090
5227 5091
5228 5092
5229 5093
5230 5094
5231 5095
5232 5096
5233 5097
5234 5098
5235 5099
5236 5100
5237 5101
5238 5102
5239 5103
5240 5104
5241 5105
5242 5106
5243 5107
5244 5108
5245 5109
5246 5110
5247 5111
5248 5112
5249 5113
5250 5114
5251 5115
5252 5116
5253 5117
5254 5118
5255 5119
5256 5120
5257 5121
5258 5122
5259 5123
5260 5124
5261 5125
5262 5126
5263 5127
5264 5128
5265 5129
5266 5130
5267 5131
5268 5132
5269 5133
5270 5134
5271 5135
5272 5136
5273 5137
5274 5138
5275 5139
5276 5140
5277 5141
5278 5142
5279 5143
5280 5146
5281 5145
5282 5144
5283 5147
5284 5148
5285 5149
5286 5150
5287 5151
5288 5152
5289 5153
5290 5154
5291 5155
5292 5156
5293 5157
5294 5158
5295 5159
5296 5160
5297 5161
5298 5162
5299 5163
5300 5164
5301 5165
5302 5166
5303 5167
5304 5168
5305 5169
5306 5170
5307 5173
5308 5174
5309 5175
5310 5176
5311 5177
5312 5178
5313 5179
5314 5180
5315 5181
5316 5183
5317 5182
5318 5184
5319 5185
5320 5186
5321 5187
5322 5189
5323 5190
5324 5191
5325 5192
5326 5193
5327 5194
5328 5195
5329 5196
5330 5197
5331 5198
5332 5199
5333 5200
5334 5201
5335 5202
5336 5203
5337 5204
5338 5205
5339 5206
5340 5207
5341 5208
5342 5209
5343 5210
5344 5211
5345 5212
5346 5213
5347 5214
5348 5215
5349 5216
5350 5217
5351 5218
5352 5219
5353 5220
5354 5221
5355 5222
5356 5223
5357 5224
5358 5225
5359 5228
5360 5227
5361 5226
5362 5229
5363 5230
5364 5231
5365 5232
5366 5233
5367 5234
5368 5237
5369 5238
5370 5239
5371 5240
5372 5241
5373 5242
5374 5243
5375 5244
5376 5245
5377 5246
5378 5247
5379 5248
5380 5249
5381 5250
5382 5251
5383 5252
5384 5253
5385 5254
5386 5255
5387 5256
5388 5257
5389 5258
5390 5259
5391 5260
5392 5261
5393 5262
5394 5263
5395 5264
5396 5265
5397 5266
5398 5267
5399 5268
5400 5269
5401 5270
5402 5271
5403 5272
5404 5273
5405 5274
5406 5275
5407 5276
5408 5277
5409 5279
5410 5280
5411 5281
5412 5282
5413 5283
5414 5284
5415 5285
5416 5286
5417 5287
5418 5288
5419 5289
5420 5290
5421 5291
5422 5292
5423 5293
5424 5294
5425 5295
5426 5296
5427 5297
5428 5298
5429 5299
5430 5300
5431 5301
5432 5302
5433 5303
5434 6899
5435 5305
5436 5306
5437 5307
5438 5308
5439 5309
5440 5310
5441 5311
5442 5312
5443 5313
5444 5314
5445 5315
5446 5316
5447 5317
5448 5318
5449 5319
5450 5320
5451 7250
5452 5321
5453 5322
5454 5323
5455 5324
5456 5325
5457 5326
5458 5327
5459 5328
5460 5329
5461 5330
5462 5331
5463 5332
5464 5333
5465 5334
5466 5335
5467 5336
5468 5337
5469 5338
5470 5339
5471 5340
5472 5341
5473 5342
5474 5343
5475 5344
5476 5345
5477 5346
5478 5347
5479 5348
5480 5349
5481 5350
5482 5351
5483 5352
5484 5353
5485 5354
5486 5355
5487 5356
5488 5357
5489 5358
5490 5359
5491 5360
5492 5361
5493 5362
5494 5363
5495 5364
5496 5365
5497 5366
5498 5367
5499 5368
5500 5369
5501 5370
5502 5371
5503 5372
5504 5373
5505 5374
5506 5376
5507 5377
5508 5378
5509 5379
5510 5380
5511 5381
5512 5383
5513 5382
5514 5384
5515 5385
5516 5386
5517 5387
5518 5388
5519 5389
5520 5390
5521 5391
5522 5392
5523 5393
5524 5394
5525 5395
5526 5396
5527 5397
5528 5398
5529 5399
5530 5400
5531 5401
5532 5402
5533 5403
5534 5404
5535 5405
5536 5406
5537 5407
5538 5408
5539 5414
5540 5413
5541 5412
5542 5411
5543 5410
5544 5409
5545 5415
5546 5416
5547 5417
5548 5418
5549 5419
5550 5420
5551 5421
5552 5422
5553 5423
5554 5424
5555 5426
5556 5427
5557 5428
5558 5429
5559 5430
5560 5431
5561 5432
5562 5433
5563 5434
5564 5802
5565 5436
5566 5437
5567 5438
5568 5439
5569 5440
5570 5441
5571 5442
5572 5443
5573 5446
5574 5447
5575 7197
5576 5449
5577 5450
5578 5451
5579 5452
5580 5453
5581 5454
5582 5455
5583 5456
5584 5457
5585 5458
5586 5459
5587 5460
5588 5461
5589 5462
5590 5463
5591 5464
5592 5465
5593 5466
5594 5467
5595 5468
5596 5469
5597 5470
5598 5471
5599 5472
5600 5473
5601 5474
5602 5475
5603 5476
5604 5477
5605 5478
5606 5479
5607 5480
5608 5481
5609 5482
5610 5483
5611 5484
5612 5485
5613 5486
5614 5487
5615 5488
5616 5489
5617 5490
5618 5491
5619 5493
5620 5494
5621 5495
5622 5496
5623 5497
5624 5499
5625 5498
5626 5500
5627 5501
5628 5502
5629 5503
5630 5504
5631 5505
5632 5506
5633 5507
5634 5508
5635 5509
5636 5510
5637 5511
5638 5512
5639 5513
5640 5514
5641 5515
5642 5516
5643 5517
5644 5518
5645 5519
5646 5520
5647 5521
5648 5522
5649 5523
5650 5524
5651 5525
5652 5526
5653 5527
5654 7927
5655 7926
5656 7925
5657 7918
5658 6449
5659 6224
5660 5758
5661 5529
5662 5530
5663 5531
5664 5532
5665 5533
5666 5534
5667 5535
5668 5536
5669 5537
5670 5538
5671 5539
5672 5540
5673 5541
5674 5542
5675 5543
5676 5544
5677 5545
5678 5546
5679 5547
5680 5548
5681 5549
5682 5550
5683 5551
5684 5552
5685 5553
5686 5554
5687 5555
5688 5556
5689 5557
5690 5558
5691 5559
5692 5561
5693 5562
5694 5563
5695 5564
5696 5565
5697 5566
5698 5567
5699 5568
5700 5569
5701 5570
5702 5571
5703 5572
5704 5573
5705 5574
5706 5575
5707 5576
5708 5577
5709 5578
5710 5579
5711 5580
5712 5581
5713 5582
5714 5583
5715 5584
5716 5586
5717 5587
5718 5588
5719 5589
5720 5590
5721 5591
5722 5592
5723 5593
5724 5594
5725 5595
5726 5597
5727 5596
5728 5598
5729 5599
5730 5600
5731 5601
5732 5602
5733 5603
5734 5604
5735 5605
5736 5606
5737 5607
5738 5608
5739 5609
5740 5610
5741 5611
5742 5612
5743 5613
5744 5614
5745 5616
5746 5615
5747 5617
5748 5618
5749 5619
5750 5620
5751 5621
5752 5622
5753 5623
5754 5624
5755 5625
5756 5626
5757 5627
5758 5628
5759 5629
5760 5630
5761 5631
5762 5632
5763 5633
5764 5634
5765 5635
5766 5636
5767 5637
5768 5638
5769 5639
5770 5640
5771 5641
5772 5642
5773 5643
5774 5644
5775 5645
5776 5646
5777 5647
5778 5648
5779 5649
5780 5651
5781 5652
5782 5653
5783 5654
5784 5655
5785 5656
5786 5657
5787 5658
5788 5659
5789 5660
5790 5661
5791 5662
5792 5663
5793 5664
5794 5665
5795 5666
5796 5667
5797 5668
5798 5669
5799 5670
5800 5671
5801 5672
5802 8125
5803 5674
5804 5675
5805 5676
5806 5677
5807 5678
5808 5679
5809 5680
5810 5681
5811 5682
5812 5683
5813 5684
5814 5685
5815 5686
5816 5687
5817 5688
5818 5689
5819 5690
5820 5691
5821 5692
5822 5693
5823 5694
5824 5695
5825 5696
5826 5697
5827 5698
5828 5699
5829 5700
5830 5701
5831 5702
5832 5703
5833 5704
5834 5705
5835 5706
5836 5707
5837 5710
5838 5709
5839 5708
5840 5711
5841 5712
5842 5714
5843 5713
5844 5715
5845 5716
5846 5717
5847 9187
5848 9186
5849 5718
5850 5720
5851 5721
5852 5722
5853 5723
5854 5724
5855 5725
5856 5726
5857 5727
5858 5728
5859 5729
5860 5730
5861 5731
5862 5733
5863 5734
5864 5735
5865 5736
5866 5737
5867 5738
5868 5739
5869 5740
5870 5741
5871 5742
5872 5743
5873 5744
5874 5745
5875 5746
5876 5747
5877 5748
5878 5749
5879 5750
5880 5751
5881 5752
5882 5753
5883 5754
5884 5755
5885 5756
5886 5757
5887 5759
5888 5760
5889 5761
5890 5762
5891 5763
5892 5764
5893 5765
5894 5766
5895 5767
5896 5768
5897 5770
5898 5769
5899 5771
5900 5772
5901 5773
5902 5774
5903 5777
5904 5775
5905 5778
5906 5779
5907 5780
5908 5781
5909 5782
5910 5784
5911 5785
5912 5786
5913 5787
5914 5788
5915 5789
5916 5790
5917 5791
5918 5792
5919 5793
5920 5794
5921 5795
5922 5796
5923 5797
5924 5798
5925 5799
5926 5800
5927 5801
5928 5803
5929 5804
5930 5805
5931 5806
5932 5807
5933 5808
5934 5809
5935 5810
5936 5811
5937 5812
5938 5813
5939 5814
5940 5815
5941 5816
5942 5817
5943 5818
5944 5819
5945 5820
5946 5823
5947 5822
5948 5821
5949 5824
5950 5825
5951 5826
5952 5827
5953 5828
5954 5829
5955 5830
5956 5831
5957 5832
5958 5833
5959 5834
5960 5835
5961 5836
5962 5837
5963 5838
5964 5839
5965 5840
5966 5841
5967 5842
5968 5843
5969 5844
5970 5845
5971 5846
5972 5847
5973 5848
5974 5849
5975 5850
5976 5851
5977 5852
5978 5853
5979 5854
5980 5855
5981 5856
5982 5857
5983 5858
5984 5859
5985 5860
5986 5861
5987 5862
5988 5863
5989 5864
5990 5865
5991 5866
5992 5867
5993 5868
5994 5869
5995 5870
5996 5871
5997 5872
5998 5873
5999 5874
6000 5875
6001 5876
6002 5877
6003 5878
6004 5879
6005 5880
6006 5881
6007 5882
6008 5883
6009 5884
6010 5885
6011 5886
6012 5887
6013 5888
6014 5890
6015 5892
6016 5893
6017 5894
6018 5895
6019 5896
6020 5897
6021 5898
6022 5899
6023 5900
6024 5910
6025 5909
6026 5908
6027 5907
6028 5906
6029 5905
6030 5904
6031 5903
6032 5901
6033 5902
6034 5911
6035 5912
6036 5915
6037 5914
6038 5913
6039 5916
6040 5917
6041 5918
6042 5919
6043 5920
6044 5921
6045 5922
6046 5923
6047 5924
6048 5925
6049 5926
6050 5927
6051 5928
6052 5929
6053 5930
6054 5931
6055 5932
6056 5933
6057 5934
6058 5935
6059 5936
6060 5937
6061 5938
6062 5939
6063 5940
6064 5941
6065 5942
6066 5943
6067 5945
6068 5944
6069 5946
6070 5947
6071 5948
6072 5949
6073 5950
6074 5951
6075 5952
6076 5953
6077 8802
6078 8090
6079 5954
6080 5955
6081 5956
6082 5957
6083 5958
6084 5959
6085 5960
6086 5961
6087 5962
6088 5963
6089 5964
6090 5965
6091 5966
6092 5967
6093 5968
6094 5969
6095 6548
6096 5971
6097 5972
6098 5973
6099 5974
6100 5975
6101 5976
6102 5977
6103 5978
6104 5979
6105 5980
6106 5981
6107 5982
6108 5983
6109 5984
6110 5985
6111 5986
6112 5987
6113 5988
6114 5989
6115 5990
6116 5991
6117 5995
6118 5994
6119 5993
6120 5992
6121 5996
6122 5997
6123 5998
6124 5999
6125 6000
6126 6001
6127 6002
6128 6003
6129 6004
6130 6005
6131 6006
6132 6007
6133 6008
6134 6009
6135 6010
6136 6011
6137 6012
6138 6013
6139 6014
6140 6015
6141 7004
6142 6194
6143 6193
6144 6192
6145 6018
6146 6019
6147 6020
6148 6021
6149 6022
6150 6024
6151 6025
6152 6026
6153 6027
6154 6028
6155 6029
6156 6030
6157 6031
6158 6032
6159 6033
6160 6034
6161 6035
6162 6036
6163 6037
6164 6038
6165 6039
6166 6040
6167 6041
6168 6042
6169 6043
6170 6044
6171 6045
6172 6046
6173 6047
6174 6048
6175 6049
6176 6050
6177 6051
6178 6053
6179 6052
6180 6054
6181 6055
6182 6056
6183 6057
6184 6058
6185 6059
6186 6060
6187 6061
6188 6062
6189 6063
6190 6064
6191 6065
6192 6066
6193 6067
6194 6069
6195 6070
6196 6071
6197 6072
6198 6073
6199 6074
6200 6075
6201 6076
6202 6077
6203 6081
6204 6080
6205 6079
6206 6078
6207 8181
6208 8131
6209 6082
6210 6083
6211 6084
6212 6085
6213 6086
6214 6087
6215 6088
6216 6089
6217 6090
6218 6092
6219 6091
6220 6093
6221 6094
6222 6096
6223 6097
6224 6098
6225 6099
6226 6100
6227 6101
6228 6102
6229 6103
6230 6104
6231 6105
6232 6106
6233 6107
6234 6108
6235 6109
6236 6110
6237 6111
6238 6112
6239 6113
6240 6114
6241 6116
6242 6117
6243 6118
6244 6120
6245 6121
6246 6119
6247 7016
6248 6122
6249 6123
6250 6124
6251 6125
6252 6126
6253 6127
6254 6128
6255 6129
6256 6131
6257 6130
6258 6133
6259 9446
6260 6132
6261 6134
6262 6135
6263 6293
6264 6292
6265 6137
6266 6136
6267 6138
6268 6139
6269 6140
6270 6141
6271 6142
6272 6143
6273 6144
6274 6145
6275 6146
6276 6147
6277 6148
6278 6149
6279 6150
6280 9023
6281 6152
6282 6153
6283 6154
6284 6155
6285 6156
6286 6157
6287 6158
6288 6159
6289 6160
6290 6161
6291 6162
6292 6163
6293 6164
6294 6165
6295 6166
6296 6167
6297 6168
6298 6169
6299 6170
6300 6171
6301 6172
6302 6173
6303 6174
6304 6176
6305 6177
6306 6178
6307 6179
6308 6180
6309 6181
6310 6182
6311 6183
6312 6184
6313 6185
6314 6186
6315 6187
6316 6188
6317 6189
6318 6190
6319 6191
6320 6195
6321 6196
6322 6197
6323 6198
6324 6199
6325 6200
6326 6201
6327 6202
6328 6203
6329 6204
6330 6205
6331 6206
6332 6207
6333 6208
6334 6209
6335 6210
6336 6211
6337 6212
6338 6213
6339 6215
6340 6216
6341 6217
6342 6218
6343 6219
6344 6220
6345 6221
6346 6223
6347 6222
6348 8946
6349 6225
6350 6226
6351 6227
6352 6228
6353 6229
6354 6230
6355 6231
6356 6232
6357 6233
6358 6234
6359 6235
6360 6236
6361 6237
6362 6239
6363 6238
6364 6240
6365 6241
6366 6242
6367 6243
6368 6244
6369 6245
6370 6246
6371 6247
6372 6248
6373 6249
6374 6250
6375 6251
6376 6252
6377 6253
6378 6254
6379 6255
6380 6256
6381 6257
6382 6258
6383 6259
6384 6260
6385 6261
6386 6262
6387 6265
6388 6264
6389 6263
6390 8728
6391 6266
6392 6267
6393 6268
6394 6269
6395 6270
6396 6271
6397 6272
6398 6273
6399 6274
6400 6276
6401 6277
6402 6278
6403 6279
6404 6280
6405 6281
6406 6282
6407 6283
6408 6284
6409 6285
6410 6286
6411 6287
6412 6288
6413 6289
6414 6290
6415 6291
6416 6295
6417 6296
6418 6297
6419 6298
6420 6299
6421 6300
6422 6301
6423 6302
6424 6303
6425 6304
6426 6305
6427 7160
6428 6306
6429 6307
6430 6308
6431 6309
6432 6310
6433 6311
6434 6312
6435 6313
6436 6314
6437 6315
6438 6316
6439 6317
6440 6318
6441 6319
6442 6320
6443 6321
6444 6322
6445 6323
6446 6324
6447 6325
6448 6326
6449 6327
6450 6328
6451 6329
6452 6330
6453 6331
6454 6332
6455 6333
6456 6334
6457 6335
6458 6336
6459 6337
6460 6338
6461 6339
6462 6340
6463 6341
6464 6342
6465 6343
6466 6344
6467 6345
6468 6346
6469 6347
6470 6348
6471 6349
6472 6351
6473 6350
6474 6352
6475 6353
6476 6354
6477 6355
6478 6356
6479 6357
6480 8652
6481 6358
6482 6359
6483 6360
6484 6361
6485 6362
6486 6363
6487 6364
6488 6365
6489 6366
6490 6367
6491 6368
6492 6369
6493 6370
6494 6371
6495 6372
6496 6373
6497 6374
6498 6375
6499 6376
6500 6377
6501 6378
6502 6379
6503 6380
6504 6381
6505 6382
6506 6383
6507 6384
6508 6385
6509 6386
6510 6387
6511 6388
6512 6389
6513 6390
6514 6391
6515 6392
6516 6393
6517 6394
6518 6395
6519 6396
6520 6397
6521 6398
6522 6399
6523 6400
6524 6401
6525 6402
6526 6403
6527 6404
6528 6405
6529 6406
6530 6407
6531 6408
6532 6409
6533 6410
6534 6411
6535 6412
6536 6413
6537 6414
6538 6415
6539 6416
6540 6417
6541 6418
6542 6419
6543 6420
6544 6421
6545 6422
6546 6423
6547 6424
6548 6425
6549 6426
6550 6427
6551 6428
6552 6429
6553 6430
6554 6431
6555 6432
6556 6433
6557 6434
6558 6435
6559 6436
6560 6438
6561 6441
6562 6440
6563 6439
6564 6437
6565 6442
6566 6443
6567 6444
6568 6445
6569 6446
6570 6447
6571 6448
6572 6450
6573 6451
6574 6452
6575 6453
6576 6454
6577 6455
6578 6456
6579 6457
6580 6458
6581 6459
6582 6460
6583 6461
6584 8678
6585 7952
6586 6462
6587 6463
6588 6464
6589 6465
6590 6466
6591 6467
6592 6468
6593 6469
6594 6470
6595 6471
6596 6472
6597 6473
6598 6474
6599 6475
6600 6476
6601 6477
6602 6478
6603 6479
6604 6482
6605 6483
6606 6484
6607 6485
6608 6486
6609 6487
6610 6488
6611 6489
6612 6490
6613 6491
6614 6492
6615 6494
6616 6495
6617 6496
6618 6497
6619 6498
6620 6499
6621 6500
6622 6501
6623 6502
6624 6503
6625 6504
6626 6505
6627 6506
6628 6507
6629 6508
6630 6509
6631 6510
6632 6511
6633 6512
6634 6514
6635 6513
6636 6515
6637 6516
6638 6517
6639 6518
6640 6519
6641 6520
6642 6521
6643 6522
6644 6523
6645 6524
6646 6525
6647 6526
6648 6527
6649 6528
6650 6529
6651 6530
6652 6531
6653 6532
6654 6533
6655 6534
6656 6535
6657 6536
6658 6537
6659 6538
6660 6539
6661 6540
6662 6541
6663 6542
6664 6543
6665 6544
6666 6545
6667 6546
6668 6547
6669 6549
6670 6550
6671 6551
6672 6552
6673 6553
6674 6554
6675 6555
6676 6556
6677 6557
6678 6558
6679 6559
6680 6560
6681 6561
6682 6562
6683 6563
6684 6564
6685 6565
6686 6566
6687 6567
6688 6568
6689 6569
6690 6570
6691 6571
6692 6572
6693 6573
6694 6574
6695 6575
6696 6577
6697 6576
6698 6578
6699 6579
6700 6580
6701 6581
6702 6582
6703 6583
6704 6584
6705 6585
6706 6586
6707 6587
6708 6589
6709 6588
6710 6590
6711 6591
6712 6592
6713 6593
6714 6594
6715 6595
6716 6596
6717 6597
6718 6598
6719 6599
6720 6600
6721 6601
6722 6602
6723 6603
6724 6604
6725 6605
6726 6606
6727 6607
6728 6608
6729 6609
6730 6610
6731 6611
6732 6612
6733 6613
6734 6614
6735 6615
6736 6616
6737 6617
6738 6618
6739 6619
6740 6620
6741 6621
6742 6622
6743 6623
6744 6626
6745 6625
6746 6624
6747 6627
6748 6628
6749 6629
6750 6631
6751 6632
6752 6633
6753 6634
6754 6635
6755 6636
6756 6637
6757 6638
6758 6639
6759 6640
6760 6641
6761 6642
6762 6643
6763 6644
6764 6645
6765 6646
6766 6647
6767 6648
6768 6649
6769 6650
6770 6651
6771 6652
6772 6653
6773 6654
6774 6655
6775 6656
6776 6657
6777 6658
6778 6659
6779 6660
6780 6661
6781 6662
6782 6663
6783 6664
6784 6665
6785 6666
6786 6667
6787 6668
6788 6669
6789 6670
6790 6671
6791 6672
6792 6673
6793 6674
6794 6675
6795 6676
6796 6677
6797 6678
6798 6679
6799 6680
6800 6682
6801 6681
6802 6683
6803 6684
6804 6685
6805 6686
6806 6687
6807 6688
6808 6691
6809 6690
6810 6689
6811 6692
6812 6693
6813 6694
6814 6695
6815 6696
6816 6697
6817 6698
6818 6699
6819 6700
6820 6701
6821 6702
6822 6703
6823 6704
6824 6705
6825 6706
6826 6707
6827 6708
6828 6709
6829 6710
6830 6711
6831 6712
6832 6713
6833 6714
6834 6715
6835 6716
6836 6717
6837 6718
6838 6719
6839 6720
6840 6721
6841 6722
6842 6723
6843 6724
6844 6725
6845 6726
6846 6727
6847 6728
6848 6729
6849 6730
6850 6731
6851 6732
6852 6733
6853 6734
6854 6735
6855 6736
6856 6737
6857 6738
6858 6739
6859 6741
6860 6742
6861 6743
6862 6744
6863 6745
6864 6746
6865 6747
6866 6748
6867 6749
6868 6750
6869 6751
6870 6752
6871 6753
6872 6754
6873 6755
6874 6756
6875 6757
6876 6758
6877 6759
6878 6760
6879 6761
6880 6762
6881 6763
6882 6764
6883 6765
6884 6766
6885 6767
6886 6768
6887 6769
6888 6770
6889 6771
6890 6772
6891 6773
6892 6774
6893 6775
6894 6776
6895 6777
6896 6778
6897 6779
6898 6780
6899 6781
6900 6782
6901 6783
6902 6784
6903 6785
6904 6786
6905 6787
6906 6789
6907 6788
6908 8993
6909 6791
6910 6792
6911 6793
6912 6794
6913 6795
6914 6796
6915 6797
6916 6798
6917 6799
6918 6800
6919 6801
6920 6802
6921 6803
6922 6804
6923 6805
6924 6806
6925 6807
6926 6808
6927 6810
6928 6811
6929 6812
6930 6814
6931 6813
6932 6815
6933 6816
6934 6817
6935 6818
6936 6821
6937 6822
6938 6823
6939 6824
6940 6825
6941 6826
6942 6827
6943 6828
6944 6829
6945 6830
6946 6831
6947 6832
6948 6833
6949 6834
6950 6835
6951 6836
6952 6837
6953 6838
6954 6839
6955 6840
6956 6841
6957 6842
6958 6843
6959 6844
6960 6845
6961 6846
6962 6847
6963 6848
6964 6849
6965 6850
6966 6851
6967 6852
6968 6853
6969 6854
6970 6855
6971 6857
6972 6858
6973 6859
6974 6860
6975 6862
6976 6863
6977 6864
6978 6866
6979 6865
6980 6867
6981 6868
6982 6869
6983 6870
6984 6871
6985 6872
6986 6873
6987 6874
6988 6875
6989 6876
6990 6877
6991 6878
6992 6879
6993 6880
6994 6881
6995 6882
6996 6883
6997 6884
6998 6885
6999 6886
7000 6887
7001 6888
7002 6889
7003 6890
7004 6891
7005 6892
7006 6893
7007 6894
7008 6895
7009 6896
7010 6897
7011 6898
7012 6900
7013 6901
7014 6902
7015 6903
7016 6904
7017 6905
7018 6906
7019 6907
7020 6908
7021 6909
7022 6910
7023 6911
7024 6912
7025 6913
7026 6914
7027 6915
7028 6916
7029 6917
7030 6918
7031 6919
7032 6920
7033 6921
7034 6922
7035 6923
7036 6924
7037 6925
7038 6926
7039 6927
7040 6928
7041 6929
7042 6930
7043 6932
7044 6931
7045 6933
7046 6934
7047 6935
7048 6936
7049 6937
7050 6938
7051 6939
7052 6943
7053 6945
7054 6946
7055 6947
7056 6948
7057 6949
7058 6950
7059 6951
7060 6952
7061 6953
7062 6954
7063 6956
7064 6957
7065 6958
7066 6959
7067 6960
7068 6961
7069 6962
7070 6963
7071 6964
7072 6965
7073 6966
7074 6967
7075 6968
7076 6969
7077 6970
7078 6971
7079 6972
7080 6973
7081 6974
7082 6975
7083 6976
7084 6977
7085 6978
7086 6979
7087 6980
7088 6981
7089 6982
7090 6983
7091 6984
7092 6985
7093 6986
7094 6987
7095 6988
7096 6990
7097 6991
7098 6992
7099 6993
7100 6994
7101 6995
7102 6996
7103 6997
7104 6998
7105 6999
7106 7000
7107 7001
7108 7002
7109 7003
7110 7005
7111 7006
7112 7007
7113 7008
7114 7009
7115 7010
7116 7011
7117 7012
7118 7013
7119 7014
7120 7015
7121 7017
7122 7018
7123 7019
7124 7020
7125 7021
7126 7022
7127 7023
7128 7024
7129 7025
7130 7026
7131 7027
7132 7028
7133 7029
7134 7030
7135 7031
7136 7032
7137 7033
7138 7034
7139 7035
7140 7036
7141 7038
7142 7037
7143 7039
7144 7040
7145 7041
7146 7042
7147 7043
7148 7044
7149 7045
7150 7046
7151 7047
7152 7048
7153 7049
7154 7050
7155 7051
7156 7052
7157 7053
7158 7054
7159 7055
7160 7056
7161 7057
7162 7058
7163 7059
7164 7060
7165 7061
7166 7062
7167 7063
7168 7064
7169 7065
7170 7066
7171 7067
7172 7068
7173 7069
7174 7070
7175 7071
7176 7072
7177 7073
7178 7074
7179 7075
7180 7076
7181 7077
7182 7078
7183 7079
7184 7080
7185 7081
7186 7082
7187 7083
7188 7084
7189 7085
7190 7086
7191 7087
7192 7088
7193 7089
7194 7090
7195 7091
7196 7092
7197 7093
7198 7094
7199 7095
7200 7096
7201 7097
7202 7098
7203 7099
7204 7100
7205 7101
7206 7102
7207 7103
7208 7104
7209 7105
7210 7106
7211 7107
7212 7108
7213 7109
7214 7110
7215 7111
7216 7112
7217 7113
7218 7114
7219 7115
7220 7116
7221 7117
7222 7118
7223 7119
7224 7120
7225 7121
7226 7122
7227 7123
7228 7124
7229 7125
7230 7126
7231 7127
7232 7128
7233 7129
7234 7130
7235 7131
7236 7132
7237 7425
7238 7133
7239 7134
7240 7135
7241 7136
7242 7139
7243 7141
7244 7142
7245 7143
7246 7144
7247 7145
7248 7146
7249 7147
7250 7148
7251 7149
7252 7150
7253 7151
7254 7152
7255 7153
7256 7154
7257 7155
7258 7156
7259 7157
7260 7158
7261 7159
7262 7161
7263 7162
7264 7163
7265 7164
7266 7165
7267 7166
7268 7167
7269 7168
7270 7169
7271 7170
7272 7171
7273 7172
7274 7173
7275 7174
7276 7175
7277 7176
7278 7177
7279 7178
7280 7179
7281 7180
7282 7181
7283 7182
7284 7183
7285 7184
7286 7185
7287 7186
7288 7187
7289 7188
7290 7189
7291 7190
7292 7191
7293 7192
7294 7193
7295 7194
7296 7195
7297 7196
7298 7198
7299 7199
7300 7200
7301 7201
7302 7202
7303 7203
7304 7204
7305 7205
7306 7206
7307 7207
7308 7208
7309 7209
7310 7210
7311 7211
7312 7212
7313 7213
7314 7214
7315 7216
7316 7217
7317 7218
7318 7219
7319 7220
7320 7221
7321 7222
7322 7223
7323 7224
7324 7225
7325 7226
7326 7227
7327 7228
7328 7229
7329 7230
7330 7231
7331 7232
7332 7233
7333 7234
7334 7235
7335 7236
7336 7237
7337 7238
7338 7239
7339 7240
7340 7241
7341 7242
7342 7243
7343 7244
7344 7245
7345 7246
7346 7247
7347 7248
7348 7249
7349 7763
7350 7251
7351 7252
7352 7253
7353 7254
7354 7255
7355 7256
7356 7257
7357 7258
7358 7259
7359 7260
7360 7261
7361 7262
7362 7263
7363 7264
7364 7265
7365 7266
7366 7267
7367 7268
7368 7269
7369 7270
7370 7271
7371 7272
7372 7273
7373 7274
7374 7275
7375 7276
7376 7277
7377 7278
7378 7279
7379 7280
7380 7281
7381 7282
7382 7283
7383 7284
7384 7285
7385 7286
7386 7287
7387 7288
7388 7289
7389 7291
7390 7292
7391 7290
7392 7293
7393 7295
7394 7296
7395 7297
7396 7299
7397 7300
7398 7302
7399 7303
7400 7304
7401 7305
7402 7306
7403 7307
7404 7308
7405 7309
7406 7310
7407 7311
7408 7312
7409 7313
7410 7314
7411 7315
7412 7316
7413 7317
7414 7318
7415 7319
7416 7320
7417 7322
7418 7321
7419 7323
7420 7324
7421 7325
7422 7326
7423 7327
7424 7328
7425 7329
7426 7330
7427 7785
7428 7335
7429 7334
7430 7333
7431 7332
7432 7331
7433 7336
7434 7337
7435 7338
7436 7339
7437 7340
7438 7341
7439 7342
7440 7343
7441 7344
7442 7345
7443 7346
7444 7347
7445 7348
7446 7349
7447 7350
7448 7351
7449 7352
7450 7353
7451 7354
7452 7355
7453 7356
7454 7357
7455 7358
7456 7359
7457 7360
7458 7362
7459 7361
7460 7485
7461 7363
7462 7364
7463 7365
7464 7366
7465 7367
7466 7368
7467 7369
7468 7370
7469 7371
7470 7372
7471 7373
7472 7374
7473 7376
7474 7377
7475 7378
7476 7379
7477 7380
7478 7381
7479 7382
7480 7383
7481 7384
7482 7385
7483 7386
7484 7387
7485 7388
7486 7391
7487 7392
7488 7393
7489 7394
7490 7395
7491 7396
7492 7397
7493 7398
7494 7399
7495 7400
7496 7401
7497 7402
7498 7403
7499 7404
7500 7405
7501 7406
7502 7407
7503 7408
7504 7409
7505 7410
7506 7411
7507 7412
7508 7413
7509 7414
7510 7415
7511 7416
7512 7417
7513 7418
7514 7419
7515 7420
7516 7421
7517 7422
7518 7424
7519 7426
7520 7427
7521 7428
7522 7429
7523 7430
7524 7431
7525 7432
7526 7433
7527 7434
7528 7435
7529 7436
7530 7437
7531 7438
7532 7439
7533 7440
7534 7441
7535 7443
7536 7442
7537 7444
7538 7445
7539 7446
7540 7447
7541 7448
7542 7449
7543 7450
7544 7451
7545 7452
7546 7453
7547 7454
7548 7455
7549 7456
7550 7457
7551 7458
7552 7459
7553 7460
7554 7461
7555 7462
7556 7463
7557 7464
7558 7465
7559 7466
7560 7467
7561 7468
7562 7469
7563 7470
7564 7471
7565 7472
7566 7473
7567 7474
7568 7475
7569 7476
7570 7477
7571 7478
7572 7479
7573 7480
7574 7481
7575 7482
7576 7483
7577 7484
7578 7486
7579 8377
7580 7487
7581 7488
7582 7489
7583 7490
7584 7491
7585 7492
7586 7493
7587 7494
7588 7495
7589 7496
7590 7497
7591 7499
7592 7500
7593 7501
7594 7502
7595 7503
7596 7504
7597 7506
7598 7505
7599 7507
7600 7508
7601 7509
7602 7510
7603 7511
7604 7512
7605 7513
7606 7514
7607 7515
7608 7516
7609 7517
7610 7518
7611 7519
7612 7520
7613 7522
7614 7523
7615 7524
7616 7525
7617 7526
7618 7528
7619 7529
7620 7530
7621 7531
7622 7532
7623 7533
7624 7534
7625 7535
7626 7536
7627 7540
7628 7541
7629 7542
7630 7543
7631 7544
7632 7545
7633 7546
7634 7547
7635 7548
7636 7549
7637 7550
7638 7551
7639 7552
7640 7553
7641 7554
7642 7555
7643 7556
7644 7557
7645 7558
7646 7559
7647 7560
7648 7561
7649 7562
7650 7563
7651 7564
7652 7565
7653 7566
7654 7567
7655 7568
7656 7569
7657 7570
7658 7571
7659 7572
7660 7573
7661 7574
7662 7576
7663 7581
7664 7580
7665 7579
7666 7582
7667 7583
7668 7584
7669 7585
7670 7586
7671 7587
7672 7588
7673 7589
7674 7590
7675 7591
7676 7592
7677 7593
7678 7594
7679 7595
7680 7596
7681 7597
7682 7598
7683 7599
7684 7600
7685 7601
7686 7602
7687 7605
7688 7604
7689 7603
7690 7606
7691 7607
7692 7608
7693 7609
7694 7610
7695 7611
7696 7612
7697 7613
7698 7614
7699 7615
7700 7616
7701 7618
7702 7617
7703 7619
7704 7620
7705 7621
7706 7622
7707 7623
7708 7624
7709 7625
7710 7626
7711 7627
7712 7628
7713 7629
7714 7630
7715 7631
7716 7632
7717 7633
7718 7635
7719 7634
7720 7636
7721 7637
7722 7639
7723 7638
7724 7641
7725 7640
7726 7642
7727 7643
7728 7644
7729 7645
7730 7646
7731 7647
7732 7648
7733 7649
7734 7650
7735 7651
7736 7652
7737 7653
7738 7654
7739 7655
7740 7657
7741 7658
7742 7659
7743 7660
7744 7661
7745 7662
7746 7663
7747 7664
7748 7665
7749 7666
7750 7667
7751 7668
7752 7669
7753 7670
7754 7672
7755 7673
7756 7674
7757 7675
7758 7676
7759 7677
7760 7678
7761 7679
7762 7680
7763 7681
7764 7682
7765 7683
7766 7684
7767 7685
7768 7686
7769 7689
7770 7690
7771 7691
7772 7692
7773 7693
7774 7694
7775 7695
7776 7696
7777 7697
7778 7698
7779 7699
7780 7700
7781 7701
7782 7702
7783 7703
7784 7704
7785 7705
7786 7706
7787 7707
7788 7708
7789 7709
7790 7710
7791 7711
7792 7712
7793 7713
7794 7714
7795 7715
7796 7717
7797 7716
7798 7718
7799 7719
7800 7720
7801 7721
7802 7722
7803 7723
7804 7724
7805 7725
7806 7726
7807 7727
7808 7728
7809 7729
7810 7730
7811 7731
7812 7732
7813 7733
7814 7734
7815 7735
7816 7736
7817 7737
7818 7738
7819 7739
7820 7740
7821 7741
7822 7742
7823 7743
7824 7744
7825 7745
7826 7747
7827 7746
7828 7748
7829 7749
7830 7750
7831 7751
7832 7753
7833 7752
7834 7754
7835 7755
7836 7756
7837 7757
7838 7758
7839 7759
7840 7760
7841 7761
7842 7762
7843 7764
7844 7765
7845 7766
7846 7767
7847 7769
7848 7770
7849 7768
7850 7771
7851 7773
7852 7775
7853 7776
7854 7777
7855 7778
7856 7779
7857 7781
7858 7782
7859 7783
7860 7784
7861 7786
7862 7787
7863 7788
7864 7789
7865 7790
7866 7791
7867 7792
7868 7793
7869 8970
7870 7794
7871 7795
7872 7796
7873 7797
7874 7798
7875 7799
7876 7800
7877 7801
7878 7802
7879 7803
7880 7804
7881 7805
7882 7806
7883 7807
7884 7808
7885 7809
7886 7810
7887 7811
7888 7812
7889 7813
7890 7814
7891 7815
7892 7816
7893 7817
7894 7818
7895 7819
7896 7820
7897 7821
7898 7822
7899 7823
7900 7824
7901 7825
7902 7826
7903 7827
7904 7828
7905 7829
7906 7831
7907 7830
7908 7832
7909 7833
7910 7834
7911 7835
7912 7836
7913 7837
7914 7838
7915 7839
7916 7840
7917 7841
7918 7842
7919 7843
7920 7844
7921 7845
7922 7846
7923 7847
7924 7848
7925 7849
7926 7850
7927 7851
7928 7852
7929 7853
7930 7854
7931 7855
7932 7856
7933 7857
7934 7858
7935 7859
7936 7860
7937 7861
7938 7862
7939 7863
7940 7864
7941 7865
7942 7866
7943 7867
7944 7868
7945 7869
7946 7870
7947 7871
7948 7872
7949 7873
7950 7874
7951 7875
7952 7876
7953 7877
7954 7878
7955 7879
7956 7880
7957 7881
7958 7882
7959 7883
7960 7884
7961 7885
7962 7886
7963 7887
7964 7888
7965 7889
7966 7890
7967 7891
7968 7892
7969 7893
7970 7894
7971 7895
7972 7896
7973 7897
7974 7898
7975 7899
7976 7900
7977 7901
7978 7902
7979 7903
7980 7905
7981 7904
7982 8856
7983 8855
7984 8854
7985 8853
7986 8852
7987 8851
7988 8850
7989 8849
7990 8848
7991 8847
7992 8962
7993 7906
7994 7908
7995 7909
7996 7910
7997 7911
7998 7912
7999 7913
8000 7914
8001 7915
8002 7916
8003 7917
8004 7928
8005 7929
8006 7930
8007 7931
8008 7932
8009 7933
8010 7934
8011 7935
8012 7936
8013 7937
8014 7938
8015 7939
8016 7940
8017 7941
8018 7942
8019 7943
8020 7944
8021 7945
8022 7946
8023 7947
8024 7948
8025 7949
8026 7950
8027 7951
8028 7953
8029 7954
8030 7955
8031 7956
8032 7957
8033 7958
8034 7959
8035 7960
8036 7961
8037 7963
8038 7964
8039 7965
8040 7966
8041 7967
8042 7968
8043 7969
8044 7970
8045 7971
8046 7972
8047 7973
8048 7974
8049 7975
8050 7976
8051 7977
8052 7978
8053 7979
8054 7980
8055 7981
8056 7982
8057 7983
8058 7984
8059 7985
8060 7986
8061 7987
8062 7988
8063 7989
8064 7991
8065 7990
8066 7992
8067 7993
8068 7994
8069 7995
8070 7996
8071 7997
8072 7998
8073 7999
8074 8000
8075 8001
8076 8002
8077 8003
8078 8004
8079 8005
8080 8006
8081 8007
8082 8008
8083 8009
8084 8010
8085 8011
8086 8012
8087 8013
8088 8014
8089 8015
8090 8016
8091 8017
8092 8018
8093 8019
8094 8020
8095 8021
8096 8023
8097 8022
8098 8024
8099 8025
8100 8026
8101 8027
8102 8028
8103 8029
8104 8030
8105 8031
8106 8032
8107 8033
8108 8034
8109 8076
8110 8075
8111 8074
8112 8073
8113 8072
8114 8071
8115 8070
8116 8069
8117 8068
8118 8067
8119 8066
8120 8065
8121 8064
8122 8063
8123 8062
8124 8061
8125 8060
8126 8059
8127 8058
8128 8057
8129 8056
8130 8055
8131 8054
8132 8053
8133 8052
8134 8051
8135 8050
8136 8049
8137 8048
8138 8047
8139 8046
8140 8045
8141 8044
8142 8043
8143 8042
8144 8041
8145 8040
8146 8039
8147 8038
8148 8037
8149 8036
8150 8035
8151 8077
8152 8078
8153 8079
8154 8080
8155 8081
8156 8082
8157 8083
8158 8084
8159 8085
8160 8086
8161 8087
8162 8088
8163 8089
8164 8091
8165 8092
8166 8093
8167 8094
8168 8095
8169 8096
8170 8097
8171 8098
8172 8101
8173 8102
8174 8103
8175 8104
8176 8105
8177 8106
8178 8107
8179 8108
8180 8109
8181 8110
8182 8111
8183 8112
8184 8113
8185 8114
8186 8115
8187 8116
8188 8117
8189 8118
8190 8119
8191 8120
8192 8121
8193 8122
8194 8123
8195 8124
8196 8126
8197 8127
8198 8128
8199 8129
8200 8130
8201 8132
8202 8133
8203 8134
8204 8135
8205 8136
8206 8137
8207 8138
8208 8139
8209 8141
8210 8140
8211 8142
8212 8143
8213 8144
8214 8145
8215 8146
8216 8147
8217 8148
8218 8149
8219 8150
8220 8151
8221 8152
8222 8153
8223 8158
8224 8159
8225 8160
8226 8161
8227 8162
8228 8163
8229 8164
8230 8165
8231 8166
8232 8167
8233 8168
8234 8169
8235 8170
8236 8171
8237 8172
8238 8173
8239 8174
8240 8175
8241 8176
8242 8177
8243 8178
8244 8179
8245 8180
8246 8182
8247 8183
8248 8184
8249 8185
8250 8186
8251 8187
8252 8188
8253 8189
8254 8190
8255 8191
8256 8192
8257 8193
8258 8194
8259 8195
8260 8196
8261 8197
8262 8198
8263 8199
8264 8200
8265 8201
8266 8202
8267 8203
8268 8204
8269 8205
8270 8206
8271 8207
8272 8209
8273 8210
8274 8211
8275 8212
8276 8213
8277 8214
8278 8215
8279 8216
8280 8217
8281 8218
8282 8219
8283 8220
8284 8221
8285 8222
8286 8223
8287 8224
8288 8225
8289 8226
8290 8227
8291 8228
8292 8229
8293 8230
8294 8231
8295 8232
8296 8233
8297 8234
8298 8235
8299 8236
8300 8237
8301 8238
8302 8239
8303 8240
8304 8241
8305 8242
8306 8243
8307 8244
8308 8246
8309 8245
8310 8247
8311 8249
8312 8248
8313 8250
8314 8251
8315 8252
8316 8254
8317 8253
8318 8255
8319 8256
8320 8257
8321 8258
8322 8259
8323 8262
8324 8261
8325 8260
8326 8263
8327 8264
8328 8265
8329 8266
8330 8267
8331 8268
8332 8269
8333 8270
8334 8271
8335 8272
8336 8273
8337 8274
8338 8275
8339 8276
8340 8277
8341 8278
8342 8279
8343 8280
8344 8281
8345 8282
8346 8283
8347 8284
8348 8285
8349 8286
8350 8287
8351 8288
8352 8289
8353 8290
8354 8291
8355 8292
8356 8293
8357 8294
8358 8295
8359 8296
8360 8297
8361 8326
8362 8302
8363 8301
8364 8300
8365 8299
8366 8298
8367 8304
8368 8305
8369 8306
8370 8308
8371 8307
8372 8309
8373 8310
8374 8312
8375 8313
8376 8314
8377 8315
8378 8316
8379 8317
8380 8318
8381 8319
8382 8320
8383 8321
8384 8322
8385 8323
8386 8324
8387 8325
8388 8327
8389 8328
8390 8329
8391 8330
8392 8331
8393 8332
8394 8333
8395 8334
8396 8335
8397 8336
8398 8337
8399 8338
8400 8339
8401 8341
8402 9516
8403 8813
8404 8342
8405 8343
8406 8344
8407 8345
8408 8346
8409 8347
8410 8348
8411 8349
8412 8350
8413 8351
8414 8352
8415 8353
8416 8354
8417 8355
8418 8356
8419 8357
8420 8358
8421 8359
8422 8360
8423 8361
8424 8362
8425 8363
8426 8364
8427 8365
8428 8366
8429 8367
8430 8368
8431 8369
8432 8371
8433 8370
8434 8372
8435 8373
8436 8374
8437 8375
8438 8376
8439 8378
8440 8379
8441 8380
8442 8381
8443 8382
8444 8383
8445 8384
8446 8385
8447 8386
8448 8387
8449 8388
8450 8389
8451 8390
8452 8391
8453 8392
8454 8393
8455 8394
8456 8395
8457 8396
8458 8397
8459 8398
8460 8399
8461 8400
8462 8401
8463 8402
8464 8403
8465 8404
8466 8405
8467 8406
8468 8407
8469 8408
8470 8409
8471 8410
8472 8411
8473 8412
8474 8413
8475 8414
8476 8415
8477 8416
8478 8417
8479 8418
8480 8419
8481 8420
8482 8421
8483 8422
8484 8423
8485 8425
8486 8424
8487 8426
8488 8427
8489 8428
8490 8429
8491 8430
8492 8431
8493 8432
8494 8433
8495 8434
8496 8435
8497 8436
8498 8437
8499 8438
8500 8439
8501 8440
8502 8441
8503 8442
8504 8443
8505 8445
8506 8446
8507 8447
8508 8448
8509 8449
8510 8450
8511 8451
8512 8452
8513 8453
8514 8454
8515 8455
8516 8456
8517 8457
8518 8458
8519 8459
8520 8460
8521 8461
8522 8462
8523 8463
8524 8464
8525 8465
8526 8466
8527 8467
8528 8468
8529 8469
8530 8470
8531 8471
8532 8472
8533 8473
8534 8474
8535 8475
8536 8478
8537 8477
8538 8479
8539 8480
8540 8481
8541 8482
8542 8483
8543 8484
8544 8485
8545 8486
8546 8487
8547 8488
8548 8489
8549 8490
8550 8491
8551 8492
8552 8493
8553 8494
8554 8495
8555 8496
8556 8497
8557 8498
8558 8499
8559 8500
8560 8501
8561 8502
8562 8503
8563 8504
8564 8505
8565 8506
8566 8507
8567 8508
8568 8509
8569 8510
8570 8511
8571 8512
8572 8513
8573 8514
8574 8515
8575 8516
8576 8517
8577 8518
8578 8519
8579 8520
8580 8521
8581 8522
8582 8523
8583 8524
8584 8525
8585 8526
8586 8527
8587 8528
8588 8529
8589 8530
8590 8531
8591 8532
8592 8533
8593 8534
8594 8537
8595 8538
8596 8539
8597 8540
8598 8541
8599 8542
8600 8543
8601 8545
8602 8546
8603 8547
8604 8548
8605 8549
8606 8550
8607 8551
8608 8552
8609 8553
8610 8554
8611 8555
8612 8556
8613 8557
8614 8558
8615 8559
8616 8560
8617 8561
8618 8562
8619 8563
8620 8564
8621 8565
8622 8566
8623 8567
8624 8569
8625 8568
8626 8570
8627 8571
8628 8572
8629 8573
8630 8574
8631 8575
8632 8576
8633 8577
8634 8578
8635 8579
8636 8580
8637 8581
8638 8582
8639 8583
8640 8584
8641 8585
8642 8586
8643 8588
8644 8589
8645 8590
8646 8593
8647 8592
8648 8591
8649 8594
8650 8595
8651 8596
8652 8597
8653 8598
8654 8599
8655 8600
8656 8601
8657 8602
8658 8603
8659 8604
8660 8605
8661 8606
8662 8607
8663 8608
8664 8609
8665 8610
8666 8611
8667 8612
8668 8613
8669 8614
8670 8615
8671 8616
8672 8617
8673 8618
8674 8619
8675 8620
8676 8621
8677 8622
8678 8623
8679 8624
8680 8625
8681 8626
8682 8627
8683 8759
8684 8628
8685 8629
8686 8630
8687 8631
8688 8632
8689 8633
8690 8636
8691 8634
8692 8635
8693 8638
8694 8637
8695 8639
8696 8640
8697 8641
8698 8642
8699 8643
8700 8644
8701 8645
8702 8646
8703 8647
8704 8648
8705 8649
8706 8650
8707 8651
8708 8653
8709 8654
8710 8655
8711 8656
8712 8657
8713 8658
8714 8659
8715 8660
8716 8661
8717 8662
8718 8663
8719 8664
8720 8665
8721 8673
8722 8674
8723 8675
8724 8676
8725 8677
8726 8679
8727 8680
8728 8681
8729 8682
8730 8683
8731 8684
8732 8685
8733 8686
8734 8687
8735 8688
8736 8689
8737 8690
8738 8691
8739 8692
8740 8693
8741 8694
8742 8695
8743 8696
8744 8697
8745 8698
8746 8699
8747 8700
8748 8701
8749 8702
8750 8703
8751 8704
8752 8705
8753 8706
8754 8707
8755 8708
8756 8709
8757 8710
8758 8711
8759 8712
8760 8713
8761 8714
8762 8715
8763 8716
8764 8717
8765 8718
8766 8719
8767 8720
8768 8721
8769 8722
8770 8723
8771 8724
8772 8725
8773 8729
8774 8730
8775 8731
8776 8732
8777 8733
8778 8734
8779 8735
8780 8736
8781 8737
8782 8738
8783 8739
8784 8740
8785 8741
8786 8742
8787 8743
8788 8744
8789 8745
8790 8746
8791 8747
8792 8748
8793 8749
8794 8750
8795 8751
8796 8752
8797 8753
8798 8754
8799 8755
8800 8756
8801 8757
8802 8758
8803 8760
8804 8761
8805 8762
8806 8763
8807 8764
8808 9254
8809 8765
8810 8767
8811 8768
8812 8769
8813 8770
8814 8771
8815 8772
8816 8773
8817 8774
8818 8775
8819 9211
8820 8924
8821 8777
8822 8778
8823 8779
8824 8780
8825 8781
8826 8782
8827 8783
8828 8784
8829 8785
8830 8786
8831 8790
8832 8791
8833 8792
8834 8793
8835 8794
8836 8795
8837 8796
8838 8797
8839 8798
8840 8799
8841 8800
8842 8801
8843 8803
8844 8804
8845 8805
8846 8806
8847 8807
8848 8808
8849 8810
8850 8809
8851 8811
8852 8812
8853 8814
8854 8815
8855 8816
8856 8817
8857 8818
8858 8819
8859 8820
8860 8821
8861 8822
8862 8823
8863 8824
8864 8825
8865 8826
8866 8828
8867 8827
8868 8829
8869 8830
8870 8831
8871 8832
8872 8833
8873 8834
8874 8835
8875 8836
8876 8837
8877 8838
8878 8839
8879 8840
8880 8841
8881 8842
8882 8843
8883 8844
8884 8845
8885 8846
8886 8892
8887 8857
8888 8858
8889 8859
8890 8860
8891 8861
8892 8862
8893 8863
8894 8865
8895 8866
8896 8867
8897 8868
8898 8869
8899 8870
8900 8871
8901 8872
8902 8873
8903 8874
8904 8875
8905 8876
8906 8877
8907 8878
8908 8880
8909 8879
8910 8881
8911 8882
8912 8883
8913 8884
8914 8885
8915 8886
8916 8888
8917 8889
8918 8890
8919 8891
8920 8893
8921 8894
8922 8895
8923 8896
8924 8897
8925 8898
8926 8899
8927 8900
8928 8901
8929 8902
8930 8921
8931 8920
8932 8919
8933 8918
8934 8917
8935 8916
8936 8915
8937 8914
8938 8913
8939 8912
8940 8911
8941 8910
8942 8909
8943 8908
8944 8907
8945 8906
8946 8905
8947 8904
8948 8903
8949 8925
8950 8926
8951 8927
8952 8928
8953 8929
8954 8930
8955 8931
8956 8932
8957 8933
8958 8934
8959 8935
8960 8937
8961 8936
8962 8938
8963 8939
8964 8940
8965 8941
8966 8942
8967 8943
8968 8944
8969 8945
8970 8947
8971 8948
8972 8949
8973 8951
8974 8950
8975 8952
8976 8953
8977 8954
8978 8955
8979 8956
8980 8957
8981 8958
8982 8959
8983 8960
8984 8968
8985 8967
8986 8966
8987 8965
8988 8964
8989 8963
8990 8961
8991 8969
8992 8971
8993 8974
8994 8975
8995 8976
8996 8977
8997 8978
8998 8979
8999 8980
9000 8981
9001 8982
9002 8983
9003 8984
9004 8985
9005 8986
9006 8987
9007 8988
9008 8989
9009 8990
9010 8991
9011 8992
9012 8994
9013 9457
9014 9141
9015 8995
9016 8996
9017 8997
9018 8998
9019 9001
9020 9000
9021 8999
9022 9002
9023 9003
9024 9004
9025 9005
9026 9007
9027 9008
9028 9009
9029 9010
9030 9011
9031 9012
9032 9013
9033 9014
9034 9016
9035 9015
9036 9017
9037 9018
9038 9019
9039 9020
9040 9021
9041 9022
9042 9024
9043 9025
9044 9026
9045 9027
9046 9028
9047 9029
9048 9030
9049 9031
9050 9032
9051 9034
9052 9035
9053 9036
9054 9037
9055 9038
9056 9039
9057 9040
9058 9041
9059 9042
9060 9043
9061 9044
9062 9045
9063 9046
9064 9047
9065 9048
9066 9049
9067 9050
9068 9051
9069 9052
9070 9053
9071 9054
9072 9055
9073 9056
9074 9057
9075 9058
9076 9060
9077 9059
9078 9061
9079 9062
9080 9063
9081 9064
9082 9065
9083 9066
9084 9067
9085 9068
9086 9069
9087 9070
9088 9071
9089 9072
9090 9073
9091 9074
9092 9075
9093 9076
9094 9077
9095 9078
9096 9079
9097 9080
9098 9081
9099 9082
9100 9083
9101 9084
9102 9085
9103 9086
9104 9087
9105 9088
9106 9089
9107 9090
9108 9091
9109 9092
9110 9093
9111 9094
9112 9095
9113 9096
9114 9097
9115 9098
9116 9099
9117 9100
9118 9101
9119 9102
9120 9103
9121 9104
9122 9105
9123 9106
9124 9107
9125 9108
9126 9110
9127 9111
9128 9112
9129 9113
9130 9116
9131 9117
9132 9118
9133 9119
9134 9120
9135 9121
9136 9122
9137 9128
9138 9127
9139 9126
9140 9125
9141 9124
9142 9123
9143 9129
9144 9130
9145 9131
9146 9132
9147 9133
9148 9134
9149 9135
9150 9136
9151 9137
9152 9138
9153 9139
9154 9140
9155 9143
9156 9142
9157 9144
9158 9146
9159 9147
9160 9148
9161 9149
9162 9150
9163 9151
9164 9152
9165 9153
9166 9156
9167 9157
9168 9158
9169 9159
9170 9160
9171 9161
9172 9162
9173 9163
9174 9164
9175 9165
9176 9166
9177 9167
9178 9168
9179 9169
9180 9170
9181 9171
9182 9172
9183 9173
9184 9174
9185 9175
9186 9176
9187 9177
9188 9178
9189 9179
9190 9180
9191 9181
9192 9182
9193 9184
9194 9185
9195 9188
9196 9189
9197 9190
9198 9191
9199 9192
9200 9193
9201 9194
9202 9195
9203 9196
9204 9197
9205 9198
9206 9199
9207 9200
9208 9201
9209 9202
9210 9203
9211 9204
9212 9205
9213 9206
9214 9207
9215 9208
9216 9209
9217 9210
9218 9212
9219 9213
9220 9214
9221 9215
9222 9216
9223 9217
9224 9218
9225 9219
9226 9220
9227 9221
9228 9222
9229 9223
9230 9224
9231 9225
9232 9246
9233 9245
9234 9244
9235 9243
9236 9242
9237 9241
9238 9240
9239 9239
9240 9238
9241 9237
9242 9236
9243 9235
9244 9234
9245 9233
9246 9232
9247 9231
9248 9230
9249 9229
9250 9228
9251 9227
9252 9226
9253 9247
9254 9248
9255 9249
9256 9250
9257 9251
9258 9252
9259 9253
9260 9255
9261 9256
9262 9257
9263 9258
9264 9259
9265 9260
9266 9261
9267 9262
9268 9263
9269 9264
9270 9265
9271 9266
9272 9267
9273 9268
9274 9269
9275 9270
9276 9272
9277 9271
9278 9273
9279 9274
9280 9275
9281 9276
9282 9277
9283 9278
9284 9279
9285 9280
9286 9281
9287 9282
9288 9283
9289 9284
9290 9285
9291 9286
9292 9287
9293 9288
9294 9289
9295 9290
9296 9291
9297 9292
9298 9293
9299 9294
9300 9295
9301 9296
9302 9297
9303 9298
9304 9299
9305 9300
9306 9301
9307 9302
9308 9303
9309 9305
9310 9304
9311 9306
9312 9307
9313 9308
9314 9309
9315 9310
9316 9311
9317 9312
9318 9314
9319 9315
9320 9316
9321 9317
9322 9318
9323 9319
9324 9320
9325 9321
9326 9322
9327 9323
9328 9324
9329 9325
9330 9326
9331 9327
9332 9328
9333 9329
9334 9330
9335 9331
9336 9332
9337 9333
9338 9334
9339 9335
9340 9336
9341 9337
9342 9338
9343 9339
9344 9340
9345 9341
9346 9342
9347 9343
9348 9344
9349 9345
9350 9346
9351 9347
9352 9348
9353 9349
9354 9350
9355 9351
9356 9352
9357 9353
9358 9354
9359 9355
9360 9356
9361 9357
9362 9358
9363 9359
9364 9360
9365 9361
9366 9362
9367 9363
9368 9364
9369 9365
9370 9366
9371 9367
9372 9368
9373 9369
9374 9370
9375 9372
9376 9371
9377 9373
9378 9374
9379 9375
9380 9376
9381 9377
9382 9378
9383 9379
9384 9380
9385 9381
9386 9382
9387 9383
9388 9384
9389 9385
9390 9386
9391 9387
9392 9389
9393 9388
9394 9390
9395 9391
9396 9392
9397 9394
9398 9393
9399 9395
9400 9396
9401 9397
9402 9398
9403 9399
9404 9400
9405 9401
9406 9402
9407 9403
9408 9404
9409 9405
9410 9406
9411 9407
9412 9408
9413 9409
9414 9410
9415 9412
9416 9411
9417 9413
9418 9414
9419 9415
9420 9416
9421 9417
9422 9418
9423 9419
9424 9420
9425 9421
9426 9422
9427 9423
9428 9424
9429 9425
9430 9426
9431 9427
9432 9428
9433 9429
9434 9430
9435 9431
9436 9432
9437 9433
9438 9434
9439 9435
9440 9436
9441 9437
9442 9438
9443 9439
9444 9440
9445 9441
9446 9442
9447 9443
9448 9444
9449 9445
9450 9447
9451 9448
9452 9449
9453 9450
9454 9451
9455 9452
9456 9453
9457 9454
9458 9455
9459 9456
9460 9458
9461 9459
9462 9470
9463 9469
9464 9468
9465 9467
9466 9466
9467 9465
9468 9464
9469 9463
9470 9462
9471 9461
9472 9460
9473 9471
9474 9472
9475 9473
9476 9474
9477 9475
9478 9476
9479 9477
9480 9478
9481 9479
9482 9480
9483 9481
9484 9482
9485 9483
9486 9484
9487 9485
9488 9486
9489 9487
9490 9488
9491 9489
9492 9490
9493 9491
9494 9492
9495 9493
9496 9494
9497 9495
9498 9496
9499 9497
9500 9498
9501 9499
9502 9500
9503 9501
9504 9502
9505 9503
9506 9504
9507 9505
9508 9506
9509 9507
9510 9508
9511 9509
9512 9510
9513 9511
9514 9512
9515 9513
9516 9514
9517 9515
9518 9517
9519 9518
9520 9519
9521 9520
9522 9521
9523 9522
9524 9523
9525 9524
9526 9525
9527 9526
9528 9528
9529 9529
9530 9530
9531 9531
9532 9532
9533 9533
9534 9534
9535 9535
9536 9536
9537 9537
9538 9538
9539 9539
9540 9540
9541 9541
9542 9543
9543 9542
9544 9544
9545 9545
9546 9546
9547 9547
9548 9548
9549 9549
9550 9550
9551 9551
9552 9552
9553 9553
9554 9554
9555 9556
9556 9555
9557 9557
9558 9558
9559 9559
9560 9560
9561 9561
9562 9562
9563 9568
9564 9567
9565 9566
9566 9565
9567 9564
9568 9563
9569 9569
9570 9570
9571 9571
9572 9574
9573 9573
9574 9572
9575 9575
9576 9576
9577 9577
9578 9578
9579 9579
9580 9580
9581 9581
9582 9582
9583 9584
9584 9583
9585 9585
9586 9586
9587 9587
9588 9588
9589 9589
9590 9590
9591 9591
9592 9592
9593 9593
9594 9594
9595 9595
9596 9596
9597 9597
9598 9598
9599 9599
