gtrieScanner Results
------------------------------------------
General Information

Start of Computation: 01h57m02s 02/08/2020
End of Computation: 01h59m56s 02/08/2020

Subgraph Size: 4
Graph File: "input/#AMAs.edges"
Directed: YES
Nr Nodes: 10597
Nr Edges: 35016

Method: GTRIE with file containing complete g-trie
Different Types of Subgraphs Found [Original Network]: 82
Subgraph Occurrences Found [Original Network]: 287671106
Time for computing census on original network: 173.717384s
Average time for census on random network: 0.000000s

Number of random networks: 0
Random seed: 1596351422
Exchanges per edge: 3
Number of tries per exchange: 10
------------------------------------------
Motif Analysis Results

Graph   Org_Freq |  Z-score |    Rnd_Avg +/-    Rnd_Dev

0000
1001
1000
0000    89215377 |     0.00 |       0.00 +/-       0.00

0001
1000
1000
0000    52940157 |     0.00 |       0.00 +/-       0.00

0110
0000
0000
0110    51591118 |     0.00 |       0.00 +/-       0.00

0000
1000
1000
1000    20568530 |     0.00 |       0.00 +/-       0.00

0010
1010
0000
1000    20533150 |     0.00 |       0.00 +/-       0.00

0000
1000
1000
0100    14036518 |     0.00 |       0.00 +/-       0.00

0000
1010
1000
1000    10521010 |     0.00 |       0.00 +/-       0.00

0100
1000
1000
1000    10142927 |     0.00 |       0.00 +/-       0.00

0100
1000
1100
1000     5755193 |     0.00 |       0.00 +/-       0.00

0100
0000
1100
1100     5733519 |     0.00 |       0.00 +/-       0.00

0100
1000
1000
0100     1932921 |     0.00 |       0.00 +/-       0.00

0111
0000
0000
0000     1259588 |     0.00 |       0.00 +/-       0.00

0100
1000
1100
1100     1213549 |     0.00 |       0.00 +/-       0.00

0011
1000
0000
0000      884517 |     0.00 |       0.00 +/-       0.00

0101
1000
1000
0000      278542 |     0.00 |       0.00 +/-       0.00

0011
1010
0000
0000      240709 |     0.00 |       0.00 +/-       0.00

0111
0011
0000
0000      126430 |     0.00 |       0.00 +/-       0.00

0010
1001
0000
0000      110968 |     0.00 |       0.00 +/-       0.00

0111
0010
0000
0000       97626 |     0.00 |       0.00 +/-       0.00

0100
1001
1000
0000       70524 |     0.00 |       0.00 +/-       0.00

0110
1000
0000
0010       65457 |     0.00 |       0.00 +/-       0.00

0101
1000
1100
0000       58216 |     0.00 |       0.00 +/-       0.00

0011
1010
0000
1000       42702 |     0.00 |       0.00 +/-       0.00

0001
1010
1000
0000       41953 |     0.00 |       0.00 +/-       0.00

0101
1000
1101
0000       37156 |     0.00 |       0.00 +/-       0.00

0110
1010
0000
0010       27627 |     0.00 |       0.00 +/-       0.00

0100
0001
1000
0000       24521 |     0.00 |       0.00 +/-       0.00

0110
1000
1000
1000       18552 |     0.00 |       0.00 +/-       0.00

0100
1000
1001
0000       14069 |     0.00 |       0.00 +/-       0.00

0110
1000
1000
0100       12274 |     0.00 |       0.00 +/-       0.00

0101
1000
1100
1000        9861 |     0.00 |       0.00 +/-       0.00

0110
0010
0000
1000        7405 |     0.00 |       0.00 +/-       0.00

0001
1010
1000
1000        6901 |     0.00 |       0.00 +/-       0.00

0110
1010
0000
1000        6265 |     0.00 |       0.00 +/-       0.00

0111
0001
0100
0000        6001 |     0.00 |       0.00 +/-       0.00

0111
1000
0000
0000        4925 |     0.00 |       0.00 +/-       0.00

0111
0000
0100
0100        4614 |     0.00 |       0.00 +/-       0.00

0100
1000
1000
0010        4377 |     0.00 |       0.00 +/-       0.00

0110
0001
0001
0000        3944 |     0.00 |       0.00 +/-       0.00

0100
1000
1101
0000        3857 |     0.00 |       0.00 +/-       0.00

0111
0011
0001
0000        2319 |     0.00 |       0.00 +/-       0.00

0101
1000
1101
1000        2254 |     0.00 |       0.00 +/-       0.00

0101
0000
1100
0100        2209 |     0.00 |       0.00 +/-       0.00

0110
1010
0000
1110        1662 |     0.00 |       0.00 +/-       0.00

0101
0001
1100
0000        1252 |     0.00 |       0.00 +/-       0.00

0100
1000
1101
1000        1066 |     0.00 |       0.00 +/-       0.00

0100
1000
1101
1100         799 |     0.00 |       0.00 +/-       0.00

0110
0001
0000
0010         725 |     0.00 |       0.00 +/-       0.00

0111
1010
0000
0000         662 |     0.00 |       0.00 +/-       0.00

0100
1001
1001
0000         529 |     0.00 |       0.00 +/-       0.00

0111
1000
1000
0000         518 |     0.00 |       0.00 +/-       0.00

0110
1001
0000
0000         506 |     0.00 |       0.00 +/-       0.00

0100
1000
1100
0010         471 |     0.00 |       0.00 +/-       0.00

0100
1000
1001
0100         466 |     0.00 |       0.00 +/-       0.00

0110
1000
1000
0110         436 |     0.00 |       0.00 +/-       0.00

0101
1001
1100
0000         395 |     0.00 |       0.00 +/-       0.00

0110
1000
0001
0000         385 |     0.00 |       0.00 +/-       0.00

0100
1000
1100
1010         196 |     0.00 |       0.00 +/-       0.00

0110
1010
0000
1010         132 |     0.00 |       0.00 +/-       0.00

0111
0010
0000
1000         129 |     0.00 |       0.00 +/-       0.00

0110
1010
0001
0000          86 |     0.00 |       0.00 +/-       0.00

0111
1010
0000
0010          72 |     0.00 |       0.00 +/-       0.00

0111
1011
0000
0000          56 |     0.00 |       0.00 +/-       0.00

0110
1001
1000
0000          52 |     0.00 |       0.00 +/-       0.00

0110
1001
0001
0000          32 |     0.00 |       0.00 +/-       0.00

0111
1000
1000
1000          24 |     0.00 |       0.00 +/-       0.00

0100
1000
1001
0010          23 |     0.00 |       0.00 +/-       0.00

0111
1001
1000
0000          20 |     0.00 |       0.00 +/-       0.00

0110
1010
0001
0010          18 |     0.00 |       0.00 +/-       0.00

0111
1010
0001
0000          17 |     0.00 |       0.00 +/-       0.00

0111
1011
0001
0000          14 |     0.00 |       0.00 +/-       0.00

0110
1001
1001
0000           8 |     0.00 |       0.00 +/-       0.00

0100
1000
1101
0010           5 |     0.00 |       0.00 +/-       0.00

0110
1001
1000
0100           4 |     0.00 |       0.00 +/-       0.00

0111
1010
0001
0010           4 |     0.00 |       0.00 +/-       0.00

0111
1011
0001
0010           3 |     0.00 |       0.00 +/-       0.00

0110
1000
0001
0110           2 |     0.00 |       0.00 +/-       0.00

0100
1001
1000
0010           1 |     0.00 |       0.00 +/-       0.00

0110
1001
0001
0010           1 |     0.00 |       0.00 +/-       0.00

0110
1001
1000
0010           1 |     0.00 |       0.00 +/-       0.00

0110
1001
1001
0100           1 |     0.00 |       0.00 +/-       0.00

0111
1010
0000
1010           1 |     0.00 |       0.00 +/-       0.00

0001
1000
1100
0100           0 |     0.00 |       0.00 +/-       0.00

0010
1001
0100
1000           0 |     0.00 |       0.00 +/-       0.00

0011
1000
0100
0100           0 |     0.00 |       0.00 +/-       0.00

0011
1001
0100
0000           0 |     0.00 |       0.00 +/-       0.00

0011
1010
0000
0110           0 |     0.00 |       0.00 +/-       0.00

0100
0001
1000
0010           0 |     0.00 |       0.00 +/-       0.00

0100
0010
1000
1000           0 |     0.00 |       0.00 +/-       0.00

0100
1010
1000
1000           0 |     0.00 |       0.00 +/-       0.00

0100
1010
1000
1010           0 |     0.00 |       0.00 +/-       0.00

0100
1010
1001
1000           0 |     0.00 |       0.00 +/-       0.00

0101
0001
1100
0010           0 |     0.00 |       0.00 +/-       0.00

0101
0010
1000
0000           0 |     0.00 |       0.00 +/-       0.00

0101
0010
1000
1000           0 |     0.00 |       0.00 +/-       0.00

0101
1000
1100
0010           0 |     0.00 |       0.00 +/-       0.00

0101
1000
1100
0100           0 |     0.00 |       0.00 +/-       0.00

0101
1010
1000
0000           0 |     0.00 |       0.00 +/-       0.00

0101
1010
1000
0010           0 |     0.00 |       0.00 +/-       0.00

0101
1010
1000
1010           0 |     0.00 |       0.00 +/-       0.00

0101
1010
1001
0000           0 |     0.00 |       0.00 +/-       0.00

0101
1010
1001
0010           0 |     0.00 |       0.00 +/-       0.00

0101
1010
1001
1000           0 |     0.00 |       0.00 +/-       0.00

0110
1000
0100
0010           0 |     0.00 |       0.00 +/-       0.00

0110
1000
0100
1000           0 |     0.00 |       0.00 +/-       0.00

0110
1000
0100
1010           0 |     0.00 |       0.00 +/-       0.00

0110
1000
0100
1110           0 |     0.00 |       0.00 +/-       0.00

0110
1000
0101
0000           0 |     0.00 |       0.00 +/-       0.00

0110
1000
0101
0010           0 |     0.00 |       0.00 +/-       0.00

0110
1000
0101
1000           0 |     0.00 |       0.00 +/-       0.00

0110
1000
0101
1100           0 |     0.00 |       0.00 +/-       0.00

0110
1000
1100
0100           0 |     0.00 |       0.00 +/-       0.00

0110
1000
1100
1100           0 |     0.00 |       0.00 +/-       0.00

0110
1001
0100
1000           0 |     0.00 |       0.00 +/-       0.00

0110
1001
0101
1000           0 |     0.00 |       0.00 +/-       0.00

0110
1001
0101
1010           0 |     0.00 |       0.00 +/-       0.00

0110
1001
1000
1000           0 |     0.00 |       0.00 +/-       0.00

0110
1001
1001
0110           0 |     0.00 |       0.00 +/-       0.00

0110
1001
1100
0000           0 |     0.00 |       0.00 +/-       0.00

0110
1001
1100
0010           0 |     0.00 |       0.00 +/-       0.00

0110
1001
1100
0100           0 |     0.00 |       0.00 +/-       0.00

0110
1001
1100
0110           0 |     0.00 |       0.00 +/-       0.00

0110
1001
1100
1000           0 |     0.00 |       0.00 +/-       0.00

0110
1001
1100
1010           0 |     0.00 |       0.00 +/-       0.00

0110
1001
1100
1100           0 |     0.00 |       0.00 +/-       0.00

0110
1001
1101
0100           0 |     0.00 |       0.00 +/-       0.00

0110
1001
1101
1100           0 |     0.00 |       0.00 +/-       0.00

0110
1010
0001
1000           0 |     0.00 |       0.00 +/-       0.00

0110
1010
0001
1010           0 |     0.00 |       0.00 +/-       0.00

0110
1010
0001
1100           0 |     0.00 |       0.00 +/-       0.00

0110
1010
1000
0100           0 |     0.00 |       0.00 +/-       0.00

0110
1010
1000
0110           0 |     0.00 |       0.00 +/-       0.00

0110
1010
1000
1000           0 |     0.00 |       0.00 +/-       0.00

0110
1010
1000
1100           0 |     0.00 |       0.00 +/-       0.00

0110
1010
1000
1110           0 |     0.00 |       0.00 +/-       0.00

0110
1010
1100
1000           0 |     0.00 |       0.00 +/-       0.00

0110
1010
1100
1100           0 |     0.00 |       0.00 +/-       0.00

0110
1010
1100
1110           0 |     0.00 |       0.00 +/-       0.00

0110
1011
1000
0000           0 |     0.00 |       0.00 +/-       0.00

0110
1011
1000
0010           0 |     0.00 |       0.00 +/-       0.00

0110
1011
1000
0100           0 |     0.00 |       0.00 +/-       0.00

0110
1011
1000
0110           0 |     0.00 |       0.00 +/-       0.00

0110
1011
1000
1000           0 |     0.00 |       0.00 +/-       0.00

0110
1011
1000
1010           0 |     0.00 |       0.00 +/-       0.00

0110
1011
1001
0000           0 |     0.00 |       0.00 +/-       0.00

0110
1011
1001
0100           0 |     0.00 |       0.00 +/-       0.00

0110
1011
1001
0110           0 |     0.00 |       0.00 +/-       0.00

0110
1011
1001
1000           0 |     0.00 |       0.00 +/-       0.00

0111
0001
0100
0010           0 |     0.00 |       0.00 +/-       0.00

0111
1000
0100
0000           0 |     0.00 |       0.00 +/-       0.00

0111
1000
0100
0010           0 |     0.00 |       0.00 +/-       0.00

0111
1000
0100
0100           0 |     0.00 |       0.00 +/-       0.00

0111
1000
0100
1000           0 |     0.00 |       0.00 +/-       0.00

0111
1000
0101
0000           0 |     0.00 |       0.00 +/-       0.00

0111
1000
0101
0010           0 |     0.00 |       0.00 +/-       0.00

0111
1000
0101
0100           0 |     0.00 |       0.00 +/-       0.00

0111
1000
0101
0110           0 |     0.00 |       0.00 +/-       0.00

0111
1000
0101
1000           0 |     0.00 |       0.00 +/-       0.00

0111
1000
1100
0100           0 |     0.00 |       0.00 +/-       0.00

0111
1000
1100
1100           0 |     0.00 |       0.00 +/-       0.00

0111
1001
0100
0000           0 |     0.00 |       0.00 +/-       0.00

0111
1001
1100
0000           0 |     0.00 |       0.00 +/-       0.00

0111
1001
1100
0010           0 |     0.00 |       0.00 +/-       0.00

0111
1001
1100
0100           0 |     0.00 |       0.00 +/-       0.00

0111
1001
1100
0110           0 |     0.00 |       0.00 +/-       0.00

0111
1001
1100
1000           0 |     0.00 |       0.00 +/-       0.00

0111
1001
1100
1010           0 |     0.00 |       0.00 +/-       0.00

0111
1001
1101
0100           0 |     0.00 |       0.00 +/-       0.00

0111
1010
0000
0110           0 |     0.00 |       0.00 +/-       0.00

0111
1010
0001
0100           0 |     0.00 |       0.00 +/-       0.00

0111
1010
0001
0110           0 |     0.00 |       0.00 +/-       0.00

0111
1010
0001
1000           0 |     0.00 |       0.00 +/-       0.00

0111
1010
1000
0000           0 |     0.00 |       0.00 +/-       0.00

0111
1010
1000
0100           0 |     0.00 |       0.00 +/-       0.00

0111
1010
1000
0110           0 |     0.00 |       0.00 +/-       0.00

0111
1010
1000
1000           0 |     0.00 |       0.00 +/-       0.00

0111
1010
1100
0000           0 |     0.00 |       0.00 +/-       0.00

0111
1010
1100
0100           0 |     0.00 |       0.00 +/-       0.00

0111
1010
1100
0110           0 |     0.00 |       0.00 +/-       0.00

0111
1010
1100
1000           0 |     0.00 |       0.00 +/-       0.00

0111
1010
1100
1100           0 |     0.00 |       0.00 +/-       0.00

0111
1010
1100
1110           0 |     0.00 |       0.00 +/-       0.00

0111
1011
1000
0000           0 |     0.00 |       0.00 +/-       0.00

0111
1011
1000
0010           0 |     0.00 |       0.00 +/-       0.00

0111
1011
1000
0100           0 |     0.00 |       0.00 +/-       0.00

0111
1011
1000
1000           0 |     0.00 |       0.00 +/-       0.00

0111
1011
1001
0000           0 |     0.00 |       0.00 +/-       0.00

0111
1011
1001
0100           0 |     0.00 |       0.00 +/-       0.00

0111
1011
1001
0110           0 |     0.00 |       0.00 +/-       0.00

0111
1011
1001
1000           0 |     0.00 |       0.00 +/-       0.00

0111
1011
1100
0000           0 |     0.00 |       0.00 +/-       0.00

0111
1011
1100
0010           0 |     0.00 |       0.00 +/-       0.00

0111
1011
1100
1000           0 |     0.00 |       0.00 +/-       0.00

0111
1011
1100
1010           0 |     0.00 |       0.00 +/-       0.00

0111
1011
1100
1100           0 |     0.00 |       0.00 +/-       0.00

0111
1011
1101
0000           0 |     0.00 |       0.00 +/-       0.00

0111
1011
1101
1000           0 |     0.00 |       0.00 +/-       0.00

0111
1011
1101
1100           0 |     0.00 |       0.00 +/-       0.00

0111
1011
1101
1110           0 |     0.00 |       0.00 +/-       0.00

