gtrieScanner Results
------------------------------------------
General Information

Start of Computation: 02h00m09s 02/08/2020
End of Computation: 02h00m09s 02/08/2020

Subgraph Size: 4
Graph File: "input/#CocaColaFlowFest.edges"
Directed: YES
Nr Nodes: 632
Nr Edges: 921

Method: GTRIE with file containing complete g-trie
Different Types of Subgraphs Found [Original Network]: 61
Subgraph Occurrences Found [Original Network]: 4911656
Time for computing census on original network: 0.048545s
Average time for census on random network: 0.000000s

Number of random networks: 0
Random seed: 1596351609
Exchanges per edge: 3
Number of tries per exchange: 10
------------------------------------------
Motif Analysis Results

Graph   Org_Freq |  Z-score |    Rnd_Avg +/-    Rnd_Dev

0000
1000
1000
1000     4806242 |     0.00 |       0.00 +/-       0.00

0100
1000
1000
1000       29999 |     0.00 |       0.00 +/-       0.00

0100
1000
1100
1000       26227 |     0.00 |       0.00 +/-       0.00

0000
1001
1000
0000       18026 |     0.00 |       0.00 +/-       0.00

0100
1000
1000
0100       13452 |     0.00 |       0.00 +/-       0.00

0000
1010
1000
1000        5507 |     0.00 |       0.00 +/-       0.00

0100
1000
1100
1100        3889 |     0.00 |       0.00 +/-       0.00

0000
1000
1000
0100        2989 |     0.00 |       0.00 +/-       0.00

0110
1010
0000
0010        2279 |     0.00 |       0.00 +/-       0.00

0110
1000
0000
0010         873 |     0.00 |       0.00 +/-       0.00

0100
0000
1100
1100         361 |     0.00 |       0.00 +/-       0.00

0110
0000
0000
0110         255 |     0.00 |       0.00 +/-       0.00

0010
1010
0000
1000         232 |     0.00 |       0.00 +/-       0.00

0110
1000
1000
0100         212 |     0.00 |       0.00 +/-       0.00

0001
1000
1000
0000         139 |     0.00 |       0.00 +/-       0.00

0111
0000
0000
0000         114 |     0.00 |       0.00 +/-       0.00

0101
1000
1100
1000          96 |     0.00 |       0.00 +/-       0.00

0100
1000
1001
0000          95 |     0.00 |       0.00 +/-       0.00

0111
0010
0000
0000          85 |     0.00 |       0.00 +/-       0.00

0010
1001
0000
0000          50 |     0.00 |       0.00 +/-       0.00

0011
1000
0000
0000          47 |     0.00 |       0.00 +/-       0.00

0110
1000
1000
1000          39 |     0.00 |       0.00 +/-       0.00

0111
0011
0000
0000          38 |     0.00 |       0.00 +/-       0.00

0001
1010
1000
1000          32 |     0.00 |       0.00 +/-       0.00

0100
1000
1101
0000          29 |     0.00 |       0.00 +/-       0.00

0011
1010
0000
0000          26 |     0.00 |       0.00 +/-       0.00

0001
1010
1000
0000          25 |     0.00 |       0.00 +/-       0.00

0110
1010
0000
1110          23 |     0.00 |       0.00 +/-       0.00

0111
0011
0001
0000          21 |     0.00 |       0.00 +/-       0.00

0110
1010
0000
1010          20 |     0.00 |       0.00 +/-       0.00

0111
1011
0001
0000          20 |     0.00 |       0.00 +/-       0.00

0111
1011
1101
0000          18 |     0.00 |       0.00 +/-       0.00

0101
0000
1100
0100          15 |     0.00 |       0.00 +/-       0.00

0100
1000
1101
1100          14 |     0.00 |       0.00 +/-       0.00

0101
1001
1100
0000          14 |     0.00 |       0.00 +/-       0.00

0111
1011
0000
0000          13 |     0.00 |       0.00 +/-       0.00

0110
1010
0000
1000          12 |     0.00 |       0.00 +/-       0.00

0110
1010
1100
1100          12 |     0.00 |       0.00 +/-       0.00

0111
1010
0000
0000          11 |     0.00 |       0.00 +/-       0.00

0101
1000
1101
1000          10 |     0.00 |       0.00 +/-       0.00

0110
1010
0001
0000           9 |     0.00 |       0.00 +/-       0.00

0111
1011
1001
0000           9 |     0.00 |       0.00 +/-       0.00

0101
1000
1100
0000           8 |     0.00 |       0.00 +/-       0.00

0110
1000
1100
1100           8 |     0.00 |       0.00 +/-       0.00

0100
1000
1100
0010           6 |     0.00 |       0.00 +/-       0.00

0110
1010
0001
0010           6 |     0.00 |       0.00 +/-       0.00

0111
1011
0001
0010           6 |     0.00 |       0.00 +/-       0.00

0111
1011
1101
1110           6 |     0.00 |       0.00 +/-       0.00

0111
0000
0100
0100           5 |     0.00 |       0.00 +/-       0.00

0111
0001
0100
0000           5 |     0.00 |       0.00 +/-       0.00

0100
1000
1000
0010           4 |     0.00 |       0.00 +/-       0.00

0101
1000
1000
0000           4 |     0.00 |       0.00 +/-       0.00

0110
1010
1000
1000           4 |     0.00 |       0.00 +/-       0.00

0110
1010
1100
1110           4 |     0.00 |       0.00 +/-       0.00

0100
1000
1001
0010           3 |     0.00 |       0.00 +/-       0.00

0111
1010
1100
0000           3 |     0.00 |       0.00 +/-       0.00

0100
1000
1101
1000           1 |     0.00 |       0.00 +/-       0.00

0110
0001
0001
0000           1 |     0.00 |       0.00 +/-       0.00

0110
1001
1100
0000           1 |     0.00 |       0.00 +/-       0.00

0111
1010
0000
0010           1 |     0.00 |       0.00 +/-       0.00

0111
1011
1001
1000           1 |     0.00 |       0.00 +/-       0.00

0001
1000
1100
0100           0 |     0.00 |       0.00 +/-       0.00

0010
1001
0100
1000           0 |     0.00 |       0.00 +/-       0.00

0011
1000
0100
0100           0 |     0.00 |       0.00 +/-       0.00

0011
1001
0100
0000           0 |     0.00 |       0.00 +/-       0.00

0011
1010
0000
0110           0 |     0.00 |       0.00 +/-       0.00

0011
1010
0000
1000           0 |     0.00 |       0.00 +/-       0.00

0100
0001
1000
0000           0 |     0.00 |       0.00 +/-       0.00

0100
0001
1000
0010           0 |     0.00 |       0.00 +/-       0.00

0100
0010
1000
1000           0 |     0.00 |       0.00 +/-       0.00

0100
1000
1001
0100           0 |     0.00 |       0.00 +/-       0.00

0100
1000
1100
1010           0 |     0.00 |       0.00 +/-       0.00

0100
1000
1101
0010           0 |     0.00 |       0.00 +/-       0.00

0100
1001
1000
0000           0 |     0.00 |       0.00 +/-       0.00

0100
1001
1000
0010           0 |     0.00 |       0.00 +/-       0.00

0100
1001
1001
0000           0 |     0.00 |       0.00 +/-       0.00

0100
1010
1000
1000           0 |     0.00 |       0.00 +/-       0.00

0100
1010
1000
1010           0 |     0.00 |       0.00 +/-       0.00

0100
1010
1001
1000           0 |     0.00 |       0.00 +/-       0.00

0101
0001
1100
0000           0 |     0.00 |       0.00 +/-       0.00

0101
0001
1100
0010           0 |     0.00 |       0.00 +/-       0.00

0101
0010
1000
0000           0 |     0.00 |       0.00 +/-       0.00

0101
0010
1000
1000           0 |     0.00 |       0.00 +/-       0.00

0101
1000
1100
0010           0 |     0.00 |       0.00 +/-       0.00

0101
1000
1100
0100           0 |     0.00 |       0.00 +/-       0.00

0101
1000
1101
0000           0 |     0.00 |       0.00 +/-       0.00

0101
1010
1000
0000           0 |     0.00 |       0.00 +/-       0.00

0101
1010
1000
0010           0 |     0.00 |       0.00 +/-       0.00

0101
1010
1000
1010           0 |     0.00 |       0.00 +/-       0.00

0101
1010
1001
0000           0 |     0.00 |       0.00 +/-       0.00

0101
1010
1001
0010           0 |     0.00 |       0.00 +/-       0.00

0101
1010
1001
1000           0 |     0.00 |       0.00 +/-       0.00

0110
0001
0000
0010           0 |     0.00 |       0.00 +/-       0.00

0110
0010
0000
1000           0 |     0.00 |       0.00 +/-       0.00

0110
1000
0001
0000           0 |     0.00 |       0.00 +/-       0.00

0110
1000
0001
0110           0 |     0.00 |       0.00 +/-       0.00

0110
1000
0100
0010           0 |     0.00 |       0.00 +/-       0.00

0110
1000
0100
1000           0 |     0.00 |       0.00 +/-       0.00

0110
1000
0100
1010           0 |     0.00 |       0.00 +/-       0.00

0110
1000
0100
1110           0 |     0.00 |       0.00 +/-       0.00

0110
1000
0101
0000           0 |     0.00 |       0.00 +/-       0.00

0110
1000
0101
0010           0 |     0.00 |       0.00 +/-       0.00

0110
1000
0101
1000           0 |     0.00 |       0.00 +/-       0.00

0110
1000
0101
1100           0 |     0.00 |       0.00 +/-       0.00

0110
1000
1000
0110           0 |     0.00 |       0.00 +/-       0.00

0110
1000
1100
0100           0 |     0.00 |       0.00 +/-       0.00

0110
1001
0000
0000           0 |     0.00 |       0.00 +/-       0.00

0110
1001
0001
0000           0 |     0.00 |       0.00 +/-       0.00

0110
1001
0001
0010           0 |     0.00 |       0.00 +/-       0.00

0110
1001
0100
1000           0 |     0.00 |       0.00 +/-       0.00

0110
1001
0101
1000           0 |     0.00 |       0.00 +/-       0.00

0110
1001
0101
1010           0 |     0.00 |       0.00 +/-       0.00

0110
1001
1000
0000           0 |     0.00 |       0.00 +/-       0.00

0110
1001
1000
0010           0 |     0.00 |       0.00 +/-       0.00

0110
1001
1000
0100           0 |     0.00 |       0.00 +/-       0.00

0110
1001
1000
1000           0 |     0.00 |       0.00 +/-       0.00

0110
1001
1001
0000           0 |     0.00 |       0.00 +/-       0.00

0110
1001
1001
0100           0 |     0.00 |       0.00 +/-       0.00

0110
1001
1001
0110           0 |     0.00 |       0.00 +/-       0.00

0110
1001
1100
0010           0 |     0.00 |       0.00 +/-       0.00

0110
1001
1100
0100           0 |     0.00 |       0.00 +/-       0.00

0110
1001
1100
0110           0 |     0.00 |       0.00 +/-       0.00

0110
1001
1100
1000           0 |     0.00 |       0.00 +/-       0.00

0110
1001
1100
1010           0 |     0.00 |       0.00 +/-       0.00

0110
1001
1100
1100           0 |     0.00 |       0.00 +/-       0.00

0110
1001
1101
0100           0 |     0.00 |       0.00 +/-       0.00

0110
1001
1101
1100           0 |     0.00 |       0.00 +/-       0.00

0110
1010
0001
1000           0 |     0.00 |       0.00 +/-       0.00

0110
1010
0001
1010           0 |     0.00 |       0.00 +/-       0.00

0110
1010
0001
1100           0 |     0.00 |       0.00 +/-       0.00

0110
1010
1000
0100           0 |     0.00 |       0.00 +/-       0.00

0110
1010
1000
0110           0 |     0.00 |       0.00 +/-       0.00

0110
1010
1000
1100           0 |     0.00 |       0.00 +/-       0.00

0110
1010
1000
1110           0 |     0.00 |       0.00 +/-       0.00

0110
1010
1100
1000           0 |     0.00 |       0.00 +/-       0.00

0110
1011
1000
0000           0 |     0.00 |       0.00 +/-       0.00

0110
1011
1000
0010           0 |     0.00 |       0.00 +/-       0.00

0110
1011
1000
0100           0 |     0.00 |       0.00 +/-       0.00

0110
1011
1000
0110           0 |     0.00 |       0.00 +/-       0.00

0110
1011
1000
1000           0 |     0.00 |       0.00 +/-       0.00

0110
1011
1000
1010           0 |     0.00 |       0.00 +/-       0.00

0110
1011
1001
0000           0 |     0.00 |       0.00 +/-       0.00

0110
1011
1001
0100           0 |     0.00 |       0.00 +/-       0.00

0110
1011
1001
0110           0 |     0.00 |       0.00 +/-       0.00

0110
1011
1001
1000           0 |     0.00 |       0.00 +/-       0.00

0111
0001
0100
0010           0 |     0.00 |       0.00 +/-       0.00

0111
0010
0000
1000           0 |     0.00 |       0.00 +/-       0.00

0111
1000
0000
0000           0 |     0.00 |       0.00 +/-       0.00

0111
1000
0100
0000           0 |     0.00 |       0.00 +/-       0.00

0111
1000
0100
0010           0 |     0.00 |       0.00 +/-       0.00

0111
1000
0100
0100           0 |     0.00 |       0.00 +/-       0.00

0111
1000
0100
1000           0 |     0.00 |       0.00 +/-       0.00

0111
1000
0101
0000           0 |     0.00 |       0.00 +/-       0.00

0111
1000
0101
0010           0 |     0.00 |       0.00 +/-       0.00

0111
1000
0101
0100           0 |     0.00 |       0.00 +/-       0.00

0111
1000
0101
0110           0 |     0.00 |       0.00 +/-       0.00

0111
1000
0101
1000           0 |     0.00 |       0.00 +/-       0.00

0111
1000
1000
0000           0 |     0.00 |       0.00 +/-       0.00

0111
1000
1000
1000           0 |     0.00 |       0.00 +/-       0.00

0111
1000
1100
0100           0 |     0.00 |       0.00 +/-       0.00

0111
1000
1100
1100           0 |     0.00 |       0.00 +/-       0.00

0111
1001
0100
0000           0 |     0.00 |       0.00 +/-       0.00

0111
1001
1000
0000           0 |     0.00 |       0.00 +/-       0.00

0111
1001
1100
0000           0 |     0.00 |       0.00 +/-       0.00

0111
1001
1100
0010           0 |     0.00 |       0.00 +/-       0.00

0111
1001
1100
0100           0 |     0.00 |       0.00 +/-       0.00

0111
1001
1100
0110           0 |     0.00 |       0.00 +/-       0.00

0111
1001
1100
1000           0 |     0.00 |       0.00 +/-       0.00

0111
1001
1100
1010           0 |     0.00 |       0.00 +/-       0.00

0111
1001
1101
0100           0 |     0.00 |       0.00 +/-       0.00

0111
1010
0000
0110           0 |     0.00 |       0.00 +/-       0.00

0111
1010
0000
1010           0 |     0.00 |       0.00 +/-       0.00

0111
1010
0001
0000           0 |     0.00 |       0.00 +/-       0.00

0111
1010
0001
0010           0 |     0.00 |       0.00 +/-       0.00

0111
1010
0001
0100           0 |     0.00 |       0.00 +/-       0.00

0111
1010
0001
0110           0 |     0.00 |       0.00 +/-       0.00

0111
1010
0001
1000           0 |     0.00 |       0.00 +/-       0.00

0111
1010
1000
0000           0 |     0.00 |       0.00 +/-       0.00

0111
1010
1000
0100           0 |     0.00 |       0.00 +/-       0.00

0111
1010
1000
0110           0 |     0.00 |       0.00 +/-       0.00

0111
1010
1000
1000           0 |     0.00 |       0.00 +/-       0.00

0111
1010
1100
0100           0 |     0.00 |       0.00 +/-       0.00

0111
1010
1100
0110           0 |     0.00 |       0.00 +/-       0.00

0111
1010
1100
1000           0 |     0.00 |       0.00 +/-       0.00

0111
1010
1100
1100           0 |     0.00 |       0.00 +/-       0.00

0111
1010
1100
1110           0 |     0.00 |       0.00 +/-       0.00

0111
1011
1000
0000           0 |     0.00 |       0.00 +/-       0.00

0111
1011
1000
0010           0 |     0.00 |       0.00 +/-       0.00

0111
1011
1000
0100           0 |     0.00 |       0.00 +/-       0.00

0111
1011
1000
1000           0 |     0.00 |       0.00 +/-       0.00

0111
1011
1001
0100           0 |     0.00 |       0.00 +/-       0.00

0111
1011
1001
0110           0 |     0.00 |       0.00 +/-       0.00

0111
1011
1100
0000           0 |     0.00 |       0.00 +/-       0.00

0111
1011
1100
0010           0 |     0.00 |       0.00 +/-       0.00

0111
1011
1100
1000           0 |     0.00 |       0.00 +/-       0.00

0111
1011
1100
1010           0 |     0.00 |       0.00 +/-       0.00

0111
1011
1100
1100           0 |     0.00 |       0.00 +/-       0.00

0111
1011
1101
1000           0 |     0.00 |       0.00 +/-       0.00

0111
1011
1101
1100           0 |     0.00 |       0.00 +/-       0.00

