gtrieScanner Results
------------------------------------------
General Information

Start of Computation: 02h11m19s 02/08/2020
End of Computation: 02h11m22s 02/08/2020

Subgraph Size: 4
Graph File: "input/#ConMisHijosNoTeMetas.edges"
Directed: YES
Nr Nodes: 3861
Nr Edges: 15511

Method: GTRIE with file containing complete g-trie
Different Types of Subgraphs Found [Original Network]: 191
Subgraph Occurrences Found [Original Network]: 225874952
Time for computing census on original network: 3.415139s
Average time for census on random network: 0.000000s

Number of random networks: 0
Random seed: 1596352279
Exchanges per edge: 3
Number of tries per exchange: 10
------------------------------------------
Motif Analysis Results

Graph   Org_Freq |  Z-score |    Rnd_Avg +/-    Rnd_Dev

0000
1000
1000
1000   180914083 |     0.00 |       0.00 +/-       0.00

0000
1001
1000
0000    21065398 |     0.00 |       0.00 +/-       0.00

0000
1010
1000
1000     7167298 |     0.00 |       0.00 +/-       0.00

0110
0000
0000
0110     5162156 |     0.00 |       0.00 +/-       0.00

0000
1000
1000
0100     3052115 |     0.00 |       0.00 +/-       0.00

0111
0000
0000
0000     1746890 |     0.00 |       0.00 +/-       0.00

0001
1000
1000
0000     1413184 |     0.00 |       0.00 +/-       0.00

0100
0000
1100
1100      944804 |     0.00 |       0.00 +/-       0.00

0010
1010
0000
1000      707754 |     0.00 |       0.00 +/-       0.00

0111
0010
0000
0000      699878 |     0.00 |       0.00 +/-       0.00

0011
1000
0000
0000      605054 |     0.00 |       0.00 +/-       0.00

0011
1010
0000
0000      394235 |     0.00 |       0.00 +/-       0.00

0111
0011
0000
0000      320238 |     0.00 |       0.00 +/-       0.00

0010
1001
0000
0000      252389 |     0.00 |       0.00 +/-       0.00

0100
1000
1000
1000      196475 |     0.00 |       0.00 +/-       0.00

0110
1010
0000
0010      157262 |     0.00 |       0.00 +/-       0.00

0111
0000
0100
0100      126431 |     0.00 |       0.00 +/-       0.00

0110
0010
0000
1000      113741 |     0.00 |       0.00 +/-       0.00

0101
0000
1100
0100      102842 |     0.00 |       0.00 +/-       0.00

0100
1000
1100
1000       60744 |     0.00 |       0.00 +/-       0.00

0111
0011
0001
0000       59001 |     0.00 |       0.00 +/-       0.00

0100
0001
1000
0000       56376 |     0.00 |       0.00 +/-       0.00

0101
1000
1000
0000       51165 |     0.00 |       0.00 +/-       0.00

0100
1001
1000
0000       48171 |     0.00 |       0.00 +/-       0.00

0110
1010
0000
1000       46864 |     0.00 |       0.00 +/-       0.00

0110
1000
0000
0010       44566 |     0.00 |       0.00 +/-       0.00

0100
1000
1000
0100       36707 |     0.00 |       0.00 +/-       0.00

0111
1010
0000
0000       36530 |     0.00 |       0.00 +/-       0.00

0110
1010
0000
1010       34890 |     0.00 |       0.00 +/-       0.00

0111
1000
0000
0000       24378 |     0.00 |       0.00 +/-       0.00

0001
1010
1000
0000       18664 |     0.00 |       0.00 +/-       0.00

0101
1000
1100
0000       18453 |     0.00 |       0.00 +/-       0.00

0100
1000
1100
1100       17942 |     0.00 |       0.00 +/-       0.00

0100
1000
1001
0000       16277 |     0.00 |       0.00 +/-       0.00

0111
1011
0000
0000       13940 |     0.00 |       0.00 +/-       0.00

0110
1010
0000
1110       12146 |     0.00 |       0.00 +/-       0.00

0100
1000
1101
0000        9704 |     0.00 |       0.00 +/-       0.00

0111
1010
0000
0010        9567 |     0.00 |       0.00 +/-       0.00

0111
0001
0100
0000        8390 |     0.00 |       0.00 +/-       0.00

0110
1001
0000
0000        8151 |     0.00 |       0.00 +/-       0.00

0011
1010
0000
1000        7939 |     0.00 |       0.00 +/-       0.00

0101
0001
1100
0000        7921 |     0.00 |       0.00 +/-       0.00

0101
1001
1100
0000        6695 |     0.00 |       0.00 +/-       0.00

0100
1010
1000
1000        6138 |     0.00 |       0.00 +/-       0.00

0101
1000
1101
0000        6034 |     0.00 |       0.00 +/-       0.00

0110
0001
0000
0010        4913 |     0.00 |       0.00 +/-       0.00

0100
1001
1001
0000        4465 |     0.00 |       0.00 +/-       0.00

0110
0001
0001
0000        4062 |     0.00 |       0.00 +/-       0.00

0111
1011
0001
0000        3701 |     0.00 |       0.00 +/-       0.00

0100
1000
1000
0010        3200 |     0.00 |       0.00 +/-       0.00

0100
0010
1000
1000        2325 |     0.00 |       0.00 +/-       0.00

0001
1010
1000
1000        2016 |     0.00 |       0.00 +/-       0.00

0111
0010
0000
1000        1992 |     0.00 |       0.00 +/-       0.00

0110
1010
1000
1000        1906 |     0.00 |       0.00 +/-       0.00

0110
1000
1100
0100        1897 |     0.00 |       0.00 +/-       0.00

0110
1000
0100
0010        1600 |     0.00 |       0.00 +/-       0.00

0110
1000
0001
0000        1490 |     0.00 |       0.00 +/-       0.00

0111
1010
0000
0110        1430 |     0.00 |       0.00 +/-       0.00

0100
1000
1100
0010        1349 |     0.00 |       0.00 +/-       0.00

0110
1000
1000
1000        1294 |     0.00 |       0.00 +/-       0.00

0110
1000
0100
1000        1265 |     0.00 |       0.00 +/-       0.00

0111
1011
1001
0000        1264 |     0.00 |       0.00 +/-       0.00

0111
1000
0100
0000        1230 |     0.00 |       0.00 +/-       0.00

0110
1000
1000
0100        1127 |     0.00 |       0.00 +/-       0.00

0111
1010
1000
0000        1101 |     0.00 |       0.00 +/-       0.00

0110
1010
1100
1000         898 |     0.00 |       0.00 +/-       0.00

0100
1000
1101
1000         870 |     0.00 |       0.00 +/-       0.00

0110
1011
1000
0000         843 |     0.00 |       0.00 +/-       0.00

0111
1000
1000
0000         820 |     0.00 |       0.00 +/-       0.00

0101
1000
1100
0100         797 |     0.00 |       0.00 +/-       0.00

0101
0010
1000
0000         782 |     0.00 |       0.00 +/-       0.00

0110
1010
1000
0100         764 |     0.00 |       0.00 +/-       0.00

0110
1010
0001
0000         759 |     0.00 |       0.00 +/-       0.00

0110
1010
1100
1110         705 |     0.00 |       0.00 +/-       0.00

0101
1010
1000
0000         692 |     0.00 |       0.00 +/-       0.00

0100
1010
1000
1010         687 |     0.00 |       0.00 +/-       0.00

0110
1010
1100
1100         671 |     0.00 |       0.00 +/-       0.00

0111
1010
0000
1010         621 |     0.00 |       0.00 +/-       0.00

0101
1000
1100
1000         599 |     0.00 |       0.00 +/-       0.00

0100
1000
1100
1010         586 |     0.00 |       0.00 +/-       0.00

0110
1000
0101
0000         577 |     0.00 |       0.00 +/-       0.00

0110
1001
1000
0000         558 |     0.00 |       0.00 +/-       0.00

0111
1001
1000
0000         531 |     0.00 |       0.00 +/-       0.00

0111
1011
1000
0000         529 |     0.00 |       0.00 +/-       0.00

0110
1000
1100
1100         528 |     0.00 |       0.00 +/-       0.00

0111
1010
1100
0000         498 |     0.00 |       0.00 +/-       0.00

0111
1000
0101
0000         465 |     0.00 |       0.00 +/-       0.00

0110
1010
1000
1110         430 |     0.00 |       0.00 +/-       0.00

0111
1010
0001
0000         399 |     0.00 |       0.00 +/-       0.00

0110
1001
1100
0000         366 |     0.00 |       0.00 +/-       0.00

0100
1000
1101
1100         361 |     0.00 |       0.00 +/-       0.00

0011
1010
0000
0110         356 |     0.00 |       0.00 +/-       0.00

0111
1001
0100
0000         354 |     0.00 |       0.00 +/-       0.00

0110
1000
0100
1110         338 |     0.00 |       0.00 +/-       0.00

0110
1010
1000
1100         335 |     0.00 |       0.00 +/-       0.00

0111
1011
1101
0000         331 |     0.00 |       0.00 +/-       0.00

0001
1000
1100
0100         317 |     0.00 |       0.00 +/-       0.00

0011
1001
0100
0000         317 |     0.00 |       0.00 +/-       0.00

0110
1001
0001
0000         311 |     0.00 |       0.00 +/-       0.00

0111
1001
1100
0000         274 |     0.00 |       0.00 +/-       0.00

0110
1011
1001
0000         219 |     0.00 |       0.00 +/-       0.00

0111
1011
1100
0000         210 |     0.00 |       0.00 +/-       0.00

0100
1000
1001
0100         184 |     0.00 |       0.00 +/-       0.00

0110
1010
1000
0110         183 |     0.00 |       0.00 +/-       0.00

0101
1000
1101
1000         144 |     0.00 |       0.00 +/-       0.00

0110
1000
0100
1010         107 |     0.00 |       0.00 +/-       0.00

0111
0001
0100
0010          80 |     0.00 |       0.00 +/-       0.00

0100
1000
1001
0010          77 |     0.00 |       0.00 +/-       0.00

0101
1010
1001
0000          65 |     0.00 |       0.00 +/-       0.00

0110
1010
0001
0010          57 |     0.00 |       0.00 +/-       0.00

0111
1010
0001
0010          53 |     0.00 |       0.00 +/-       0.00

0100
1010
1001
1000          52 |     0.00 |       0.00 +/-       0.00

0111
1000
0100
0100          51 |     0.00 |       0.00 +/-       0.00

0110
1011
1000
0010          46 |     0.00 |       0.00 +/-       0.00

0110
1001
1001
0000          43 |     0.00 |       0.00 +/-       0.00

0110
1000
1000
0110          36 |     0.00 |       0.00 +/-       0.00

0111
1000
0101
0100          35 |     0.00 |       0.00 +/-       0.00

0101
0010
1000
1000          31 |     0.00 |       0.00 +/-       0.00

0110
1011
1000
1000          31 |     0.00 |       0.00 +/-       0.00

0111
1000
0100
0010          29 |     0.00 |       0.00 +/-       0.00

0111
1011
1000
0010          29 |     0.00 |       0.00 +/-       0.00

0100
1000
1101
0010          28 |     0.00 |       0.00 +/-       0.00

0110
1001
1000
1000          26 |     0.00 |       0.00 +/-       0.00

0111
1010
1000
1000          25 |     0.00 |       0.00 +/-       0.00

0100
1001
1000
0010          23 |     0.00 |       0.00 +/-       0.00

0010
1001
0100
1000          21 |     0.00 |       0.00 +/-       0.00

0110
1010
0001
1010          20 |     0.00 |       0.00 +/-       0.00

0111
1000
0101
0010          19 |     0.00 |       0.00 +/-       0.00

0111
1001
1100
0100          19 |     0.00 |       0.00 +/-       0.00

0111
1011
0001
0010          19 |     0.00 |       0.00 +/-       0.00

0111
1011
1101
1110          19 |     0.00 |       0.00 +/-       0.00

0111
1000
1100
0100          18 |     0.00 |       0.00 +/-       0.00

0111
1010
0001
0110          16 |     0.00 |       0.00 +/-       0.00

0101
1000
1100
0010          15 |     0.00 |       0.00 +/-       0.00

0101
1010
1000
0010          15 |     0.00 |       0.00 +/-       0.00

0111
1010
0001
0100          15 |     0.00 |       0.00 +/-       0.00

0111
1011
1001
1000          15 |     0.00 |       0.00 +/-       0.00

0110
1011
1000
0110          14 |     0.00 |       0.00 +/-       0.00

0110
1011
1000
1010          14 |     0.00 |       0.00 +/-       0.00

0111
1001
1101
0100          14 |     0.00 |       0.00 +/-       0.00

0111
1011
1001
0100          14 |     0.00 |       0.00 +/-       0.00

0110
1011
1001
1000          13 |     0.00 |       0.00 +/-       0.00

0110
1000
0101
0010          12 |     0.00 |       0.00 +/-       0.00

0111
1000
1100
1100          12 |     0.00 |       0.00 +/-       0.00

0111
1010
1100
0100          12 |     0.00 |       0.00 +/-       0.00

0111
1011
1000
1000          12 |     0.00 |       0.00 +/-       0.00

0011
1000
0100
0100          11 |     0.00 |       0.00 +/-       0.00

0110
1010
0001
1000          11 |     0.00 |       0.00 +/-       0.00

0111
1010
0001
1000          11 |     0.00 |       0.00 +/-       0.00

0111
1010
1100
1100          11 |     0.00 |       0.00 +/-       0.00

0110
1000
0101
1100          10 |     0.00 |       0.00 +/-       0.00

0111
1011
1000
0100          10 |     0.00 |       0.00 +/-       0.00

0110
1001
0001
0010           9 |     0.00 |       0.00 +/-       0.00

0111
1000
0100
1000           9 |     0.00 |       0.00 +/-       0.00

0111
1000
0101
0110           9 |     0.00 |       0.00 +/-       0.00

0111
1011
1101
1100           9 |     0.00 |       0.00 +/-       0.00

0101
0001
1100
0010           8 |     0.00 |       0.00 +/-       0.00

0101
1010
1001
1000           8 |     0.00 |       0.00 +/-       0.00

0110
1001
1100
0100           8 |     0.00 |       0.00 +/-       0.00

0110
1001
1100
1000           8 |     0.00 |       0.00 +/-       0.00

0110
1011
1000
0100           8 |     0.00 |       0.00 +/-       0.00

0111
1010
1100
1110           8 |     0.00 |       0.00 +/-       0.00

0111
1011
1100
0010           8 |     0.00 |       0.00 +/-       0.00

0111
1011
1100
1000           8 |     0.00 |       0.00 +/-       0.00

0110
1000
0101
1000           7 |     0.00 |       0.00 +/-       0.00

0110
1001
1101
0100           7 |     0.00 |       0.00 +/-       0.00

0111
1010
1000
0100           7 |     0.00 |       0.00 +/-       0.00

0111
1010
1000
0110           7 |     0.00 |       0.00 +/-       0.00

0111
1011
1101
1000           7 |     0.00 |       0.00 +/-       0.00

0100
0001
1000
0010           6 |     0.00 |       0.00 +/-       0.00

0110
1001
0101
1000           6 |     0.00 |       0.00 +/-       0.00

0111
1010
1100
1000           6 |     0.00 |       0.00 +/-       0.00

0111
1011
1100
1100           6 |     0.00 |       0.00 +/-       0.00

0110
1001
1000
0010           5 |     0.00 |       0.00 +/-       0.00

0110
1001
1000
0100           5 |     0.00 |       0.00 +/-       0.00

0110
1001
1100
0010           5 |     0.00 |       0.00 +/-       0.00

0110
1010
0001
1100           5 |     0.00 |       0.00 +/-       0.00

0111
1000
1000
1000           5 |     0.00 |       0.00 +/-       0.00

0110
1000
0001
0110           4 |     0.00 |       0.00 +/-       0.00

0110
1011
1001
0110           4 |     0.00 |       0.00 +/-       0.00

0111
1001
1100
1000           4 |     0.00 |       0.00 +/-       0.00

0110
1001
0100
1000           3 |     0.00 |       0.00 +/-       0.00

0110
1001
1100
1010           3 |     0.00 |       0.00 +/-       0.00

0111
1001
1100
0010           3 |     0.00 |       0.00 +/-       0.00

0111
1010
1100
0110           3 |     0.00 |       0.00 +/-       0.00

0111
1011
1001
0110           3 |     0.00 |       0.00 +/-       0.00

0111
1011
1100
1010           3 |     0.00 |       0.00 +/-       0.00

0101
1010
1000
1010           2 |     0.00 |       0.00 +/-       0.00

0110
1001
1100
1100           2 |     0.00 |       0.00 +/-       0.00

0110
1001
1101
1100           1 |     0.00 |       0.00 +/-       0.00

0110
1011
1001
0100           1 |     0.00 |       0.00 +/-       0.00

0101
1010
1001
0010           0 |     0.00 |       0.00 +/-       0.00

0110
1001
0101
1010           0 |     0.00 |       0.00 +/-       0.00

0110
1001
1001
0100           0 |     0.00 |       0.00 +/-       0.00

0110
1001
1001
0110           0 |     0.00 |       0.00 +/-       0.00

0110
1001
1100
0110           0 |     0.00 |       0.00 +/-       0.00

0111
1000
0101
1000           0 |     0.00 |       0.00 +/-       0.00

0111
1001
1100
0110           0 |     0.00 |       0.00 +/-       0.00

0111
1001
1100
1010           0 |     0.00 |       0.00 +/-       0.00

