gtrieScanner Results
------------------------------------------
General Information

Start of Computation: 02h15m40s 02/08/2020
End of Computation: 02h15m49s 02/08/2020

Subgraph Size: 4
Graph File: "input/#DíaNaranja.edges"
Directed: YES
Nr Nodes: 11588
Nr Edges: 21976

Method: GTRIE with file containing complete g-trie
Different Types of Subgraphs Found [Original Network]: 150
Subgraph Occurrences Found [Original Network]: 559195575
Time for computing census on original network: 8.368282s
Average time for census on random network: 0.000000s

Number of random networks: 0
Random seed: 1596352540
Exchanges per edge: 3
Number of tries per exchange: 10
------------------------------------------
Motif Analysis Results

Graph   Org_Freq |  Z-score |    Rnd_Avg +/-    Rnd_Dev

0000
1000
1000
1000   535215000 |     0.00 |       0.00 +/-       0.00

0001
1000
1000
0000     7537571 |     0.00 |       0.00 +/-       0.00

0000
1001
1000
0000     5108037 |     0.00 |       0.00 +/-       0.00

0100
1000
1000
1000     3613377 |     0.00 |       0.00 +/-       0.00

0000
1000
1000
0100     2891651 |     0.00 |       0.00 +/-       0.00

0000
1010
1000
1000     1289403 |     0.00 |       0.00 +/-       0.00

0100
1000
1100
1000      975424 |     0.00 |       0.00 +/-       0.00

0010
1010
0000
1000      604799 |     0.00 |       0.00 +/-       0.00

0100
1000
1000
0100      498483 |     0.00 |       0.00 +/-       0.00

0100
1000
1100
1100      426651 |     0.00 |       0.00 +/-       0.00

0100
0000
1100
1100      165191 |     0.00 |       0.00 +/-       0.00

0110
1000
0000
0010      148895 |     0.00 |       0.00 +/-       0.00

0011
1000
0000
0000      103474 |     0.00 |       0.00 +/-       0.00

0110
0000
0000
0110       98276 |     0.00 |       0.00 +/-       0.00

0111
0000
0000
0000       80460 |     0.00 |       0.00 +/-       0.00

0101
1000
1000
0000       66030 |     0.00 |       0.00 +/-       0.00

0110
1010
0000
0010       51709 |     0.00 |       0.00 +/-       0.00

0010
1001
0000
0000       44914 |     0.00 |       0.00 +/-       0.00

0100
0001
1000
0000       21688 |     0.00 |       0.00 +/-       0.00

0011
1010
0000
0000       19185 |     0.00 |       0.00 +/-       0.00

0101
1000
1100
0000       18660 |     0.00 |       0.00 +/-       0.00

0100
1001
1000
0000       18598 |     0.00 |       0.00 +/-       0.00

0100
1000
1001
0000       18324 |     0.00 |       0.00 +/-       0.00

0111
0011
0000
0000       17862 |     0.00 |       0.00 +/-       0.00

0111
0010
0000
0000       16709 |     0.00 |       0.00 +/-       0.00

0110
1010
0000
1000       16222 |     0.00 |       0.00 +/-       0.00

0100
1000
1000
0010       15057 |     0.00 |       0.00 +/-       0.00

0110
1000
1000
1000       11195 |     0.00 |       0.00 +/-       0.00

0001
1010
1000
0000        8877 |     0.00 |       0.00 +/-       0.00

0110
1010
0000
1110        8187 |     0.00 |       0.00 +/-       0.00

0110
1000
1000
0100        6570 |     0.00 |       0.00 +/-       0.00

0101
1000
1100
1000        6263 |     0.00 |       0.00 +/-       0.00

0110
1000
1100
0100        5829 |     0.00 |       0.00 +/-       0.00

0100
1000
1101
0000        5614 |     0.00 |       0.00 +/-       0.00

0001
1010
1000
1000        5368 |     0.00 |       0.00 +/-       0.00

0111
1000
0000
0000        4901 |     0.00 |       0.00 +/-       0.00

0110
0010
0000
1000        4709 |     0.00 |       0.00 +/-       0.00

0111
1010
0000
0000        4351 |     0.00 |       0.00 +/-       0.00

0111
1011
0000
0000        3893 |     0.00 |       0.00 +/-       0.00

0011
1010
0000
1000        3856 |     0.00 |       0.00 +/-       0.00

0110
1010
1000
1000        3038 |     0.00 |       0.00 +/-       0.00

0110
1010
1000
0100        2766 |     0.00 |       0.00 +/-       0.00

0110
1010
1100
1000        2658 |     0.00 |       0.00 +/-       0.00

0100
1000
1100
0010        2210 |     0.00 |       0.00 +/-       0.00

0110
1000
1100
1100        1934 |     0.00 |       0.00 +/-       0.00

0110
1010
1100
1110        1411 |     0.00 |       0.00 +/-       0.00

0110
1000
0001
0000        1323 |     0.00 |       0.00 +/-       0.00

0111
1011
1101
0000        1292 |     0.00 |       0.00 +/-       0.00

0101
1001
1100
0000        1277 |     0.00 |       0.00 +/-       0.00

0110
1001
0000
0000         867 |     0.00 |       0.00 +/-       0.00

0110
1010
0000
1010         838 |     0.00 |       0.00 +/-       0.00

0101
1000
1100
0100         829 |     0.00 |       0.00 +/-       0.00

0111
0011
0001
0000         821 |     0.00 |       0.00 +/-       0.00

0101
1000
1101
0000         747 |     0.00 |       0.00 +/-       0.00

0111
1001
1000
0000         615 |     0.00 |       0.00 +/-       0.00

0111
1000
1000
0000         613 |     0.00 |       0.00 +/-       0.00

0110
1010
0001
0000         607 |     0.00 |       0.00 +/-       0.00

0100
1000
1001
0010         569 |     0.00 |       0.00 +/-       0.00

0111
1010
1100
0000         565 |     0.00 |       0.00 +/-       0.00

0111
0000
0100
0100         563 |     0.00 |       0.00 +/-       0.00

0101
0001
1100
0000         474 |     0.00 |       0.00 +/-       0.00

0100
1001
1001
0000         456 |     0.00 |       0.00 +/-       0.00

0100
1010
1000
1000         454 |     0.00 |       0.00 +/-       0.00

0101
0000
1100
0100         432 |     0.00 |       0.00 +/-       0.00

0100
1000
1100
1010         430 |     0.00 |       0.00 +/-       0.00

0100
1000
1101
1100         423 |     0.00 |       0.00 +/-       0.00

0111
0010
0000
1000         416 |     0.00 |       0.00 +/-       0.00

0110
1001
1000
0000         372 |     0.00 |       0.00 +/-       0.00

0100
1000
1101
1000         358 |     0.00 |       0.00 +/-       0.00

0111
0001
0100
0000         350 |     0.00 |       0.00 +/-       0.00

0110
1000
0100
1000         330 |     0.00 |       0.00 +/-       0.00

0110
1010
1000
1110         325 |     0.00 |       0.00 +/-       0.00

0110
1010
1100
1100         325 |     0.00 |       0.00 +/-       0.00

0110
0001
0001
0000         285 |     0.00 |       0.00 +/-       0.00

0110
1010
1000
1100         267 |     0.00 |       0.00 +/-       0.00

0110
0001
0000
0010         261 |     0.00 |       0.00 +/-       0.00

0100
1000
1001
0100         221 |     0.00 |       0.00 +/-       0.00

0101
1000
1101
1000         211 |     0.00 |       0.00 +/-       0.00

0110
1010
1000
0110         200 |     0.00 |       0.00 +/-       0.00

0110
1010
0001
0010         196 |     0.00 |       0.00 +/-       0.00

0111
1011
1101
1110         176 |     0.00 |       0.00 +/-       0.00

0110
1000
0100
0010         162 |     0.00 |       0.00 +/-       0.00

0100
1000
1101
0010         158 |     0.00 |       0.00 +/-       0.00

0110
1011
1000
0000         137 |     0.00 |       0.00 +/-       0.00

0110
1000
0100
1010         131 |     0.00 |       0.00 +/-       0.00

0111
1010
1000
0000         122 |     0.00 |       0.00 +/-       0.00

0110
1000
1000
0110          81 |     0.00 |       0.00 +/-       0.00

0110
1001
1100
0000          79 |     0.00 |       0.00 +/-       0.00

0111
1010
1100
1000          72 |     0.00 |       0.00 +/-       0.00

0111
1011
1100
0000          59 |     0.00 |       0.00 +/-       0.00

0111
1011
0001
0000          56 |     0.00 |       0.00 +/-       0.00

0110
1000
0100
1110          54 |     0.00 |       0.00 +/-       0.00

0111
1011
1000
0000          53 |     0.00 |       0.00 +/-       0.00

0111
1000
1000
1000          50 |     0.00 |       0.00 +/-       0.00

0001
1000
1100
0100          47 |     0.00 |       0.00 +/-       0.00

0111
1010
0000
0010          47 |     0.00 |       0.00 +/-       0.00

0111
1010
0001
0000          44 |     0.00 |       0.00 +/-       0.00

0110
1001
1000
0100          34 |     0.00 |       0.00 +/-       0.00

0111
1010
1000
1000          34 |     0.00 |       0.00 +/-       0.00

0111
1011
1001
0000          33 |     0.00 |       0.00 +/-       0.00

0100
1010
1000
1010          31 |     0.00 |       0.00 +/-       0.00

0111
1010
0001
0010          30 |     0.00 |       0.00 +/-       0.00

0110
1001
0001
0000          28 |     0.00 |       0.00 +/-       0.00

0100
0010
1000
1000          26 |     0.00 |       0.00 +/-       0.00

0110
1001
1100
0100          26 |     0.00 |       0.00 +/-       0.00

0110
1011
1000
0100          24 |     0.00 |       0.00 +/-       0.00

0111
1010
0000
1010          23 |     0.00 |       0.00 +/-       0.00

0111
1011
0001
0010          19 |     0.00 |       0.00 +/-       0.00

0111
1000
0100
0000          18 |     0.00 |       0.00 +/-       0.00

0110
1011
1001
0000          12 |     0.00 |       0.00 +/-       0.00

0101
1010
1000
0000          11 |     0.00 |       0.00 +/-       0.00

0111
1001
1100
0000           9 |     0.00 |       0.00 +/-       0.00

0110
1001
0001
0010           6 |     0.00 |       0.00 +/-       0.00

0111
1010
1100
1100           6 |     0.00 |       0.00 +/-       0.00

0111
1011
1001
1000           6 |     0.00 |       0.00 +/-       0.00

0111
1011
1100
1100           6 |     0.00 |       0.00 +/-       0.00

0111
0001
0100
0010           5 |     0.00 |       0.00 +/-       0.00

0111
1010
1100
1110           5 |     0.00 |       0.00 +/-       0.00

0101
0010
1000
0000           4 |     0.00 |       0.00 +/-       0.00

0110
1000
0101
0010           4 |     0.00 |       0.00 +/-       0.00

0110
1001
1100
1100           4 |     0.00 |       0.00 +/-       0.00

0110
1001
1000
1000           3 |     0.00 |       0.00 +/-       0.00

0110
1001
1101
0100           3 |     0.00 |       0.00 +/-       0.00

0110
1011
1000
0010           3 |     0.00 |       0.00 +/-       0.00

0110
1011
1001
0110           3 |     0.00 |       0.00 +/-       0.00

0111
1000
0100
1000           3 |     0.00 |       0.00 +/-       0.00

0111
1001
1100
0100           3 |     0.00 |       0.00 +/-       0.00

0111
1001
1100
1000           3 |     0.00 |       0.00 +/-       0.00

0111
1011
1000
1000           3 |     0.00 |       0.00 +/-       0.00

0110
1000
0101
0000           2 |     0.00 |       0.00 +/-       0.00

0110
1001
1001
0000           2 |     0.00 |       0.00 +/-       0.00

0110
1001
1100
0110           2 |     0.00 |       0.00 +/-       0.00

0111
1001
0100
0000           2 |     0.00 |       0.00 +/-       0.00

0111
1011
1100
1000           2 |     0.00 |       0.00 +/-       0.00

0111
1011
1101
1100           2 |     0.00 |       0.00 +/-       0.00

0011
1001
0100
0000           1 |     0.00 |       0.00 +/-       0.00

0100
1001
1000
0010           1 |     0.00 |       0.00 +/-       0.00

0101
1010
1001
0000           1 |     0.00 |       0.00 +/-       0.00

0110
1001
1100
1000           1 |     0.00 |       0.00 +/-       0.00

0110
1011
1000
1000           1 |     0.00 |       0.00 +/-       0.00

0111
1000
0101
0000           1 |     0.00 |       0.00 +/-       0.00

0111
1000
1100
1100           1 |     0.00 |       0.00 +/-       0.00

0111
1001
1100
0010           1 |     0.00 |       0.00 +/-       0.00

0111
1001
1101
0100           1 |     0.00 |       0.00 +/-       0.00

0111
1010
0001
1000           1 |     0.00 |       0.00 +/-       0.00

0111
1010
1000
0100           1 |     0.00 |       0.00 +/-       0.00

0111
1010
1100
0100           1 |     0.00 |       0.00 +/-       0.00

0111
1011
1000
0010           1 |     0.00 |       0.00 +/-       0.00

0111
1011
1001
0110           1 |     0.00 |       0.00 +/-       0.00

0111
1011
1101
1000           1 |     0.00 |       0.00 +/-       0.00

0010
1001
0100
1000           0 |     0.00 |       0.00 +/-       0.00

0011
1000
0100
0100           0 |     0.00 |       0.00 +/-       0.00

0011
1010
0000
0110           0 |     0.00 |       0.00 +/-       0.00

0100
0001
1000
0010           0 |     0.00 |       0.00 +/-       0.00

0100
1010
1001
1000           0 |     0.00 |       0.00 +/-       0.00

0101
0001
1100
0010           0 |     0.00 |       0.00 +/-       0.00

0101
0010
1000
1000           0 |     0.00 |       0.00 +/-       0.00

0101
1000
1100
0010           0 |     0.00 |       0.00 +/-       0.00

0101
1010
1000
0010           0 |     0.00 |       0.00 +/-       0.00

0101
1010
1000
1010           0 |     0.00 |       0.00 +/-       0.00

0101
1010
1001
0010           0 |     0.00 |       0.00 +/-       0.00

0101
1010
1001
1000           0 |     0.00 |       0.00 +/-       0.00

0110
1000
0001
0110           0 |     0.00 |       0.00 +/-       0.00

0110
1000
0101
1000           0 |     0.00 |       0.00 +/-       0.00

0110
1000
0101
1100           0 |     0.00 |       0.00 +/-       0.00

0110
1001
0100
1000           0 |     0.00 |       0.00 +/-       0.00

0110
1001
0101
1000           0 |     0.00 |       0.00 +/-       0.00

0110
1001
0101
1010           0 |     0.00 |       0.00 +/-       0.00

0110
1001
1000
0010           0 |     0.00 |       0.00 +/-       0.00

0110
1001
1001
0100           0 |     0.00 |       0.00 +/-       0.00

0110
1001
1001
0110           0 |     0.00 |       0.00 +/-       0.00

0110
1001
1100
0010           0 |     0.00 |       0.00 +/-       0.00

0110
1001
1100
1010           0 |     0.00 |       0.00 +/-       0.00

0110
1001
1101
1100           0 |     0.00 |       0.00 +/-       0.00

0110
1010
0001
1000           0 |     0.00 |       0.00 +/-       0.00

0110
1010
0001
1010           0 |     0.00 |       0.00 +/-       0.00

0110
1010
0001
1100           0 |     0.00 |       0.00 +/-       0.00

0110
1011
1000
0110           0 |     0.00 |       0.00 +/-       0.00

0110
1011
1000
1010           0 |     0.00 |       0.00 +/-       0.00

0110
1011
1001
0100           0 |     0.00 |       0.00 +/-       0.00

0110
1011
1001
1000           0 |     0.00 |       0.00 +/-       0.00

0111
1000
0100
0010           0 |     0.00 |       0.00 +/-       0.00

0111
1000
0100
0100           0 |     0.00 |       0.00 +/-       0.00

0111
1000
0101
0010           0 |     0.00 |       0.00 +/-       0.00

0111
1000
0101
0100           0 |     0.00 |       0.00 +/-       0.00

0111
1000
0101
0110           0 |     0.00 |       0.00 +/-       0.00

0111
1000
0101
1000           0 |     0.00 |       0.00 +/-       0.00

0111
1000
1100
0100           0 |     0.00 |       0.00 +/-       0.00

0111
1001
1100
0110           0 |     0.00 |       0.00 +/-       0.00

0111
1001
1100
1010           0 |     0.00 |       0.00 +/-       0.00

0111
1010
0000
0110           0 |     0.00 |       0.00 +/-       0.00

0111
1010
0001
0100           0 |     0.00 |       0.00 +/-       0.00

0111
1010
0001
0110           0 |     0.00 |       0.00 +/-       0.00

0111
1010
1000
0110           0 |     0.00 |       0.00 +/-       0.00

0111
1010
1100
0110           0 |     0.00 |       0.00 +/-       0.00

0111
1011
1000
0100           0 |     0.00 |       0.00 +/-       0.00

0111
1011
1001
0100           0 |     0.00 |       0.00 +/-       0.00

0111
1011
1100
0010           0 |     0.00 |       0.00 +/-       0.00

0111
1011
1100
1010           0 |     0.00 |       0.00 +/-       0.00

