gtrieScanner Results
------------------------------------------
General Information

Start of Computation: 02h15m56s 02/08/2020
End of Computation: 02h15m56s 02/08/2020

Subgraph Size: 4
Graph File: "input/#FelizLunes.edges"
Directed: YES
Nr Nodes: 14746
Nr Edges: 26206

Method: GTRIE with file containing complete g-trie
Different Types of Subgraphs Found [Original Network]: 186
Subgraph Occurrences Found [Original Network]: 23566604
Time for computing census on original network: 0.491052s
Average time for census on random network: 0.000000s

Number of random networks: 0
Random seed: 1596352556
Exchanges per edge: 3
Number of tries per exchange: 10
------------------------------------------
Motif Analysis Results

Graph   Org_Freq |  Z-score |    Rnd_Avg +/-    Rnd_Dev

0000
1000
1000
1000    17820993 |     0.00 |       0.00 +/-       0.00

0000
1001
1000
0000     2032920 |     0.00 |       0.00 +/-       0.00

0111
0000
0000
0000     1510472 |     0.00 |       0.00 +/-       0.00

0001
1000
1000
0000      592587 |     0.00 |       0.00 +/-       0.00

0110
0000
0000
0110      265853 |     0.00 |       0.00 +/-       0.00

0000
1010
1000
1000      235193 |     0.00 |       0.00 +/-       0.00

0000
1000
1000
0100      163509 |     0.00 |       0.00 +/-       0.00

0010
1010
0000
1000      143497 |     0.00 |       0.00 +/-       0.00

0010
1001
0000
0000      109252 |     0.00 |       0.00 +/-       0.00

0100
0000
1100
1100       99348 |     0.00 |       0.00 +/-       0.00

0011
1000
0000
0000       91874 |     0.00 |       0.00 +/-       0.00

0111
0010
0000
0000       77708 |     0.00 |       0.00 +/-       0.00

0111
0011
0000
0000       58398 |     0.00 |       0.00 +/-       0.00

0011
1010
0000
0000       46807 |     0.00 |       0.00 +/-       0.00

0111
1011
0000
0000       37952 |     0.00 |       0.00 +/-       0.00

0100
1000
1000
1000       35460 |     0.00 |       0.00 +/-       0.00

0111
1010
0000
0000       30233 |     0.00 |       0.00 +/-       0.00

0111
1000
0000
0000       19415 |     0.00 |       0.00 +/-       0.00

0100
1000
1000
0100       14336 |     0.00 |       0.00 +/-       0.00

0110
1000
0000
0010       14167 |     0.00 |       0.00 +/-       0.00

0110
1010
0000
0010       13690 |     0.00 |       0.00 +/-       0.00

0100
1000
1100
1100       13385 |     0.00 |       0.00 +/-       0.00

0101
1000
1000
0000       11358 |     0.00 |       0.00 +/-       0.00

0100
1000
1001
0000       11065 |     0.00 |       0.00 +/-       0.00

0110
1010
0000
1110       10685 |     0.00 |       0.00 +/-       0.00

0110
1010
0000
1000        9500 |     0.00 |       0.00 +/-       0.00

0100
1000
1100
1000        8374 |     0.00 |       0.00 +/-       0.00

0100
1001
1000
0000        7660 |     0.00 |       0.00 +/-       0.00

0101
1000
1100
0000        7575 |     0.00 |       0.00 +/-       0.00

0100
1000
1101
0000        6771 |     0.00 |       0.00 +/-       0.00

0100
0001
1000
0000        6693 |     0.00 |       0.00 +/-       0.00

0110
1001
0000
0000        4674 |     0.00 |       0.00 +/-       0.00

0110
1010
0000
1010        3856 |     0.00 |       0.00 +/-       0.00

0001
1010
1000
0000        3483 |     0.00 |       0.00 +/-       0.00

0111
1011
1101
0000        3437 |     0.00 |       0.00 +/-       0.00

0011
1010
0000
1000        3254 |     0.00 |       0.00 +/-       0.00

0110
0010
0000
1000        3140 |     0.00 |       0.00 +/-       0.00

0111
1010
1100
0000        2617 |     0.00 |       0.00 +/-       0.00

0111
1001
1000
0000        2369 |     0.00 |       0.00 +/-       0.00

0101
1000
1101
0000        2021 |     0.00 |       0.00 +/-       0.00

0101
1001
1100
0000        1521 |     0.00 |       0.00 +/-       0.00

0111
1011
1001
0000        1426 |     0.00 |       0.00 +/-       0.00

0110
1000
0001
0000        1400 |     0.00 |       0.00 +/-       0.00

0111
1011
1000
0000        1395 |     0.00 |       0.00 +/-       0.00

0111
1000
1000
0000        1287 |     0.00 |       0.00 +/-       0.00

0111
0011
0001
0000        1121 |     0.00 |       0.00 +/-       0.00

0111
0000
0100
0100         927 |     0.00 |       0.00 +/-       0.00

0100
1000
1000
0010         892 |     0.00 |       0.00 +/-       0.00

0101
0000
1100
0100         892 |     0.00 |       0.00 +/-       0.00

0110
1010
1100
1110         887 |     0.00 |       0.00 +/-       0.00

0111
1010
1000
0000         885 |     0.00 |       0.00 +/-       0.00

0110
1001
1000
0000         877 |     0.00 |       0.00 +/-       0.00

0110
1010
1100
1000         855 |     0.00 |       0.00 +/-       0.00

0110
1010
0001
0000         840 |     0.00 |       0.00 +/-       0.00

0111
1011
1100
0000         742 |     0.00 |       0.00 +/-       0.00

0110
1001
1100
0000         667 |     0.00 |       0.00 +/-       0.00

0111
0001
0100
0000         659 |     0.00 |       0.00 +/-       0.00

0100
1001
1001
0000         616 |     0.00 |       0.00 +/-       0.00

0110
1011
1000
0000         614 |     0.00 |       0.00 +/-       0.00

0111
1010
0000
1010         589 |     0.00 |       0.00 +/-       0.00

0110
1000
1000
1000         581 |     0.00 |       0.00 +/-       0.00

0111
0010
0000
1000         575 |     0.00 |       0.00 +/-       0.00

0101
1000
1100
1000         549 |     0.00 |       0.00 +/-       0.00

0110
1000
1100
1100         514 |     0.00 |       0.00 +/-       0.00

0110
1010
1000
1000         469 |     0.00 |       0.00 +/-       0.00

0110
1000
1100
0100         466 |     0.00 |       0.00 +/-       0.00

0001
1010
1000
1000         445 |     0.00 |       0.00 +/-       0.00

0111
1001
1100
0000         435 |     0.00 |       0.00 +/-       0.00

0101
0001
1100
0000         416 |     0.00 |       0.00 +/-       0.00

0110
1010
1000
1110         416 |     0.00 |       0.00 +/-       0.00

0110
1000
1000
0100         343 |     0.00 |       0.00 +/-       0.00

0110
0001
0000
0010         321 |     0.00 |       0.00 +/-       0.00

0110
1010
1100
1100         298 |     0.00 |       0.00 +/-       0.00

0111
1011
0001
0000         293 |     0.00 |       0.00 +/-       0.00

0111
1010
1100
1000         234 |     0.00 |       0.00 +/-       0.00

0111
1000
0100
0000         221 |     0.00 |       0.00 +/-       0.00

0100
1000
1001
0010         218 |     0.00 |       0.00 +/-       0.00

0110
1000
0101
0000         212 |     0.00 |       0.00 +/-       0.00

0100
1000
1100
0010         187 |     0.00 |       0.00 +/-       0.00

0110
0001
0001
0000         183 |     0.00 |       0.00 +/-       0.00

0111
1010
0000
0010         176 |     0.00 |       0.00 +/-       0.00

0111
1001
0100
0000         169 |     0.00 |       0.00 +/-       0.00

0111
1000
0101
0000         160 |     0.00 |       0.00 +/-       0.00

0111
1011
1101
1110         160 |     0.00 |       0.00 +/-       0.00

0100
1010
1000
1000         150 |     0.00 |       0.00 +/-       0.00

0101
1010
1000
0000         150 |     0.00 |       0.00 +/-       0.00

0111
1010
0000
0110         147 |     0.00 |       0.00 +/-       0.00

0101
0010
1000
0000         137 |     0.00 |       0.00 +/-       0.00

0111
1011
1101
1000         137 |     0.00 |       0.00 +/-       0.00

0110
1010
1000
0100         126 |     0.00 |       0.00 +/-       0.00

0110
1010
1000
1100         119 |     0.00 |       0.00 +/-       0.00

0110
1010
0001
0010         117 |     0.00 |       0.00 +/-       0.00

0100
1000
1101
1000         115 |     0.00 |       0.00 +/-       0.00

0100
1000
1100
1010         111 |     0.00 |       0.00 +/-       0.00

0111
1010
1100
1110         111 |     0.00 |       0.00 +/-       0.00

0111
1010
0001
0000         110 |     0.00 |       0.00 +/-       0.00

0111
1011
1101
1100         107 |     0.00 |       0.00 +/-       0.00

0011
1001
0100
0000          97 |     0.00 |       0.00 +/-       0.00

0100
1000
1101
1100          90 |     0.00 |       0.00 +/-       0.00

0110
1001
1001
0000          82 |     0.00 |       0.00 +/-       0.00

0110
1011
1001
0000          82 |     0.00 |       0.00 +/-       0.00

0100
1000
1101
0010          81 |     0.00 |       0.00 +/-       0.00

0101
1000
1101
1000          81 |     0.00 |       0.00 +/-       0.00

0110
1000
0100
0010          79 |     0.00 |       0.00 +/-       0.00

0110
1001
0001
0000          78 |     0.00 |       0.00 +/-       0.00

0111
1010
1000
1000          70 |     0.00 |       0.00 +/-       0.00

0111
1010
1100
1100          65 |     0.00 |       0.00 +/-       0.00

0100
1010
1000
1010          62 |     0.00 |       0.00 +/-       0.00

0110
1000
0100
1000          61 |     0.00 |       0.00 +/-       0.00

0111
1000
1000
1000          61 |     0.00 |       0.00 +/-       0.00

0111
1000
1100
1100          57 |     0.00 |       0.00 +/-       0.00

0101
1010
1001
0000          55 |     0.00 |       0.00 +/-       0.00

0110
1001
1100
0100          53 |     0.00 |       0.00 +/-       0.00

0100
0010
1000
1000          47 |     0.00 |       0.00 +/-       0.00

0101
1000
1100
0100          42 |     0.00 |       0.00 +/-       0.00

0110
1011
1000
0100          42 |     0.00 |       0.00 +/-       0.00

0111
1001
1101
0100          41 |     0.00 |       0.00 +/-       0.00

0110
1000
0101
0010          39 |     0.00 |       0.00 +/-       0.00

0111
1011
1100
1000          39 |     0.00 |       0.00 +/-       0.00

0110
1001
1100
1100          37 |     0.00 |       0.00 +/-       0.00

0111
1011
1100
1100          37 |     0.00 |       0.00 +/-       0.00

0111
1001
1100
0100          36 |     0.00 |       0.00 +/-       0.00

0111
1011
1100
1010          36 |     0.00 |       0.00 +/-       0.00

0110
1000
0100
1110          35 |     0.00 |       0.00 +/-       0.00

0110
1010
1000
0110          34 |     0.00 |       0.00 +/-       0.00

0111
1011
0001
0010          34 |     0.00 |       0.00 +/-       0.00

0111
1000
1100
0100          32 |     0.00 |       0.00 +/-       0.00

0110
1001
1101
1100          27 |     0.00 |       0.00 +/-       0.00

0111
1010
1100
0100          26 |     0.00 |       0.00 +/-       0.00

0111
1011
1000
1000          26 |     0.00 |       0.00 +/-       0.00

0100
1000
1001
0100          25 |     0.00 |       0.00 +/-       0.00

0110
1001
1000
1000          25 |     0.00 |       0.00 +/-       0.00

0110
1010
0001
1010          25 |     0.00 |       0.00 +/-       0.00

0111
1000
0101
0010          24 |     0.00 |       0.00 +/-       0.00

0101
0010
1000
1000          21 |     0.00 |       0.00 +/-       0.00

0110
1000
0100
1010          21 |     0.00 |       0.00 +/-       0.00

0110
1001
1000
0100          19 |     0.00 |       0.00 +/-       0.00

0111
1001
1100
1000          19 |     0.00 |       0.00 +/-       0.00

0111
1010
0001
0010          19 |     0.00 |       0.00 +/-       0.00

0001
1000
1100
0100          18 |     0.00 |       0.00 +/-       0.00

0111
1010
1100
0110          17 |     0.00 |       0.00 +/-       0.00

0110
1001
1100
1000          16 |     0.00 |       0.00 +/-       0.00

0111
1011
1001
1000          16 |     0.00 |       0.00 +/-       0.00

0110
1010
0001
1000          12 |     0.00 |       0.00 +/-       0.00

0111
1000
0100
1000          12 |     0.00 |       0.00 +/-       0.00

0111
1000
0101
0110          12 |     0.00 |       0.00 +/-       0.00

0110
1011
1000
0110          10 |     0.00 |       0.00 +/-       0.00

0111
1010
0001
0110          10 |     0.00 |       0.00 +/-       0.00

0101
1010
1000
0010           9 |     0.00 |       0.00 +/-       0.00

0101
1010
1001
1000           9 |     0.00 |       0.00 +/-       0.00

0010
1001
0100
1000           8 |     0.00 |       0.00 +/-       0.00

0110
1001
1100
1010           8 |     0.00 |       0.00 +/-       0.00

0110
1001
1101
0100           8 |     0.00 |       0.00 +/-       0.00

0110
1011
1000
0010           8 |     0.00 |       0.00 +/-       0.00

0111
1000
0100
0010           8 |     0.00 |       0.00 +/-       0.00

0011
1010
0000
0110           7 |     0.00 |       0.00 +/-       0.00

0100
1001
1000
0010           7 |     0.00 |       0.00 +/-       0.00

0101
1000
1100
0010           6 |     0.00 |       0.00 +/-       0.00

0101
1010
1000
1010           6 |     0.00 |       0.00 +/-       0.00

0100
1010
1001
1000           5 |     0.00 |       0.00 +/-       0.00

0110
1001
1100
0010           5 |     0.00 |       0.00 +/-       0.00

0110
1010
0001
1100           5 |     0.00 |       0.00 +/-       0.00

0110
1011
1000
1010           5 |     0.00 |       0.00 +/-       0.00

0111
1000
0101
0100           5 |     0.00 |       0.00 +/-       0.00

0111
1011
1000
0010           5 |     0.00 |       0.00 +/-       0.00

0111
1011
1000
0100           5 |     0.00 |       0.00 +/-       0.00

0111
1011
1100
0010           5 |     0.00 |       0.00 +/-       0.00

0111
1001
1100
0110           4 |     0.00 |       0.00 +/-       0.00

0111
1011
1001
0100           4 |     0.00 |       0.00 +/-       0.00

0101
0001
1100
0010           3 |     0.00 |       0.00 +/-       0.00

0110
1000
0001
0110           3 |     0.00 |       0.00 +/-       0.00

0110
1000
0101
1000           3 |     0.00 |       0.00 +/-       0.00

0110
1001
1100
0110           3 |     0.00 |       0.00 +/-       0.00

0110
1011
1000
1000           3 |     0.00 |       0.00 +/-       0.00

0110
1011
1001
1000           3 |     0.00 |       0.00 +/-       0.00

0111
1001
1100
0010           3 |     0.00 |       0.00 +/-       0.00

0110
1001
0100
1000           2 |     0.00 |       0.00 +/-       0.00

0110
1001
1000
0010           2 |     0.00 |       0.00 +/-       0.00

0111
1010
0001
0100           2 |     0.00 |       0.00 +/-       0.00

0111
1010
0001
1000           2 |     0.00 |       0.00 +/-       0.00

0111
1010
1000
0100           2 |     0.00 |       0.00 +/-       0.00

0101
1010
1001
0010           1 |     0.00 |       0.00 +/-       0.00

0110
1000
0101
1100           1 |     0.00 |       0.00 +/-       0.00

0110
1001
0101
1000           1 |     0.00 |       0.00 +/-       0.00

0110
1001
1001
0100           1 |     0.00 |       0.00 +/-       0.00

0111
1001
1100
1010           1 |     0.00 |       0.00 +/-       0.00

0011
1000
0100
0100           0 |     0.00 |       0.00 +/-       0.00

0100
0001
1000
0010           0 |     0.00 |       0.00 +/-       0.00

0110
1000
1000
0110           0 |     0.00 |       0.00 +/-       0.00

0110
1001
0001
0010           0 |     0.00 |       0.00 +/-       0.00

0110
1001
0101
1010           0 |     0.00 |       0.00 +/-       0.00

0110
1001
1001
0110           0 |     0.00 |       0.00 +/-       0.00

0110
1011
1001
0100           0 |     0.00 |       0.00 +/-       0.00

0110
1011
1001
0110           0 |     0.00 |       0.00 +/-       0.00

0111
0001
0100
0010           0 |     0.00 |       0.00 +/-       0.00

0111
1000
0100
0100           0 |     0.00 |       0.00 +/-       0.00

0111
1000
0101
1000           0 |     0.00 |       0.00 +/-       0.00

0111
1010
1000
0110           0 |     0.00 |       0.00 +/-       0.00

0111
1011
1001
0110           0 |     0.00 |       0.00 +/-       0.00

