gtrieScanner Results
------------------------------------------
General Information

Start of Computation: 02h16m20s 02/08/2020
End of Computation: 02h16m26s 02/08/2020

Subgraph Size: 4
Graph File: "input/#FreddieMercury.edges"
Directed: YES
Nr Nodes: 13608
Nr Edges: 19028

Method: GTRIE with file containing complete g-trie
Different Types of Subgraphs Found [Original Network]: 70
Subgraph Occurrences Found [Original Network]: 391285106
Time for computing census on original network: 5.068685s
Average time for census on random network: 0.000000s

Number of random networks: 0
Random seed: 1596352580
Exchanges per edge: 3
Number of tries per exchange: 10
------------------------------------------
Motif Analysis Results

Graph   Org_Freq |  Z-score |    Rnd_Avg +/-    Rnd_Dev

0000
1000
1000
1000   384686459 |     0.00 |       0.00 +/-       0.00

0000
1001
1000
0000     5404919 |     0.00 |       0.00 +/-       0.00

0111
0000
0000
0000      311998 |     0.00 |       0.00 +/-       0.00

0000
1010
1000
1000      184930 |     0.00 |       0.00 +/-       0.00

0000
1000
1000
0100      184238 |     0.00 |       0.00 +/-       0.00

0100
0000
1100
1100      178924 |     0.00 |       0.00 +/-       0.00

0110
0000
0000
0110      161517 |     0.00 |       0.00 +/-       0.00

0001
1000
1000
0000      105562 |     0.00 |       0.00 +/-       0.00

0010
1010
0000
1000       21403 |     0.00 |       0.00 +/-       0.00

0111
0011
0000
0000        9733 |     0.00 |       0.00 +/-       0.00

0100
1000
1000
1000        7172 |     0.00 |       0.00 +/-       0.00

0010
1001
0000
0000        5236 |     0.00 |       0.00 +/-       0.00

0111
0010
0000
0000        5159 |     0.00 |       0.00 +/-       0.00

0111
1011
0000
0000        4937 |     0.00 |       0.00 +/-       0.00

0110
1000
0000
0010        2246 |     0.00 |       0.00 +/-       0.00

0110
1010
0000
0010        2238 |     0.00 |       0.00 +/-       0.00

0100
1000
1100
1000        1386 |     0.00 |       0.00 +/-       0.00

0011
1000
0000
0000        1264 |     0.00 |       0.00 +/-       0.00

0011
1010
0000
0000        1079 |     0.00 |       0.00 +/-       0.00

0100
1000
1001
0000         985 |     0.00 |       0.00 +/-       0.00

0111
1010
0000
0000         398 |     0.00 |       0.00 +/-       0.00

0110
1010
0000
1110         351 |     0.00 |       0.00 +/-       0.00

0001
1010
1000
0000         321 |     0.00 |       0.00 +/-       0.00

0100
1000
1100
1100         269 |     0.00 |       0.00 +/-       0.00

0110
0010
0000
1000         258 |     0.00 |       0.00 +/-       0.00

0111
0011
0001
0000         257 |     0.00 |       0.00 +/-       0.00

0100
1000
1000
0010         230 |     0.00 |       0.00 +/-       0.00

0001
1010
1000
1000         201 |     0.00 |       0.00 +/-       0.00

0110
1000
1000
1000         196 |     0.00 |       0.00 +/-       0.00

0100
1000
1101
0000         182 |     0.00 |       0.00 +/-       0.00

0100
0001
1000
0000         167 |     0.00 |       0.00 +/-       0.00

0100
1000
1100
0010         114 |     0.00 |       0.00 +/-       0.00

0011
1010
0000
1000          98 |     0.00 |       0.00 +/-       0.00

0111
1000
0000
0000          91 |     0.00 |       0.00 +/-       0.00

0101
1000
1000
0000          84 |     0.00 |       0.00 +/-       0.00

0111
0000
0100
0100          73 |     0.00 |       0.00 +/-       0.00

0110
1010
0000
1000          62 |     0.00 |       0.00 +/-       0.00

0101
1000
1100
0000          51 |     0.00 |       0.00 +/-       0.00

0111
1011
1101
0000          47 |     0.00 |       0.00 +/-       0.00

0110
1010
0000
1010          46 |     0.00 |       0.00 +/-       0.00

0101
0000
1100
0100          32 |     0.00 |       0.00 +/-       0.00

0101
1000
1100
1000          30 |     0.00 |       0.00 +/-       0.00

0101
0001
1100
0000          21 |     0.00 |       0.00 +/-       0.00

0111
0001
0100
0000          20 |     0.00 |       0.00 +/-       0.00

0101
1000
1101
0000          15 |     0.00 |       0.00 +/-       0.00

0110
1001
0000
0000          11 |     0.00 |       0.00 +/-       0.00

0111
1001
0100
0000          11 |     0.00 |       0.00 +/-       0.00

0111
1011
1000
0000          11 |     0.00 |       0.00 +/-       0.00

0110
0001
0001
0000          10 |     0.00 |       0.00 +/-       0.00

0110
0001
0000
0010           8 |     0.00 |       0.00 +/-       0.00

0110
1011
1000
0000           6 |     0.00 |       0.00 +/-       0.00

0111
0010
0000
1000           6 |     0.00 |       0.00 +/-       0.00

0111
1000
0100
0000           6 |     0.00 |       0.00 +/-       0.00

0101
1000
1101
1000           5 |     0.00 |       0.00 +/-       0.00

0110
1000
0001
0000           5 |     0.00 |       0.00 +/-       0.00

0100
1000
1100
1010           3 |     0.00 |       0.00 +/-       0.00

0100
1000
1101
1000           3 |     0.00 |       0.00 +/-       0.00

0110
1010
0001
0000           3 |     0.00 |       0.00 +/-       0.00

0110
1010
0001
0010           3 |     0.00 |       0.00 +/-       0.00

0111
1010
1100
0000           3 |     0.00 |       0.00 +/-       0.00

0110
1010
1100
1110           2 |     0.00 |       0.00 +/-       0.00

0111
1001
1000
0000           2 |     0.00 |       0.00 +/-       0.00

0111
1011
0001
0000           2 |     0.00 |       0.00 +/-       0.00

0100
1001
1000
0000           1 |     0.00 |       0.00 +/-       0.00

0101
1000
1100
0100           1 |     0.00 |       0.00 +/-       0.00

0110
1001
1100
0000           1 |     0.00 |       0.00 +/-       0.00

0110
1010
1000
1110           1 |     0.00 |       0.00 +/-       0.00

0110
1011
1000
1000           1 |     0.00 |       0.00 +/-       0.00

0111
1000
1000
0000           1 |     0.00 |       0.00 +/-       0.00

0111
1000
1000
1000           1 |     0.00 |       0.00 +/-       0.00

0001
1000
1100
0100           0 |     0.00 |       0.00 +/-       0.00

0010
1001
0100
1000           0 |     0.00 |       0.00 +/-       0.00

0011
1000
0100
0100           0 |     0.00 |       0.00 +/-       0.00

0011
1001
0100
0000           0 |     0.00 |       0.00 +/-       0.00

0011
1010
0000
0110           0 |     0.00 |       0.00 +/-       0.00

0100
0001
1000
0010           0 |     0.00 |       0.00 +/-       0.00

0100
0010
1000
1000           0 |     0.00 |       0.00 +/-       0.00

0100
1000
1000
0100           0 |     0.00 |       0.00 +/-       0.00

0100
1000
1001
0010           0 |     0.00 |       0.00 +/-       0.00

0100
1000
1001
0100           0 |     0.00 |       0.00 +/-       0.00

0100
1000
1101
0010           0 |     0.00 |       0.00 +/-       0.00

0100
1000
1101
1100           0 |     0.00 |       0.00 +/-       0.00

0100
1001
1000
0010           0 |     0.00 |       0.00 +/-       0.00

0100
1001
1001
0000           0 |     0.00 |       0.00 +/-       0.00

0100
1010
1000
1000           0 |     0.00 |       0.00 +/-       0.00

0100
1010
1000
1010           0 |     0.00 |       0.00 +/-       0.00

0100
1010
1001
1000           0 |     0.00 |       0.00 +/-       0.00

0101
0001
1100
0010           0 |     0.00 |       0.00 +/-       0.00

0101
0010
1000
0000           0 |     0.00 |       0.00 +/-       0.00

0101
0010
1000
1000           0 |     0.00 |       0.00 +/-       0.00

0101
1000
1100
0010           0 |     0.00 |       0.00 +/-       0.00

0101
1001
1100
0000           0 |     0.00 |       0.00 +/-       0.00

0101
1010
1000
0000           0 |     0.00 |       0.00 +/-       0.00

0101
1010
1000
0010           0 |     0.00 |       0.00 +/-       0.00

0101
1010
1000
1010           0 |     0.00 |       0.00 +/-       0.00

0101
1010
1001
0000           0 |     0.00 |       0.00 +/-       0.00

0101
1010
1001
0010           0 |     0.00 |       0.00 +/-       0.00

0101
1010
1001
1000           0 |     0.00 |       0.00 +/-       0.00

0110
1000
0001
0110           0 |     0.00 |       0.00 +/-       0.00

0110
1000
0100
0010           0 |     0.00 |       0.00 +/-       0.00

0110
1000
0100
1000           0 |     0.00 |       0.00 +/-       0.00

0110
1000
0100
1010           0 |     0.00 |       0.00 +/-       0.00

0110
1000
0100
1110           0 |     0.00 |       0.00 +/-       0.00

0110
1000
0101
0000           0 |     0.00 |       0.00 +/-       0.00

0110
1000
0101
0010           0 |     0.00 |       0.00 +/-       0.00

0110
1000
0101
1000           0 |     0.00 |       0.00 +/-       0.00

0110
1000
0101
1100           0 |     0.00 |       0.00 +/-       0.00

0110
1000
1000
0100           0 |     0.00 |       0.00 +/-       0.00

0110
1000
1000
0110           0 |     0.00 |       0.00 +/-       0.00

0110
1000
1100
0100           0 |     0.00 |       0.00 +/-       0.00

0110
1000
1100
1100           0 |     0.00 |       0.00 +/-       0.00

0110
1001
0001
0000           0 |     0.00 |       0.00 +/-       0.00

0110
1001
0001
0010           0 |     0.00 |       0.00 +/-       0.00

0110
1001
0100
1000           0 |     0.00 |       0.00 +/-       0.00

0110
1001
0101
1000           0 |     0.00 |       0.00 +/-       0.00

0110
1001
0101
1010           0 |     0.00 |       0.00 +/-       0.00

0110
1001
1000
0000           0 |     0.00 |       0.00 +/-       0.00

0110
1001
1000
0010           0 |     0.00 |       0.00 +/-       0.00

0110
1001
1000
0100           0 |     0.00 |       0.00 +/-       0.00

0110
1001
1000
1000           0 |     0.00 |       0.00 +/-       0.00

0110
1001
1001
0000           0 |     0.00 |       0.00 +/-       0.00

0110
1001
1001
0100           0 |     0.00 |       0.00 +/-       0.00

0110
1001
1001
0110           0 |     0.00 |       0.00 +/-       0.00

0110
1001
1100
0010           0 |     0.00 |       0.00 +/-       0.00

0110
1001
1100
0100           0 |     0.00 |       0.00 +/-       0.00

0110
1001
1100
0110           0 |     0.00 |       0.00 +/-       0.00

0110
1001
1100
1000           0 |     0.00 |       0.00 +/-       0.00

0110
1001
1100
1010           0 |     0.00 |       0.00 +/-       0.00

0110
1001
1100
1100           0 |     0.00 |       0.00 +/-       0.00

0110
1001
1101
0100           0 |     0.00 |       0.00 +/-       0.00

0110
1001
1101
1100           0 |     0.00 |       0.00 +/-       0.00

0110
1010
0001
1000           0 |     0.00 |       0.00 +/-       0.00

0110
1010
0001
1010           0 |     0.00 |       0.00 +/-       0.00

0110
1010
0001
1100           0 |     0.00 |       0.00 +/-       0.00

0110
1010
1000
0100           0 |     0.00 |       0.00 +/-       0.00

0110
1010
1000
0110           0 |     0.00 |       0.00 +/-       0.00

0110
1010
1000
1000           0 |     0.00 |       0.00 +/-       0.00

0110
1010
1000
1100           0 |     0.00 |       0.00 +/-       0.00

0110
1010
1100
1000           0 |     0.00 |       0.00 +/-       0.00

0110
1010
1100
1100           0 |     0.00 |       0.00 +/-       0.00

0110
1011
1000
0010           0 |     0.00 |       0.00 +/-       0.00

0110
1011
1000
0100           0 |     0.00 |       0.00 +/-       0.00

0110
1011
1000
0110           0 |     0.00 |       0.00 +/-       0.00

0110
1011
1000
1010           0 |     0.00 |       0.00 +/-       0.00

0110
1011
1001
0000           0 |     0.00 |       0.00 +/-       0.00

0110
1011
1001
0100           0 |     0.00 |       0.00 +/-       0.00

0110
1011
1001
0110           0 |     0.00 |       0.00 +/-       0.00

0110
1011
1001
1000           0 |     0.00 |       0.00 +/-       0.00

0111
0001
0100
0010           0 |     0.00 |       0.00 +/-       0.00

0111
1000
0100
0010           0 |     0.00 |       0.00 +/-       0.00

0111
1000
0100
0100           0 |     0.00 |       0.00 +/-       0.00

0111
1000
0100
1000           0 |     0.00 |       0.00 +/-       0.00

0111
1000
0101
0000           0 |     0.00 |       0.00 +/-       0.00

0111
1000
0101
0010           0 |     0.00 |       0.00 +/-       0.00

0111
1000
0101
0100           0 |     0.00 |       0.00 +/-       0.00

0111
1000
0101
0110           0 |     0.00 |       0.00 +/-       0.00

0111
1000
0101
1000           0 |     0.00 |       0.00 +/-       0.00

0111
1000
1100
0100           0 |     0.00 |       0.00 +/-       0.00

0111
1000
1100
1100           0 |     0.00 |       0.00 +/-       0.00

0111
1001
1100
0000           0 |     0.00 |       0.00 +/-       0.00

0111
1001
1100
0010           0 |     0.00 |       0.00 +/-       0.00

0111
1001
1100
0100           0 |     0.00 |       0.00 +/-       0.00

0111
1001
1100
0110           0 |     0.00 |       0.00 +/-       0.00

0111
1001
1100
1000           0 |     0.00 |       0.00 +/-       0.00

0111
1001
1100
1010           0 |     0.00 |       0.00 +/-       0.00

0111
1001
1101
0100           0 |     0.00 |       0.00 +/-       0.00

0111
1010
0000
0010           0 |     0.00 |       0.00 +/-       0.00

0111
1010
0000
0110           0 |     0.00 |       0.00 +/-       0.00

0111
1010
0000
1010           0 |     0.00 |       0.00 +/-       0.00

0111
1010
0001
0000           0 |     0.00 |       0.00 +/-       0.00

0111
1010
0001
0010           0 |     0.00 |       0.00 +/-       0.00

0111
1010
0001
0100           0 |     0.00 |       0.00 +/-       0.00

0111
1010
0001
0110           0 |     0.00 |       0.00 +/-       0.00

0111
1010
0001
1000           0 |     0.00 |       0.00 +/-       0.00

0111
1010
1000
0000           0 |     0.00 |       0.00 +/-       0.00

0111
1010
1000
0100           0 |     0.00 |       0.00 +/-       0.00

0111
1010
1000
0110           0 |     0.00 |       0.00 +/-       0.00

0111
1010
1000
1000           0 |     0.00 |       0.00 +/-       0.00

0111
1010
1100
0100           0 |     0.00 |       0.00 +/-       0.00

0111
1010
1100
0110           0 |     0.00 |       0.00 +/-       0.00

0111
1010
1100
1000           0 |     0.00 |       0.00 +/-       0.00

0111
1010
1100
1100           0 |     0.00 |       0.00 +/-       0.00

0111
1010
1100
1110           0 |     0.00 |       0.00 +/-       0.00

0111
1011
0001
0010           0 |     0.00 |       0.00 +/-       0.00

0111
1011
1000
0010           0 |     0.00 |       0.00 +/-       0.00

0111
1011
1000
0100           0 |     0.00 |       0.00 +/-       0.00

0111
1011
1000
1000           0 |     0.00 |       0.00 +/-       0.00

0111
1011
1001
0000           0 |     0.00 |       0.00 +/-       0.00

0111
1011
1001
0100           0 |     0.00 |       0.00 +/-       0.00

0111
1011
1001
0110           0 |     0.00 |       0.00 +/-       0.00

0111
1011
1001
1000           0 |     0.00 |       0.00 +/-       0.00

0111
1011
1100
0000           0 |     0.00 |       0.00 +/-       0.00

0111
1011
1100
0010           0 |     0.00 |       0.00 +/-       0.00

0111
1011
1100
1000           0 |     0.00 |       0.00 +/-       0.00

0111
1011
1100
1010           0 |     0.00 |       0.00 +/-       0.00

0111
1011
1100
1100           0 |     0.00 |       0.00 +/-       0.00

0111
1011
1101
1000           0 |     0.00 |       0.00 +/-       0.00

0111
1011
1101
1100           0 |     0.00 |       0.00 +/-       0.00

0111
1011
1101
1110           0 |     0.00 |       0.00 +/-       0.00

