gtrieScanner Results
------------------------------------------
General Information

Start of Computation: 02h20m03s 02/08/2020
End of Computation: 02h20m15s 02/08/2020

Subgraph Size: 4
Graph File: "input/#FueraAntorchaCampesina.edges"
Directed: YES
Nr Nodes: 5162
Nr Edges: 17573

Method: GTRIE with file containing complete g-trie
Different Types of Subgraphs Found [Original Network]: 186
Subgraph Occurrences Found [Original Network]: 922086044
Time for computing census on original network: 12.027909s
Average time for census on random network: 0.000000s

Number of random networks: 0
Random seed: 1596352803
Exchanges per edge: 3
Number of tries per exchange: 10
------------------------------------------
Motif Analysis Results

Graph   Org_Freq |  Z-score |    Rnd_Avg +/-    Rnd_Dev

0000
1000
1000
1000   835304052 |     0.00 |       0.00 +/-       0.00

0000
1001
1000
0000    41370220 |     0.00 |       0.00 +/-       0.00

0001
1000
1000
0000     9009563 |     0.00 |       0.00 +/-       0.00

0000
1000
1000
0100     7792488 |     0.00 |       0.00 +/-       0.00

0111
0000
0000
0000     5993077 |     0.00 |       0.00 +/-       0.00

0000
1010
1000
1000     5641059 |     0.00 |       0.00 +/-       0.00

0100
1000
1000
1000     5381111 |     0.00 |       0.00 +/-       0.00

0011
1000
0000
0000     2709260 |     0.00 |       0.00 +/-       0.00

0110
0000
0000
0110     1363477 |     0.00 |       0.00 +/-       0.00

0010
1010
0000
1000     1265383 |     0.00 |       0.00 +/-       0.00

0010
1001
0000
0000     1165048 |     0.00 |       0.00 +/-       0.00

0111
0010
0000
0000      674626 |     0.00 |       0.00 +/-       0.00

0100
1000
1100
1000      543033 |     0.00 |       0.00 +/-       0.00

0101
1000
1000
0000      490296 |     0.00 |       0.00 +/-       0.00

0110
1000
0000
0010      445679 |     0.00 |       0.00 +/-       0.00

0100
1000
1000
0100      413525 |     0.00 |       0.00 +/-       0.00

0011
1010
0000
0000      366862 |     0.00 |       0.00 +/-       0.00

0100
0000
1100
1100      310590 |     0.00 |       0.00 +/-       0.00

0100
1001
1000
0000      296360 |     0.00 |       0.00 +/-       0.00

0111
1000
0000
0000      235479 |     0.00 |       0.00 +/-       0.00

0100
0001
1000
0000      194325 |     0.00 |       0.00 +/-       0.00

0100
1000
1001
0000      157158 |     0.00 |       0.00 +/-       0.00

0110
1010
0000
0010       97133 |     0.00 |       0.00 +/-       0.00

0111
0011
0000
0000       68462 |     0.00 |       0.00 +/-       0.00

0110
0010
0000
1000       65438 |     0.00 |       0.00 +/-       0.00

0110
1010
0000
1000       59902 |     0.00 |       0.00 +/-       0.00

0001
1010
1000
0000       55746 |     0.00 |       0.00 +/-       0.00

0110
1001
0000
0000       47557 |     0.00 |       0.00 +/-       0.00

0110
1000
1000
1000       43844 |     0.00 |       0.00 +/-       0.00

0101
1000
1100
0000       39571 |     0.00 |       0.00 +/-       0.00

0111
1010
0000
0000       37908 |     0.00 |       0.00 +/-       0.00

0100
1000
1000
0010       33864 |     0.00 |       0.00 +/-       0.00

0100
1000
1101
0000       31013 |     0.00 |       0.00 +/-       0.00

0011
1010
0000
1000       28890 |     0.00 |       0.00 +/-       0.00

0100
1000
1100
1100       28091 |     0.00 |       0.00 +/-       0.00

0111
0000
0100
0100       27257 |     0.00 |       0.00 +/-       0.00

0100
1010
1000
1000       23550 |     0.00 |       0.00 +/-       0.00

0110
1000
1000
0100       20132 |     0.00 |       0.00 +/-       0.00

0100
1001
1001
0000       19825 |     0.00 |       0.00 +/-       0.00

0110
0001
0000
0010       16869 |     0.00 |       0.00 +/-       0.00

0101
0000
1100
0100       16091 |     0.00 |       0.00 +/-       0.00

0001
1010
1000
1000       15664 |     0.00 |       0.00 +/-       0.00

0111
1000
1000
0000       15273 |     0.00 |       0.00 +/-       0.00

0110
1000
0001
0000       13297 |     0.00 |       0.00 +/-       0.00

0110
1000
1100
0100       11885 |     0.00 |       0.00 +/-       0.00

0111
0001
0100
0000       11396 |     0.00 |       0.00 +/-       0.00

0110
1010
0000
1010        9797 |     0.00 |       0.00 +/-       0.00

0110
1010
1000
1000        8602 |     0.00 |       0.00 +/-       0.00

0110
0001
0001
0000        7936 |     0.00 |       0.00 +/-       0.00

0111
0011
0001
0000        7237 |     0.00 |       0.00 +/-       0.00

0110
1001
1000
0000        7122 |     0.00 |       0.00 +/-       0.00

0101
0001
1100
0000        6458 |     0.00 |       0.00 +/-       0.00

0101
1000
1101
0000        6306 |     0.00 |       0.00 +/-       0.00

0111
1000
0100
0000        5629 |     0.00 |       0.00 +/-       0.00

0111
0010
0000
1000        5165 |     0.00 |       0.00 +/-       0.00

0101
1000
1100
1000        4680 |     0.00 |       0.00 +/-       0.00

0100
1000
1101
1000        4328 |     0.00 |       0.00 +/-       0.00

0100
1000
1100
0010        4074 |     0.00 |       0.00 +/-       0.00

0110
1000
0100
0010        3913 |     0.00 |       0.00 +/-       0.00

0110
1000
0100
1000        3689 |     0.00 |       0.00 +/-       0.00

0100
0010
1000
1000        3332 |     0.00 |       0.00 +/-       0.00

0111
1011
0000
0000        2689 |     0.00 |       0.00 +/-       0.00

0111
1001
1000
0000        2616 |     0.00 |       0.00 +/-       0.00

0111
1010
1000
0000        2418 |     0.00 |       0.00 +/-       0.00

0101
1010
1000
0000        2240 |     0.00 |       0.00 +/-       0.00

0101
1001
1100
0000        2204 |     0.00 |       0.00 +/-       0.00

0110
1000
1100
1100        2105 |     0.00 |       0.00 +/-       0.00

0110
1011
1000
0000        2100 |     0.00 |       0.00 +/-       0.00

0100
1000
1001
0010        1990 |     0.00 |       0.00 +/-       0.00

0110
1010
0000
1110        1818 |     0.00 |       0.00 +/-       0.00

0110
1010
1000
0100        1772 |     0.00 |       0.00 +/-       0.00

0100
1010
1000
1010        1701 |     0.00 |       0.00 +/-       0.00

0100
1000
1100
1010        1386 |     0.00 |       0.00 +/-       0.00

0111
1010
0000
0010        1378 |     0.00 |       0.00 +/-       0.00

0110
1000
0101
0000        1365 |     0.00 |       0.00 +/-       0.00

0110
1010
0001
0000        1343 |     0.00 |       0.00 +/-       0.00

0100
1000
1001
0100        1278 |     0.00 |       0.00 +/-       0.00

0101
0010
1000
0000        1278 |     0.00 |       0.00 +/-       0.00

0110
1001
1100
0000        1074 |     0.00 |       0.00 +/-       0.00

0101
1000
1100
0100        1071 |     0.00 |       0.00 +/-       0.00

0110
1010
1100
1000        1033 |     0.00 |       0.00 +/-       0.00

0110
1001
0001
0000         789 |     0.00 |       0.00 +/-       0.00

0100
1000
1101
1100         738 |     0.00 |       0.00 +/-       0.00

0111
1000
0101
0000         524 |     0.00 |       0.00 +/-       0.00

0111
1001
0100
0000         476 |     0.00 |       0.00 +/-       0.00

0111
1000
1000
1000         468 |     0.00 |       0.00 +/-       0.00

0111
1010
0001
0000         465 |     0.00 |       0.00 +/-       0.00

0111
1011
1000
0000         395 |     0.00 |       0.00 +/-       0.00

0110
1010
1000
1100         374 |     0.00 |       0.00 +/-       0.00

0101
1000
1101
1000         345 |     0.00 |       0.00 +/-       0.00

0001
1000
1100
0100         341 |     0.00 |       0.00 +/-       0.00

0110
1001
1001
0000         294 |     0.00 |       0.00 +/-       0.00

0111
1010
1100
0000         285 |     0.00 |       0.00 +/-       0.00

0100
1000
1101
0010         283 |     0.00 |       0.00 +/-       0.00

0110
1001
1000
1000         282 |     0.00 |       0.00 +/-       0.00

0110
1000
0100
1110         279 |     0.00 |       0.00 +/-       0.00

0110
1010
1000
0110         278 |     0.00 |       0.00 +/-       0.00

0110
1000
1000
0110         275 |     0.00 |       0.00 +/-       0.00

0110
1010
1000
1110         269 |     0.00 |       0.00 +/-       0.00

0110
1010
0001
0010         266 |     0.00 |       0.00 +/-       0.00

0110
1001
1000
0100         249 |     0.00 |       0.00 +/-       0.00

0110
1000
0100
1010         227 |     0.00 |       0.00 +/-       0.00

0111
1001
1100
0000         226 |     0.00 |       0.00 +/-       0.00

0111
1000
0100
1000         216 |     0.00 |       0.00 +/-       0.00

0111
1011
0001
0000         216 |     0.00 |       0.00 +/-       0.00

0111
1010
0000
1010         211 |     0.00 |       0.00 +/-       0.00

0111
1010
1000
1000         202 |     0.00 |       0.00 +/-       0.00

0011
1001
0100
0000         156 |     0.00 |       0.00 +/-       0.00

0101
1010
1001
0000         147 |     0.00 |       0.00 +/-       0.00

0110
1011
1000
0010         146 |     0.00 |       0.00 +/-       0.00

0111
1010
0000
0110         130 |     0.00 |       0.00 +/-       0.00

0100
1001
1000
0010         115 |     0.00 |       0.00 +/-       0.00

0111
1010
0001
0010         114 |     0.00 |       0.00 +/-       0.00

0110
1001
1100
0100         107 |     0.00 |       0.00 +/-       0.00

0110
1000
0101
0010          96 |     0.00 |       0.00 +/-       0.00

0111
1011
1001
0000          96 |     0.00 |       0.00 +/-       0.00

0101
0010
1000
1000          95 |     0.00 |       0.00 +/-       0.00

0110
1011
1001
0000          91 |     0.00 |       0.00 +/-       0.00

0100
1010
1001
1000          86 |     0.00 |       0.00 +/-       0.00

0110
1011
1000
0100          84 |     0.00 |       0.00 +/-       0.00

0111
1000
0100
0100          83 |     0.00 |       0.00 +/-       0.00

0111
1000
1100
0100          67 |     0.00 |       0.00 +/-       0.00

0110
1011
1000
1000          59 |     0.00 |       0.00 +/-       0.00

0111
1000
0100
0010          54 |     0.00 |       0.00 +/-       0.00

0110
1010
1100
1100          53 |     0.00 |       0.00 +/-       0.00

0111
0001
0100
0010          50 |     0.00 |       0.00 +/-       0.00

0110
1000
0001
0110          48 |     0.00 |       0.00 +/-       0.00

0110
1001
1000
0010          41 |     0.00 |       0.00 +/-       0.00

0111
1000
1100
1100          33 |     0.00 |       0.00 +/-       0.00

0110
1010
0001
1010          32 |     0.00 |       0.00 +/-       0.00

0110
1011
1000
1010          31 |     0.00 |       0.00 +/-       0.00

0111
1000
0101
0100          31 |     0.00 |       0.00 +/-       0.00

0100
0001
1000
0010          29 |     0.00 |       0.00 +/-       0.00

0110
1001
1100
1000          28 |     0.00 |       0.00 +/-       0.00

0111
1000
0101
0010          28 |     0.00 |       0.00 +/-       0.00

0111
1011
1100
0000          28 |     0.00 |       0.00 +/-       0.00

0110
1001
0001
0010          21 |     0.00 |       0.00 +/-       0.00

0110
1001
1100
1100          21 |     0.00 |       0.00 +/-       0.00

0111
1011
0001
0010          21 |     0.00 |       0.00 +/-       0.00

0101
1010
1001
1000          20 |     0.00 |       0.00 +/-       0.00

0110
1010
1100
1110          20 |     0.00 |       0.00 +/-       0.00

0111
1001
1100
1000          20 |     0.00 |       0.00 +/-       0.00

0010
1001
0100
1000          19 |     0.00 |       0.00 +/-       0.00

0111
1010
1100
1000          19 |     0.00 |       0.00 +/-       0.00

0011
1010
0000
0110          18 |     0.00 |       0.00 +/-       0.00

0111
1001
1100
0100          17 |     0.00 |       0.00 +/-       0.00

0111
1010
1000
0100          16 |     0.00 |       0.00 +/-       0.00

0110
1011
1000
0110          15 |     0.00 |       0.00 +/-       0.00

0111
1001
1101
0100          15 |     0.00 |       0.00 +/-       0.00

0110
1001
1001
0100          14 |     0.00 |       0.00 +/-       0.00

0111
1010
0001
1000          14 |     0.00 |       0.00 +/-       0.00

0111
1011
1000
0010          14 |     0.00 |       0.00 +/-       0.00

0111
1011
1000
1000          14 |     0.00 |       0.00 +/-       0.00

0101
1010
1000
1010          13 |     0.00 |       0.00 +/-       0.00

0110
1010
0001
1000          13 |     0.00 |       0.00 +/-       0.00

0110
1001
1101
0100          12 |     0.00 |       0.00 +/-       0.00

0111
1011
1101
0000          12 |     0.00 |       0.00 +/-       0.00

0111
1010
1100
0100          10 |     0.00 |       0.00 +/-       0.00

0101
1000
1100
0010           9 |     0.00 |       0.00 +/-       0.00

0101
1010
1000
0010           8 |     0.00 |       0.00 +/-       0.00

0110
1001
1100
0110           8 |     0.00 |       0.00 +/-       0.00

0111
1000
0101
1000           8 |     0.00 |       0.00 +/-       0.00

0111
1011
1001
1000           7 |     0.00 |       0.00 +/-       0.00

0111
1010
1100
1100           6 |     0.00 |       0.00 +/-       0.00

0011
1000
0100
0100           5 |     0.00 |       0.00 +/-       0.00

0110
1001
0100
1000           5 |     0.00 |       0.00 +/-       0.00

0111
1011
1000
0100           5 |     0.00 |       0.00 +/-       0.00

0111
1000
0101
0110           4 |     0.00 |       0.00 +/-       0.00

0111
1010
1100
1110           4 |     0.00 |       0.00 +/-       0.00

0111
1011
1100
1000           4 |     0.00 |       0.00 +/-       0.00

0110
1000
0101
1000           3 |     0.00 |       0.00 +/-       0.00

0110
1000
0101
1100           3 |     0.00 |       0.00 +/-       0.00

0110
1001
1101
1100           3 |     0.00 |       0.00 +/-       0.00

0110
1001
1100
0010           2 |     0.00 |       0.00 +/-       0.00

0110
1011
1001
0100           2 |     0.00 |       0.00 +/-       0.00

0111
1010
0001
0110           2 |     0.00 |       0.00 +/-       0.00

0111
1011
1101
1000           2 |     0.00 |       0.00 +/-       0.00

0101
0001
1100
0010           1 |     0.00 |       0.00 +/-       0.00

0101
1010
1001
0010           1 |     0.00 |       0.00 +/-       0.00

0110
1001
1100
1010           1 |     0.00 |       0.00 +/-       0.00

0110
1011
1001
1000           1 |     0.00 |       0.00 +/-       0.00

0111
1001
1100
0010           1 |     0.00 |       0.00 +/-       0.00

0111
1010
1000
0110           1 |     0.00 |       0.00 +/-       0.00

0111
1010
1100
0110           1 |     0.00 |       0.00 +/-       0.00

0111
1011
1001
0100           1 |     0.00 |       0.00 +/-       0.00

0111
1011
1100
0010           1 |     0.00 |       0.00 +/-       0.00

0110
1001
0101
1000           0 |     0.00 |       0.00 +/-       0.00

0110
1001
0101
1010           0 |     0.00 |       0.00 +/-       0.00

0110
1001
1001
0110           0 |     0.00 |       0.00 +/-       0.00

0110
1010
0001
1100           0 |     0.00 |       0.00 +/-       0.00

0110
1011
1001
0110           0 |     0.00 |       0.00 +/-       0.00

0111
1001
1100
0110           0 |     0.00 |       0.00 +/-       0.00

0111
1001
1100
1010           0 |     0.00 |       0.00 +/-       0.00

0111
1010
0001
0100           0 |     0.00 |       0.00 +/-       0.00

0111
1011
1001
0110           0 |     0.00 |       0.00 +/-       0.00

0111
1011
1100
1010           0 |     0.00 |       0.00 +/-       0.00

0111
1011
1100
1100           0 |     0.00 |       0.00 +/-       0.00

0111
1011
1101
1100           0 |     0.00 |       0.00 +/-       0.00

0111
1011
1101
1110           0 |     0.00 |       0.00 +/-       0.00

