gtrieScanner Results
------------------------------------------
General Information

Start of Computation: 02h20m15s 02/08/2020
End of Computation: 02h20m18s 02/08/2020

Subgraph Size: 4
Graph File: "input/#HastaLaMadreDeLosPANISTAS.edges"
Directed: YES
Nr Nodes: 3051
Nr Edges: 10420

Method: GTRIE with file containing complete g-trie
Different Types of Subgraphs Found [Original Network]: 198
Subgraph Occurrences Found [Original Network]: 141269915
Time for computing census on original network: 2.383853s
Average time for census on random network: 0.000000s

Number of random networks: 0
Random seed: 1596352815
Exchanges per edge: 3
Number of tries per exchange: 10
------------------------------------------
Motif Analysis Results

Graph   Org_Freq |  Z-score |    Rnd_Avg +/-    Rnd_Dev

0000
1000
1000
1000   104932102 |     0.00 |       0.00 +/-       0.00

0000
1001
1000
0000    10841264 |     0.00 |       0.00 +/-       0.00

0001
1000
1000
0000     5668992 |     0.00 |       0.00 +/-       0.00

0100
1000
1000
1000     4620599 |     0.00 |       0.00 +/-       0.00

0000
1000
1000
0100     3444063 |     0.00 |       0.00 +/-       0.00

0000
1010
1000
1000     1564342 |     0.00 |       0.00 +/-       0.00

0100
1000
1000
0100     1506823 |     0.00 |       0.00 +/-       0.00

0111
0000
0000
0000     1367597 |     0.00 |       0.00 +/-       0.00

0011
1000
0000
0000     1157238 |     0.00 |       0.00 +/-       0.00

0100
1000
1100
1000      942959 |     0.00 |       0.00 +/-       0.00

0010
1010
0000
1000      884242 |     0.00 |       0.00 +/-       0.00

0010
1001
0000
0000      592656 |     0.00 |       0.00 +/-       0.00

0101
1000
1000
0000      433629 |     0.00 |       0.00 +/-       0.00

0100
1001
1000
0000      399523 |     0.00 |       0.00 +/-       0.00

0110
0000
0000
0110      350242 |     0.00 |       0.00 +/-       0.00

0111
0010
0000
0000      244889 |     0.00 |       0.00 +/-       0.00

0110
1000
0000
0010      211389 |     0.00 |       0.00 +/-       0.00

0011
1010
0000
0000      205420 |     0.00 |       0.00 +/-       0.00

0110
1010
0000
1000      161136 |     0.00 |       0.00 +/-       0.00

0111
1000
0000
0000      150288 |     0.00 |       0.00 +/-       0.00

0100
0001
1000
0000      147254 |     0.00 |       0.00 +/-       0.00

0100
0000
1100
1100      143750 |     0.00 |       0.00 +/-       0.00

0100
1000
1001
0000      136780 |     0.00 |       0.00 +/-       0.00

0110
1010
0000
0010       84768 |     0.00 |       0.00 +/-       0.00

0110
1000
1000
1000       83318 |     0.00 |       0.00 +/-       0.00

0110
1000
1000
0100       59178 |     0.00 |       0.00 +/-       0.00

0110
1000
1100
0100       58949 |     0.00 |       0.00 +/-       0.00

0110
0010
0000
1000       57981 |     0.00 |       0.00 +/-       0.00

0111
1010
0000
0000       57414 |     0.00 |       0.00 +/-       0.00

0100
1000
1100
1100       52319 |     0.00 |       0.00 +/-       0.00

0101
1000
1100
0000       51562 |     0.00 |       0.00 +/-       0.00

0110
1001
0000
0000       44570 |     0.00 |       0.00 +/-       0.00

0110
1010
1000
1000       43546 |     0.00 |       0.00 +/-       0.00

0100
1000
1000
0010       39004 |     0.00 |       0.00 +/-       0.00

0100
1000
1101
0000       38817 |     0.00 |       0.00 +/-       0.00

0111
0011
0000
0000       37439 |     0.00 |       0.00 +/-       0.00

0110
1010
1100
1000       36030 |     0.00 |       0.00 +/-       0.00

0001
1010
1000
0000       32338 |     0.00 |       0.00 +/-       0.00

0100
1010
1000
1000       26006 |     0.00 |       0.00 +/-       0.00

0011
1010
0000
1000       25165 |     0.00 |       0.00 +/-       0.00

0110
1010
1000
0100       16117 |     0.00 |       0.00 +/-       0.00

0001
1010
1000
1000       16108 |     0.00 |       0.00 +/-       0.00

0110
1010
0000
1010       15329 |     0.00 |       0.00 +/-       0.00

0111
1000
1000
0000       14981 |     0.00 |       0.00 +/-       0.00

0100
1001
1001
0000       14799 |     0.00 |       0.00 +/-       0.00

0110
1001
1000
0000       13232 |     0.00 |       0.00 +/-       0.00

0101
1000
1100
1000       12764 |     0.00 |       0.00 +/-       0.00

0110
1000
0001
0000       11559 |     0.00 |       0.00 +/-       0.00

0111
1011
0000
0000        9848 |     0.00 |       0.00 +/-       0.00

0101
1001
1100
0000        9782 |     0.00 |       0.00 +/-       0.00

0101
1000
1101
0000        9348 |     0.00 |       0.00 +/-       0.00

0101
0000
1100
0100        9011 |     0.00 |       0.00 +/-       0.00

0110
0001
0000
0010        8979 |     0.00 |       0.00 +/-       0.00

0110
1000
0100
1000        8445 |     0.00 |       0.00 +/-       0.00

0111
0000
0100
0100        8441 |     0.00 |       0.00 +/-       0.00

0100
1000
1100
0010        8272 |     0.00 |       0.00 +/-       0.00

0110
1000
1100
1100        7908 |     0.00 |       0.00 +/-       0.00

0111
0001
0100
0000        7335 |     0.00 |       0.00 +/-       0.00

0100
0010
1000
1000        6982 |     0.00 |       0.00 +/-       0.00

0111
1010
1000
0000        6452 |     0.00 |       0.00 +/-       0.00

0101
0001
1100
0000        6439 |     0.00 |       0.00 +/-       0.00

0111
1001
1000
0000        6236 |     0.00 |       0.00 +/-       0.00

0110
1011
1000
0000        6227 |     0.00 |       0.00 +/-       0.00

0110
1010
0000
1110        5858 |     0.00 |       0.00 +/-       0.00

0110
0001
0001
0000        5392 |     0.00 |       0.00 +/-       0.00

0111
0011
0001
0000        5350 |     0.00 |       0.00 +/-       0.00

0100
1000
1101
1000        4845 |     0.00 |       0.00 +/-       0.00

0111
0010
0000
1000        4749 |     0.00 |       0.00 +/-       0.00

0110
1010
1100
1100        4717 |     0.00 |       0.00 +/-       0.00

0110
1000
0100
0010        3946 |     0.00 |       0.00 +/-       0.00

0111
1010
1100
0000        3518 |     0.00 |       0.00 +/-       0.00

0100
1000
1100
1010        3385 |     0.00 |       0.00 +/-       0.00

0111
1000
0100
0000        3248 |     0.00 |       0.00 +/-       0.00

0100
1000
1001
0100        3234 |     0.00 |       0.00 +/-       0.00

0110
1010
1000
1100        2566 |     0.00 |       0.00 +/-       0.00

0100
1000
1001
0010        2329 |     0.00 |       0.00 +/-       0.00

0110
1010
1000
0110        2186 |     0.00 |       0.00 +/-       0.00

0110
1001
1100
0000        2110 |     0.00 |       0.00 +/-       0.00

0110
1010
1000
1110        1857 |     0.00 |       0.00 +/-       0.00

0101
1000
1100
0100        1851 |     0.00 |       0.00 +/-       0.00

0101
1010
1000
0000        1801 |     0.00 |       0.00 +/-       0.00

0111
1011
1000
0000        1717 |     0.00 |       0.00 +/-       0.00

0110
1010
0001
0000        1713 |     0.00 |       0.00 +/-       0.00

0100
1000
1101
1100        1625 |     0.00 |       0.00 +/-       0.00

0111
1010
0000
0010        1430 |     0.00 |       0.00 +/-       0.00

0111
1011
1001
0000        1374 |     0.00 |       0.00 +/-       0.00

0110
1000
1000
0110        1324 |     0.00 |       0.00 +/-       0.00

0111
1001
1100
0000        1228 |     0.00 |       0.00 +/-       0.00

0101
1000
1101
1000        1223 |     0.00 |       0.00 +/-       0.00

0111
1011
1100
0000        1176 |     0.00 |       0.00 +/-       0.00

0110
1010
1100
1110        1138 |     0.00 |       0.00 +/-       0.00

0101
0010
1000
0000        1090 |     0.00 |       0.00 +/-       0.00

0110
1000
0101
0000        1063 |     0.00 |       0.00 +/-       0.00

0100
1010
1000
1010        1011 |     0.00 |       0.00 +/-       0.00

0111
1010
1000
1000         993 |     0.00 |       0.00 +/-       0.00

0111
1001
0100
0000         904 |     0.00 |       0.00 +/-       0.00

0111
1010
0000
1010         899 |     0.00 |       0.00 +/-       0.00

0111
1011
1101
0000         863 |     0.00 |       0.00 +/-       0.00

0111
1000
1000
1000         843 |     0.00 |       0.00 +/-       0.00

0110
1001
1000
0100         774 |     0.00 |       0.00 +/-       0.00

0110
1001
0001
0000         763 |     0.00 |       0.00 +/-       0.00

0111
1010
0001
0000         752 |     0.00 |       0.00 +/-       0.00

0111
1011
0001
0000         652 |     0.00 |       0.00 +/-       0.00

0110
1001
1100
0100         622 |     0.00 |       0.00 +/-       0.00

0001
1000
1100
0100         608 |     0.00 |       0.00 +/-       0.00

0100
1000
1101
0010         591 |     0.00 |       0.00 +/-       0.00

0111
1010
1100
1000         552 |     0.00 |       0.00 +/-       0.00

0110
1010
0001
0010         513 |     0.00 |       0.00 +/-       0.00

0110
1001
1000
1000         497 |     0.00 |       0.00 +/-       0.00

0110
1011
1001
0000         426 |     0.00 |       0.00 +/-       0.00

0110
1011
1000
0100         394 |     0.00 |       0.00 +/-       0.00

0111
1010
1100
1100         394 |     0.00 |       0.00 +/-       0.00

0110
1001
1001
0000         349 |     0.00 |       0.00 +/-       0.00

0110
1000
0100
1110         328 |     0.00 |       0.00 +/-       0.00

0111
1000
1100
1100         316 |     0.00 |       0.00 +/-       0.00

0111
1010
0001
0010         312 |     0.00 |       0.00 +/-       0.00

0110
1000
0100
1010         309 |     0.00 |       0.00 +/-       0.00

0110
1011
1000
0010         295 |     0.00 |       0.00 +/-       0.00

0111
1000
0101
0000         278 |     0.00 |       0.00 +/-       0.00

0111
1000
0100
1000         269 |     0.00 |       0.00 +/-       0.00

0110
1011
1000
1000         259 |     0.00 |       0.00 +/-       0.00

0111
1000
1100
0100         243 |     0.00 |       0.00 +/-       0.00

0111
1010
1100
1110         202 |     0.00 |       0.00 +/-       0.00

0111
1010
1100
0100         192 |     0.00 |       0.00 +/-       0.00

0111
1010
0000
0110         187 |     0.00 |       0.00 +/-       0.00

0101
1010
1001
0000         184 |     0.00 |       0.00 +/-       0.00

0111
1001
1101
0100         183 |     0.00 |       0.00 +/-       0.00

0111
1011
1001
1000         180 |     0.00 |       0.00 +/-       0.00

0111
1001
1100
0100         175 |     0.00 |       0.00 +/-       0.00

0111
1011
1101
1100         163 |     0.00 |       0.00 +/-       0.00

0011
1001
0100
0000         162 |     0.00 |       0.00 +/-       0.00

0111
1011
1100
1000         147 |     0.00 |       0.00 +/-       0.00

0101
0010
1000
1000         142 |     0.00 |       0.00 +/-       0.00

0111
1001
1100
1000         133 |     0.00 |       0.00 +/-       0.00

0110
1001
1000
0010         127 |     0.00 |       0.00 +/-       0.00

0110
1011
1000
0110         122 |     0.00 |       0.00 +/-       0.00

0110
1001
1101
0100         119 |     0.00 |       0.00 +/-       0.00

0110
1001
0001
0010         112 |     0.00 |       0.00 +/-       0.00

0110
1011
1000
1010         111 |     0.00 |       0.00 +/-       0.00

0111
1011
0001
0010         111 |     0.00 |       0.00 +/-       0.00

0111
1011
1101
1000         110 |     0.00 |       0.00 +/-       0.00

0111
1011
1000
1000         105 |     0.00 |       0.00 +/-       0.00

0110
1001
1100
1100         104 |     0.00 |       0.00 +/-       0.00

0100
1001
1000
0010          97 |     0.00 |       0.00 +/-       0.00

0111
1000
0100
0100          88 |     0.00 |       0.00 +/-       0.00

0110
1001
1001
0100          86 |     0.00 |       0.00 +/-       0.00

0110
1000
0101
0010          81 |     0.00 |       0.00 +/-       0.00

0101
1010
1001
1000          76 |     0.00 |       0.00 +/-       0.00

0111
1011
1100
1100          76 |     0.00 |       0.00 +/-       0.00

0100
1010
1001
1000          71 |     0.00 |       0.00 +/-       0.00

0110
1001
1100
1000          67 |     0.00 |       0.00 +/-       0.00

0111
1010
1000
0100          65 |     0.00 |       0.00 +/-       0.00

0111
1011
1100
1010          54 |     0.00 |       0.00 +/-       0.00

0110
1000
0001
0110          51 |     0.00 |       0.00 +/-       0.00

0111
1011
1101
1110          51 |     0.00 |       0.00 +/-       0.00

0111
1011
1000
0010          42 |     0.00 |       0.00 +/-       0.00

0111
1000
0100
0010          41 |     0.00 |       0.00 +/-       0.00

0111
1011
1000
0100          39 |     0.00 |       0.00 +/-       0.00

0010
1001
0100
1000          32 |     0.00 |       0.00 +/-       0.00

0110
1010
0001
1010          32 |     0.00 |       0.00 +/-       0.00

0111
1010
1000
0110          32 |     0.00 |       0.00 +/-       0.00

0111
0001
0100
0010          30 |     0.00 |       0.00 +/-       0.00

0110
1000
0101
1000          29 |     0.00 |       0.00 +/-       0.00

0101
1000
1100
0010          28 |     0.00 |       0.00 +/-       0.00

0110
1001
1100
0110          27 |     0.00 |       0.00 +/-       0.00

0111
1010
0001
1000          26 |     0.00 |       0.00 +/-       0.00

0111
1010
1100
0110          26 |     0.00 |       0.00 +/-       0.00

0111
1000
0101
0100          24 |     0.00 |       0.00 +/-       0.00

0111
1011
1001
0100          24 |     0.00 |       0.00 +/-       0.00

0110
1010
0001
1000          23 |     0.00 |       0.00 +/-       0.00

0111
1000
0101
0010          23 |     0.00 |       0.00 +/-       0.00

0011
1010
0000
0110          21 |     0.00 |       0.00 +/-       0.00

0110
1000
0101
1100          21 |     0.00 |       0.00 +/-       0.00

0110
1001
1100
0010          21 |     0.00 |       0.00 +/-       0.00

0110
1001
1101
1100          21 |     0.00 |       0.00 +/-       0.00

0111
1011
1001
0110          21 |     0.00 |       0.00 +/-       0.00

0110
1011
1001
0110          18 |     0.00 |       0.00 +/-       0.00

0101
1010
1000
1010          16 |     0.00 |       0.00 +/-       0.00

0110
1001
0100
1000          16 |     0.00 |       0.00 +/-       0.00

0110
1011
1001
1000          16 |     0.00 |       0.00 +/-       0.00

0011
1000
0100
0100          14 |     0.00 |       0.00 +/-       0.00

0101
1010
1000
0010          12 |     0.00 |       0.00 +/-       0.00

0100
0001
1000
0010          10 |     0.00 |       0.00 +/-       0.00

0111
1000
0101
1000          10 |     0.00 |       0.00 +/-       0.00

0110
1001
1100
1010           8 |     0.00 |       0.00 +/-       0.00

0110
1010
0001
1100           8 |     0.00 |       0.00 +/-       0.00

0110
1011
1001
0100           8 |     0.00 |       0.00 +/-       0.00

0111
1011
1100
0010           8 |     0.00 |       0.00 +/-       0.00

0101
0001
1100
0010           4 |     0.00 |       0.00 +/-       0.00

0111
1001
1100
0110           4 |     0.00 |       0.00 +/-       0.00

0111
1001
1100
1010           4 |     0.00 |       0.00 +/-       0.00

0111
1010
0001
0100           4 |     0.00 |       0.00 +/-       0.00

0111
1010
0001
0110           3 |     0.00 |       0.00 +/-       0.00

0101
1010
1001
0010           2 |     0.00 |       0.00 +/-       0.00

0110
1001
0101
1000           2 |     0.00 |       0.00 +/-       0.00

0111
1001
1100
0010           2 |     0.00 |       0.00 +/-       0.00

0110
1001
1001
0110           1 |     0.00 |       0.00 +/-       0.00

0111
1000
0101
0110           1 |     0.00 |       0.00 +/-       0.00

0110
1001
0101
1010           0 |     0.00 |       0.00 +/-       0.00

