gtrieScanner Results
------------------------------------------
General Information

Start of Computation: 02h55m30s 02/08/2020
End of Computation: 02h55m38s 02/08/2020

Subgraph Size: 4
Graph File: "input/#lavozkidsmx.edges"
Directed: YES
Nr Nodes: 1717
Nr Edges: 12309

Method: GTRIE with file containing complete g-trie
Different Types of Subgraphs Found [Original Network]: 199
Subgraph Occurrences Found [Original Network]: 647400080
Time for computing census on original network: 8.369465s
Average time for census on random network: 0.000000s

Number of random networks: 0
Random seed: 1596354930
Exchanges per edge: 3
Number of tries per exchange: 10
------------------------------------------
Motif Analysis Results

Graph   Org_Freq |  Z-score |    Rnd_Avg +/-    Rnd_Dev

0000
1000
1000
1000   551331979 |     0.00 |       0.00 +/-       0.00

0100
1000
1000
1000    32301820 |     0.00 |       0.00 +/-       0.00

0000
1010
1000
1000    15240828 |     0.00 |       0.00 +/-       0.00

0000
1001
1000
0000    11487276 |     0.00 |       0.00 +/-       0.00

0001
1000
1000
0000     8568819 |     0.00 |       0.00 +/-       0.00

0100
1000
1100
1000     4040545 |     0.00 |       0.00 +/-       0.00

0000
1000
1000
0100     3184696 |     0.00 |       0.00 +/-       0.00

0010
1010
0000
1000     3030784 |     0.00 |       0.00 +/-       0.00

0111
0000
0000
0000     2259358 |     0.00 |       0.00 +/-       0.00

0110
1000
1000
1000     1799531 |     0.00 |       0.00 +/-       0.00

0100
0000
1100
1100     1513207 |     0.00 |       0.00 +/-       0.00

0101
1000
1000
0000     1073298 |     0.00 |       0.00 +/-       0.00

0111
0010
0000
0000      959362 |     0.00 |       0.00 +/-       0.00

0110
1010
0000
0010      957854 |     0.00 |       0.00 +/-       0.00

0110
0000
0000
0110      908373 |     0.00 |       0.00 +/-       0.00

0100
1000
1100
1100      721292 |     0.00 |       0.00 +/-       0.00

0011
1000
0000
0000      710068 |     0.00 |       0.00 +/-       0.00

0010
1001
0000
0000      659691 |     0.00 |       0.00 +/-       0.00

0110
1010
1000
1000      509937 |     0.00 |       0.00 +/-       0.00

0110
1000
0000
0010      411820 |     0.00 |       0.00 +/-       0.00

0100
1000
1000
0100      380632 |     0.00 |       0.00 +/-       0.00

0011
1010
0000
0000      357372 |     0.00 |       0.00 +/-       0.00

0111
0000
0100
0100      306765 |     0.00 |       0.00 +/-       0.00

0100
1010
1000
1000      298154 |     0.00 |       0.00 +/-       0.00

0111
1000
0000
0000      251564 |     0.00 |       0.00 +/-       0.00

0100
1000
1001
0000      243487 |     0.00 |       0.00 +/-       0.00

0110
1010
0000
1000      229193 |     0.00 |       0.00 +/-       0.00

0100
1001
1000
0000      212396 |     0.00 |       0.00 +/-       0.00

0111
0011
0000
0000      195143 |     0.00 |       0.00 +/-       0.00

0110
1000
1100
0100      193803 |     0.00 |       0.00 +/-       0.00

0110
1010
0000
1010      178381 |     0.00 |       0.00 +/-       0.00

0101
1000
1100
1000      143973 |     0.00 |       0.00 +/-       0.00

0101
0000
1100
0100      143692 |     0.00 |       0.00 +/-       0.00

0111
1000
1000
0000      131683 |     0.00 |       0.00 +/-       0.00

0100
0001
1000
0000      130577 |     0.00 |       0.00 +/-       0.00

0101
1000
1100
0000      124300 |     0.00 |       0.00 +/-       0.00

0011
1010
0000
1000      118141 |     0.00 |       0.00 +/-       0.00

0111
0011
0001
0000      117349 |     0.00 |       0.00 +/-       0.00

0001
1010
1000
0000      109800 |     0.00 |       0.00 +/-       0.00

0100
1000
1101
0000      108166 |     0.00 |       0.00 +/-       0.00

0110
1010
1100
1000      107744 |     0.00 |       0.00 +/-       0.00

0001
1010
1000
1000      103386 |     0.00 |       0.00 +/-       0.00

0110
0010
0000
1000      100396 |     0.00 |       0.00 +/-       0.00

0111
1010
0000
0000      100103 |     0.00 |       0.00 +/-       0.00

0110
1000
1100
1100       95807 |     0.00 |       0.00 +/-       0.00

0111
1000
1000
1000       62796 |     0.00 |       0.00 +/-       0.00

0101
1000
1101
0000       61906 |     0.00 |       0.00 +/-       0.00

0100
1000
1101
1000       49028 |     0.00 |       0.00 +/-       0.00

0111
0001
0100
0000       48952 |     0.00 |       0.00 +/-       0.00

0100
1000
1000
0010       47172 |     0.00 |       0.00 +/-       0.00

0111
1010
0000
0010       45186 |     0.00 |       0.00 +/-       0.00

0110
1001
0000
0000       43467 |     0.00 |       0.00 +/-       0.00

0110
1000
1000
0100       41163 |     0.00 |       0.00 +/-       0.00

0101
1000
1101
1000       39880 |     0.00 |       0.00 +/-       0.00

0110
1010
0000
1110       37427 |     0.00 |       0.00 +/-       0.00

0100
1001
1001
0000       33337 |     0.00 |       0.00 +/-       0.00

0111
1001
1000
0000       29578 |     0.00 |       0.00 +/-       0.00

0111
0010
0000
1000       28275 |     0.00 |       0.00 +/-       0.00

0111
1010
1000
1000       28006 |     0.00 |       0.00 +/-       0.00

0110
1000
0001
0000       27709 |     0.00 |       0.00 +/-       0.00

0110
0001
0000
0010       26237 |     0.00 |       0.00 +/-       0.00

0111
1010
1000
0000       25897 |     0.00 |       0.00 +/-       0.00

0110
1001
1000
0000       24628 |     0.00 |       0.00 +/-       0.00

0110
0001
0001
0000       21187 |     0.00 |       0.00 +/-       0.00

0101
0001
1100
0000       20799 |     0.00 |       0.00 +/-       0.00

0110
1010
1000
1110       20662 |     0.00 |       0.00 +/-       0.00

0101
1000
1100
0100       18833 |     0.00 |       0.00 +/-       0.00

0111
1010
0000
1010       17741 |     0.00 |       0.00 +/-       0.00

0111
1011
0000
0000       17209 |     0.00 |       0.00 +/-       0.00

0110
1001
1000
1000       16806 |     0.00 |       0.00 +/-       0.00

0110
1010
1000
1100       16240 |     0.00 |       0.00 +/-       0.00

0110
1011
1000
0000       16056 |     0.00 |       0.00 +/-       0.00

0100
1000
1101
1100       15123 |     0.00 |       0.00 +/-       0.00

0110
1000
0100
1000       14836 |     0.00 |       0.00 +/-       0.00

0111
1000
0100
0000       14411 |     0.00 |       0.00 +/-       0.00

0101
1010
1000
0000       12811 |     0.00 |       0.00 +/-       0.00

0110
1010
1000
0100       12527 |     0.00 |       0.00 +/-       0.00

0101
1001
1100
0000       12397 |     0.00 |       0.00 +/-       0.00

0110
1010
1100
1100       12170 |     0.00 |       0.00 +/-       0.00

0100
1000
1100
1010       11961 |     0.00 |       0.00 +/-       0.00

0111
1011
1000
0000       10257 |     0.00 |       0.00 +/-       0.00

0111
1011
0001
0000       10048 |     0.00 |       0.00 +/-       0.00

0100
1000
1100
0010        9686 |     0.00 |       0.00 +/-       0.00

0110
1000
0100
0010        9095 |     0.00 |       0.00 +/-       0.00

0110
1001
1100
0000        8823 |     0.00 |       0.00 +/-       0.00

0100
0010
1000
1000        8782 |     0.00 |       0.00 +/-       0.00

0100
1000
1001
0010        8768 |     0.00 |       0.00 +/-       0.00

0111
1010
1100
0000        8626 |     0.00 |       0.00 +/-       0.00

0100
1010
1000
1010        8587 |     0.00 |       0.00 +/-       0.00

0111
1011
1001
0000        8512 |     0.00 |       0.00 +/-       0.00

0111
1011
1000
1000        7877 |     0.00 |       0.00 +/-       0.00

0110
1001
1100
0100        7771 |     0.00 |       0.00 +/-       0.00

0110
1011
1000
1000        7622 |     0.00 |       0.00 +/-       0.00

0110
1010
0001
0000        6754 |     0.00 |       0.00 +/-       0.00

0101
0010
1000
0000        6241 |     0.00 |       0.00 +/-       0.00

0110
1000
0101
0000        6048 |     0.00 |       0.00 +/-       0.00

0111
1010
1100
1000        5635 |     0.00 |       0.00 +/-       0.00

0110
1000
0100
1110        5448 |     0.00 |       0.00 +/-       0.00

0111
1010
0000
0110        5205 |     0.00 |       0.00 +/-       0.00

0111
1001
0100
0000        5177 |     0.00 |       0.00 +/-       0.00

0100
1000
1001
0100        4676 |     0.00 |       0.00 +/-       0.00

0111
1000
1100
1100        4376 |     0.00 |       0.00 +/-       0.00

0110
1010
1100
1110        4319 |     0.00 |       0.00 +/-       0.00

0111
1010
0001
0000        4261 |     0.00 |       0.00 +/-       0.00

0111
1000
0100
1000        4254 |     0.00 |       0.00 +/-       0.00

0110
1010
0001
0010        3893 |     0.00 |       0.00 +/-       0.00

0111
1000
0101
0000        3712 |     0.00 |       0.00 +/-       0.00

0110
1010
1000
0110        3690 |     0.00 |       0.00 +/-       0.00

0110
1001
0001
0000        3492 |     0.00 |       0.00 +/-       0.00

0111
1000
1100
0100        3074 |     0.00 |       0.00 +/-       0.00

0111
1010
1100
0100        2987 |     0.00 |       0.00 +/-       0.00

0110
1011
1000
0100        2969 |     0.00 |       0.00 +/-       0.00

0111
1010
1100
1100        2935 |     0.00 |       0.00 +/-       0.00

0100
1000
1101
0010        2892 |     0.00 |       0.00 +/-       0.00

0111
1011
1100
1000        2859 |     0.00 |       0.00 +/-       0.00

0111
1001
1100
0000        2854 |     0.00 |       0.00 +/-       0.00

0111
1000
0100
0100        2826 |     0.00 |       0.00 +/-       0.00

0110
1011
1001
0000        2679 |     0.00 |       0.00 +/-       0.00

0111
1001
1100
0100        2509 |     0.00 |       0.00 +/-       0.00

0111
1011
1100
0000        2377 |     0.00 |       0.00 +/-       0.00

0111
1010
0001
0010        2359 |     0.00 |       0.00 +/-       0.00

0111
1011
1001
1000        2325 |     0.00 |       0.00 +/-       0.00

0101
0010
1000
1000        2068 |     0.00 |       0.00 +/-       0.00

0001
1000
1100
0100        1944 |     0.00 |       0.00 +/-       0.00

0110
1001
1100
1000        1937 |     0.00 |       0.00 +/-       0.00

0110
1001
1101
0100        1857 |     0.00 |       0.00 +/-       0.00

0111
1001
1100
1000        1834 |     0.00 |       0.00 +/-       0.00

0111
1011
1101
0000        1792 |     0.00 |       0.00 +/-       0.00

0011
1001
0100
0000        1664 |     0.00 |       0.00 +/-       0.00

0110
1000
0100
1010        1593 |     0.00 |       0.00 +/-       0.00

0110
1001
1000
0100        1536 |     0.00 |       0.00 +/-       0.00

0110
1000
0101
0010        1454 |     0.00 |       0.00 +/-       0.00

0110
1011
1000
0010        1447 |     0.00 |       0.00 +/-       0.00

0111
1001
1101
0100        1433 |     0.00 |       0.00 +/-       0.00

0110
1000
1000
0110        1421 |     0.00 |       0.00 +/-       0.00

0110
1011
1000
1010        1418 |     0.00 |       0.00 +/-       0.00

0101
1010
1001
0000        1368 |     0.00 |       0.00 +/-       0.00

0110
1001
1001
0000        1274 |     0.00 |       0.00 +/-       0.00

0110
1001
1100
1100        1119 |     0.00 |       0.00 +/-       0.00

0111
1011
1101
1000        1109 |     0.00 |       0.00 +/-       0.00

0100
1010
1001
1000         970 |     0.00 |       0.00 +/-       0.00

0101
1010
1001
1000         948 |     0.00 |       0.00 +/-       0.00

0111
1010
1100
1110         854 |     0.00 |       0.00 +/-       0.00

0111
1011
0001
0010         831 |     0.00 |       0.00 +/-       0.00

0011
1010
0000
0110         802 |     0.00 |       0.00 +/-       0.00

0101
1010
1000
1010         705 |     0.00 |       0.00 +/-       0.00

0111
1010
1000
0100         686 |     0.00 |       0.00 +/-       0.00

0111
1011
1100
1100         673 |     0.00 |       0.00 +/-       0.00

0111
1011
1000
0010         668 |     0.00 |       0.00 +/-       0.00

0111
1011
1101
1100         606 |     0.00 |       0.00 +/-       0.00

0100
1001
1000
0010         600 |     0.00 |       0.00 +/-       0.00

0110
1011
1001
1000         573 |     0.00 |       0.00 +/-       0.00

0111
1000
0101
0010         522 |     0.00 |       0.00 +/-       0.00

0110
1011
1000
0110         499 |     0.00 |       0.00 +/-       0.00

0111
0001
0100
0010         499 |     0.00 |       0.00 +/-       0.00

0111
1011
1000
0100         491 |     0.00 |       0.00 +/-       0.00

0110
1001
1101
1100         480 |     0.00 |       0.00 +/-       0.00

0111
1011
1100
1010         461 |     0.00 |       0.00 +/-       0.00

0111
1000
0100
0010         446 |     0.00 |       0.00 +/-       0.00

0111
1000
0101
0100         412 |     0.00 |       0.00 +/-       0.00

0110
1010
0001
1010         373 |     0.00 |       0.00 +/-       0.00

0110
1001
1000
0010         355 |     0.00 |       0.00 +/-       0.00

0110
1001
1100
0110         336 |     0.00 |       0.00 +/-       0.00

0110
1001
0001
0010         326 |     0.00 |       0.00 +/-       0.00

0111
1010
0001
1000         322 |     0.00 |       0.00 +/-       0.00

0110
1000
0001
0110         320 |     0.00 |       0.00 +/-       0.00

0010
1001
0100
1000         316 |     0.00 |       0.00 +/-       0.00

0101
1000
1100
0010         308 |     0.00 |       0.00 +/-       0.00

0101
1010
1000
0010         290 |     0.00 |       0.00 +/-       0.00

0111
1011
1100
0010         255 |     0.00 |       0.00 +/-       0.00

0110
1010
0001
1000         247 |     0.00 |       0.00 +/-       0.00

0111
1010
1100
0110         215 |     0.00 |       0.00 +/-       0.00

0110
1000
0101
1000         207 |     0.00 |       0.00 +/-       0.00

0111
1010
0001
0110         191 |     0.00 |       0.00 +/-       0.00

0110
1001
0100
1000         187 |     0.00 |       0.00 +/-       0.00

0110
1001
1001
0100         186 |     0.00 |       0.00 +/-       0.00

0111
1010
1000
0110         173 |     0.00 |       0.00 +/-       0.00

0111
1011
1001
0100         170 |     0.00 |       0.00 +/-       0.00

0100
0001
1000
0010         162 |     0.00 |       0.00 +/-       0.00

0110
1001
1100
0010         161 |     0.00 |       0.00 +/-       0.00

0111
1011
1101
1110         155 |     0.00 |       0.00 +/-       0.00

0110
1011
1001
0110         148 |     0.00 |       0.00 +/-       0.00

0110
1011
1001
0100         143 |     0.00 |       0.00 +/-       0.00

0101
1010
1001
0010         139 |     0.00 |       0.00 +/-       0.00

0110
1000
0101
1100         137 |     0.00 |       0.00 +/-       0.00

0110
1001
1100
1010         137 |     0.00 |       0.00 +/-       0.00

0111
1010
0001
0100         134 |     0.00 |       0.00 +/-       0.00

0111
1011
1001
0110         126 |     0.00 |       0.00 +/-       0.00

0111
1000
0101
1000         115 |     0.00 |       0.00 +/-       0.00

0111
1001
1100
0110         101 |     0.00 |       0.00 +/-       0.00

0011
1000
0100
0100          91 |     0.00 |       0.00 +/-       0.00

0111
1000
0101
0110          84 |     0.00 |       0.00 +/-       0.00

0101
0001
1100
0010          72 |     0.00 |       0.00 +/-       0.00

0111
1001
1100
1010          50 |     0.00 |       0.00 +/-       0.00

0110
1001
0101
1000          41 |     0.00 |       0.00 +/-       0.00

0111
1001
1100
0010          40 |     0.00 |       0.00 +/-       0.00

0110
1010
0001
1100          23 |     0.00 |       0.00 +/-       0.00

0110
1001
1001
0110           8 |     0.00 |       0.00 +/-       0.00

0110
1001
0101
1010           4 |     0.00 |       0.00 +/-       0.00

