gtrieScanner Results
------------------------------------------
General Information

Start of Computation: 02h20m19s 02/08/2020
End of Computation: 02h20m27s 02/08/2020

Subgraph Size: 4
Graph File: "input/#LivingProofVideo.edges"
Directed: YES
Nr Nodes: 4945
Nr Edges: 13881

Method: GTRIE with file containing complete g-trie
Different Types of Subgraphs Found [Original Network]: 116
Subgraph Occurrences Found [Original Network]: 667679737
Time for computing census on original network: 8.303796s
Average time for census on random network: 0.000000s

Number of random networks: 0
Random seed: 1596352819
Exchanges per edge: 3
Number of tries per exchange: 10
------------------------------------------
Motif Analysis Results

Graph   Org_Freq |  Z-score |    Rnd_Avg +/-    Rnd_Dev

0000
1000
1000
1000   641743953 |     0.00 |       0.00 +/-       0.00

0000
1001
1000
0000    16984220 |     0.00 |       0.00 +/-       0.00

0000
1010
1000
1000     3916237 |     0.00 |       0.00 +/-       0.00

0000
1000
1000
0100     2190737 |     0.00 |       0.00 +/-       0.00

0111
0000
0000
0000     1337383 |     0.00 |       0.00 +/-       0.00

0110
0000
0000
0110      391018 |     0.00 |       0.00 +/-       0.00

0001
1000
1000
0000      259009 |     0.00 |       0.00 +/-       0.00

0010
1010
0000
1000      247274 |     0.00 |       0.00 +/-       0.00

0100
0000
1100
1100      202871 |     0.00 |       0.00 +/-       0.00

0010
1001
0000
0000      102759 |     0.00 |       0.00 +/-       0.00

0111
0010
0000
0000       93555 |     0.00 |       0.00 +/-       0.00

0110
1000
0000
0010       48422 |     0.00 |       0.00 +/-       0.00

0011
1000
0000
0000       39217 |     0.00 |       0.00 +/-       0.00

0100
1000
1000
1000       32840 |     0.00 |       0.00 +/-       0.00

0011
1010
0000
0000       16207 |     0.00 |       0.00 +/-       0.00

0110
1010
0000
0010       13406 |     0.00 |       0.00 +/-       0.00

0111
0000
0100
0100        9226 |     0.00 |       0.00 +/-       0.00

0100
0001
1000
0000        6668 |     0.00 |       0.00 +/-       0.00

0100
1001
1000
0000        5823 |     0.00 |       0.00 +/-       0.00

0100
1000
1001
0000        5137 |     0.00 |       0.00 +/-       0.00

0111
0011
0000
0000        4887 |     0.00 |       0.00 +/-       0.00

0111
1000
0000
0000        4090 |     0.00 |       0.00 +/-       0.00

0110
0010
0000
1000        3047 |     0.00 |       0.00 +/-       0.00

0101
1000
1000
0000        2746 |     0.00 |       0.00 +/-       0.00

0101
0000
1100
0100        2198 |     0.00 |       0.00 +/-       0.00

0100
1000
1000
0100        1774 |     0.00 |       0.00 +/-       0.00

0111
0011
0001
0000        1244 |     0.00 |       0.00 +/-       0.00

0111
1010
0000
0000        1222 |     0.00 |       0.00 +/-       0.00

0100
1000
1100
1000        1065 |     0.00 |       0.00 +/-       0.00

0110
0001
0001
0000        1055 |     0.00 |       0.00 +/-       0.00

0110
1001
0000
0000         956 |     0.00 |       0.00 +/-       0.00

0001
1010
1000
0000         806 |     0.00 |       0.00 +/-       0.00

0110
0001
0000
0010         777 |     0.00 |       0.00 +/-       0.00

0100
1001
1001
0000         743 |     0.00 |       0.00 +/-       0.00

0100
1000
1101
0000         726 |     0.00 |       0.00 +/-       0.00

0011
1010
0000
1000         575 |     0.00 |       0.00 +/-       0.00

0111
0001
0100
0000         511 |     0.00 |       0.00 +/-       0.00

0110
1010
0000
1000         506 |     0.00 |       0.00 +/-       0.00

0101
1000
1100
0000         466 |     0.00 |       0.00 +/-       0.00

0110
1000
0001
0000         437 |     0.00 |       0.00 +/-       0.00

0100
1000
1000
0010         342 |     0.00 |       0.00 +/-       0.00

0110
1001
1000
0000         324 |     0.00 |       0.00 +/-       0.00

0111
0010
0000
1000         282 |     0.00 |       0.00 +/-       0.00

0100
1010
1000
1000         263 |     0.00 |       0.00 +/-       0.00

0110
1010
0000
1010         246 |     0.00 |       0.00 +/-       0.00

0110
1000
1000
0100         193 |     0.00 |       0.00 +/-       0.00

0101
0001
1100
0000         188 |     0.00 |       0.00 +/-       0.00

0101
1000
1101
0000         170 |     0.00 |       0.00 +/-       0.00

0111
1011
0000
0000         170 |     0.00 |       0.00 +/-       0.00

0111
1000
1000
0000         162 |     0.00 |       0.00 +/-       0.00

0110
1000
1000
1000         151 |     0.00 |       0.00 +/-       0.00

0110
1011
1000
0000         151 |     0.00 |       0.00 +/-       0.00

0111
1010
0000
0010          97 |     0.00 |       0.00 +/-       0.00

0111
1010
1000
0000          84 |     0.00 |       0.00 +/-       0.00

0001
1010
1000
1000          78 |     0.00 |       0.00 +/-       0.00

0100
1000
1100
1100          77 |     0.00 |       0.00 +/-       0.00

0110
1010
1000
1000          69 |     0.00 |       0.00 +/-       0.00

0110
1001
1100
0000          68 |     0.00 |       0.00 +/-       0.00

0111
1000
0100
0000          65 |     0.00 |       0.00 +/-       0.00

0111
1001
1000
0000          63 |     0.00 |       0.00 +/-       0.00

0110
1010
0000
1110          61 |     0.00 |       0.00 +/-       0.00

0101
1000
1100
1000          58 |     0.00 |       0.00 +/-       0.00

0110
1001
0001
0000          56 |     0.00 |       0.00 +/-       0.00

0101
1001
1100
0000          54 |     0.00 |       0.00 +/-       0.00

0110
1000
1100
0100          40 |     0.00 |       0.00 +/-       0.00

0110
1000
0101
0000          32 |     0.00 |       0.00 +/-       0.00

0111
1010
0001
0000          30 |     0.00 |       0.00 +/-       0.00

0111
1000
0101
0000          24 |     0.00 |       0.00 +/-       0.00

0110
1011
1001
0000          23 |     0.00 |       0.00 +/-       0.00

0111
1000
1000
1000          20 |     0.00 |       0.00 +/-       0.00

0111
1011
0001
0000          19 |     0.00 |       0.00 +/-       0.00

0111
1011
1000
0000          19 |     0.00 |       0.00 +/-       0.00

0110
1010
0001
0000          18 |     0.00 |       0.00 +/-       0.00

0110
1000
0100
1000          17 |     0.00 |       0.00 +/-       0.00

0100
1000
1101
1000          16 |     0.00 |       0.00 +/-       0.00

0110
1000
0100
0010          16 |     0.00 |       0.00 +/-       0.00

0111
1001
1100
0000          16 |     0.00 |       0.00 +/-       0.00

0110
1010
1000
0100          14 |     0.00 |       0.00 +/-       0.00

0110
1011
1000
0100          14 |     0.00 |       0.00 +/-       0.00

0100
1000
1100
0010          13 |     0.00 |       0.00 +/-       0.00

0110
1001
1001
0000          13 |     0.00 |       0.00 +/-       0.00

0110
1000
1100
1100          12 |     0.00 |       0.00 +/-       0.00

0100
1000
1001
0010           9 |     0.00 |       0.00 +/-       0.00

0101
1010
1000
0000           9 |     0.00 |       0.00 +/-       0.00

0111
1010
0000
0110           8 |     0.00 |       0.00 +/-       0.00

0100
1010
1000
1010           7 |     0.00 |       0.00 +/-       0.00

0101
1000
1101
1000           7 |     0.00 |       0.00 +/-       0.00

0111
1011
1000
1000           7 |     0.00 |       0.00 +/-       0.00

0101
1000
1100
0100           6 |     0.00 |       0.00 +/-       0.00

0100
1000
1001
0100           5 |     0.00 |       0.00 +/-       0.00

0110
1001
1000
0100           5 |     0.00 |       0.00 +/-       0.00

0111
1001
0100
0000           5 |     0.00 |       0.00 +/-       0.00

0111
1010
1000
1000           5 |     0.00 |       0.00 +/-       0.00

0110
1011
1000
1000           4 |     0.00 |       0.00 +/-       0.00

0111
1001
1100
1000           4 |     0.00 |       0.00 +/-       0.00

0100
1000
1101
1100           3 |     0.00 |       0.00 +/-       0.00

0110
1010
1000
1100           3 |     0.00 |       0.00 +/-       0.00

0110
1010
1000
1110           3 |     0.00 |       0.00 +/-       0.00

0111
1010
0000
1010           3 |     0.00 |       0.00 +/-       0.00

0111
1011
1001
0000           3 |     0.00 |       0.00 +/-       0.00

0100
1010
1001
1000           2 |     0.00 |       0.00 +/-       0.00

0110
1000
0101
0010           2 |     0.00 |       0.00 +/-       0.00

0111
1000
0100
1000           2 |     0.00 |       0.00 +/-       0.00

0111
1001
1100
0100           2 |     0.00 |       0.00 +/-       0.00

0100
1000
1100
1010           1 |     0.00 |       0.00 +/-       0.00

0100
1000
1101
0010           1 |     0.00 |       0.00 +/-       0.00

0100
1001
1000
0010           1 |     0.00 |       0.00 +/-       0.00

0110
1000
0100
1110           1 |     0.00 |       0.00 +/-       0.00

0110
1001
1000
1000           1 |     0.00 |       0.00 +/-       0.00

0110
1001
1001
0100           1 |     0.00 |       0.00 +/-       0.00

0110
1001
1100
0100           1 |     0.00 |       0.00 +/-       0.00

0110
1001
1100
1000           1 |     0.00 |       0.00 +/-       0.00

0110
1001
1101
0100           1 |     0.00 |       0.00 +/-       0.00

0110
1010
0001
0010           1 |     0.00 |       0.00 +/-       0.00

0111
1000
0101
0010           1 |     0.00 |       0.00 +/-       0.00

0111
1011
1000
0010           1 |     0.00 |       0.00 +/-       0.00

0001
1000
1100
0100           0 |     0.00 |       0.00 +/-       0.00

0010
1001
0100
1000           0 |     0.00 |       0.00 +/-       0.00

0011
1000
0100
0100           0 |     0.00 |       0.00 +/-       0.00

0011
1001
0100
0000           0 |     0.00 |       0.00 +/-       0.00

0011
1010
0000
0110           0 |     0.00 |       0.00 +/-       0.00

0100
0001
1000
0010           0 |     0.00 |       0.00 +/-       0.00

0100
0010
1000
1000           0 |     0.00 |       0.00 +/-       0.00

0101
0001
1100
0010           0 |     0.00 |       0.00 +/-       0.00

0101
0010
1000
0000           0 |     0.00 |       0.00 +/-       0.00

0101
0010
1000
1000           0 |     0.00 |       0.00 +/-       0.00

0101
1000
1100
0010           0 |     0.00 |       0.00 +/-       0.00

0101
1010
1000
0010           0 |     0.00 |       0.00 +/-       0.00

0101
1010
1000
1010           0 |     0.00 |       0.00 +/-       0.00

0101
1010
1001
0000           0 |     0.00 |       0.00 +/-       0.00

0101
1010
1001
0010           0 |     0.00 |       0.00 +/-       0.00

0101
1010
1001
1000           0 |     0.00 |       0.00 +/-       0.00

0110
1000
0001
0110           0 |     0.00 |       0.00 +/-       0.00

0110
1000
0100
1010           0 |     0.00 |       0.00 +/-       0.00

0110
1000
0101
1000           0 |     0.00 |       0.00 +/-       0.00

0110
1000
0101
1100           0 |     0.00 |       0.00 +/-       0.00

0110
1000
1000
0110           0 |     0.00 |       0.00 +/-       0.00

0110
1001
0001
0010           0 |     0.00 |       0.00 +/-       0.00

0110
1001
0100
1000           0 |     0.00 |       0.00 +/-       0.00

0110
1001
0101
1000           0 |     0.00 |       0.00 +/-       0.00

0110
1001
0101
1010           0 |     0.00 |       0.00 +/-       0.00

0110
1001
1000
0010           0 |     0.00 |       0.00 +/-       0.00

0110
1001
1001
0110           0 |     0.00 |       0.00 +/-       0.00

0110
1001
1100
0010           0 |     0.00 |       0.00 +/-       0.00

0110
1001
1100
0110           0 |     0.00 |       0.00 +/-       0.00

0110
1001
1100
1010           0 |     0.00 |       0.00 +/-       0.00

0110
1001
1100
1100           0 |     0.00 |       0.00 +/-       0.00

0110
1001
1101
1100           0 |     0.00 |       0.00 +/-       0.00

0110
1010
0001
1000           0 |     0.00 |       0.00 +/-       0.00

0110
1010
0001
1010           0 |     0.00 |       0.00 +/-       0.00

0110
1010
0001
1100           0 |     0.00 |       0.00 +/-       0.00

0110
1010
1000
0110           0 |     0.00 |       0.00 +/-       0.00

0110
1010
1100
1000           0 |     0.00 |       0.00 +/-       0.00

0110
1010
1100
1100           0 |     0.00 |       0.00 +/-       0.00

0110
1010
1100
1110           0 |     0.00 |       0.00 +/-       0.00

0110
1011
1000
0010           0 |     0.00 |       0.00 +/-       0.00

0110
1011
1000
0110           0 |     0.00 |       0.00 +/-       0.00

0110
1011
1000
1010           0 |     0.00 |       0.00 +/-       0.00

0110
1011
1001
0100           0 |     0.00 |       0.00 +/-       0.00

0110
1011
1001
0110           0 |     0.00 |       0.00 +/-       0.00

0110
1011
1001
1000           0 |     0.00 |       0.00 +/-       0.00

0111
0001
0100
0010           0 |     0.00 |       0.00 +/-       0.00

0111
1000
0100
0010           0 |     0.00 |       0.00 +/-       0.00

0111
1000
0100
0100           0 |     0.00 |       0.00 +/-       0.00

0111
1000
0101
0100           0 |     0.00 |       0.00 +/-       0.00

0111
1000
0101
0110           0 |     0.00 |       0.00 +/-       0.00

0111
1000
0101
1000           0 |     0.00 |       0.00 +/-       0.00

0111
1000
1100
0100           0 |     0.00 |       0.00 +/-       0.00

0111
1000
1100
1100           0 |     0.00 |       0.00 +/-       0.00

0111
1001
1100
0010           0 |     0.00 |       0.00 +/-       0.00

0111
1001
1100
0110           0 |     0.00 |       0.00 +/-       0.00

0111
1001
1100
1010           0 |     0.00 |       0.00 +/-       0.00

0111
1001
1101
0100           0 |     0.00 |       0.00 +/-       0.00

0111
1010
0001
0010           0 |     0.00 |       0.00 +/-       0.00

0111
1010
0001
0100           0 |     0.00 |       0.00 +/-       0.00

0111
1010
0001
0110           0 |     0.00 |       0.00 +/-       0.00

0111
1010
0001
1000           0 |     0.00 |       0.00 +/-       0.00

0111
1010
1000
0100           0 |     0.00 |       0.00 +/-       0.00

0111
1010
1000
0110           0 |     0.00 |       0.00 +/-       0.00

0111
1010
1100
0000           0 |     0.00 |       0.00 +/-       0.00

0111
1010
1100
0100           0 |     0.00 |       0.00 +/-       0.00

0111
1010
1100
0110           0 |     0.00 |       0.00 +/-       0.00

0111
1010
1100
1000           0 |     0.00 |       0.00 +/-       0.00

0111
1010
1100
1100           0 |     0.00 |       0.00 +/-       0.00

0111
1010
1100
1110           0 |     0.00 |       0.00 +/-       0.00

0111
1011
0001
0010           0 |     0.00 |       0.00 +/-       0.00

0111
1011
1000
0100           0 |     0.00 |       0.00 +/-       0.00

0111
1011
1001
0100           0 |     0.00 |       0.00 +/-       0.00

0111
1011
1001
0110           0 |     0.00 |       0.00 +/-       0.00

0111
1011
1001
1000           0 |     0.00 |       0.00 +/-       0.00

0111
1011
1100
0000           0 |     0.00 |       0.00 +/-       0.00

0111
1011
1100
0010           0 |     0.00 |       0.00 +/-       0.00

0111
1011
1100
1000           0 |     0.00 |       0.00 +/-       0.00

0111
1011
1100
1010           0 |     0.00 |       0.00 +/-       0.00

0111
1011
1100
1100           0 |     0.00 |       0.00 +/-       0.00

0111
1011
1101
0000           0 |     0.00 |       0.00 +/-       0.00

0111
1011
1101
1000           0 |     0.00 |       0.00 +/-       0.00

0111
1011
1101
1100           0 |     0.00 |       0.00 +/-       0.00

0111
1011
1101
1110           0 |     0.00 |       0.00 +/-       0.00

