gtrieScanner Results
------------------------------------------
General Information

Start of Computation: 02h21m43s 02/08/2020
End of Computation: 02h23m34s 02/08/2020

Subgraph Size: 4
Graph File: "input/#NFLMX.edges"
Directed: YES
Nr Nodes: 7399
Nr Edges: 16606

Method: GTRIE with file containing complete g-trie
Different Types of Subgraphs Found [Original Network]: 143
Subgraph Occurrences Found [Original Network]: 2074011660
Time for computing census on original network: 111.381827s
Average time for census on random network: 0.000000s

Number of random networks: 0
Random seed: 1596352903
Exchanges per edge: 3
Number of tries per exchange: 10
------------------------------------------
Motif Analysis Results

Graph   Org_Freq |  Z-score |    Rnd_Avg +/-    Rnd_Dev

0000
1000
1000
1000  1668149963 |     0.00 |       0.00 +/-       0.00

0001
1000
1000
0000   316389033 |     0.00 |       0.00 +/-       0.00

0100
1000
1000
1000    35687877 |     0.00 |       0.00 +/-       0.00

0000
1000
1000
0100    11578011 |     0.00 |       0.00 +/-       0.00

0010
1010
0000
1000    10905951 |     0.00 |       0.00 +/-       0.00

0000
1001
1000
0000     8724243 |     0.00 |       0.00 +/-       0.00

0011
1000
0000
0000     6265493 |     0.00 |       0.00 +/-       0.00

0000
1010
1000
1000     5079408 |     0.00 |       0.00 +/-       0.00

0100
1000
1100
1000     4992522 |     0.00 |       0.00 +/-       0.00

0100
1000
1000
0100     1757133 |     0.00 |       0.00 +/-       0.00

0101
1000
1000
0000     1370919 |     0.00 |       0.00 +/-       0.00

0100
0000
1100
1100      904250 |     0.00 |       0.00 +/-       0.00

0110
0000
0000
0110      502720 |     0.00 |       0.00 +/-       0.00

0100
1000
1100
1100      335450 |     0.00 |       0.00 +/-       0.00

0011
1010
0000
0000      224210 |     0.00 |       0.00 +/-       0.00

0110
1000
0000
0010      179403 |     0.00 |       0.00 +/-       0.00

0110
1010
0000
1000      145975 |     0.00 |       0.00 +/-       0.00

0111
0000
0000
0000      139384 |     0.00 |       0.00 +/-       0.00

0101
1000
1100
0000      100538 |     0.00 |       0.00 +/-       0.00

0110
1010
0000
0010       98332 |     0.00 |       0.00 +/-       0.00

0010
1001
0000
0000       76680 |     0.00 |       0.00 +/-       0.00

0110
1000
1000
1000       62717 |     0.00 |       0.00 +/-       0.00

0100
1001
1000
0000       56696 |     0.00 |       0.00 +/-       0.00

0100
0001
1000
0000       54554 |     0.00 |       0.00 +/-       0.00

0001
1010
1000
0000       38953 |     0.00 |       0.00 +/-       0.00

0011
1010
0000
1000       18579 |     0.00 |       0.00 +/-       0.00

0111
0010
0000
0000       16804 |     0.00 |       0.00 +/-       0.00

0110
0010
0000
1000       15219 |     0.00 |       0.00 +/-       0.00

0111
1000
0000
0000       14734 |     0.00 |       0.00 +/-       0.00

0101
1001
1100
0000       12683 |     0.00 |       0.00 +/-       0.00

0110
1010
1000
1000       11113 |     0.00 |       0.00 +/-       0.00

0111
0011
0000
0000       10809 |     0.00 |       0.00 +/-       0.00

0110
1010
0000
1010        9684 |     0.00 |       0.00 +/-       0.00

0100
1000
1001
0000        9508 |     0.00 |       0.00 +/-       0.00

0101
1000
1100
1000        8903 |     0.00 |       0.00 +/-       0.00

0110
1000
1000
0100        6531 |     0.00 |       0.00 +/-       0.00

0110
1010
1100
1000        6510 |     0.00 |       0.00 +/-       0.00

0100
1010
1000
1000        5759 |     0.00 |       0.00 +/-       0.00

0100
1000
1000
0010        4872 |     0.00 |       0.00 +/-       0.00

0001
1010
1000
1000        4569 |     0.00 |       0.00 +/-       0.00

0111
1010
0000
0000        3925 |     0.00 |       0.00 +/-       0.00

0101
1000
1101
0000        2633 |     0.00 |       0.00 +/-       0.00

0101
0000
1100
0100        2411 |     0.00 |       0.00 +/-       0.00

0100
1000
1101
0000        2139 |     0.00 |       0.00 +/-       0.00

0110
1000
0001
0000        1979 |     0.00 |       0.00 +/-       0.00

0110
1010
0000
1110        1963 |     0.00 |       0.00 +/-       0.00

0111
1000
1000
0000        1517 |     0.00 |       0.00 +/-       0.00

0110
1010
1000
1100        1471 |     0.00 |       0.00 +/-       0.00

0111
0000
0100
0100        1217 |     0.00 |       0.00 +/-       0.00

0100
0010
1000
1000        1079 |     0.00 |       0.00 +/-       0.00

0111
0011
0001
0000        1019 |     0.00 |       0.00 +/-       0.00

0110
1000
1100
1100         980 |     0.00 |       0.00 +/-       0.00

0110
1010
0001
0000         941 |     0.00 |       0.00 +/-       0.00

0111
1011
0000
0000         873 |     0.00 |       0.00 +/-       0.00

0110
1000
1100
0100         839 |     0.00 |       0.00 +/-       0.00

0101
1000
1100
0100         760 |     0.00 |       0.00 +/-       0.00

0100
1000
1100
0010         738 |     0.00 |       0.00 +/-       0.00

0111
0001
0100
0000         638 |     0.00 |       0.00 +/-       0.00

0110
1001
0000
0000         593 |     0.00 |       0.00 +/-       0.00

0110
0001
0001
0000         577 |     0.00 |       0.00 +/-       0.00

0101
0001
1100
0000         552 |     0.00 |       0.00 +/-       0.00

0110
1010
1000
0100         511 |     0.00 |       0.00 +/-       0.00

0110
1010
1100
1110         492 |     0.00 |       0.00 +/-       0.00

0110
1000
0100
1000         455 |     0.00 |       0.00 +/-       0.00

0111
1001
1000
0000         453 |     0.00 |       0.00 +/-       0.00

0110
0001
0000
0010         373 |     0.00 |       0.00 +/-       0.00

0110
1010
1100
1100         315 |     0.00 |       0.00 +/-       0.00

0111
1010
1000
0000         282 |     0.00 |       0.00 +/-       0.00

0111
1010
1100
0000         266 |     0.00 |       0.00 +/-       0.00

0100
1000
1001
0010         233 |     0.00 |       0.00 +/-       0.00

0101
1000
1101
1000         228 |     0.00 |       0.00 +/-       0.00

0100
1000
1101
1000         202 |     0.00 |       0.00 +/-       0.00

0110
1001
1000
0000         151 |     0.00 |       0.00 +/-       0.00

0100
1001
1001
0000         143 |     0.00 |       0.00 +/-       0.00

0110
1010
1000
1110         137 |     0.00 |       0.00 +/-       0.00

0111
0010
0000
1000         135 |     0.00 |       0.00 +/-       0.00

0100
1000
1100
1010         133 |     0.00 |       0.00 +/-       0.00

0101
1010
1000
0000         126 |     0.00 |       0.00 +/-       0.00

0100
1010
1000
1010         122 |     0.00 |       0.00 +/-       0.00

0110
1000
0100
0010         120 |     0.00 |       0.00 +/-       0.00

0111
1011
1101
0000         106 |     0.00 |       0.00 +/-       0.00

0100
1000
1101
1100         101 |     0.00 |       0.00 +/-       0.00

0110
1010
0001
0010          97 |     0.00 |       0.00 +/-       0.00

0110
1001
1100
0000          83 |     0.00 |       0.00 +/-       0.00

0100
1000
1001
0100          81 |     0.00 |       0.00 +/-       0.00

0111
1011
0001
0000          63 |     0.00 |       0.00 +/-       0.00

0111
1010
0000
1010          61 |     0.00 |       0.00 +/-       0.00

0111
1000
1000
1000          58 |     0.00 |       0.00 +/-       0.00

0111
1010
0000
0010          47 |     0.00 |       0.00 +/-       0.00

0111
1010
1100
1000          47 |     0.00 |       0.00 +/-       0.00

0111
1011
1000
0000          43 |     0.00 |       0.00 +/-       0.00

0001
1000
1100
0100          39 |     0.00 |       0.00 +/-       0.00

0111
1001
1100
0000          33 |     0.00 |       0.00 +/-       0.00

0111
1011
1100
0000          32 |     0.00 |       0.00 +/-       0.00

0111
1010
0001
0000          30 |     0.00 |       0.00 +/-       0.00

0110
1000
0100
1110          29 |     0.00 |       0.00 +/-       0.00

0110
1011
1000
0000          25 |     0.00 |       0.00 +/-       0.00

0111
1010
1000
1000          23 |     0.00 |       0.00 +/-       0.00

0111
1011
1001
0000          21 |     0.00 |       0.00 +/-       0.00

0110
1000
0100
1010          18 |     0.00 |       0.00 +/-       0.00

0111
1001
0100
0000          18 |     0.00 |       0.00 +/-       0.00

0110
1001
0001
0000          17 |     0.00 |       0.00 +/-       0.00

0111
1010
0001
0010          16 |     0.00 |       0.00 +/-       0.00

0111
1000
0100
0000          14 |     0.00 |       0.00 +/-       0.00

0100
1000
1101
0010          12 |     0.00 |       0.00 +/-       0.00

0111
1011
0001
0010          12 |     0.00 |       0.00 +/-       0.00

0110
1001
1000
0100          11 |     0.00 |       0.00 +/-       0.00

0110
1010
1000
0110          10 |     0.00 |       0.00 +/-       0.00

0110
1001
1000
1000           9 |     0.00 |       0.00 +/-       0.00

0110
1000
0101
0000           8 |     0.00 |       0.00 +/-       0.00

0110
1000
1000
0110           8 |     0.00 |       0.00 +/-       0.00

0101
0010
1000
0000           7 |     0.00 |       0.00 +/-       0.00

0111
1011
1101
1110           7 |     0.00 |       0.00 +/-       0.00

0111
1011
1100
1000           6 |     0.00 |       0.00 +/-       0.00

0110
1011
1000
0100           5 |     0.00 |       0.00 +/-       0.00

0111
1010
1100
1110           5 |     0.00 |       0.00 +/-       0.00

0111
1011
1101
1000           4 |     0.00 |       0.00 +/-       0.00

0110
1011
1001
0000           3 |     0.00 |       0.00 +/-       0.00

0111
1010
0000
0110           3 |     0.00 |       0.00 +/-       0.00

0011
1001
0100
0000           2 |     0.00 |       0.00 +/-       0.00

0100
1001
1000
0010           2 |     0.00 |       0.00 +/-       0.00

0110
1000
0101
0010           2 |     0.00 |       0.00 +/-       0.00

0110
1001
0001
0010           2 |     0.00 |       0.00 +/-       0.00

0110
1001
1101
1100           2 |     0.00 |       0.00 +/-       0.00

0111
0001
0100
0010           2 |     0.00 |       0.00 +/-       0.00

0111
1000
1100
1100           2 |     0.00 |       0.00 +/-       0.00

0111
1001
1100
1000           2 |     0.00 |       0.00 +/-       0.00

0111
1011
1000
1000           2 |     0.00 |       0.00 +/-       0.00

0111
1011
1001
1000           2 |     0.00 |       0.00 +/-       0.00

0111
1011
1101
1100           2 |     0.00 |       0.00 +/-       0.00

0101
1010
1000
1010           1 |     0.00 |       0.00 +/-       0.00

0110
1001
1001
0000           1 |     0.00 |       0.00 +/-       0.00

0110
1001
1100
0010           1 |     0.00 |       0.00 +/-       0.00

0110
1001
1100
0100           1 |     0.00 |       0.00 +/-       0.00

0110
1001
1100
1000           1 |     0.00 |       0.00 +/-       0.00

0110
1011
1000
1000           1 |     0.00 |       0.00 +/-       0.00

0110
1011
1000
1010           1 |     0.00 |       0.00 +/-       0.00

0111
1000
0100
0100           1 |     0.00 |       0.00 +/-       0.00

0111
1000
0100
1000           1 |     0.00 |       0.00 +/-       0.00

0111
1001
1101
0100           1 |     0.00 |       0.00 +/-       0.00

0111
1010
1100
0100           1 |     0.00 |       0.00 +/-       0.00

0111
1010
1100
0110           1 |     0.00 |       0.00 +/-       0.00

0111
1011
1100
1010           1 |     0.00 |       0.00 +/-       0.00

0010
1001
0100
1000           0 |     0.00 |       0.00 +/-       0.00

0011
1000
0100
0100           0 |     0.00 |       0.00 +/-       0.00

0011
1010
0000
0110           0 |     0.00 |       0.00 +/-       0.00

0100
0001
1000
0010           0 |     0.00 |       0.00 +/-       0.00

0100
1010
1001
1000           0 |     0.00 |       0.00 +/-       0.00

0101
0001
1100
0010           0 |     0.00 |       0.00 +/-       0.00

0101
0010
1000
1000           0 |     0.00 |       0.00 +/-       0.00

0101
1000
1100
0010           0 |     0.00 |       0.00 +/-       0.00

0101
1010
1000
0010           0 |     0.00 |       0.00 +/-       0.00

0101
1010
1001
0000           0 |     0.00 |       0.00 +/-       0.00

0101
1010
1001
0010           0 |     0.00 |       0.00 +/-       0.00

0101
1010
1001
1000           0 |     0.00 |       0.00 +/-       0.00

0110
1000
0001
0110           0 |     0.00 |       0.00 +/-       0.00

0110
1000
0101
1000           0 |     0.00 |       0.00 +/-       0.00

0110
1000
0101
1100           0 |     0.00 |       0.00 +/-       0.00

0110
1001
0100
1000           0 |     0.00 |       0.00 +/-       0.00

0110
1001
0101
1000           0 |     0.00 |       0.00 +/-       0.00

0110
1001
0101
1010           0 |     0.00 |       0.00 +/-       0.00

0110
1001
1000
0010           0 |     0.00 |       0.00 +/-       0.00

0110
1001
1001
0100           0 |     0.00 |       0.00 +/-       0.00

0110
1001
1001
0110           0 |     0.00 |       0.00 +/-       0.00

0110
1001
1100
0110           0 |     0.00 |       0.00 +/-       0.00

0110
1001
1100
1010           0 |     0.00 |       0.00 +/-       0.00

0110
1001
1100
1100           0 |     0.00 |       0.00 +/-       0.00

0110
1001
1101
0100           0 |     0.00 |       0.00 +/-       0.00

0110
1010
0001
1000           0 |     0.00 |       0.00 +/-       0.00

0110
1010
0001
1010           0 |     0.00 |       0.00 +/-       0.00

0110
1010
0001
1100           0 |     0.00 |       0.00 +/-       0.00

0110
1011
1000
0010           0 |     0.00 |       0.00 +/-       0.00

0110
1011
1000
0110           0 |     0.00 |       0.00 +/-       0.00

0110
1011
1001
0100           0 |     0.00 |       0.00 +/-       0.00

0110
1011
1001
0110           0 |     0.00 |       0.00 +/-       0.00

0110
1011
1001
1000           0 |     0.00 |       0.00 +/-       0.00

0111
1000
0100
0010           0 |     0.00 |       0.00 +/-       0.00

0111
1000
0101
0000           0 |     0.00 |       0.00 +/-       0.00

0111
1000
0101
0010           0 |     0.00 |       0.00 +/-       0.00

0111
1000
0101
0100           0 |     0.00 |       0.00 +/-       0.00

0111
1000
0101
0110           0 |     0.00 |       0.00 +/-       0.00

0111
1000
0101
1000           0 |     0.00 |       0.00 +/-       0.00

0111
1000
1100
0100           0 |     0.00 |       0.00 +/-       0.00

0111
1001
1100
0010           0 |     0.00 |       0.00 +/-       0.00

0111
1001
1100
0100           0 |     0.00 |       0.00 +/-       0.00

0111
1001
1100
0110           0 |     0.00 |       0.00 +/-       0.00

0111
1001
1100
1010           0 |     0.00 |       0.00 +/-       0.00

0111
1010
0001
0100           0 |     0.00 |       0.00 +/-       0.00

0111
1010
0001
0110           0 |     0.00 |       0.00 +/-       0.00

0111
1010
0001
1000           0 |     0.00 |       0.00 +/-       0.00

0111
1010
1000
0100           0 |     0.00 |       0.00 +/-       0.00

0111
1010
1000
0110           0 |     0.00 |       0.00 +/-       0.00

0111
1010
1100
1100           0 |     0.00 |       0.00 +/-       0.00

0111
1011
1000
0010           0 |     0.00 |       0.00 +/-       0.00

0111
1011
1000
0100           0 |     0.00 |       0.00 +/-       0.00

0111
1011
1001
0100           0 |     0.00 |       0.00 +/-       0.00

0111
1011
1001
0110           0 |     0.00 |       0.00 +/-       0.00

0111
1011
1100
0010           0 |     0.00 |       0.00 +/-       0.00

0111
1011
1100
1100           0 |     0.00 |       0.00 +/-       0.00

