gtrieScanner Results
------------------------------------------
General Information

Start of Computation: 02h23m34s 02/08/2020
End of Computation: 02h23m36s 02/08/2020

Subgraph Size: 4
Graph File: "input/#NiUnaMenos.edges"
Directed: YES
Nr Nodes: 16162
Nr Edges: 21762

Method: GTRIE with file containing complete g-trie
Different Types of Subgraphs Found [Original Network]: 105
Subgraph Occurrences Found [Original Network]: 118128145
Time for computing census on original network: 1.691116s
Average time for census on random network: 0.000000s

Number of random networks: 0
Random seed: 1596353014
Exchanges per edge: 3
Number of tries per exchange: 10
------------------------------------------
Motif Analysis Results

Graph   Org_Freq |  Z-score |    Rnd_Avg +/-    Rnd_Dev

0000
1000
1000
1000   115173307 |     0.00 |       0.00 +/-       0.00

0000
1001
1000
0000     1618017 |     0.00 |       0.00 +/-       0.00

0001
1000
1000
0000      384749 |     0.00 |       0.00 +/-       0.00

0000
1010
1000
1000      178727 |     0.00 |       0.00 +/-       0.00

0000
1000
1000
0100      177866 |     0.00 |       0.00 +/-       0.00

0111
0000
0000
0000      176914 |     0.00 |       0.00 +/-       0.00

0010
1010
0000
1000       72594 |     0.00 |       0.00 +/-       0.00

0100
1000
1000
1000       68650 |     0.00 |       0.00 +/-       0.00

0100
0000
1100
1100       65151 |     0.00 |       0.00 +/-       0.00

0110
0000
0000
0110       35511 |     0.00 |       0.00 +/-       0.00

0100
1000
1100
1000       31166 |     0.00 |       0.00 +/-       0.00

0011
1000
0000
0000       28536 |     0.00 |       0.00 +/-       0.00

0010
1001
0000
0000       16699 |     0.00 |       0.00 +/-       0.00

0101
1000
1000
0000       14541 |     0.00 |       0.00 +/-       0.00

0111
0011
0000
0000       11501 |     0.00 |       0.00 +/-       0.00

0111
0010
0000
0000       10686 |     0.00 |       0.00 +/-       0.00

0100
1000
1100
1100        9579 |     0.00 |       0.00 +/-       0.00

0111
1011
0000
0000        8853 |     0.00 |       0.00 +/-       0.00

0110
1000
0000
0010        6058 |     0.00 |       0.00 +/-       0.00

0110
1000
1000
1000        4917 |     0.00 |       0.00 +/-       0.00

0011
1010
0000
0000        4589 |     0.00 |       0.00 +/-       0.00

0110
1010
0000
0010        4541 |     0.00 |       0.00 +/-       0.00

0100
1000
1000
0100        2891 |     0.00 |       0.00 +/-       0.00

0111
1010
0000
0000        2515 |     0.00 |       0.00 +/-       0.00

0100
0001
1000
0000        2330 |     0.00 |       0.00 +/-       0.00

0001
1010
1000
0000        2183 |     0.00 |       0.00 +/-       0.00

0111
1000
0000
0000        2137 |     0.00 |       0.00 +/-       0.00

0100
1000
1001
0000        2084 |     0.00 |       0.00 +/-       0.00

0110
1010
0000
1000        1933 |     0.00 |       0.00 +/-       0.00

0101
1000
1100
0000        1274 |     0.00 |       0.00 +/-       0.00

0110
1010
0000
1110         932 |     0.00 |       0.00 +/-       0.00

0111
1000
1000
0000         810 |     0.00 |       0.00 +/-       0.00

0100
1000
1101
0000         694 |     0.00 |       0.00 +/-       0.00

0001
1010
1000
1000         683 |     0.00 |       0.00 +/-       0.00

0110
0010
0000
1000         499 |     0.00 |       0.00 +/-       0.00

0100
1001
1000
0000         491 |     0.00 |       0.00 +/-       0.00

0100
1000
1000
0010         326 |     0.00 |       0.00 +/-       0.00

0111
1011
1101
0000         313 |     0.00 |       0.00 +/-       0.00

0111
0000
0100
0100         245 |     0.00 |       0.00 +/-       0.00

0011
1010
0000
1000         216 |     0.00 |       0.00 +/-       0.00

0110
1000
0001
0000         197 |     0.00 |       0.00 +/-       0.00

0101
1000
1100
1000         194 |     0.00 |       0.00 +/-       0.00

0110
1010
0001
0000         174 |     0.00 |       0.00 +/-       0.00

0111
1000
1000
1000         172 |     0.00 |       0.00 +/-       0.00

0111
0011
0001
0000         166 |     0.00 |       0.00 +/-       0.00

0110
1010
0000
1010         136 |     0.00 |       0.00 +/-       0.00

0101
1000
1101
0000         117 |     0.00 |       0.00 +/-       0.00

0110
1001
0000
0000         105 |     0.00 |       0.00 +/-       0.00

0111
1001
1000
0000          91 |     0.00 |       0.00 +/-       0.00

0100
1010
1000
1000          87 |     0.00 |       0.00 +/-       0.00

0110
1010
1100
1000          86 |     0.00 |       0.00 +/-       0.00

0111
0010
0000
1000          73 |     0.00 |       0.00 +/-       0.00

0111
0001
0100
0000          59 |     0.00 |       0.00 +/-       0.00

0100
1000
1100
0010          56 |     0.00 |       0.00 +/-       0.00

0101
0001
1100
0000          56 |     0.00 |       0.00 +/-       0.00

0111
1010
1100
0000          54 |     0.00 |       0.00 +/-       0.00

0100
1000
1101
1000          49 |     0.00 |       0.00 +/-       0.00

0100
1000
1100
1010          44 |     0.00 |       0.00 +/-       0.00

0110
0001
0001
0000          43 |     0.00 |       0.00 +/-       0.00

0100
1000
1101
1100          39 |     0.00 |       0.00 +/-       0.00

0101
0000
1100
0100          39 |     0.00 |       0.00 +/-       0.00

0110
0001
0000
0010          37 |     0.00 |       0.00 +/-       0.00

0110
1001
1000
0000          35 |     0.00 |       0.00 +/-       0.00

0110
1010
1100
1110          32 |     0.00 |       0.00 +/-       0.00

0100
1001
1001
0000          28 |     0.00 |       0.00 +/-       0.00

0111
1011
1000
0000          26 |     0.00 |       0.00 +/-       0.00

0100
0010
1000
1000          25 |     0.00 |       0.00 +/-       0.00

0111
1011
1001
0000          20 |     0.00 |       0.00 +/-       0.00

0110
1000
1000
0100          17 |     0.00 |       0.00 +/-       0.00

0110
1000
1100
0100          17 |     0.00 |       0.00 +/-       0.00

0101
0010
1000
0000          13 |     0.00 |       0.00 +/-       0.00

0101
1010
1000
0000          13 |     0.00 |       0.00 +/-       0.00

0110
1010
0001
0010          12 |     0.00 |       0.00 +/-       0.00

0110
1011
1000
0000          11 |     0.00 |       0.00 +/-       0.00

0110
1001
1000
1000          10 |     0.00 |       0.00 +/-       0.00

0110
1010
1000
0100          10 |     0.00 |       0.00 +/-       0.00

0111
1010
1000
0000           9 |     0.00 |       0.00 +/-       0.00

0101
1001
1100
0000           8 |     0.00 |       0.00 +/-       0.00

0100
1000
1001
0010           7 |     0.00 |       0.00 +/-       0.00

0110
1000
0100
0010           6 |     0.00 |       0.00 +/-       0.00

0110
1010
1000
1000           6 |     0.00 |       0.00 +/-       0.00

0111
1011
0001
0000           6 |     0.00 |       0.00 +/-       0.00

0111
1011
1100
0000           5 |     0.00 |       0.00 +/-       0.00

0111
1011
1101
1110           5 |     0.00 |       0.00 +/-       0.00

0100
1000
1001
0100           4 |     0.00 |       0.00 +/-       0.00

0111
1010
0000
0010           4 |     0.00 |       0.00 +/-       0.00

0111
1010
0001
0000           4 |     0.00 |       0.00 +/-       0.00

0100
1000
1101
0010           3 |     0.00 |       0.00 +/-       0.00

0110
1011
1000
0100           3 |     0.00 |       0.00 +/-       0.00

0111
1001
1100
0000           3 |     0.00 |       0.00 +/-       0.00

0111
1010
1100
1000           3 |     0.00 |       0.00 +/-       0.00

0101
1000
1100
0100           2 |     0.00 |       0.00 +/-       0.00

0110
1001
1100
0000           2 |     0.00 |       0.00 +/-       0.00

0110
1010
1000
1110           2 |     0.00 |       0.00 +/-       0.00

0111
1010
0001
0010           2 |     0.00 |       0.00 +/-       0.00

0100
1010
1000
1010           1 |     0.00 |       0.00 +/-       0.00

0101
1000
1101
1000           1 |     0.00 |       0.00 +/-       0.00

0110
1000
0101
0000           1 |     0.00 |       0.00 +/-       0.00

0110
1000
1100
1100           1 |     0.00 |       0.00 +/-       0.00

0110
1010
1000
1100           1 |     0.00 |       0.00 +/-       0.00

0111
1000
0101
0000           1 |     0.00 |       0.00 +/-       0.00

0111
1010
0000
1010           1 |     0.00 |       0.00 +/-       0.00

0111
1011
1000
1000           1 |     0.00 |       0.00 +/-       0.00

0111
1011
1100
1000           1 |     0.00 |       0.00 +/-       0.00

0111
1011
1101
1100           1 |     0.00 |       0.00 +/-       0.00

0001
1000
1100
0100           0 |     0.00 |       0.00 +/-       0.00

0010
1001
0100
1000           0 |     0.00 |       0.00 +/-       0.00

0011
1000
0100
0100           0 |     0.00 |       0.00 +/-       0.00

0011
1001
0100
0000           0 |     0.00 |       0.00 +/-       0.00

0011
1010
0000
0110           0 |     0.00 |       0.00 +/-       0.00

0100
0001
1000
0010           0 |     0.00 |       0.00 +/-       0.00

0100
1001
1000
0010           0 |     0.00 |       0.00 +/-       0.00

0100
1010
1001
1000           0 |     0.00 |       0.00 +/-       0.00

0101
0001
1100
0010           0 |     0.00 |       0.00 +/-       0.00

0101
0010
1000
1000           0 |     0.00 |       0.00 +/-       0.00

0101
1000
1100
0010           0 |     0.00 |       0.00 +/-       0.00

0101
1010
1000
0010           0 |     0.00 |       0.00 +/-       0.00

0101
1010
1000
1010           0 |     0.00 |       0.00 +/-       0.00

0101
1010
1001
0000           0 |     0.00 |       0.00 +/-       0.00

0101
1010
1001
0010           0 |     0.00 |       0.00 +/-       0.00

0101
1010
1001
1000           0 |     0.00 |       0.00 +/-       0.00

0110
1000
0001
0110           0 |     0.00 |       0.00 +/-       0.00

0110
1000
0100
1000           0 |     0.00 |       0.00 +/-       0.00

0110
1000
0100
1010           0 |     0.00 |       0.00 +/-       0.00

0110
1000
0100
1110           0 |     0.00 |       0.00 +/-       0.00

0110
1000
0101
0010           0 |     0.00 |       0.00 +/-       0.00

0110
1000
0101
1000           0 |     0.00 |       0.00 +/-       0.00

0110
1000
0101
1100           0 |     0.00 |       0.00 +/-       0.00

0110
1000
1000
0110           0 |     0.00 |       0.00 +/-       0.00

0110
1001
0001
0000           0 |     0.00 |       0.00 +/-       0.00

0110
1001
0001
0010           0 |     0.00 |       0.00 +/-       0.00

0110
1001
0100
1000           0 |     0.00 |       0.00 +/-       0.00

0110
1001
0101
1000           0 |     0.00 |       0.00 +/-       0.00

0110
1001
0101
1010           0 |     0.00 |       0.00 +/-       0.00

0110
1001
1000
0010           0 |     0.00 |       0.00 +/-       0.00

0110
1001
1000
0100           0 |     0.00 |       0.00 +/-       0.00

0110
1001
1001
0000           0 |     0.00 |       0.00 +/-       0.00

0110
1001
1001
0100           0 |     0.00 |       0.00 +/-       0.00

0110
1001
1001
0110           0 |     0.00 |       0.00 +/-       0.00

0110
1001
1100
0010           0 |     0.00 |       0.00 +/-       0.00

0110
1001
1100
0100           0 |     0.00 |       0.00 +/-       0.00

0110
1001
1100
0110           0 |     0.00 |       0.00 +/-       0.00

0110
1001
1100
1000           0 |     0.00 |       0.00 +/-       0.00

0110
1001
1100
1010           0 |     0.00 |       0.00 +/-       0.00

0110
1001
1100
1100           0 |     0.00 |       0.00 +/-       0.00

0110
1001
1101
0100           0 |     0.00 |       0.00 +/-       0.00

0110
1001
1101
1100           0 |     0.00 |       0.00 +/-       0.00

0110
1010
0001
1000           0 |     0.00 |       0.00 +/-       0.00

0110
1010
0001
1010           0 |     0.00 |       0.00 +/-       0.00

0110
1010
0001
1100           0 |     0.00 |       0.00 +/-       0.00

0110
1010
1000
0110           0 |     0.00 |       0.00 +/-       0.00

0110
1010
1100
1100           0 |     0.00 |       0.00 +/-       0.00

0110
1011
1000
0010           0 |     0.00 |       0.00 +/-       0.00

0110
1011
1000
0110           0 |     0.00 |       0.00 +/-       0.00

0110
1011
1000
1000           0 |     0.00 |       0.00 +/-       0.00

0110
1011
1000
1010           0 |     0.00 |       0.00 +/-       0.00

0110
1011
1001
0000           0 |     0.00 |       0.00 +/-       0.00

0110
1011
1001
0100           0 |     0.00 |       0.00 +/-       0.00

0110
1011
1001
0110           0 |     0.00 |       0.00 +/-       0.00

0110
1011
1001
1000           0 |     0.00 |       0.00 +/-       0.00

0111
0001
0100
0010           0 |     0.00 |       0.00 +/-       0.00

0111
1000
0100
0000           0 |     0.00 |       0.00 +/-       0.00

0111
1000
0100
0010           0 |     0.00 |       0.00 +/-       0.00

0111
1000
0100
0100           0 |     0.00 |       0.00 +/-       0.00

0111
1000
0100
1000           0 |     0.00 |       0.00 +/-       0.00

0111
1000
0101
0010           0 |     0.00 |       0.00 +/-       0.00

0111
1000
0101
0100           0 |     0.00 |       0.00 +/-       0.00

0111
1000
0101
0110           0 |     0.00 |       0.00 +/-       0.00

0111
1000
0101
1000           0 |     0.00 |       0.00 +/-       0.00

0111
1000
1100
0100           0 |     0.00 |       0.00 +/-       0.00

0111
1000
1100
1100           0 |     0.00 |       0.00 +/-       0.00

0111
1001
0100
0000           0 |     0.00 |       0.00 +/-       0.00

0111
1001
1100
0010           0 |     0.00 |       0.00 +/-       0.00

0111
1001
1100
0100           0 |     0.00 |       0.00 +/-       0.00

0111
1001
1100
0110           0 |     0.00 |       0.00 +/-       0.00

0111
1001
1100
1000           0 |     0.00 |       0.00 +/-       0.00

0111
1001
1100
1010           0 |     0.00 |       0.00 +/-       0.00

0111
1001
1101
0100           0 |     0.00 |       0.00 +/-       0.00

0111
1010
0000
0110           0 |     0.00 |       0.00 +/-       0.00

0111
1010
0001
0100           0 |     0.00 |       0.00 +/-       0.00

0111
1010
0001
0110           0 |     0.00 |       0.00 +/-       0.00

0111
1010
0001
1000           0 |     0.00 |       0.00 +/-       0.00

0111
1010
1000
0100           0 |     0.00 |       0.00 +/-       0.00

0111
1010
1000
0110           0 |     0.00 |       0.00 +/-       0.00

0111
1010
1000
1000           0 |     0.00 |       0.00 +/-       0.00

0111
1010
1100
0100           0 |     0.00 |       0.00 +/-       0.00

0111
1010
1100
0110           0 |     0.00 |       0.00 +/-       0.00

0111
1010
1100
1100           0 |     0.00 |       0.00 +/-       0.00

0111
1010
1100
1110           0 |     0.00 |       0.00 +/-       0.00

0111
1011
0001
0010           0 |     0.00 |       0.00 +/-       0.00

0111
1011
1000
0010           0 |     0.00 |       0.00 +/-       0.00

0111
1011
1000
0100           0 |     0.00 |       0.00 +/-       0.00

0111
1011
1001
0100           0 |     0.00 |       0.00 +/-       0.00

0111
1011
1001
0110           0 |     0.00 |       0.00 +/-       0.00

0111
1011
1001
1000           0 |     0.00 |       0.00 +/-       0.00

0111
1011
1100
0010           0 |     0.00 |       0.00 +/-       0.00

0111
1011
1100
1010           0 |     0.00 |       0.00 +/-       0.00

0111
1011
1100
1100           0 |     0.00 |       0.00 +/-       0.00

0111
1011
1101
1000           0 |     0.00 |       0.00 +/-       0.00

