gtrieScanner Results
------------------------------------------
General Information

Start of Computation: 02h23m36s 02/08/2020
End of Computation: 02h23m39s 02/08/2020

Subgraph Size: 4
Graph File: "input/#PerfecTourCDMX.edges"
Directed: YES
Nr Nodes: 2087
Nr Edges: 12119

Method: GTRIE with file containing complete g-trie
Different Types of Subgraphs Found [Original Network]: 161
Subgraph Occurrences Found [Original Network]: 280405003
Time for computing census on original network: 3.231541s
Average time for census on random network: 0.000000s

Number of random networks: 0
Random seed: 1596353016
Exchanges per edge: 3
Number of tries per exchange: 10
------------------------------------------
Motif Analysis Results

Graph   Org_Freq |  Z-score |    Rnd_Avg +/-    Rnd_Dev

0000
1000
1000
1000   244070354 |     0.00 |       0.00 +/-       0.00

0000
1001
1000
0000    20076280 |     0.00 |       0.00 +/-       0.00

0000
1010
1000
1000     4724286 |     0.00 |       0.00 +/-       0.00

0000
1000
1000
0100     3734645 |     0.00 |       0.00 +/-       0.00

0001
1000
1000
0000     1727770 |     0.00 |       0.00 +/-       0.00

0100
1000
1000
1000     1166780 |     0.00 |       0.00 +/-       0.00

0010
1010
0000
1000     1071237 |     0.00 |       0.00 +/-       0.00

0110
0000
0000
0110      876074 |     0.00 |       0.00 +/-       0.00

0111
0000
0000
0000      772317 |     0.00 |       0.00 +/-       0.00

0100
0000
1100
1100      504223 |     0.00 |       0.00 +/-       0.00

0010
1001
0000
0000      342596 |     0.00 |       0.00 +/-       0.00

0100
1000
1100
1000      297323 |     0.00 |       0.00 +/-       0.00

0111
0010
0000
0000      209303 |     0.00 |       0.00 +/-       0.00

0011
1000
0000
0000      152910 |     0.00 |       0.00 +/-       0.00

0100
1000
1000
0100      122028 |     0.00 |       0.00 +/-       0.00

0011
1010
0000
0000       72831 |     0.00 |       0.00 +/-       0.00

0110
1000
0000
0010       60747 |     0.00 |       0.00 +/-       0.00

0100
1000
1100
1100       58113 |     0.00 |       0.00 +/-       0.00

0100
0001
1000
0000       51294 |     0.00 |       0.00 +/-       0.00

0100
1000
1001
0000       42353 |     0.00 |       0.00 +/-       0.00

0110
1010
0000
0010       35761 |     0.00 |       0.00 +/-       0.00

0111
0000
0100
0100       21459 |     0.00 |       0.00 +/-       0.00

0101
1000
1000
0000       20979 |     0.00 |       0.00 +/-       0.00

0110
0010
0000
1000       17648 |     0.00 |       0.00 +/-       0.00

0111
0011
0000
0000       17145 |     0.00 |       0.00 +/-       0.00

0100
1001
1000
0000       15834 |     0.00 |       0.00 +/-       0.00

0101
0000
1100
0100       12629 |     0.00 |       0.00 +/-       0.00

0001
1010
1000
0000       10883 |     0.00 |       0.00 +/-       0.00

0110
1010
0000
1000       10880 |     0.00 |       0.00 +/-       0.00

0100
1000
1101
0000        8997 |     0.00 |       0.00 +/-       0.00

0110
0001
0000
0010        8881 |     0.00 |       0.00 +/-       0.00

0110
1000
1000
1000        7648 |     0.00 |       0.00 +/-       0.00

0110
0001
0001
0000        7545 |     0.00 |       0.00 +/-       0.00

0100
1000
1000
0010        7113 |     0.00 |       0.00 +/-       0.00

0111
1000
0000
0000        6512 |     0.00 |       0.00 +/-       0.00

0110
1010
0000
1010        5882 |     0.00 |       0.00 +/-       0.00

0111
0011
0001
0000        4988 |     0.00 |       0.00 +/-       0.00

0111
0001
0100
0000        4978 |     0.00 |       0.00 +/-       0.00

0011
1010
0000
1000        4424 |     0.00 |       0.00 +/-       0.00

0001
1010
1000
1000        4171 |     0.00 |       0.00 +/-       0.00

0110
1001
0000
0000        2704 |     0.00 |       0.00 +/-       0.00

0111
1010
0000
0000        2599 |     0.00 |       0.00 +/-       0.00

0101
0001
1100
0000        2445 |     0.00 |       0.00 +/-       0.00

0101
1000
1100
0000        2396 |     0.00 |       0.00 +/-       0.00

0100
1001
1001
0000        2376 |     0.00 |       0.00 +/-       0.00

0110
1010
1000
1000        1904 |     0.00 |       0.00 +/-       0.00

0110
1010
1000
0100        1518 |     0.00 |       0.00 +/-       0.00

0110
1010
0000
1110        1461 |     0.00 |       0.00 +/-       0.00

0101
1000
1100
1000        1398 |     0.00 |       0.00 +/-       0.00

0101
1000
1101
0000        1342 |     0.00 |       0.00 +/-       0.00

0100
0010
1000
1000        1259 |     0.00 |       0.00 +/-       0.00

0110
1000
1000
0100        1140 |     0.00 |       0.00 +/-       0.00

0100
1010
1000
1000        1118 |     0.00 |       0.00 +/-       0.00

0110
1010
1100
1000        1090 |     0.00 |       0.00 +/-       0.00

0101
1001
1100
0000        1082 |     0.00 |       0.00 +/-       0.00

0110
1000
0001
0000         862 |     0.00 |       0.00 +/-       0.00

0100
1000
1100
0010         820 |     0.00 |       0.00 +/-       0.00

0100
1000
1101
1000         704 |     0.00 |       0.00 +/-       0.00

0110
1000
1100
0100         668 |     0.00 |       0.00 +/-       0.00

0110
1000
1100
1100         609 |     0.00 |       0.00 +/-       0.00

0111
0010
0000
1000         532 |     0.00 |       0.00 +/-       0.00

0100
1000
1100
1010         518 |     0.00 |       0.00 +/-       0.00

0110
1000
0100
0010         479 |     0.00 |       0.00 +/-       0.00

0110
1010
1000
1100         413 |     0.00 |       0.00 +/-       0.00

0111
1010
0000
0010         392 |     0.00 |       0.00 +/-       0.00

0100
1000
1101
1100         372 |     0.00 |       0.00 +/-       0.00

0101
0010
1000
0000         358 |     0.00 |       0.00 +/-       0.00

0110
1000
0100
1000         356 |     0.00 |       0.00 +/-       0.00

0110
1010
1100
1100         340 |     0.00 |       0.00 +/-       0.00

0100
1000
1001
0100         310 |     0.00 |       0.00 +/-       0.00

0111
1011
0000
0000         242 |     0.00 |       0.00 +/-       0.00

0110
1010
1000
1110         234 |     0.00 |       0.00 +/-       0.00

0111
1000
0100
0000         233 |     0.00 |       0.00 +/-       0.00

0110
1001
1000
0000         158 |     0.00 |       0.00 +/-       0.00

0110
1001
0001
0000         156 |     0.00 |       0.00 +/-       0.00

0101
1000
1100
0100         145 |     0.00 |       0.00 +/-       0.00

0001
1000
1100
0100         144 |     0.00 |       0.00 +/-       0.00

0101
1010
1000
0000         140 |     0.00 |       0.00 +/-       0.00

0100
1010
1000
1010         136 |     0.00 |       0.00 +/-       0.00

0110
1000
0101
0000         134 |     0.00 |       0.00 +/-       0.00

0100
1000
1001
0010         120 |     0.00 |       0.00 +/-       0.00

0111
1000
1000
0000         117 |     0.00 |       0.00 +/-       0.00

0110
1011
1000
0000         116 |     0.00 |       0.00 +/-       0.00

0111
1010
1000
0000         111 |     0.00 |       0.00 +/-       0.00

0101
1000
1101
1000         103 |     0.00 |       0.00 +/-       0.00

0110
1010
1100
1110          99 |     0.00 |       0.00 +/-       0.00

0111
1001
1000
0000          98 |     0.00 |       0.00 +/-       0.00

0110
1010
0001
0000          94 |     0.00 |       0.00 +/-       0.00

0111
1010
0001
0000          70 |     0.00 |       0.00 +/-       0.00

0111
1011
0001
0000          64 |     0.00 |       0.00 +/-       0.00

0111
1001
0100
0000          54 |     0.00 |       0.00 +/-       0.00

0011
1001
0100
0000          51 |     0.00 |       0.00 +/-       0.00

0110
1010
1000
0110          51 |     0.00 |       0.00 +/-       0.00

0111
1011
1000
0000          50 |     0.00 |       0.00 +/-       0.00

0110
1000
0100
1110          48 |     0.00 |       0.00 +/-       0.00

0111
1000
0101
0000          45 |     0.00 |       0.00 +/-       0.00

0110
1001
1100
0000          41 |     0.00 |       0.00 +/-       0.00

0111
1010
1100
0000          41 |     0.00 |       0.00 +/-       0.00

0110
1010
0001
0010          38 |     0.00 |       0.00 +/-       0.00

0111
1010
0000
0110          37 |     0.00 |       0.00 +/-       0.00

0111
1011
1001
0000          37 |     0.00 |       0.00 +/-       0.00

0100
1000
1101
0010          33 |     0.00 |       0.00 +/-       0.00

0101
1010
1001
0000          33 |     0.00 |       0.00 +/-       0.00

0110
1000
0100
1010          33 |     0.00 |       0.00 +/-       0.00

0111
1010
0000
1010          31 |     0.00 |       0.00 +/-       0.00

0110
1000
1000
0110          19 |     0.00 |       0.00 +/-       0.00

0111
1010
0001
0010          19 |     0.00 |       0.00 +/-       0.00

0111
1001
1100
0000          18 |     0.00 |       0.00 +/-       0.00

0110
1011
1001
0000          17 |     0.00 |       0.00 +/-       0.00

0111
1011
1100
0000          17 |     0.00 |       0.00 +/-       0.00

0111
1000
1000
1000          16 |     0.00 |       0.00 +/-       0.00

0111
1010
1000
1000          12 |     0.00 |       0.00 +/-       0.00

0100
1001
1000
0010          10 |     0.00 |       0.00 +/-       0.00

0110
1001
1001
0000          10 |     0.00 |       0.00 +/-       0.00

0011
1010
0000
0110           9 |     0.00 |       0.00 +/-       0.00

0101
0010
1000
1000           8 |     0.00 |       0.00 +/-       0.00

0111
0001
0100
0010           8 |     0.00 |       0.00 +/-       0.00

0111
1000
0100
0100           7 |     0.00 |       0.00 +/-       0.00

0111
1011
1101
0000           7 |     0.00 |       0.00 +/-       0.00

0100
1010
1001
1000           6 |     0.00 |       0.00 +/-       0.00

0111
1000
0100
0010           6 |     0.00 |       0.00 +/-       0.00

0111
1010
1100
1000           6 |     0.00 |       0.00 +/-       0.00

0100
0001
1000
0010           5 |     0.00 |       0.00 +/-       0.00

0111
1011
0001
0010           5 |     0.00 |       0.00 +/-       0.00

0110
1011
1000
1000           4 |     0.00 |       0.00 +/-       0.00

0111
1000
0100
1000           4 |     0.00 |       0.00 +/-       0.00

0111
1011
1000
1000           4 |     0.00 |       0.00 +/-       0.00

0010
1001
0100
1000           3 |     0.00 |       0.00 +/-       0.00

0011
1000
0100
0100           3 |     0.00 |       0.00 +/-       0.00

0110
1011
1000
0010           3 |     0.00 |       0.00 +/-       0.00

0110
1011
1000
0100           3 |     0.00 |       0.00 +/-       0.00

0110
1011
1000
1010           3 |     0.00 |       0.00 +/-       0.00

0111
1010
1000
0100           3 |     0.00 |       0.00 +/-       0.00

0111
1010
1100
0100           3 |     0.00 |       0.00 +/-       0.00

0111
1011
1100
1000           3 |     0.00 |       0.00 +/-       0.00

0101
1010
1000
0010           2 |     0.00 |       0.00 +/-       0.00

0110
1000
0101
0010           2 |     0.00 |       0.00 +/-       0.00

0110
1000
0101
1000           2 |     0.00 |       0.00 +/-       0.00

0110
1001
0001
0010           2 |     0.00 |       0.00 +/-       0.00

0110
1001
0100
1000           2 |     0.00 |       0.00 +/-       0.00

0110
1001
1001
0100           2 |     0.00 |       0.00 +/-       0.00

0110
1001
1100
1000           2 |     0.00 |       0.00 +/-       0.00

0110
1010
0001
1010           2 |     0.00 |       0.00 +/-       0.00

0111
1000
0101
0100           2 |     0.00 |       0.00 +/-       0.00

0111
1000
1100
0100           2 |     0.00 |       0.00 +/-       0.00

0111
1010
1100
1100           2 |     0.00 |       0.00 +/-       0.00

0111
1011
1001
1000           2 |     0.00 |       0.00 +/-       0.00

0111
1011
1101
1000           2 |     0.00 |       0.00 +/-       0.00

0101
1010
1001
0010           1 |     0.00 |       0.00 +/-       0.00

0110
1001
1000
0100           1 |     0.00 |       0.00 +/-       0.00

0110
1001
1000
1000           1 |     0.00 |       0.00 +/-       0.00

0110
1010
0001
1000           1 |     0.00 |       0.00 +/-       0.00

0111
1000
0101
0010           1 |     0.00 |       0.00 +/-       0.00

0111
1000
1100
1100           1 |     0.00 |       0.00 +/-       0.00

0111
1001
1100
1000           1 |     0.00 |       0.00 +/-       0.00

0111
1001
1101
0100           1 |     0.00 |       0.00 +/-       0.00

0111
1010
0001
0100           1 |     0.00 |       0.00 +/-       0.00

0111
1010
1000
0110           1 |     0.00 |       0.00 +/-       0.00

0111
1010
1100
0110           1 |     0.00 |       0.00 +/-       0.00

0111
1010
1100
1110           1 |     0.00 |       0.00 +/-       0.00

0111
1011
1101
1100           1 |     0.00 |       0.00 +/-       0.00

0101
0001
1100
0010           0 |     0.00 |       0.00 +/-       0.00

0101
1000
1100
0010           0 |     0.00 |       0.00 +/-       0.00

0101
1010
1000
1010           0 |     0.00 |       0.00 +/-       0.00

0101
1010
1001
1000           0 |     0.00 |       0.00 +/-       0.00

0110
1000
0001
0110           0 |     0.00 |       0.00 +/-       0.00

0110
1000
0101
1100           0 |     0.00 |       0.00 +/-       0.00

0110
1001
0101
1000           0 |     0.00 |       0.00 +/-       0.00

0110
1001
0101
1010           0 |     0.00 |       0.00 +/-       0.00

0110
1001
1000
0010           0 |     0.00 |       0.00 +/-       0.00

0110
1001
1001
0110           0 |     0.00 |       0.00 +/-       0.00

0110
1001
1100
0010           0 |     0.00 |       0.00 +/-       0.00

0110
1001
1100
0100           0 |     0.00 |       0.00 +/-       0.00

0110
1001
1100
0110           0 |     0.00 |       0.00 +/-       0.00

0110
1001
1100
1010           0 |     0.00 |       0.00 +/-       0.00

0110
1001
1100
1100           0 |     0.00 |       0.00 +/-       0.00

0110
1001
1101
0100           0 |     0.00 |       0.00 +/-       0.00

0110
1001
1101
1100           0 |     0.00 |       0.00 +/-       0.00

0110
1010
0001
1100           0 |     0.00 |       0.00 +/-       0.00

0110
1011
1000
0110           0 |     0.00 |       0.00 +/-       0.00

0110
1011
1001
0100           0 |     0.00 |       0.00 +/-       0.00

0110
1011
1001
0110           0 |     0.00 |       0.00 +/-       0.00

0110
1011
1001
1000           0 |     0.00 |       0.00 +/-       0.00

0111
1000
0101
0110           0 |     0.00 |       0.00 +/-       0.00

0111
1000
0101
1000           0 |     0.00 |       0.00 +/-       0.00

0111
1001
1100
0010           0 |     0.00 |       0.00 +/-       0.00

0111
1001
1100
0100           0 |     0.00 |       0.00 +/-       0.00

0111
1001
1100
0110           0 |     0.00 |       0.00 +/-       0.00

0111
1001
1100
1010           0 |     0.00 |       0.00 +/-       0.00

0111
1010
0001
0110           0 |     0.00 |       0.00 +/-       0.00

0111
1010
0001
1000           0 |     0.00 |       0.00 +/-       0.00

0111
1011
1000
0010           0 |     0.00 |       0.00 +/-       0.00

0111
1011
1000
0100           0 |     0.00 |       0.00 +/-       0.00

0111
1011
1001
0100           0 |     0.00 |       0.00 +/-       0.00

0111
1011
1001
0110           0 |     0.00 |       0.00 +/-       0.00

0111
1011
1100
0010           0 |     0.00 |       0.00 +/-       0.00

0111
1011
1100
1010           0 |     0.00 |       0.00 +/-       0.00

0111
1011
1100
1100           0 |     0.00 |       0.00 +/-       0.00

0111
1011
1101
1110           0 |     0.00 |       0.00 +/-       0.00

