gtrieScanner Results
------------------------------------------
General Information

Start of Computation: 02h23m39s 02/08/2020
End of Computation: 02h24m03s 02/08/2020

Subgraph Size: 4
Graph File: "input/#PerfecTourGuadalajara.edges"
Directed: YES
Nr Nodes: 3292
Nr Edges: 11271

Method: GTRIE with file containing complete g-trie
Different Types of Subgraphs Found [Original Network]: 129
Subgraph Occurrences Found [Original Network]: 1960173487
Time for computing census on original network: 23.961378s
Average time for census on random network: 0.000000s

Number of random networks: 0
Random seed: 1596353019
Exchanges per edge: 3
Number of tries per exchange: 10
------------------------------------------
Motif Analysis Results

Graph   Org_Freq |  Z-score |    Rnd_Avg +/-    Rnd_Dev

0000
1000
1000
1000  1924995279 |     0.00 |       0.00 +/-       0.00

0000
1001
1000
0000    15940500 |     0.00 |       0.00 +/-       0.00

0000
1010
1000
1000    10605243 |     0.00 |       0.00 +/-       0.00

0000
1000
1000
0100     4974757 |     0.00 |       0.00 +/-       0.00

0001
1000
1000
0000      602575 |     0.00 |       0.00 +/-       0.00

0010
1010
0000
1000      566145 |     0.00 |       0.00 +/-       0.00

0110
0000
0000
0110      532342 |     0.00 |       0.00 +/-       0.00

0100
0000
1100
1100      510317 |     0.00 |       0.00 +/-       0.00

0111
0000
0000
0000      483471 |     0.00 |       0.00 +/-       0.00

0100
1000
1000
1000      229734 |     0.00 |       0.00 +/-       0.00

0010
1001
0000
0000      158147 |     0.00 |       0.00 +/-       0.00

0111
0010
0000
0000      123063 |     0.00 |       0.00 +/-       0.00

0011
1000
0000
0000      110585 |     0.00 |       0.00 +/-       0.00

0110
1000
0000
0010       45438 |     0.00 |       0.00 +/-       0.00

0110
1010
0000
0010       44310 |     0.00 |       0.00 +/-       0.00

0011
1010
0000
0000       41357 |     0.00 |       0.00 +/-       0.00

0111
0000
0100
0100       25215 |     0.00 |       0.00 +/-       0.00

0100
0001
1000
0000       22453 |     0.00 |       0.00 +/-       0.00

0100
1001
1000
0000       22016 |     0.00 |       0.00 +/-       0.00

0100
1000
1001
0000       14352 |     0.00 |       0.00 +/-       0.00

0110
0010
0000
1000       11872 |     0.00 |       0.00 +/-       0.00

0101
0000
1100
0100       11464 |     0.00 |       0.00 +/-       0.00

0100
1000
1100
1000       11107 |     0.00 |       0.00 +/-       0.00

0111
0011
0000
0000        9433 |     0.00 |       0.00 +/-       0.00

0111
1000
0000
0000        9340 |     0.00 |       0.00 +/-       0.00

0101
1000
1000
0000        7135 |     0.00 |       0.00 +/-       0.00

0100
1000
1000
0100        6880 |     0.00 |       0.00 +/-       0.00

0111
1010
0000
0000        5957 |     0.00 |       0.00 +/-       0.00

0110
0001
0001
0000        5438 |     0.00 |       0.00 +/-       0.00

0111
0011
0001
0000        5009 |     0.00 |       0.00 +/-       0.00

0100
1010
1000
1000        4953 |     0.00 |       0.00 +/-       0.00

0110
0001
0000
0010        4516 |     0.00 |       0.00 +/-       0.00

0001
1010
1000
0000        3947 |     0.00 |       0.00 +/-       0.00

0100
1000
1000
0010        3247 |     0.00 |       0.00 +/-       0.00

0110
1010
0000
1000        2695 |     0.00 |       0.00 +/-       0.00

0100
1001
1001
0000        2294 |     0.00 |       0.00 +/-       0.00

0111
0001
0100
0000        2070 |     0.00 |       0.00 +/-       0.00

0110
1010
0000
1010        1927 |     0.00 |       0.00 +/-       0.00

0110
1001
0000
0000        1784 |     0.00 |       0.00 +/-       0.00

0101
0001
1100
0000        1759 |     0.00 |       0.00 +/-       0.00

0100
1000
1101
0000        1519 |     0.00 |       0.00 +/-       0.00

0001
1010
1000
1000        1433 |     0.00 |       0.00 +/-       0.00

0011
1010
0000
1000        1421 |     0.00 |       0.00 +/-       0.00

0111
1011
0000
0000        1234 |     0.00 |       0.00 +/-       0.00

0101
1000
1100
0000         997 |     0.00 |       0.00 +/-       0.00

0110
1000
1000
1000         706 |     0.00 |       0.00 +/-       0.00

0111
1010
0000
0010         640 |     0.00 |       0.00 +/-       0.00

0110
1000
0001
0000         574 |     0.00 |       0.00 +/-       0.00

0111
1000
0100
0000         447 |     0.00 |       0.00 +/-       0.00

0111
0010
0000
1000         382 |     0.00 |       0.00 +/-       0.00

0100
1000
1100
1100         275 |     0.00 |       0.00 +/-       0.00

0101
1000
1101
0000         247 |     0.00 |       0.00 +/-       0.00

0111
1011
0001
0000         240 |     0.00 |       0.00 +/-       0.00

0101
1001
1100
0000         226 |     0.00 |       0.00 +/-       0.00

0100
1010
1000
1010         196 |     0.00 |       0.00 +/-       0.00

0110
1000
0100
0010         193 |     0.00 |       0.00 +/-       0.00

0110
1010
0000
1110         173 |     0.00 |       0.00 +/-       0.00

0100
1000
1100
0010         155 |     0.00 |       0.00 +/-       0.00

0111
1000
1000
0000         151 |     0.00 |       0.00 +/-       0.00

0100
1000
1101
1000         136 |     0.00 |       0.00 +/-       0.00

0110
1001
1000
0000         115 |     0.00 |       0.00 +/-       0.00

0111
1001
1000
0000         109 |     0.00 |       0.00 +/-       0.00

0101
1000
1100
0100         101 |     0.00 |       0.00 +/-       0.00

0101
1010
1000
0000         100 |     0.00 |       0.00 +/-       0.00

0110
1001
0001
0000          96 |     0.00 |       0.00 +/-       0.00

0110
1000
0101
0000          88 |     0.00 |       0.00 +/-       0.00

0100
1000
1100
1010          86 |     0.00 |       0.00 +/-       0.00

0110
1000
1000
0100          83 |     0.00 |       0.00 +/-       0.00

0111
1010
0001
0000          83 |     0.00 |       0.00 +/-       0.00

0110
1000
0100
1000          80 |     0.00 |       0.00 +/-       0.00

0100
1000
1001
0100          75 |     0.00 |       0.00 +/-       0.00

0110
1010
0001
0000          67 |     0.00 |       0.00 +/-       0.00

0111
1001
0100
0000          63 |     0.00 |       0.00 +/-       0.00

0101
0010
1000
0000          60 |     0.00 |       0.00 +/-       0.00

0100
0010
1000
1000          57 |     0.00 |       0.00 +/-       0.00

0101
1000
1100
1000          56 |     0.00 |       0.00 +/-       0.00

0111
1010
1000
0000          55 |     0.00 |       0.00 +/-       0.00

0111
1000
0101
0000          52 |     0.00 |       0.00 +/-       0.00

0110
1011
1000
0000          51 |     0.00 |       0.00 +/-       0.00

0100
1000
1001
0010          48 |     0.00 |       0.00 +/-       0.00

0111
1000
0100
0100          43 |     0.00 |       0.00 +/-       0.00

0111
1011
1001
0000          40 |     0.00 |       0.00 +/-       0.00

0111
1010
0000
1010          35 |     0.00 |       0.00 +/-       0.00

0110
1000
1100
0100          33 |     0.00 |       0.00 +/-       0.00

0111
1010
0000
0110          29 |     0.00 |       0.00 +/-       0.00

0111
1011
1000
0000          28 |     0.00 |       0.00 +/-       0.00

0110
1010
1000
1000          22 |     0.00 |       0.00 +/-       0.00

0100
1000
1101
1100          18 |     0.00 |       0.00 +/-       0.00

0110
1010
0001
0010          18 |     0.00 |       0.00 +/-       0.00

0111
1001
1100
0000          18 |     0.00 |       0.00 +/-       0.00

0101
1010
1001
0000          17 |     0.00 |       0.00 +/-       0.00

0110
1001
1000
1000          15 |     0.00 |       0.00 +/-       0.00

0011
1001
0100
0000          13 |     0.00 |       0.00 +/-       0.00

0100
1010
1001
1000          13 |     0.00 |       0.00 +/-       0.00

0110
1000
0100
1010          13 |     0.00 |       0.00 +/-       0.00

0110
1000
0100
1110          13 |     0.00 |       0.00 +/-       0.00

0100
1001
1000
0010          12 |     0.00 |       0.00 +/-       0.00

0111
1000
0101
0100          11 |     0.00 |       0.00 +/-       0.00

0111
1010
0001
0010          11 |     0.00 |       0.00 +/-       0.00

0110
1000
1100
1100           9 |     0.00 |       0.00 +/-       0.00

0110
1001
1100
0000           9 |     0.00 |       0.00 +/-       0.00

0110
1010
1000
0100           9 |     0.00 |       0.00 +/-       0.00

0100
1000
1101
0010           7 |     0.00 |       0.00 +/-       0.00

0101
1000
1101
1000           7 |     0.00 |       0.00 +/-       0.00

0110
1001
1001
0000           6 |     0.00 |       0.00 +/-       0.00

0001
1000
1100
0100           5 |     0.00 |       0.00 +/-       0.00

0110
1011
1001
0000           4 |     0.00 |       0.00 +/-       0.00

0111
1000
0100
0010           4 |     0.00 |       0.00 +/-       0.00

0110
1000
0101
0010           3 |     0.00 |       0.00 +/-       0.00

0110
1010
0001
1010           2 |     0.00 |       0.00 +/-       0.00

0110
1010
1000
1100           2 |     0.00 |       0.00 +/-       0.00

0110
1010
1000
1110           2 |     0.00 |       0.00 +/-       0.00

0111
1000
0100
1000           2 |     0.00 |       0.00 +/-       0.00

0111
1010
1000
1000           2 |     0.00 |       0.00 +/-       0.00

0111
1011
0001
0010           2 |     0.00 |       0.00 +/-       0.00

0010
1001
0100
1000           1 |     0.00 |       0.00 +/-       0.00

0011
1010
0000
0110           1 |     0.00 |       0.00 +/-       0.00

0110
1000
0101
1100           1 |     0.00 |       0.00 +/-       0.00

0110
1000
1000
0110           1 |     0.00 |       0.00 +/-       0.00

0110
1001
1000
0010           1 |     0.00 |       0.00 +/-       0.00

0110
1001
1001
0100           1 |     0.00 |       0.00 +/-       0.00

0110
1001
1100
0100           1 |     0.00 |       0.00 +/-       0.00

0110
1010
1000
0110           1 |     0.00 |       0.00 +/-       0.00

0110
1011
1000
0110           1 |     0.00 |       0.00 +/-       0.00

0110
1011
1000
1010           1 |     0.00 |       0.00 +/-       0.00

0111
1000
0101
0110           1 |     0.00 |       0.00 +/-       0.00

0111
1000
1100
0100           1 |     0.00 |       0.00 +/-       0.00

0111
1001
1101
0100           1 |     0.00 |       0.00 +/-       0.00

0111
1011
1000
0010           1 |     0.00 |       0.00 +/-       0.00

0011
1000
0100
0100           0 |     0.00 |       0.00 +/-       0.00

0100
0001
1000
0010           0 |     0.00 |       0.00 +/-       0.00

0101
0001
1100
0010           0 |     0.00 |       0.00 +/-       0.00

0101
0010
1000
1000           0 |     0.00 |       0.00 +/-       0.00

0101
1000
1100
0010           0 |     0.00 |       0.00 +/-       0.00

0101
1010
1000
0010           0 |     0.00 |       0.00 +/-       0.00

0101
1010
1000
1010           0 |     0.00 |       0.00 +/-       0.00

0101
1010
1001
0010           0 |     0.00 |       0.00 +/-       0.00

0101
1010
1001
1000           0 |     0.00 |       0.00 +/-       0.00

0110
1000
0001
0110           0 |     0.00 |       0.00 +/-       0.00

0110
1000
0101
1000           0 |     0.00 |       0.00 +/-       0.00

0110
1001
0001
0010           0 |     0.00 |       0.00 +/-       0.00

0110
1001
0100
1000           0 |     0.00 |       0.00 +/-       0.00

0110
1001
0101
1000           0 |     0.00 |       0.00 +/-       0.00

0110
1001
0101
1010           0 |     0.00 |       0.00 +/-       0.00

0110
1001
1000
0100           0 |     0.00 |       0.00 +/-       0.00

0110
1001
1001
0110           0 |     0.00 |       0.00 +/-       0.00

0110
1001
1100
0010           0 |     0.00 |       0.00 +/-       0.00

0110
1001
1100
0110           0 |     0.00 |       0.00 +/-       0.00

0110
1001
1100
1000           0 |     0.00 |       0.00 +/-       0.00

0110
1001
1100
1010           0 |     0.00 |       0.00 +/-       0.00

0110
1001
1100
1100           0 |     0.00 |       0.00 +/-       0.00

0110
1001
1101
0100           0 |     0.00 |       0.00 +/-       0.00

0110
1001
1101
1100           0 |     0.00 |       0.00 +/-       0.00

0110
1010
0001
1000           0 |     0.00 |       0.00 +/-       0.00

0110
1010
0001
1100           0 |     0.00 |       0.00 +/-       0.00

0110
1010
1100
1000           0 |     0.00 |       0.00 +/-       0.00

0110
1010
1100
1100           0 |     0.00 |       0.00 +/-       0.00

0110
1010
1100
1110           0 |     0.00 |       0.00 +/-       0.00

0110
1011
1000
0010           0 |     0.00 |       0.00 +/-       0.00

0110
1011
1000
0100           0 |     0.00 |       0.00 +/-       0.00

0110
1011
1000
1000           0 |     0.00 |       0.00 +/-       0.00

0110
1011
1001
0100           0 |     0.00 |       0.00 +/-       0.00

0110
1011
1001
0110           0 |     0.00 |       0.00 +/-       0.00

0110
1011
1001
1000           0 |     0.00 |       0.00 +/-       0.00

0111
0001
0100
0010           0 |     0.00 |       0.00 +/-       0.00

0111
1000
0101
0010           0 |     0.00 |       0.00 +/-       0.00

0111
1000
0101
1000           0 |     0.00 |       0.00 +/-       0.00

0111
1000
1000
1000           0 |     0.00 |       0.00 +/-       0.00

0111
1000
1100
1100           0 |     0.00 |       0.00 +/-       0.00

0111
1001
1100
0010           0 |     0.00 |       0.00 +/-       0.00

0111
1001
1100
0100           0 |     0.00 |       0.00 +/-       0.00

0111
1001
1100
0110           0 |     0.00 |       0.00 +/-       0.00

0111
1001
1100
1000           0 |     0.00 |       0.00 +/-       0.00

0111
1001
1100
1010           0 |     0.00 |       0.00 +/-       0.00

0111
1010
0001
0100           0 |     0.00 |       0.00 +/-       0.00

0111
1010
0001
0110           0 |     0.00 |       0.00 +/-       0.00

0111
1010
0001
1000           0 |     0.00 |       0.00 +/-       0.00

0111
1010
1000
0100           0 |     0.00 |       0.00 +/-       0.00

0111
1010
1000
0110           0 |     0.00 |       0.00 +/-       0.00

0111
1010
1100
0000           0 |     0.00 |       0.00 +/-       0.00

0111
1010
1100
0100           0 |     0.00 |       0.00 +/-       0.00

0111
1010
1100
0110           0 |     0.00 |       0.00 +/-       0.00

0111
1010
1100
1000           0 |     0.00 |       0.00 +/-       0.00

0111
1010
1100
1100           0 |     0.00 |       0.00 +/-       0.00

0111
1010
1100
1110           0 |     0.00 |       0.00 +/-       0.00

0111
1011
1000
0100           0 |     0.00 |       0.00 +/-       0.00

0111
1011
1000
1000           0 |     0.00 |       0.00 +/-       0.00

0111
1011
1001
0100           0 |     0.00 |       0.00 +/-       0.00

0111
1011
1001
0110           0 |     0.00 |       0.00 +/-       0.00

0111
1011
1001
1000           0 |     0.00 |       0.00 +/-       0.00

0111
1011
1100
0000           0 |     0.00 |       0.00 +/-       0.00

0111
1011
1100
0010           0 |     0.00 |       0.00 +/-       0.00

0111
1011
1100
1000           0 |     0.00 |       0.00 +/-       0.00

0111
1011
1100
1010           0 |     0.00 |       0.00 +/-       0.00

0111
1011
1100
1100           0 |     0.00 |       0.00 +/-       0.00

0111
1011
1101
0000           0 |     0.00 |       0.00 +/-       0.00

0111
1011
1101
1000           0 |     0.00 |       0.00 +/-       0.00

0111
1011
1101
1100           0 |     0.00 |       0.00 +/-       0.00

0111
1011
1101
1110           0 |     0.00 |       0.00 +/-       0.00

