gtrieScanner Results
------------------------------------------
General Information

Start of Computation: 02h52m35s 02/08/2020
End of Computation: 02h52m35s 02/08/2020

Subgraph Size: 4
Graph File: "input/#ViveLatino2020.edges"
Directed: YES
Nr Nodes: 1213
Nr Edges: 1659

Method: GTRIE with file containing complete g-trie
Different Types of Subgraphs Found [Original Network]: 30
Subgraph Occurrences Found [Original Network]: 3679456
Time for computing census on original network: 0.040726s
Average time for census on random network: 0.000000s

Number of random networks: 0
Random seed: 1596354755
Exchanges per edge: 3
Number of tries per exchange: 10
------------------------------------------
Motif Analysis Results

Graph   Org_Freq |  Z-score |    Rnd_Avg +/-    Rnd_Dev

0000
1000
1000
1000     3425874 |     0.00 |       0.00 +/-       0.00

0001
1000
1000
0000       72224 |     0.00 |       0.00 +/-       0.00

0000
1001
1000
0000       66670 |     0.00 |       0.00 +/-       0.00

0000
1000
1000
0100       42086 |     0.00 |       0.00 +/-       0.00

0010
1010
0000
1000       32815 |     0.00 |       0.00 +/-       0.00

0000
1010
1000
1000       23765 |     0.00 |       0.00 +/-       0.00

0100
0000
1100
1100        8912 |     0.00 |       0.00 +/-       0.00

0111
0000
0000
0000        2196 |     0.00 |       0.00 +/-       0.00

0110
0000
0000
0110        1812 |     0.00 |       0.00 +/-       0.00

0011
1000
0000
0000        1350 |     0.00 |       0.00 +/-       0.00

0011
1010
0000
0000         742 |     0.00 |       0.00 +/-       0.00

0110
1010
0000
0010         410 |     0.00 |       0.00 +/-       0.00

0111
0011
0000
0000         237 |     0.00 |       0.00 +/-       0.00

0010
1001
0000
0000         113 |     0.00 |       0.00 +/-       0.00

0111
0010
0000
0000         102 |     0.00 |       0.00 +/-       0.00

0100
1000
1001
0000          40 |     0.00 |       0.00 +/-       0.00

0001
1010
1000
0000          20 |     0.00 |       0.00 +/-       0.00

0110
1010
0000
1000          20 |     0.00 |       0.00 +/-       0.00

0111
1011
0000
0000          18 |     0.00 |       0.00 +/-       0.00

0110
1010
0000
1110          12 |     0.00 |       0.00 +/-       0.00

0100
1000
1000
1000           6 |     0.00 |       0.00 +/-       0.00

0100
1000
1100
1000           6 |     0.00 |       0.00 +/-       0.00

0111
0000
0100
0100           5 |     0.00 |       0.00 +/-       0.00

0110
1010
0000
1010           4 |     0.00 |       0.00 +/-       0.00

0111
1011
1101
0000           4 |     0.00 |       0.00 +/-       0.00

0001
1010
1000
1000           3 |     0.00 |       0.00 +/-       0.00

0100
1000
1000
0010           3 |     0.00 |       0.00 +/-       0.00

0110
1010
0001
0010           3 |     0.00 |       0.00 +/-       0.00

0110
1010
1100
1000           3 |     0.00 |       0.00 +/-       0.00

0110
1010
1100
1110           1 |     0.00 |       0.00 +/-       0.00

0001
1000
1100
0100           0 |     0.00 |       0.00 +/-       0.00

0010
1001
0100
1000           0 |     0.00 |       0.00 +/-       0.00

0011
1000
0100
0100           0 |     0.00 |       0.00 +/-       0.00

0011
1001
0100
0000           0 |     0.00 |       0.00 +/-       0.00

0011
1010
0000
0110           0 |     0.00 |       0.00 +/-       0.00

0011
1010
0000
1000           0 |     0.00 |       0.00 +/-       0.00

0100
0001
1000
0000           0 |     0.00 |       0.00 +/-       0.00

0100
0001
1000
0010           0 |     0.00 |       0.00 +/-       0.00

0100
0010
1000
1000           0 |     0.00 |       0.00 +/-       0.00

0100
1000
1000
0100           0 |     0.00 |       0.00 +/-       0.00

0100
1000
1001
0010           0 |     0.00 |       0.00 +/-       0.00

0100
1000
1001
0100           0 |     0.00 |       0.00 +/-       0.00

0100
1000
1100
0010           0 |     0.00 |       0.00 +/-       0.00

0100
1000
1100
1010           0 |     0.00 |       0.00 +/-       0.00

0100
1000
1100
1100           0 |     0.00 |       0.00 +/-       0.00

0100
1000
1101
0000           0 |     0.00 |       0.00 +/-       0.00

0100
1000
1101
0010           0 |     0.00 |       0.00 +/-       0.00

0100
1000
1101
1000           0 |     0.00 |       0.00 +/-       0.00

0100
1000
1101
1100           0 |     0.00 |       0.00 +/-       0.00

0100
1001
1000
0000           0 |     0.00 |       0.00 +/-       0.00

0100
1001
1000
0010           0 |     0.00 |       0.00 +/-       0.00

0100
1001
1001
0000           0 |     0.00 |       0.00 +/-       0.00

0100
1010
1000
1000           0 |     0.00 |       0.00 +/-       0.00

0100
1010
1000
1010           0 |     0.00 |       0.00 +/-       0.00

0100
1010
1001
1000           0 |     0.00 |       0.00 +/-       0.00

0101
0000
1100
0100           0 |     0.00 |       0.00 +/-       0.00

0101
0001
1100
0000           0 |     0.00 |       0.00 +/-       0.00

0101
0001
1100
0010           0 |     0.00 |       0.00 +/-       0.00

0101
0010
1000
0000           0 |     0.00 |       0.00 +/-       0.00

0101
0010
1000
1000           0 |     0.00 |       0.00 +/-       0.00

0101
1000
1000
0000           0 |     0.00 |       0.00 +/-       0.00

0101
1000
1100
0000           0 |     0.00 |       0.00 +/-       0.00

0101
1000
1100
0010           0 |     0.00 |       0.00 +/-       0.00

0101
1000
1100
0100           0 |     0.00 |       0.00 +/-       0.00

0101
1000
1100
1000           0 |     0.00 |       0.00 +/-       0.00

0101
1000
1101
0000           0 |     0.00 |       0.00 +/-       0.00

0101
1000
1101
1000           0 |     0.00 |       0.00 +/-       0.00

0101
1001
1100
0000           0 |     0.00 |       0.00 +/-       0.00

0101
1010
1000
0000           0 |     0.00 |       0.00 +/-       0.00

0101
1010
1000
0010           0 |     0.00 |       0.00 +/-       0.00

0101
1010
1000
1010           0 |     0.00 |       0.00 +/-       0.00

0101
1010
1001
0000           0 |     0.00 |       0.00 +/-       0.00

0101
1010
1001
0010           0 |     0.00 |       0.00 +/-       0.00

0101
1010
1001
1000           0 |     0.00 |       0.00 +/-       0.00

0110
0001
0000
0010           0 |     0.00 |       0.00 +/-       0.00

0110
0001
0001
0000           0 |     0.00 |       0.00 +/-       0.00

0110
0010
0000
1000           0 |     0.00 |       0.00 +/-       0.00

0110
1000
0000
0010           0 |     0.00 |       0.00 +/-       0.00

0110
1000
0001
0000           0 |     0.00 |       0.00 +/-       0.00

0110
1000
0001
0110           0 |     0.00 |       0.00 +/-       0.00

0110
1000
0100
0010           0 |     0.00 |       0.00 +/-       0.00

0110
1000
0100
1000           0 |     0.00 |       0.00 +/-       0.00

0110
1000
0100
1010           0 |     0.00 |       0.00 +/-       0.00

0110
1000
0100
1110           0 |     0.00 |       0.00 +/-       0.00

0110
1000
0101
0000           0 |     0.00 |       0.00 +/-       0.00

0110
1000
0101
0010           0 |     0.00 |       0.00 +/-       0.00

0110
1000
0101
1000           0 |     0.00 |       0.00 +/-       0.00

0110
1000
0101
1100           0 |     0.00 |       0.00 +/-       0.00

0110
1000
1000
0100           0 |     0.00 |       0.00 +/-       0.00

0110
1000
1000
0110           0 |     0.00 |       0.00 +/-       0.00

0110
1000
1000
1000           0 |     0.00 |       0.00 +/-       0.00

0110
1000
1100
0100           0 |     0.00 |       0.00 +/-       0.00

0110
1000
1100
1100           0 |     0.00 |       0.00 +/-       0.00

0110
1001
0000
0000           0 |     0.00 |       0.00 +/-       0.00

0110
1001
0001
0000           0 |     0.00 |       0.00 +/-       0.00

0110
1001
0001
0010           0 |     0.00 |       0.00 +/-       0.00

0110
1001
0100
1000           0 |     0.00 |       0.00 +/-       0.00

0110
1001
0101
1000           0 |     0.00 |       0.00 +/-       0.00

0110
1001
0101
1010           0 |     0.00 |       0.00 +/-       0.00

0110
1001
1000
0000           0 |     0.00 |       0.00 +/-       0.00

0110
1001
1000
0010           0 |     0.00 |       0.00 +/-       0.00

0110
1001
1000
0100           0 |     0.00 |       0.00 +/-       0.00

0110
1001
1000
1000           0 |     0.00 |       0.00 +/-       0.00

0110
1001
1001
0000           0 |     0.00 |       0.00 +/-       0.00

0110
1001
1001
0100           0 |     0.00 |       0.00 +/-       0.00

0110
1001
1001
0110           0 |     0.00 |       0.00 +/-       0.00

0110
1001
1100
0000           0 |     0.00 |       0.00 +/-       0.00

0110
1001
1100
0010           0 |     0.00 |       0.00 +/-       0.00

0110
1001
1100
0100           0 |     0.00 |       0.00 +/-       0.00

0110
1001
1100
0110           0 |     0.00 |       0.00 +/-       0.00

0110
1001
1100
1000           0 |     0.00 |       0.00 +/-       0.00

0110
1001
1100
1010           0 |     0.00 |       0.00 +/-       0.00

0110
1001
1100
1100           0 |     0.00 |       0.00 +/-       0.00

0110
1001
1101
0100           0 |     0.00 |       0.00 +/-       0.00

0110
1001
1101
1100           0 |     0.00 |       0.00 +/-       0.00

0110
1010
0001
0000           0 |     0.00 |       0.00 +/-       0.00

0110
1010
0001
1000           0 |     0.00 |       0.00 +/-       0.00

0110
1010
0001
1010           0 |     0.00 |       0.00 +/-       0.00

0110
1010
0001
1100           0 |     0.00 |       0.00 +/-       0.00

0110
1010
1000
0100           0 |     0.00 |       0.00 +/-       0.00

0110
1010
1000
0110           0 |     0.00 |       0.00 +/-       0.00

0110
1010
1000
1000           0 |     0.00 |       0.00 +/-       0.00

0110
1010
1000
1100           0 |     0.00 |       0.00 +/-       0.00

0110
1010
1000
1110           0 |     0.00 |       0.00 +/-       0.00

0110
1010
1100
1100           0 |     0.00 |       0.00 +/-       0.00

0110
1011
1000
0000           0 |     0.00 |       0.00 +/-       0.00

0110
1011
1000
0010           0 |     0.00 |       0.00 +/-       0.00

0110
1011
1000
0100           0 |     0.00 |       0.00 +/-       0.00

0110
1011
1000
0110           0 |     0.00 |       0.00 +/-       0.00

0110
1011
1000
1000           0 |     0.00 |       0.00 +/-       0.00

0110
1011
1000
1010           0 |     0.00 |       0.00 +/-       0.00

0110
1011
1001
0000           0 |     0.00 |       0.00 +/-       0.00

0110
1011
1001
0100           0 |     0.00 |       0.00 +/-       0.00

0110
1011
1001
0110           0 |     0.00 |       0.00 +/-       0.00

0110
1011
1001
1000           0 |     0.00 |       0.00 +/-       0.00

0111
0001
0100
0000           0 |     0.00 |       0.00 +/-       0.00

0111
0001
0100
0010           0 |     0.00 |       0.00 +/-       0.00

0111
0010
0000
1000           0 |     0.00 |       0.00 +/-       0.00

0111
0011
0001
0000           0 |     0.00 |       0.00 +/-       0.00

0111
1000
0000
0000           0 |     0.00 |       0.00 +/-       0.00

0111
1000
0100
0000           0 |     0.00 |       0.00 +/-       0.00

0111
1000
0100
0010           0 |     0.00 |       0.00 +/-       0.00

0111
1000
0100
0100           0 |     0.00 |       0.00 +/-       0.00

0111
1000
0100
1000           0 |     0.00 |       0.00 +/-       0.00

0111
1000
0101
0000           0 |     0.00 |       0.00 +/-       0.00

0111
1000
0101
0010           0 |     0.00 |       0.00 +/-       0.00

0111
1000
0101
0100           0 |     0.00 |       0.00 +/-       0.00

0111
1000
0101
0110           0 |     0.00 |       0.00 +/-       0.00

0111
1000
0101
1000           0 |     0.00 |       0.00 +/-       0.00

0111
1000
1000
0000           0 |     0.00 |       0.00 +/-       0.00

0111
1000
1000
1000           0 |     0.00 |       0.00 +/-       0.00

0111
1000
1100
0100           0 |     0.00 |       0.00 +/-       0.00

0111
1000
1100
1100           0 |     0.00 |       0.00 +/-       0.00

0111
1001
0100
0000           0 |     0.00 |       0.00 +/-       0.00

0111
1001
1000
0000           0 |     0.00 |       0.00 +/-       0.00

0111
1001
1100
0000           0 |     0.00 |       0.00 +/-       0.00

0111
1001
1100
0010           0 |     0.00 |       0.00 +/-       0.00

0111
1001
1100
0100           0 |     0.00 |       0.00 +/-       0.00

0111
1001
1100
0110           0 |     0.00 |       0.00 +/-       0.00

0111
1001
1100
1000           0 |     0.00 |       0.00 +/-       0.00

0111
1001
1100
1010           0 |     0.00 |       0.00 +/-       0.00

0111
1001
1101
0100           0 |     0.00 |       0.00 +/-       0.00

0111
1010
0000
0000           0 |     0.00 |       0.00 +/-       0.00

0111
1010
0000
0010           0 |     0.00 |       0.00 +/-       0.00

0111
1010
0000
0110           0 |     0.00 |       0.00 +/-       0.00

0111
1010
0000
1010           0 |     0.00 |       0.00 +/-       0.00

0111
1010
0001
0000           0 |     0.00 |       0.00 +/-       0.00

0111
1010
0001
0010           0 |     0.00 |       0.00 +/-       0.00

0111
1010
0001
0100           0 |     0.00 |       0.00 +/-       0.00

0111
1010
0001
0110           0 |     0.00 |       0.00 +/-       0.00

0111
1010
0001
1000           0 |     0.00 |       0.00 +/-       0.00

0111
1010
1000
0000           0 |     0.00 |       0.00 +/-       0.00

0111
1010
1000
0100           0 |     0.00 |       0.00 +/-       0.00

0111
1010
1000
0110           0 |     0.00 |       0.00 +/-       0.00

0111
1010
1000
1000           0 |     0.00 |       0.00 +/-       0.00

0111
1010
1100
0000           0 |     0.00 |       0.00 +/-       0.00

0111
1010
1100
0100           0 |     0.00 |       0.00 +/-       0.00

0111
1010
1100
0110           0 |     0.00 |       0.00 +/-       0.00

0111
1010
1100
1000           0 |     0.00 |       0.00 +/-       0.00

0111
1010
1100
1100           0 |     0.00 |       0.00 +/-       0.00

0111
1010
1100
1110           0 |     0.00 |       0.00 +/-       0.00

0111
1011
0001
0000           0 |     0.00 |       0.00 +/-       0.00

0111
1011
0001
0010           0 |     0.00 |       0.00 +/-       0.00

0111
1011
1000
0000           0 |     0.00 |       0.00 +/-       0.00

0111
1011
1000
0010           0 |     0.00 |       0.00 +/-       0.00

0111
1011
1000
0100           0 |     0.00 |       0.00 +/-       0.00

0111
1011
1000
1000           0 |     0.00 |       0.00 +/-       0.00

0111
1011
1001
0000           0 |     0.00 |       0.00 +/-       0.00

0111
1011
1001
0100           0 |     0.00 |       0.00 +/-       0.00

0111
1011
1001
0110           0 |     0.00 |       0.00 +/-       0.00

0111
1011
1001
1000           0 |     0.00 |       0.00 +/-       0.00

0111
1011
1100
0000           0 |     0.00 |       0.00 +/-       0.00

0111
1011
1100
0010           0 |     0.00 |       0.00 +/-       0.00

0111
1011
1100
1000           0 |     0.00 |       0.00 +/-       0.00

0111
1011
1100
1010           0 |     0.00 |       0.00 +/-       0.00

0111
1011
1100
1100           0 |     0.00 |       0.00 +/-       0.00

0111
1011
1101
1000           0 |     0.00 |       0.00 +/-       0.00

0111
1011
1101
1100           0 |     0.00 |       0.00 +/-       0.00

0111
1011
1101
1110           0 |     0.00 |       0.00 +/-       0.00

