gtrieScanner Results
------------------------------------------
General Information

Start of Computation: 02h55m39s 02/08/2020
End of Computation: 03h46m39s 02/08/2020

Subgraph Size: 4
Graph File: "input/Aeroméxico.edges"
Directed: YES
Nr Nodes: 11864
Nr Edges: 34048

Method: GTRIE with file containing complete g-trie
Different Types of Subgraphs Found [Original Network]: 147
Subgraph Occurrences Found [Original Network]: -1225269280
Time for computing census on original network: 3060.139432s
Average time for census on random network: 0.000000s

Number of random networks: 0
Random seed: 1596354939
Exchanges per edge: 3
Number of tries per exchange: 10
------------------------------------------
Motif Analysis Results

Graph   Org_Freq |  Z-score |    Rnd_Avg +/-    Rnd_Dev

0100
1000
1000
1000   830958072 |     0.00 |       0.00 +/-       0.00

0101
1000
1000
0000   199265081 |     0.00 |       0.00 +/-       0.00

0011
1000
0000
0000   141635122 |     0.00 |       0.00 +/-       0.00

0000
1010
1000
1000   118683695 |     0.00 |       0.00 +/-       0.00

0000
1001
1000
0000    88001433 |     0.00 |       0.00 +/-       0.00

0110
1000
1000
1000    69039148 |     0.00 |       0.00 +/-       0.00

0000
1000
1000
0100    10625589 |     0.00 |       0.00 +/-       0.00

0100
0000
1100
1100    10503620 |     0.00 |       0.00 +/-       0.00

0110
0000
0000
0110     6346559 |     0.00 |       0.00 +/-       0.00

0100
1000
1100
1000     4792213 |     0.00 |       0.00 +/-       0.00

0010
1010
0000
1000     3936509 |     0.00 |       0.00 +/-       0.00

0110
1010
0000
0010     3847603 |     0.00 |       0.00 +/-       0.00

0001
1010
1000
0000     2291867 |     0.00 |       0.00 +/-       0.00

0111
1000
0000
0000     1937839 |     0.00 |       0.00 +/-       0.00

0001
1010
1000
1000     1597139 |     0.00 |       0.00 +/-       0.00

0010
1001
0000
0000     1434160 |     0.00 |       0.00 +/-       0.00

0111
1000
1000
0000     1344419 |     0.00 |       0.00 +/-       0.00

0111
0000
0000
0000     1155494 |     0.00 |       0.00 +/-       0.00

0100
1000
1001
0000      980756 |     0.00 |       0.00 +/-       0.00

0110
1000
0000
0010      589184 |     0.00 |       0.00 +/-       0.00

0100
1001
1000
0000      354101 |     0.00 |       0.00 +/-       0.00

0111
1000
1000
1000      307163 |     0.00 |       0.00 +/-       0.00

0100
1000
1100
1100      274753 |     0.00 |       0.00 +/-       0.00

0110
1010
1000
1000      213541 |     0.00 |       0.00 +/-       0.00

0100
1000
1000
0100      188880 |     0.00 |       0.00 +/-       0.00

0110
1010
0000
1000      161793 |     0.00 |       0.00 +/-       0.00

0100
1010
1000
1000      128947 |     0.00 |       0.00 +/-       0.00

0110
1000
1100
0100      105140 |     0.00 |       0.00 +/-       0.00

0011
1010
0000
0000       98301 |     0.00 |       0.00 +/-       0.00

0100
0001
1000
0000       72577 |     0.00 |       0.00 +/-       0.00

0110
1010
0001
0000       66426 |     0.00 |       0.00 +/-       0.00

0101
1000
1100
0000       64699 |     0.00 |       0.00 +/-       0.00

0111
0010
0000
0000       59516 |     0.00 |       0.00 +/-       0.00

0011
1010
0000
1000       46900 |     0.00 |       0.00 +/-       0.00

0110
1010
0001
0010       46484 |     0.00 |       0.00 +/-       0.00

0101
1000
1100
1000       44015 |     0.00 |       0.00 +/-       0.00

0100
1000
1000
0010       42482 |     0.00 |       0.00 +/-       0.00

0110
1010
0000
1010       36070 |     0.00 |       0.00 +/-       0.00

0110
1010
1100
1000       28063 |     0.00 |       0.00 +/-       0.00

0111
0011
0000
0000       27148 |     0.00 |       0.00 +/-       0.00

0111
0000
0100
0100       18694 |     0.00 |       0.00 +/-       0.00

0100
1001
1001
0000       12205 |     0.00 |       0.00 +/-       0.00

0101
0000
1100
0100       10437 |     0.00 |       0.00 +/-       0.00

0100
1010
1000
1010        8485 |     0.00 |       0.00 +/-       0.00

0110
1000
1000
0100        8315 |     0.00 |       0.00 +/-       0.00

0110
1001
0000
0000        7769 |     0.00 |       0.00 +/-       0.00

0111
1010
0000
0000        6881 |     0.00 |       0.00 +/-       0.00

0111
0011
0001
0000        6643 |     0.00 |       0.00 +/-       0.00

0100
1000
1101
0000        6415 |     0.00 |       0.00 +/-       0.00

0110
0010
0000
1000        6096 |     0.00 |       0.00 +/-       0.00

0110
1010
0000
1110        5170 |     0.00 |       0.00 +/-       0.00

0110
1001
1000
0000        5017 |     0.00 |       0.00 +/-       0.00

0110
0001
0000
0010        4685 |     0.00 |       0.00 +/-       0.00

0111
1010
1000
0000        4190 |     0.00 |       0.00 +/-       0.00

0111
1011
0000
0000        4120 |     0.00 |       0.00 +/-       0.00

0110
1000
0001
0000        3900 |     0.00 |       0.00 +/-       0.00

0110
1000
1100
1100        3429 |     0.00 |       0.00 +/-       0.00

0111
1010
1000
1000        2785 |     0.00 |       0.00 +/-       0.00

0101
1010
1000
0000        2664 |     0.00 |       0.00 +/-       0.00

0111
1001
1000
0000        2312 |     0.00 |       0.00 +/-       0.00

0100
1000
1001
0010        2230 |     0.00 |       0.00 +/-       0.00

0110
1001
1100
0000        2170 |     0.00 |       0.00 +/-       0.00

0101
1000
1101
0000        1992 |     0.00 |       0.00 +/-       0.00

0110
1001
1000
1000        1843 |     0.00 |       0.00 +/-       0.00

0110
1001
1100
0100        1403 |     0.00 |       0.00 +/-       0.00

0111
1010
0000
0010         966 |     0.00 |       0.00 +/-       0.00

0111
1010
1100
0000         793 |     0.00 |       0.00 +/-       0.00

0111
1011
0001
0000         715 |     0.00 |       0.00 +/-       0.00

0110
0001
0001
0000         692 |     0.00 |       0.00 +/-       0.00

0111
0010
0000
1000         646 |     0.00 |       0.00 +/-       0.00

0111
0001
0100
0000         549 |     0.00 |       0.00 +/-       0.00

0100
1000
1101
1000         514 |     0.00 |       0.00 +/-       0.00

0100
1000
1100
0010         510 |     0.00 |       0.00 +/-       0.00

0110
1010
1100
1110         510 |     0.00 |       0.00 +/-       0.00

0111
1010
0000
1010         494 |     0.00 |       0.00 +/-       0.00

0110
1010
1000
0100         469 |     0.00 |       0.00 +/-       0.00

0101
0001
1100
0000         452 |     0.00 |       0.00 +/-       0.00

0111
1010
1100
1000         417 |     0.00 |       0.00 +/-       0.00

0111
1011
1001
0000         416 |     0.00 |       0.00 +/-       0.00

0110
1010
1000
1110         286 |     0.00 |       0.00 +/-       0.00

0111
1011
1101
0000         286 |     0.00 |       0.00 +/-       0.00

0100
1000
1101
1100         274 |     0.00 |       0.00 +/-       0.00

0110
1011
1000
0000         270 |     0.00 |       0.00 +/-       0.00

0110
1000
0100
0010         252 |     0.00 |       0.00 +/-       0.00

0111
1011
1000
0000         171 |     0.00 |       0.00 +/-       0.00

0101
1000
1100
0100         170 |     0.00 |       0.00 +/-       0.00

0110
1001
0001
0000         159 |     0.00 |       0.00 +/-       0.00

0100
1000
1100
1010         148 |     0.00 |       0.00 +/-       0.00

0100
1001
1000
0010         145 |     0.00 |       0.00 +/-       0.00

0101
1000
1101
1000          90 |     0.00 |       0.00 +/-       0.00

0111
1000
1100
1100          78 |     0.00 |       0.00 +/-       0.00

0101
1001
1100
0000          77 |     0.00 |       0.00 +/-       0.00

0110
1010
1100
1100          75 |     0.00 |       0.00 +/-       0.00

0110
1000
0100
1000          69 |     0.00 |       0.00 +/-       0.00

0110
1001
1001
0000          65 |     0.00 |       0.00 +/-       0.00

0100
1000
1101
0010          63 |     0.00 |       0.00 +/-       0.00

0111
1010
0001
0000          63 |     0.00 |       0.00 +/-       0.00

0110
1000
0001
0110          57 |     0.00 |       0.00 +/-       0.00

0110
1010
1000
1100          57 |     0.00 |       0.00 +/-       0.00

0111
1000
0101
0000          44 |     0.00 |       0.00 +/-       0.00

0110
1010
1000
0110          41 |     0.00 |       0.00 +/-       0.00

0110
1001
1100
1100          40 |     0.00 |       0.00 +/-       0.00

0111
1011
0001
0010          38 |     0.00 |       0.00 +/-       0.00

0100
1000
1001
0100          31 |     0.00 |       0.00 +/-       0.00

0110
1001
1000
0100          30 |     0.00 |       0.00 +/-       0.00

0110
1011
1000
0100          28 |     0.00 |       0.00 +/-       0.00

0110
1000
0100
1110          27 |     0.00 |       0.00 +/-       0.00

0110
1000
0101
0000          25 |     0.00 |       0.00 +/-       0.00

0111
1000
0100
0000          25 |     0.00 |       0.00 +/-       0.00

0111
1011
1000
1000          25 |     0.00 |       0.00 +/-       0.00

0111
1010
1100
1110          24 |     0.00 |       0.00 +/-       0.00

0111
1011
1001
1000          24 |     0.00 |       0.00 +/-       0.00

0110
1011
1001
0000          19 |     0.00 |       0.00 +/-       0.00

0111
1010
0000
0110          18 |     0.00 |       0.00 +/-       0.00

0111
1010
0001
0010          18 |     0.00 |       0.00 +/-       0.00

0111
1011
1101
1110          14 |     0.00 |       0.00 +/-       0.00

0110
1010
0001
1010          13 |     0.00 |       0.00 +/-       0.00

0111
1001
0100
0000          13 |     0.00 |       0.00 +/-       0.00

0111
1010
1100
1100          12 |     0.00 |       0.00 +/-       0.00

0111
1011
1100
0000          12 |     0.00 |       0.00 +/-       0.00

0100
1010
1001
1000          11 |     0.00 |       0.00 +/-       0.00

0111
1001
1101
0100          11 |     0.00 |       0.00 +/-       0.00

0111
1011
1101
1000          11 |     0.00 |       0.00 +/-       0.00

0111
1011
1101
1100          10 |     0.00 |       0.00 +/-       0.00

0110
1011
1000
1000           9 |     0.00 |       0.00 +/-       0.00

0110
1001
1100
1000           8 |     0.00 |       0.00 +/-       0.00

0111
1001
1100
0000           7 |     0.00 |       0.00 +/-       0.00

0110
1000
0100
1010           6 |     0.00 |       0.00 +/-       0.00

0111
1001
1100
1000           5 |     0.00 |       0.00 +/-       0.00

0111
1011
1000
0010           4 |     0.00 |       0.00 +/-       0.00

0101
1010
1000
1010           3 |     0.00 |       0.00 +/-       0.00

0110
1000
0101
0010           3 |     0.00 |       0.00 +/-       0.00

0110
1011
1000
0110           3 |     0.00 |       0.00 +/-       0.00

0111
1000
0101
0100           3 |     0.00 |       0.00 +/-       0.00

0111
1000
0101
0110           3 |     0.00 |       0.00 +/-       0.00

0110
1011
1000
0010           2 |     0.00 |       0.00 +/-       0.00

0111
1010
1100
0100           2 |     0.00 |       0.00 +/-       0.00

0101
1010
1001
0000           1 |     0.00 |       0.00 +/-       0.00

0101
1010
1001
1000           1 |     0.00 |       0.00 +/-       0.00

0110
1000
1000
0110           1 |     0.00 |       0.00 +/-       0.00

0110
1001
1100
0110           1 |     0.00 |       0.00 +/-       0.00

0110
1001
1101
1100           1 |     0.00 |       0.00 +/-       0.00

0110
1011
1000
1010           1 |     0.00 |       0.00 +/-       0.00

0111
1000
0100
0010           1 |     0.00 |       0.00 +/-       0.00

0111
1000
0100
0100           1 |     0.00 |       0.00 +/-       0.00

0111
1000
1100
0100           1 |     0.00 |       0.00 +/-       0.00

0111
1001
1100
0100           1 |     0.00 |       0.00 +/-       0.00

0001
1000
1100
0100           0 |     0.00 |       0.00 +/-       0.00

0010
1001
0100
1000           0 |     0.00 |       0.00 +/-       0.00

0011
1000
0100
0100           0 |     0.00 |       0.00 +/-       0.00

0011
1001
0100
0000           0 |     0.00 |       0.00 +/-       0.00

0011
1010
0000
0110           0 |     0.00 |       0.00 +/-       0.00

0100
0001
1000
0010           0 |     0.00 |       0.00 +/-       0.00

0100
0010
1000
1000           0 |     0.00 |       0.00 +/-       0.00

0101
0001
1100
0010           0 |     0.00 |       0.00 +/-       0.00

0101
0010
1000
0000           0 |     0.00 |       0.00 +/-       0.00

0101
0010
1000
1000           0 |     0.00 |       0.00 +/-       0.00

0101
1000
1100
0010           0 |     0.00 |       0.00 +/-       0.00

0101
1010
1000
0010           0 |     0.00 |       0.00 +/-       0.00

0101
1010
1001
0010           0 |     0.00 |       0.00 +/-       0.00

0110
1000
0101
1000           0 |     0.00 |       0.00 +/-       0.00

0110
1000
0101
1100           0 |     0.00 |       0.00 +/-       0.00

0110
1001
0001
0010           0 |     0.00 |       0.00 +/-       0.00

0110
1001
0100
1000           0 |     0.00 |       0.00 +/-       0.00

0110
1001
0101
1000           0 |     0.00 |       0.00 +/-       0.00

0110
1001
0101
1010           0 |     0.00 |       0.00 +/-       0.00

0110
1001
1000
0010           0 |     0.00 |       0.00 +/-       0.00

0110
1001
1001
0100           0 |     0.00 |       0.00 +/-       0.00

0110
1001
1001
0110           0 |     0.00 |       0.00 +/-       0.00

0110
1001
1100
0010           0 |     0.00 |       0.00 +/-       0.00

0110
1001
1100
1010           0 |     0.00 |       0.00 +/-       0.00

0110
1001
1101
0100           0 |     0.00 |       0.00 +/-       0.00

0110
1010
0001
1000           0 |     0.00 |       0.00 +/-       0.00

0110
1010
0001
1100           0 |     0.00 |       0.00 +/-       0.00

0110
1011
1001
0100           0 |     0.00 |       0.00 +/-       0.00

0110
1011
1001
0110           0 |     0.00 |       0.00 +/-       0.00

0110
1011
1001
1000           0 |     0.00 |       0.00 +/-       0.00

0111
0001
0100
0010           0 |     0.00 |       0.00 +/-       0.00

0111
1000
0100
1000           0 |     0.00 |       0.00 +/-       0.00

0111
1000
0101
0010           0 |     0.00 |       0.00 +/-       0.00

0111
1000
0101
1000           0 |     0.00 |       0.00 +/-       0.00

0111
1001
1100
0010           0 |     0.00 |       0.00 +/-       0.00

0111
1001
1100
0110           0 |     0.00 |       0.00 +/-       0.00

0111
1001
1100
1010           0 |     0.00 |       0.00 +/-       0.00

0111
1010
0001
0100           0 |     0.00 |       0.00 +/-       0.00

0111
1010
0001
0110           0 |     0.00 |       0.00 +/-       0.00

0111
1010
0001
1000           0 |     0.00 |       0.00 +/-       0.00

0111
1010
1000
0100           0 |     0.00 |       0.00 +/-       0.00

0111
1010
1000
0110           0 |     0.00 |       0.00 +/-       0.00

0111
1010
1100
0110           0 |     0.00 |       0.00 +/-       0.00

0111
1011
1000
0100           0 |     0.00 |       0.00 +/-       0.00

0111
1011
1001
0100           0 |     0.00 |       0.00 +/-       0.00

0111
1011
1001
0110           0 |     0.00 |       0.00 +/-       0.00

0111
1011
1100
0010           0 |     0.00 |       0.00 +/-       0.00

0111
1011
1100
1000           0 |     0.00 |       0.00 +/-       0.00

0111
1011
1100
1010           0 |     0.00 |       0.00 +/-       0.00

0111
1011
1100
1100           0 |     0.00 |       0.00 +/-       0.00

0001
1000
1000
0000  -1282572561 |     0.00 |       0.00 +/-       0.00

0000
1000
1000
1000  -1444180700 |     0.00 |       0.00 +/-       0.00

