gtrieScanner Results
------------------------------------------
General Information

Start of Computation: 03h46m39s 02/08/2020
End of Computation: 03h46m58s 02/08/2020

Subgraph Size: 4
Graph File: "input/Atlas.edges"
Directed: YES
Nr Nodes: 13471
Nr Edges: 20196

Method: GTRIE with file containing complete g-trie
Different Types of Subgraphs Found [Original Network]: 154
Subgraph Occurrences Found [Original Network]: 1316764733
Time for computing census on original network: 19.228536s
Average time for census on random network: 0.000000s

Number of random networks: 0
Random seed: 1596357999
Exchanges per edge: 3
Number of tries per exchange: 10
------------------------------------------
Motif Analysis Results

Graph   Org_Freq |  Z-score |    Rnd_Avg +/-    Rnd_Dev

0000
1000
1000
1000  1297598940 |     0.00 |       0.00 +/-       0.00

0111
0000
0000
0000     6275305 |     0.00 |       0.00 +/-       0.00

0001
1000
1000
0000     5716434 |     0.00 |       0.00 +/-       0.00

0100
0000
1100
1100     1258616 |     0.00 |       0.00 +/-       0.00

0000
1001
1000
0000     1156396 |     0.00 |       0.00 +/-       0.00

0011
1000
0000
0000      997548 |     0.00 |       0.00 +/-       0.00

0111
1000
0000
0000      973248 |     0.00 |       0.00 +/-       0.00

0100
1000
1000
1000      592018 |     0.00 |       0.00 +/-       0.00

0000
1000
1000
0100      481824 |     0.00 |       0.00 +/-       0.00

0010
1010
0000
1000      380833 |     0.00 |       0.00 +/-       0.00

0000
1010
1000
1000      274816 |     0.00 |       0.00 +/-       0.00

0100
1000
1100
1000      227196 |     0.00 |       0.00 +/-       0.00

0100
1000
1000
0100      124981 |     0.00 |       0.00 +/-       0.00

0101
1000
1000
0000      110122 |     0.00 |       0.00 +/-       0.00

0111
0010
0000
0000       86493 |     0.00 |       0.00 +/-       0.00

0010
1001
0000
0000       72295 |     0.00 |       0.00 +/-       0.00

0111
1011
0000
0000       56996 |     0.00 |       0.00 +/-       0.00

0100
1000
1100
1100       51123 |     0.00 |       0.00 +/-       0.00

0111
1000
1000
0000       49725 |     0.00 |       0.00 +/-       0.00

0111
0011
0000
0000       49086 |     0.00 |       0.00 +/-       0.00

0011
1010
0000
0000       25551 |     0.00 |       0.00 +/-       0.00

0110
0000
0000
0110       22731 |     0.00 |       0.00 +/-       0.00

0110
1000
0000
0010       19928 |     0.00 |       0.00 +/-       0.00

0110
1010
0000
0010       18130 |     0.00 |       0.00 +/-       0.00

0111
1010
0000
0000       17861 |     0.00 |       0.00 +/-       0.00

0110
1010
0000
1110       13584 |     0.00 |       0.00 +/-       0.00

0101
1000
1100
0000       11418 |     0.00 |       0.00 +/-       0.00

0111
1011
1101
0000       11379 |     0.00 |       0.00 +/-       0.00

0001
1010
1000
0000       11055 |     0.00 |       0.00 +/-       0.00

0110
1000
1000
1000        8964 |     0.00 |       0.00 +/-       0.00

0110
1010
0001
0000        7711 |     0.00 |       0.00 +/-       0.00

0100
0001
1000
0000        6782 |     0.00 |       0.00 +/-       0.00

0100
1001
1000
0000        6635 |     0.00 |       0.00 +/-       0.00

0110
0010
0000
1000        5604 |     0.00 |       0.00 +/-       0.00

0111
0010
0000
1000        4261 |     0.00 |       0.00 +/-       0.00

0100
1000
1001
0000        2866 |     0.00 |       0.00 +/-       0.00

0110
1010
0000
1000        2659 |     0.00 |       0.00 +/-       0.00

0111
1010
1100
0000        2488 |     0.00 |       0.00 +/-       0.00

0111
1011
1001
0000        2478 |     0.00 |       0.00 +/-       0.00

0110
1010
0000
1010        2475 |     0.00 |       0.00 +/-       0.00

0011
1010
0000
1000        2191 |     0.00 |       0.00 +/-       0.00

0111
0000
0100
0100        2156 |     0.00 |       0.00 +/-       0.00

0111
1000
1000
1000        1760 |     0.00 |       0.00 +/-       0.00

0110
1001
0000
0000        1536 |     0.00 |       0.00 +/-       0.00

0110
1010
1100
1110        1446 |     0.00 |       0.00 +/-       0.00

0111
1010
1000
0000        1214 |     0.00 |       0.00 +/-       0.00

0101
0000
1100
0100        1159 |     0.00 |       0.00 +/-       0.00

0111
1001
1000
0000        1092 |     0.00 |       0.00 +/-       0.00

0111
0011
0001
0000         983 |     0.00 |       0.00 +/-       0.00

0100
1000
1000
0010         940 |     0.00 |       0.00 +/-       0.00

0110
1000
1100
0100         932 |     0.00 |       0.00 +/-       0.00

0100
1000
1101
0000         856 |     0.00 |       0.00 +/-       0.00

0101
1000
1100
1000         854 |     0.00 |       0.00 +/-       0.00

0111
1011
1101
1110         840 |     0.00 |       0.00 +/-       0.00

0111
1010
0000
0010         604 |     0.00 |       0.00 +/-       0.00

0001
1010
1000
1000         568 |     0.00 |       0.00 +/-       0.00

0110
1000
1100
1100         525 |     0.00 |       0.00 +/-       0.00

0110
1010
1000
1000         426 |     0.00 |       0.00 +/-       0.00

0110
1010
1100
1000         391 |     0.00 |       0.00 +/-       0.00

0110
1001
1100
0000         357 |     0.00 |       0.00 +/-       0.00

0101
1000
1101
0000         354 |     0.00 |       0.00 +/-       0.00

0110
1010
1100
1100         350 |     0.00 |       0.00 +/-       0.00

0111
0001
0100
0000         340 |     0.00 |       0.00 +/-       0.00

0100
1010
1000
1000         333 |     0.00 |       0.00 +/-       0.00

0100
1000
1100
0010         294 |     0.00 |       0.00 +/-       0.00

0110
1001
1000
0000         292 |     0.00 |       0.00 +/-       0.00

0110
1000
0001
0000         284 |     0.00 |       0.00 +/-       0.00

0110
1000
1000
0100         224 |     0.00 |       0.00 +/-       0.00

0111
1011
1101
1100         216 |     0.00 |       0.00 +/-       0.00

0110
1010
1000
1110         213 |     0.00 |       0.00 +/-       0.00

0111
1011
1100
0000         187 |     0.00 |       0.00 +/-       0.00

0111
1010
1100
1110         181 |     0.00 |       0.00 +/-       0.00

0101
1001
1100
0000         178 |     0.00 |       0.00 +/-       0.00

0111
1010
1100
1000         163 |     0.00 |       0.00 +/-       0.00

0101
0001
1100
0000         143 |     0.00 |       0.00 +/-       0.00

0100
1000
1101
1100         138 |     0.00 |       0.00 +/-       0.00

0110
1010
1000
0100         116 |     0.00 |       0.00 +/-       0.00

0110
1010
0001
0010          87 |     0.00 |       0.00 +/-       0.00

0111
1011
1000
0000          85 |     0.00 |       0.00 +/-       0.00

0111
1010
1000
1000          82 |     0.00 |       0.00 +/-       0.00

0111
1010
0000
1010          78 |     0.00 |       0.00 +/-       0.00

0110
1011
1000
0000          73 |     0.00 |       0.00 +/-       0.00

0100
1000
1001
0010          70 |     0.00 |       0.00 +/-       0.00

0100
1001
1001
0000          54 |     0.00 |       0.00 +/-       0.00

0111
1010
1100
1100          52 |     0.00 |       0.00 +/-       0.00

0110
1001
1100
0100          48 |     0.00 |       0.00 +/-       0.00

0111
1011
0001
0000          46 |     0.00 |       0.00 +/-       0.00

0100
1000
1101
1000          45 |     0.00 |       0.00 +/-       0.00

0110
0001
0001
0000          37 |     0.00 |       0.00 +/-       0.00

0111
1000
1100
1100          37 |     0.00 |       0.00 +/-       0.00

0110
1010
1000
0110          36 |     0.00 |       0.00 +/-       0.00

0110
0001
0000
0010          35 |     0.00 |       0.00 +/-       0.00

0100
1000
1100
1010          31 |     0.00 |       0.00 +/-       0.00

0110
1001
1000
1000          30 |     0.00 |       0.00 +/-       0.00

0110
1011
1000
1000          28 |     0.00 |       0.00 +/-       0.00

0111
1001
1100
0000          28 |     0.00 |       0.00 +/-       0.00

0111
1011
1100
1100          25 |     0.00 |       0.00 +/-       0.00

0101
1000
1101
1000          24 |     0.00 |       0.00 +/-       0.00

0111
1010
0001
0000          23 |     0.00 |       0.00 +/-       0.00

0110
1010
1000
1100          19 |     0.00 |       0.00 +/-       0.00

0111
1000
0100
0100          16 |     0.00 |       0.00 +/-       0.00

0111
1011
1101
1000          16 |     0.00 |       0.00 +/-       0.00

0100
1000
1101
0010          14 |     0.00 |       0.00 +/-       0.00

0111
1001
1100
0100          12 |     0.00 |       0.00 +/-       0.00

0111
1011
1001
1000          12 |     0.00 |       0.00 +/-       0.00

0100
1010
1000
1010          11 |     0.00 |       0.00 +/-       0.00

0110
1000
0100
0010          11 |     0.00 |       0.00 +/-       0.00

0110
1001
1000
0100          11 |     0.00 |       0.00 +/-       0.00

0110
1001
1100
1100          11 |     0.00 |       0.00 +/-       0.00

0111
1000
0100
0000          11 |     0.00 |       0.00 +/-       0.00

0111
1010
1100
0100          11 |     0.00 |       0.00 +/-       0.00

0111
1000
1100
0100          10 |     0.00 |       0.00 +/-       0.00

0111
1011
1100
1000          10 |     0.00 |       0.00 +/-       0.00

0101
1000
1100
0100           9 |     0.00 |       0.00 +/-       0.00

0100
1000
1001
0100           8 |     0.00 |       0.00 +/-       0.00

0110
1011
1000
0100           8 |     0.00 |       0.00 +/-       0.00

0111
1011
1000
1000           7 |     0.00 |       0.00 +/-       0.00

0111
1011
1100
1010           7 |     0.00 |       0.00 +/-       0.00

0110
1001
0001
0000           6 |     0.00 |       0.00 +/-       0.00

0111
1001
1101
0100           6 |     0.00 |       0.00 +/-       0.00

0110
1000
0101
0010           5 |     0.00 |       0.00 +/-       0.00

0110
1000
0100
1110           4 |     0.00 |       0.00 +/-       0.00

0110
1000
0101
0000           4 |     0.00 |       0.00 +/-       0.00

0111
1010
0001
0010           4 |     0.00 |       0.00 +/-       0.00

0111
1011
0001
0010           4 |     0.00 |       0.00 +/-       0.00

0110
1011
1000
0110           3 |     0.00 |       0.00 +/-       0.00

0111
1011
1100
0010           3 |     0.00 |       0.00 +/-       0.00

0101
1010
1000
0000           2 |     0.00 |       0.00 +/-       0.00

0110
1001
1100
1000           2 |     0.00 |       0.00 +/-       0.00

0110
1001
1101
1100           2 |     0.00 |       0.00 +/-       0.00

0110
1011
1000
1010           2 |     0.00 |       0.00 +/-       0.00

0111
1000
0101
0000           2 |     0.00 |       0.00 +/-       0.00

0111
1000
0101
0110           2 |     0.00 |       0.00 +/-       0.00

0111
1011
1000
0010           2 |     0.00 |       0.00 +/-       0.00

0111
1011
1001
0100           2 |     0.00 |       0.00 +/-       0.00

0100
1010
1001
1000           1 |     0.00 |       0.00 +/-       0.00

0101
1010
1000
1010           1 |     0.00 |       0.00 +/-       0.00

0110
1000
0001
0110           1 |     0.00 |       0.00 +/-       0.00

0110
1000
0100
1000           1 |     0.00 |       0.00 +/-       0.00

0110
1000
0100
1010           1 |     0.00 |       0.00 +/-       0.00

0110
1001
1000
0010           1 |     0.00 |       0.00 +/-       0.00

0110
1001
1100
0110           1 |     0.00 |       0.00 +/-       0.00

0110
1001
1101
0100           1 |     0.00 |       0.00 +/-       0.00

0110
1010
0001
1010           1 |     0.00 |       0.00 +/-       0.00

0110
1011
1001
0000           1 |     0.00 |       0.00 +/-       0.00

0110
1011
1001
1000           1 |     0.00 |       0.00 +/-       0.00

0111
1000
0100
0010           1 |     0.00 |       0.00 +/-       0.00

0111
1000
0100
1000           1 |     0.00 |       0.00 +/-       0.00

0111
1001
0100
0000           1 |     0.00 |       0.00 +/-       0.00

0111
1001
1100
1000           1 |     0.00 |       0.00 +/-       0.00

0111
1010
0000
0110           1 |     0.00 |       0.00 +/-       0.00

0111
1010
0001
1000           1 |     0.00 |       0.00 +/-       0.00

0111
1010
1100
0110           1 |     0.00 |       0.00 +/-       0.00

0111
1011
1001
0110           1 |     0.00 |       0.00 +/-       0.00

0001
1000
1100
0100           0 |     0.00 |       0.00 +/-       0.00

0010
1001
0100
1000           0 |     0.00 |       0.00 +/-       0.00

0011
1000
0100
0100           0 |     0.00 |       0.00 +/-       0.00

0011
1001
0100
0000           0 |     0.00 |       0.00 +/-       0.00

0011
1010
0000
0110           0 |     0.00 |       0.00 +/-       0.00

0100
0001
1000
0010           0 |     0.00 |       0.00 +/-       0.00

0100
0010
1000
1000           0 |     0.00 |       0.00 +/-       0.00

0100
1001
1000
0010           0 |     0.00 |       0.00 +/-       0.00

0101
0001
1100
0010           0 |     0.00 |       0.00 +/-       0.00

0101
0010
1000
0000           0 |     0.00 |       0.00 +/-       0.00

0101
0010
1000
1000           0 |     0.00 |       0.00 +/-       0.00

0101
1000
1100
0010           0 |     0.00 |       0.00 +/-       0.00

0101
1010
1000
0010           0 |     0.00 |       0.00 +/-       0.00

0101
1010
1001
0000           0 |     0.00 |       0.00 +/-       0.00

0101
1010
1001
0010           0 |     0.00 |       0.00 +/-       0.00

0101
1010
1001
1000           0 |     0.00 |       0.00 +/-       0.00

0110
1000
0101
1000           0 |     0.00 |       0.00 +/-       0.00

0110
1000
0101
1100           0 |     0.00 |       0.00 +/-       0.00

0110
1000
1000
0110           0 |     0.00 |       0.00 +/-       0.00

0110
1001
0001
0010           0 |     0.00 |       0.00 +/-       0.00

0110
1001
0100
1000           0 |     0.00 |       0.00 +/-       0.00

0110
1001
0101
1000           0 |     0.00 |       0.00 +/-       0.00

0110
1001
0101
1010           0 |     0.00 |       0.00 +/-       0.00

0110
1001
1001
0000           0 |     0.00 |       0.00 +/-       0.00

0110
1001
1001
0100           0 |     0.00 |       0.00 +/-       0.00

0110
1001
1001
0110           0 |     0.00 |       0.00 +/-       0.00

0110
1001
1100
0010           0 |     0.00 |       0.00 +/-       0.00

0110
1001
1100
1010           0 |     0.00 |       0.00 +/-       0.00

0110
1010
0001
1000           0 |     0.00 |       0.00 +/-       0.00

0110
1010
0001
1100           0 |     0.00 |       0.00 +/-       0.00

0110
1011
1000
0010           0 |     0.00 |       0.00 +/-       0.00

0110
1011
1001
0100           0 |     0.00 |       0.00 +/-       0.00

0110
1011
1001
0110           0 |     0.00 |       0.00 +/-       0.00

0111
0001
0100
0010           0 |     0.00 |       0.00 +/-       0.00

0111
1000
0101
0010           0 |     0.00 |       0.00 +/-       0.00

0111
1000
0101
0100           0 |     0.00 |       0.00 +/-       0.00

0111
1000
0101
1000           0 |     0.00 |       0.00 +/-       0.00

0111
1001
1100
0010           0 |     0.00 |       0.00 +/-       0.00

0111
1001
1100
0110           0 |     0.00 |       0.00 +/-       0.00

0111
1001
1100
1010           0 |     0.00 |       0.00 +/-       0.00

0111
1010
0001
0100           0 |     0.00 |       0.00 +/-       0.00

0111
1010
0001
0110           0 |     0.00 |       0.00 +/-       0.00

0111
1010
1000
0100           0 |     0.00 |       0.00 +/-       0.00

0111
1010
1000
0110           0 |     0.00 |       0.00 +/-       0.00

0111
1011
1000
0100           0 |     0.00 |       0.00 +/-       0.00

