gtrieScanner Results
------------------------------------------
General Information

Start of Computation: 05h06m01s 02/08/2020
End of Computation: 05h06m01s 02/08/2020

Subgraph Size: 4
Graph File: "input/Santa_Cecilia.edges"
Directed: YES
Nr Nodes: 13004
Nr Edges: 22005

Method: GTRIE with file containing complete g-trie
Different Types of Subgraphs Found [Original Network]: 154
Subgraph Occurrences Found [Original Network]: 15226067
Time for computing census on original network: 0.373344s
Average time for census on random network: 0.000000s

Number of random networks: 0
Random seed: 1596362761
Exchanges per edge: 3
Number of tries per exchange: 10
------------------------------------------
Motif Analysis Results

Graph   Org_Freq |  Z-score |    Rnd_Avg +/-    Rnd_Dev

0000
1000
1000
1000    11653755 |     0.00 |       0.00 +/-       0.00

0111
0000
0000
0000     1114070 |     0.00 |       0.00 +/-       0.00

0000
1001
1000
0000      922474 |     0.00 |       0.00 +/-       0.00

0001
1000
1000
0000      204988 |     0.00 |       0.00 +/-       0.00

0000
1000
1000
0100      129096 |     0.00 |       0.00 +/-       0.00

0111
0011
0000
0000       94550 |     0.00 |       0.00 +/-       0.00

0110
0000
0000
0110       85597 |     0.00 |       0.00 +/-       0.00

0100
0000
1100
1100       79247 |     0.00 |       0.00 +/-       0.00

0111
0010
0000
0000       78372 |     0.00 |       0.00 +/-       0.00

0111
1011
0000
0000       76186 |     0.00 |       0.00 +/-       0.00

0000
1010
1000
1000       69621 |     0.00 |       0.00 +/-       0.00

0100
1000
1000
1000       62539 |     0.00 |       0.00 +/-       0.00

0010
1001
0000
0000       60612 |     0.00 |       0.00 +/-       0.00

0010
1010
0000
1000       53446 |     0.00 |       0.00 +/-       0.00

0011
1000
0000
0000       53013 |     0.00 |       0.00 +/-       0.00

0011
1010
0000
0000       41288 |     0.00 |       0.00 +/-       0.00

0111
1010
0000
0000       39917 |     0.00 |       0.00 +/-       0.00

0110
1010
0000
1110       35732 |     0.00 |       0.00 +/-       0.00

0100
1000
1001
0000       32914 |     0.00 |       0.00 +/-       0.00

0110
1000
0000
0010       28007 |     0.00 |       0.00 +/-       0.00

0100
1000
1101
0000       27484 |     0.00 |       0.00 +/-       0.00

0111
1000
0000
0000       24856 |     0.00 |       0.00 +/-       0.00

0100
1000
1100
1000       24141 |     0.00 |       0.00 +/-       0.00

0101
1000
1000
0000       20588 |     0.00 |       0.00 +/-       0.00

0100
1000
1100
1100       17693 |     0.00 |       0.00 +/-       0.00

0101
1000
1100
0000       16530 |     0.00 |       0.00 +/-       0.00

0100
1000
1000
0100       14287 |     0.00 |       0.00 +/-       0.00

0111
1011
1101
0000       13422 |     0.00 |       0.00 +/-       0.00

0110
0010
0000
1000       12275 |     0.00 |       0.00 +/-       0.00

0110
1010
0000
1000       10142 |     0.00 |       0.00 +/-       0.00

0100
1001
1000
0000        8720 |     0.00 |       0.00 +/-       0.00

0110
1000
1000
1000        7439 |     0.00 |       0.00 +/-       0.00

0100
0001
1000
0000        7054 |     0.00 |       0.00 +/-       0.00

0110
1010
0000
0010        7007 |     0.00 |       0.00 +/-       0.00

0110
1010
1100
1110        6292 |     0.00 |       0.00 +/-       0.00

0111
1010
1100
0000        6103 |     0.00 |       0.00 +/-       0.00

0101
1000
1100
1000        5416 |     0.00 |       0.00 +/-       0.00

0110
1001
0000
0000        4881 |     0.00 |       0.00 +/-       0.00

0011
1010
0000
1000        4876 |     0.00 |       0.00 +/-       0.00

0110
1000
1000
0100        4809 |     0.00 |       0.00 +/-       0.00

0101
1000
1101
0000        4592 |     0.00 |       0.00 +/-       0.00

0111
1000
1000
0000        4387 |     0.00 |       0.00 +/-       0.00

0111
0010
0000
1000        3982 |     0.00 |       0.00 +/-       0.00

0111
1001
1000
0000        3596 |     0.00 |       0.00 +/-       0.00

0110
1010
1100
1000        3474 |     0.00 |       0.00 +/-       0.00

0100
1000
1000
0010        3425 |     0.00 |       0.00 +/-       0.00

0100
1000
1100
0010        3208 |     0.00 |       0.00 +/-       0.00

0110
1010
0000
1010        2857 |     0.00 |       0.00 +/-       0.00

0001
1010
1000
0000        2691 |     0.00 |       0.00 +/-       0.00

0101
1001
1100
0000        2101 |     0.00 |       0.00 +/-       0.00

0110
1000
0001
0000        2012 |     0.00 |       0.00 +/-       0.00

0111
1011
1001
0000        1952 |     0.00 |       0.00 +/-       0.00

0111
1011
1100
0000        1951 |     0.00 |       0.00 +/-       0.00

0110
1001
1000
0000        1822 |     0.00 |       0.00 +/-       0.00

0100
1000
1001
0010        1788 |     0.00 |       0.00 +/-       0.00

0111
0011
0001
0000        1688 |     0.00 |       0.00 +/-       0.00

0001
1010
1000
1000        1614 |     0.00 |       0.00 +/-       0.00

0100
1000
1101
0010        1441 |     0.00 |       0.00 +/-       0.00

0111
1011
1000
0000        1393 |     0.00 |       0.00 +/-       0.00

0111
1011
1101
1110        1221 |     0.00 |       0.00 +/-       0.00

0111
1010
1100
1000        1203 |     0.00 |       0.00 +/-       0.00

0110
1010
0001
0000         947 |     0.00 |       0.00 +/-       0.00

0111
1000
1000
1000         811 |     0.00 |       0.00 +/-       0.00

0110
1011
1000
0000         808 |     0.00 |       0.00 +/-       0.00

0110
1010
1000
1000         742 |     0.00 |       0.00 +/-       0.00

0110
1001
1100
0000         734 |     0.00 |       0.00 +/-       0.00

0110
1000
1100
1100         698 |     0.00 |       0.00 +/-       0.00

0111
0000
0100
0100         661 |     0.00 |       0.00 +/-       0.00

0101
1000
1101
1000         578 |     0.00 |       0.00 +/-       0.00

0111
1010
1000
0000         522 |     0.00 |       0.00 +/-       0.00

0110
1001
1000
0100         511 |     0.00 |       0.00 +/-       0.00

0110
1010
1000
0100         430 |     0.00 |       0.00 +/-       0.00

0110
1010
1000
1110         426 |     0.00 |       0.00 +/-       0.00

0111
1001
1100
0000         412 |     0.00 |       0.00 +/-       0.00

0110
1010
0001
0010         398 |     0.00 |       0.00 +/-       0.00

0110
1010
1100
1100         365 |     0.00 |       0.00 +/-       0.00

0100
1001
1001
0000         319 |     0.00 |       0.00 +/-       0.00

0101
0000
1100
0100         315 |     0.00 |       0.00 +/-       0.00

0111
1010
0000
1010         309 |     0.00 |       0.00 +/-       0.00

0100
1000
1101
1100         290 |     0.00 |       0.00 +/-       0.00

0110
1000
1100
0100         276 |     0.00 |       0.00 +/-       0.00

0111
1011
0001
0000         266 |     0.00 |       0.00 +/-       0.00

0111
0001
0100
0000         243 |     0.00 |       0.00 +/-       0.00

0111
1011
1101
1100         230 |     0.00 |       0.00 +/-       0.00

0100
1000
1101
1000         221 |     0.00 |       0.00 +/-       0.00

0111
1010
0000
0010         210 |     0.00 |       0.00 +/-       0.00

0111
1010
1100
1110         201 |     0.00 |       0.00 +/-       0.00

0110
1010
1000
1100         176 |     0.00 |       0.00 +/-       0.00

0111
1010
1000
1000         170 |     0.00 |       0.00 +/-       0.00

0100
1010
1000
1000         158 |     0.00 |       0.00 +/-       0.00

0110
0001
0000
0010         154 |     0.00 |       0.00 +/-       0.00

0111
1011
1100
1000         152 |     0.00 |       0.00 +/-       0.00

0101
0001
1100
0000         139 |     0.00 |       0.00 +/-       0.00

0110
1011
1000
0100         125 |     0.00 |       0.00 +/-       0.00

0110
0001
0001
0000         112 |     0.00 |       0.00 +/-       0.00

0111
1010
1100
1100          85 |     0.00 |       0.00 +/-       0.00

0111
1000
0100
0000          77 |     0.00 |       0.00 +/-       0.00

0111
1011
1101
1000          69 |     0.00 |       0.00 +/-       0.00

0110
1001
1100
0100          56 |     0.00 |       0.00 +/-       0.00

0111
1000
0101
0000          52 |     0.00 |       0.00 +/-       0.00

0100
1000
1100
1010          49 |     0.00 |       0.00 +/-       0.00

0111
1011
0001
0010          48 |     0.00 |       0.00 +/-       0.00

0101
0010
1000
0000          44 |     0.00 |       0.00 +/-       0.00

0110
1011
1001
0000          43 |     0.00 |       0.00 +/-       0.00

0110
1000
0101
0000          42 |     0.00 |       0.00 +/-       0.00

0100
1000
1001
0100          40 |     0.00 |       0.00 +/-       0.00

0110
1000
0100
0010          40 |     0.00 |       0.00 +/-       0.00

0111
1011
1000
1000          35 |     0.00 |       0.00 +/-       0.00

0100
0010
1000
1000          34 |     0.00 |       0.00 +/-       0.00

0101
1010
1000
0000          30 |     0.00 |       0.00 +/-       0.00

0110
1001
1100
1100          30 |     0.00 |       0.00 +/-       0.00

0111
1011
1100
1100          30 |     0.00 |       0.00 +/-       0.00

0110
1001
1000
1000          28 |     0.00 |       0.00 +/-       0.00

0111
1011
1000
0100          26 |     0.00 |       0.00 +/-       0.00

0101
1000
1100
0100          23 |     0.00 |       0.00 +/-       0.00

0111
1010
0001
0010          22 |     0.00 |       0.00 +/-       0.00

0110
1001
1101
0100          19 |     0.00 |       0.00 +/-       0.00

0111
1010
0001
0000          19 |     0.00 |       0.00 +/-       0.00

0101
0010
1000
1000          18 |     0.00 |       0.00 +/-       0.00

0111
1011
1001
1000          16 |     0.00 |       0.00 +/-       0.00

0110
1000
0101
0010          13 |     0.00 |       0.00 +/-       0.00

0110
1000
1000
0110          13 |     0.00 |       0.00 +/-       0.00

0100
1010
1000
1010          11 |     0.00 |       0.00 +/-       0.00

0110
1010
1000
0110          11 |     0.00 |       0.00 +/-       0.00

0110
1000
0100
1000          10 |     0.00 |       0.00 +/-       0.00

0110
1001
0001
0000          10 |     0.00 |       0.00 +/-       0.00

0111
1010
0000
0110           9 |     0.00 |       0.00 +/-       0.00

0111
1010
1100
0100           9 |     0.00 |       0.00 +/-       0.00

0110
1011
1000
1010           5 |     0.00 |       0.00 +/-       0.00

0100
1001
1000
0010           4 |     0.00 |       0.00 +/-       0.00

0110
1011
1000
0110           4 |     0.00 |       0.00 +/-       0.00

0110
1011
1000
1000           4 |     0.00 |       0.00 +/-       0.00

0111
1001
0100
0000           4 |     0.00 |       0.00 +/-       0.00

0111
1011
1100
1010           4 |     0.00 |       0.00 +/-       0.00

0110
1000
0100
1110           3 |     0.00 |       0.00 +/-       0.00

0111
1000
0101
0010           3 |     0.00 |       0.00 +/-       0.00

0011
1001
0100
0000           2 |     0.00 |       0.00 +/-       0.00

0110
1000
0001
0110           2 |     0.00 |       0.00 +/-       0.00

0110
1001
0001
0010           2 |     0.00 |       0.00 +/-       0.00

0110
1001
1001
0000           2 |     0.00 |       0.00 +/-       0.00

0110
1010
0001
1000           2 |     0.00 |       0.00 +/-       0.00

0111
1000
0100
0100           2 |     0.00 |       0.00 +/-       0.00

0111
1000
0100
1000           2 |     0.00 |       0.00 +/-       0.00

0111
1000
0101
0100           2 |     0.00 |       0.00 +/-       0.00

0111
1000
0101
0110           2 |     0.00 |       0.00 +/-       0.00

0111
1000
1100
1100           2 |     0.00 |       0.00 +/-       0.00

0111
1011
1000
0010           2 |     0.00 |       0.00 +/-       0.00

0011
1010
0000
0110           1 |     0.00 |       0.00 +/-       0.00

0100
1010
1001
1000           1 |     0.00 |       0.00 +/-       0.00

0101
1000
1100
0010           1 |     0.00 |       0.00 +/-       0.00

0110
1000
0101
1000           1 |     0.00 |       0.00 +/-       0.00

0110
1000
0101
1100           1 |     0.00 |       0.00 +/-       0.00

0110
1010
0001
1010           1 |     0.00 |       0.00 +/-       0.00

0110
1011
1001
0110           1 |     0.00 |       0.00 +/-       0.00

0001
1000
1100
0100           0 |     0.00 |       0.00 +/-       0.00

0010
1001
0100
1000           0 |     0.00 |       0.00 +/-       0.00

0011
1000
0100
0100           0 |     0.00 |       0.00 +/-       0.00

0100
0001
1000
0010           0 |     0.00 |       0.00 +/-       0.00

0101
0001
1100
0010           0 |     0.00 |       0.00 +/-       0.00

0101
1010
1000
0010           0 |     0.00 |       0.00 +/-       0.00

0101
1010
1000
1010           0 |     0.00 |       0.00 +/-       0.00

0101
1010
1001
0000           0 |     0.00 |       0.00 +/-       0.00

0101
1010
1001
0010           0 |     0.00 |       0.00 +/-       0.00

0101
1010
1001
1000           0 |     0.00 |       0.00 +/-       0.00

0110
1000
0100
1010           0 |     0.00 |       0.00 +/-       0.00

0110
1001
0100
1000           0 |     0.00 |       0.00 +/-       0.00

0110
1001
0101
1000           0 |     0.00 |       0.00 +/-       0.00

0110
1001
0101
1010           0 |     0.00 |       0.00 +/-       0.00

0110
1001
1000
0010           0 |     0.00 |       0.00 +/-       0.00

0110
1001
1001
0100           0 |     0.00 |       0.00 +/-       0.00

0110
1001
1001
0110           0 |     0.00 |       0.00 +/-       0.00

0110
1001
1100
0010           0 |     0.00 |       0.00 +/-       0.00

0110
1001
1100
0110           0 |     0.00 |       0.00 +/-       0.00

0110
1001
1100
1000           0 |     0.00 |       0.00 +/-       0.00

0110
1001
1100
1010           0 |     0.00 |       0.00 +/-       0.00

0110
1001
1101
1100           0 |     0.00 |       0.00 +/-       0.00

0110
1010
0001
1100           0 |     0.00 |       0.00 +/-       0.00

0110
1011
1000
0010           0 |     0.00 |       0.00 +/-       0.00

0110
1011
1001
0100           0 |     0.00 |       0.00 +/-       0.00

0110
1011
1001
1000           0 |     0.00 |       0.00 +/-       0.00

0111
0001
0100
0010           0 |     0.00 |       0.00 +/-       0.00

0111
1000
0100
0010           0 |     0.00 |       0.00 +/-       0.00

0111
1000
0101
1000           0 |     0.00 |       0.00 +/-       0.00

0111
1000
1100
0100           0 |     0.00 |       0.00 +/-       0.00

0111
1001
1100
0010           0 |     0.00 |       0.00 +/-       0.00

0111
1001
1100
0100           0 |     0.00 |       0.00 +/-       0.00

0111
1001
1100
0110           0 |     0.00 |       0.00 +/-       0.00

0111
1001
1100
1000           0 |     0.00 |       0.00 +/-       0.00

0111
1001
1100
1010           0 |     0.00 |       0.00 +/-       0.00

0111
1001
1101
0100           0 |     0.00 |       0.00 +/-       0.00

0111
1010
0001
0100           0 |     0.00 |       0.00 +/-       0.00

0111
1010
0001
0110           0 |     0.00 |       0.00 +/-       0.00

0111
1010
0001
1000           0 |     0.00 |       0.00 +/-       0.00

0111
1010
1000
0100           0 |     0.00 |       0.00 +/-       0.00

0111
1010
1000
0110           0 |     0.00 |       0.00 +/-       0.00

0111
1010
1100
0110           0 |     0.00 |       0.00 +/-       0.00

0111
1011
1001
0100           0 |     0.00 |       0.00 +/-       0.00

0111
1011
1001
0110           0 |     0.00 |       0.00 +/-       0.00

0111
1011
1100
0010           0 |     0.00 |       0.00 +/-       0.00

