0	1
1	1468
1	1469
2	3
3	1928
3	1929
4	3
5	3
6	3
7	3
8	3
9	7
9	10
9	1048
11	12
11	13
14	13
14	533
15	11
15	13
15	14
15	16
15	17
15	18
15	2407
19	20
19	21
19	1453
19	1458
19	2122
19	2123
22	23
22	24
22	25
26	25
27	28
27	29
27	724
27	2589
30	13
30	28
30	29
30	719
30	721
30	722
30	1456
30	2413
31	28
31	719
32	33
32	2511
32	2515
32	2516
32	2517
34	35
34	36
34	37
34	38
34	39
34	40
34	53
34	2070
41	35
41	39
41	40
41	53
41	2070
42	43
42	44
45	46
45	47
45	49
45	794
45	795
45	2624
48	46
48	47
48	49
48	794
48	795
48	796
48	1880
48	1881
48	1882
48	1883
48	1884
48	1885
48	2616
48	2624
49	43
49	44
49	774
49	799
49	803
49	804
49	805
50	35
50	39
50	40
50	53
51	50
51	52
51	337
51	1022
51	2295
53	54
53	337
53	1335
55	56
55	57
55	1318
55	1337
55	1577
55	2295
58	56
58	57
58	59
58	2295
60	61
60	62
60	2295
63	55
63	58
63	60
63	64
63	65
63	66
63	1318
63	1337
64	2295
65	2295
66	2295
67	54
67	63
67	68
67	69
67	70
67	71
67	906
67	907
72	35
72	39
72	40
72	53
72	73
72	74
72	1024
72	2070
75	39
75	40
75	53
75	76
75	77
75	754
75	1395
75	1662
75	2070
78	39
78	40
78	53
78	76
78	79
78	1026
78	1396
78	1934
78	1937
78	2070
78	2295
80	81
80	82
83	80
83	82
83	283
83	442
83	1065
83	1066
83	1281
83	1287
83	1289
83	1290
83	1315
83	1474
83	1483
83	2247
83	2320
84	85
86	87
86	281
86	1092
86	1475
86	1476
87	1317
88	89
88	272
88	847
88	2103
88	2108
88	2109
90	91
90	92
90	1612
90	1613
90	1734
90	2258
90	2259
91	2098
93	91
93	92
93	1612
93	2259
93	2332
94	91
94	92
94	444
94	518
94	570
94	2094
94	2095
94	2258
94	2259
94	2338
94	2341
95	92
95	570
95	574
95	575
95	576
95	577
95	578
95	1843
95	2015
95	2322
95	2323
95	2347
96	90
96	91
96	92
96	93
96	1604
96	1614
96	1621
96	1627
96	1628
96	1629
96	1630
96	1631
96	1696
96	1697
96	2257
96	2258
96	2259
96	2260
97	91
97	669
97	1249
97	1255
97	1267
97	1268
97	1269
97	1270
97	1271
97	1272
97	2257
97	2259
98	92
98	635
98	646
98	647
98	648
98	649
98	650
98	1843
98	2015
98	2322
98	2323
98	2347
99	91
99	100
99	101
99	1930
99	1931
101	1430
102	91
103	101
104	105
104	144
104	469
104	2281
104	2386
104	2496
106	105
106	144
106	2281
106	2386
107	108
107	2260
107	2267
109	108
109	2260
110	108
110	2260
111	108
111	2262
112	108
112	2262
113	108
113	2262
114	108
114	2260
115	108
115	2262
116	108
116	2260
117	108
117	2260
118	108
118	2262
119	108
119	2262
120	108
120	2260
121	108
121	2260
122	123
124	125
125	284
125	1051
125	1055
126	127
126	128
126	129
126	130
126	131
131	132
131	2600
133	123
134	123
134	130
134	453
134	1421
134	1640
134	1641
134	1642
134	1643
134	1644
134	1645
134	1646
134	2011
134	2013
134	2028
134	2032
134	2215
134	2216
134	2217
134	2218
134	2230
134	2231
134	2259
134	2321
134	2347
135	126
135	1256
136	130
136	137
136	413
136	1266
136	1380
136	1696
136	1697
136	2346
138	130
138	1260
138	1380
138	1696
138	1697
138	2346
139	124
140	141
140	1470
142	143
142	717
142	1696
142	1697
142	1989
142	2363
144	145
144	414
144	552
144	1039
144	1049
144	1228
144	1465
144	1920
144	2035
144	2341
144	2351
144	2362
144	2498
144	2628
144	2629
144	2665
144	2667
144	2668
146	147
146	304
146	444
146	450
146	513
146	1086
146	1088
146	1089
146	2338
146	2354
148	147
148	1089
149	147
149	301
149	1089
150	151
152	153
152	1099
152	1559
152	2212
152	2538
154	155
154	465
154	947
154	948
154	949
154	950
154	951
154	952
154	953
154	1971
154	2009
154	2322
154	2323
154	2361
154	2563
156	157
158	157
158	1207
159	160
159	532
159	547
159	736
159	1201
159	1329
159	2681
161	162
161	1975
161	1976
161	1977
162	163
164	165
164	1975
164	1976
164	1977
164	1978
164	2482
164	2483
164	2484
164	2485
164	2486
164	2487
164	2639
166	167
166	253
166	266
166	267
166	1696
166	1697
166	2385
168	169
168	441
168	1584
170	171
171	773
171	783
171	784
171	785
172	72
172	173
172	774
173	1018
174	175
176	175
177	175
178	175
179	175
180	175
181	175
182	174
182	221
182	2501
183	178
183	1797
184	180
185	181
185	833
185	1102
185	1154
185	2688
185	2689
186	180
187	177
187	1341
188	174
188	176
188	178
188	179
188	933
188	934
188	935
188	936
188	1798
188	1799
189	181
189	938
189	1155
189	1905
189	2612
190	179
190	181
190	216
190	590
190	591
190	592
190	593
190	594
190	595
190	596
190	597
190	598
190	599
190	980
190	981
190	982
190	1156
190	1157
190	1158
190	1159
190	1160
190	1161
190	1162
190	1171
190	1359
190	1360
190	1558
190	1796
190	1800
190	1801
190	1905
190	1906
190	1907
190	1908
190	1909
190	1910
190	1911
190	2057
190	2302
190	2613
191	174
191	939
192	174
192	201
193	174
194	179
194	217
194	218
194	2429
195	181
195	189
195	207
195	1803
195	1905
195	1912
196	174
197	179
197	215
197	1361
197	1913
197	2430
198	179
198	219
198	2431
199	179
199	213
199	2432
200	179
200	2433
201	174
201	179
201	195
201	1165
201	1365
202	181
202	1798
202	1914
203	174
203	184
203	1805
203	1914
204	174
204	181
204	185
204	2488
204	2489
204	2690
205	179
205	1806
205	1914
206	174
206	181
206	1339
206	1340
206	1367
206	1905
207	177
208	181
208	981
208	982
208	1361
208	1370
208	1371
208	1372
209	178
209	181
209	212
209	221
209	1154
209	1906
209	2501
210	178
211	179
212	180
213	180
214	180
215	180
216	180
217	180
218	180
219	180
220	177
220	1342
221	174
221	176
221	177
221	181
221	1905
221	2503
222	180
222	1375
223	174
223	176
223	181
223	199
223	200
223	220
223	1163
223	1342
223	1343
223	1347
223	1351
223	1352
223	1359
223	1362
223	1364
223	1375
223	1910
223	1916
223	2504
223	2505
223	2506
223	2612
223	2614
224	174
224	181
224	186
224	198
224	1353
224	1374
225	180
225	1375
226	180
226	1342
227	176
228	174
228	178
228	180
229	176
229	180
229	227
229	228
229	1156
230	177
230	181
230	981
230	982
230	983
230	2631
230	2632
230	2633
231	181
231	193
231	195
231	1905
231	1919
231	2632
231	2635
232	179
232	221
232	1913
232	1924
232	2502
233	234
233	235
233	236
233	2573
236	237
238	88
238	239
238	547
238	891
238	892
238	1202
238	1557
238	1585
238	2103
238	2104
238	2106
238	2107
238	2113
238	2303
238	2491
238	2492
239	241
240	239
242	243
243	853
244	245
245	915
245	2418
245	2419
246	245
247	248
249	247
249	373
249	377
249	378
249	568
249	893
249	1027
249	1229
249	1237
249	1301
249	1310
249	1378
249	1466
249	1582
249	1879
249	1892
249	2050
249	2063
249	2104
249	2105
249	2108
249	2113
249	2248
249	2270
249	2387
249	2411
249	2425
249	2494
249	2507
249	2620
249	2679
249	2686
250	251
250	967
250	968
250	2395
252	253
254	255
254	256
254	257
254	2596
255	260
255	261
255	262
258	259
262	265
263	260
263	262
263	264
268	166
269	253
269	270
271	270
273	274
273	2365
274	2365
275	276
275	277
275	537
275	538
275	1139
275	1142
275	1143
275	1144
275	1145
275	2525
275	2606
275	2607
278	279
278	540
278	541
278	544
280	274
280	2367
281	282
282	2316
284	285
284	1054
284	2129
284	2135
286	287
287	371
287	1051
288	289
288	290
288	2123
288	2441
291	290
291	2417
291	2441
292	293
293	369
293	1051
294	295
295	1321
296	297
298	299
298	300
298	1052
298	1182
298	1695
298	2039
298	2438
298	2592
300	1570
300	1571
301	302
301	303
301	447
301	1086
301	1087
301	1088
301	2354
302	306
303	305
303	308
304	306
305	306
305	307
308	306
309	310
309	433
309	989
311	146
311	312
311	313
314	315
314	316
314	317
314	318
314	319
314	320
314	321
314	322
314	323
314	1738
324	315
324	316
324	317
324	318
324	319
324	320
324	321
324	322
324	323
324	447
324	1067
324	1068
324	1069
324	1070
324	1071
324	1072
324	1073
324	1173
324	1174
324	1231
324	1232
325	326
325	327
325	2657
325	2659
325	2675
328	312
328	313
328	326
328	329
328	330
328	331
328	332
328	333
334	329
335	146
335	312
335	313
335	326
335	327
335	336
337	86
337	338
339	340
339	727
339	1667
340	2372
341	340
341	342
341	728
341	990
341	1388
341	1494
341	1495
341	1497
341	1498
341	1499
341	1500
341	1501
341	1683
341	1687
341	1774
341	2421
343	344
343	345
343	392
343	395
343	397
343	1494
343	1495
343	1497
343	1500
343	1669
343	1670
343	2421
346	347
347	1080
347	1081
348	349
348	350
348	351
348	352
348	654
348	1581
352	353
352	354
352	444
352	510
352	2338
355	146
355	353
355	356
355	447
355	1082
355	1083
355	1428
355	2401
355	2402
355	2403
355	2404
355	2405
355	2406
357	348
357	358
357	359
360	361
360	413
360	1696
360	1697
362	355
363	346
364	365
364	1696
364	1697
366	353
366	367
366	1696
366	1697
366	1829
366	2347
368	346
369	370
371	372
373	374
375	376
375	398
375	715
375	1304
375	1488
375	1638
375	2060
375	2389
375	2410
375	2435
378	379
380	381
380	531
381	2446
382	383
382	546
382	880
382	895
382	1696
382	1697
382	1791
382	1844
382	2019
382	2427
384	385
384	2148
386	387
386	921
386	1326
387	1327
388	389
388	827
390	391
390	530
390	839
390	840
390	1330
390	1447
390	1448
390	1449
390	1450
390	1451
390	2390
392	393
392	2447
392	2683
393	2647
394	392
394	395
394	731
394	1387
394	1388
394	1494
394	1516
394	1666
394	1965
394	1993
396	392
396	395
396	1151
396	1153
396	1494
396	1495
396	1669
396	2421
396	2647
396	2648
396	2649
399	400
399	553
399	764
399	769
399	770
399	771
399	772
399	773
399	774
399	775
399	776
399	777
399	778
399	1148
399	1888
399	1937
401	400
401	553
401	767
401	774
401	780
401	782
401	787
401	788
401	789
401	790
401	791
401	792
401	793
401	1637
401	1888
401	1937
402	400
402	774
402	797
402	1888
402	1937
402	1938
402	1939
402	1940
402	2534
403	400
403	1935
403	1937
403	1942
403	1943
403	1944
403	1945
403	1946
403	1947
403	2076
403	2079
403	2314
403	2390
403	2434
403	2611
404	400
404	838
404	842
404	843
404	844
404	845
404	846
404	1870
404	1937
405	400
405	1474
405	1937
405	1938
405	1939
405	1940
405	1948
405	1949
405	1950
405	1951
405	1952
405	1953
405	1954
405	1955
405	1956
405	1957
405	1958
405	1959
405	1960
405	2066
405	2067
405	2294
405	2295
406	407
408	409
408	739
408	1262
408	2437
410	411
410	412
410	1727
410	1739
411	412
412	1725
413	411
413	412
413	1116
413	1117
415	416
416	421
416	431
417	418
417	419
420	421
422	415
422	417
422	420
422	423
422	424
422	425
422	426
422	427
422	428
422	429
425	430
425	1972
427	418
429	603
429	2555
430	416
430	432
432	1385
432	2253
432	2254
434	417
434	428
434	429
435	422
436	417
436	437
438	439
440	439
440	1207
443	444
443	513
443	1696
443	1697
443	1739
443	2338
444	987
444	2276
445	444
445	509
445	2011
445	2219
445	2338
445	2341
446	447
446	1424
446	1691
446	1821
448	447
448	708
448	1739
448	1827
449	450
449	478
449	1696
450	2275
451	444
451	521
451	1696
451	1697
451	1699
451	1818
451	1839
451	1840
451	2338
451	2339
451	2340
452	447
452	1739
453	444
453	450
453	522
453	1187
453	1818
453	2011
453	2220
453	2322
453	2323
453	2338
453	2341
454	447
454	570
454	1183
454	1184
454	1185
454	1186
454	1188
454	1189
454	1190
454	1196
454	1647
454	1653
454	1654
454	1655
454	1656
454	1659
454	2011
454	2219
454	2220
454	2278
454	2279
455	450
455	1610
456	382
456	444
456	522
456	570
456	574
456	1183
456	1184
456	1185
456	1186
456	1187
456	1190
456	1191
456	1192
456	1193
456	1194
456	1196
456	1421
456	1639
456	1739
456	2011
456	2013
456	2028
456	2029
456	2219
456	2220
456	2221
456	2222
456	2223
456	2224
456	2225
456	2259
456	2322
456	2323
456	2338
456	2341
456	2347
457	447
457	458
457	580
459	447
459	454
459	571
459	580
460	444
460	516
460	2338
460	2541
461	447
461	605
461	606
461	607
461	608
461	609
461	610
461	611
461	612
461	613
461	614
461	976
461	977
461	978
461	1560
461	1561
461	1562
461	1563
461	1564
461	1565
461	1566
461	1567
461	2013
461	2033
461	2034
461	2541
462	447
462	2549
463	450
464	447
465	444
465	512
465	948
465	2338
465	2341
466	447
466	948
466	953
466	1183
466	1184
466	1185
466	1186
466	1188
466	1189
466	1190
466	1196
466	1647
466	1648
466	1650
466	1651
466	1652
466	1653
466	1654
466	1655
466	1656
466	1657
466	1658
466	1659
466	2215
466	2216
466	2217
466	2218
466	2220
466	2226
466	2227
466	2278
466	2279
466	2350
467	450
468	447
469	444
469	511
469	2338
469	2341
470	450
470	1922
471	447
472	447
472	635
472	1183
472	1184
472	1185
472	1186
472	1188
472	1189
472	1190
472	1196
472	1647
472	1653
472	1654
472	1655
472	1656
472	1659
472	2011
472	2219
472	2220
472	2278
472	2279
473	450
473	666
474	382
474	444
474	522
474	627
474	635
474	646
474	1183
474	1184
474	1185
474	1186
474	1187
474	1190
474	1196
474	1421
474	1639
474	2011
474	2219
474	2220
474	2259
474	2322
474	2323
474	2338
474	2341
474	2347
475	447
476	444
476	499
476	2011
476	2219
476	2338
476	2341
477	444
477	499
477	2011
477	2219
477	2338
477	2341
477	2353
478	450
479	444
479	450
479	507
479	673
480	444
480	450
480	508
480	673
481	444
481	482
481	483
481	484
481	673
481	975
481	2036
485	444
485	517
485	673
486	444
486	518
486	673
487	447
487	458
487	674
488	447
488	675
489	444
489	520
489	673
490	491
490	492
490	971
490	975
490	1933
491	495
491	498
493	494
494	881
494	882
495	496
495	497
498	2285
498	2459
498	2463
498	2641
499	482
499	483
499	500
499	501
499	502
499	975
502	501
502	503
502	504
502	505
502	506
502	2005
502	2013
502	2037
502	2038
507	482
507	483
507	500
507	501
507	974
507	2006
507	2036
507	2324
507	2330
507	2341
508	482
508	483
508	500
508	501
508	974
508	2006
508	2036
508	2324
508	2330
508	2341
509	482
509	483
509	501
509	974
509	2036
510	482
510	483
510	501
510	974
510	2036
511	482
511	483
511	501
511	972
511	2036
512	482
512	483
512	501
512	972
512	2036
513	514
513	653
513	2036
515	482
515	483
515	501
515	972
515	2036
516	482
516	483
516	972
516	2036
517	482
517	483
517	501
517	974
517	2036
518	482
518	483
518	500
518	501
518	519
518	974
518	2036
518	2341
520	482
520	483
520	500
520	501
520	974
520	2036
520	2341
521	482
521	483
521	500
521	501
521	975
521	2006
521	2036
521	2324
521	2330
521	2341
521	2355
522	482
522	483
522	500
522	501
522	972
522	2036
523	444
523	450
523	515
523	2011
523	2219
523	2338
524	447
524	1183
524	1184
524	1185
524	1186
524	1187
524	1188
524	1189
524	1190
524	1193
524	1194
524	1196
524	1647
524	1648
524	1650
524	1651
524	1652
524	1653
524	1654
524	1655
524	1656
524	1657
524	1658
524	1659
524	1661
524	2011
524	2013
524	2028
524	2214
524	2215
524	2216
524	2217
524	2218
524	2219
524	2220
524	2221
524	2222
524	2223
524	2226
524	2227
524	2230
524	2278
524	2279
524	2557
525	447
525	2559
526	527
526	528
526	1663
526	2380
528	528
528	1015
528	1399
528	1400
528	1401
528	1402
528	1403
528	1404
528	1405
528	1406
528	1407
528	1408
528	1409
528	1410
528	1411
528	1412
528	1494
528	1495
528	1496
528	1497
528	1498
528	1499
528	1500
528	1668
529	527
529	528
529	2380
529	2458
529	2574
529	2588
531	532
533	534
535	536
535	1135
535	2606
539	275
539	536
539	2606
540	280
540	538
540	2608
541	280
541	542
541	543
544	280
544	545
547	2446
548	549
549	853
549	915
549	1993
549	2418
549	2419
550	549
550	551
550	2044
554	555
554	1675
556	557
556	1677
558	559
560	561
560	562
560	563
560	564
560	565
560	1688
566	567
568	569
571	570
571	1845
571	2347
572	573
572	740
572	1681
575	104
575	2651
575	2652
575	2653
576	470
577	579
581	582
582	152
582	2646
583	94
583	584
584	1619
584	2035
585	94
585	716
585	1843
585	2015
585	2347
586	587
588	589
600	601
600	1163
600	1164
600	1361
600	1362
600	1363
600	1364
600	1579
600	2612
601	599
602	214
602	1906
602	2570
602	2571
603	42
603	604
603	1793
614	615
614	616
614	617
614	618
614	619
614	620
614	621
622	623
624	625
625	632
626	627
628	629
630	631
631	633
632	636
633	627
633	634
637	635
637	1845
637	2347
638	639
638	966
638	1795
640	641
642	638
643	634
643	1696
643	1697
644	640
644	1256
645	646
647	104
647	2651
647	2652
647	2653
648	470
649	651
652	472
652	637
653	973
655	656
655	1606
655	2190
656	697
657	658
657	1606
657	2199
658	697
659	660
659	1600
661	662
661	1241
662	1126
662	1242
662	2326
663	662
663	1249
664	662
664	665
664	1250
664	1253
666	667
666	1129
668	662
669	660
669	1247
670	656
670	1266
671	658
671	1274
672	662
672	1632
673	2338
674	662
675	662
676	677
677	1696
677	1697
678	679
679	1734
680	681
681	2015
682	683
684	685
685	2332
686	687
686	2011
686	2221
686	2331
688	689
689	665
689	692
689	693
689	694
689	695
689	696
689	744
689	2495
690	689
691	689
698	699
698	1993
699	728
699	990
699	1388
699	1961
699	1962
700	699
701	699
701	702
701	733
701	1993
702	1093
703	704
703	1739
704	704
705	706
705	1067
705	1068
705	1069
705	1073
705	1172
705	1173
705	1739
705	2334
705	2342
706	712
707	706
707	1647
707	1648
707	1649
707	1650
707	1651
707	1652
707	1653
707	1654
707	1655
707	1659
707	1739
707	2277
707	2278
707	2334
707	2343
709	706
709	1423
709	1691
709	2334
709	2344
710	704
710	711
710	1739
710	1815
713	714
714	711
718	719
718	2119
720	721
720	722
720	2119
720	2120
720	2121
720	2122
720	2123
720	2124
720	2413
723	724
723	2119
725	722
725	2119
726	719
726	721
726	722
726	724
726	1239
726	2120
726	2121
726	2122
726	2123
726	2124
726	2413
726	2589
727	728
727	990
727	1388
727	2370
728	1332
729	730
729	1636
731	728
731	990
731	1961
732	730
732	1006
732	1498
732	1636
733	734
734	1990
734	2446
735	736
737	738
737	1696
737	1697
737	2013
737	2030
737	2326
737	2348
737	2349
738	2326
738	2328
738	2331
738	2335
738	2348
741	742
741	1094
741	1096
741	1387
741	1390
741	1993
743	744
745	674
746	109
746	479
747	745
748	480
749	109
749	479
750	120
751	121
752	753
754	1018
755	756
755	757
755	758
756	797
758	799
759	760
759	761
759	762
763	764
763	765
763	1671
763	1672
763	1934
763	1935
763	1936
763	2534
766	767
766	768
766	1671
766	1672
766	1934
766	1935
766	1936
766	2534
771	798
779	780
779	781
779	782
786	773
786	775
786	785
794	800
794	801
794	802
794	1886
794	1887
794	2068
794	2082
794	2535
794	2536
795	774
795	2617
798	172
805	1149
806	774
806	797
807	781
807	782
807	808
807	809
810	811
811	2610
812	813
812	819
812	2408
814	386
814	815
814	818
814	1996
815	1327
815	2446
816	817
818	815
818	921
818	1326
819	820
821	822
823	388
823	824
823	825
823	826
828	822
829	823
829	1256
830	413
830	826
830	831
830	1266
830	1380
830	1696
830	1697
830	2346
832	826
832	1260
832	1380
832	1696
832	1697
832	2346
834	835
834	836
834	1434
834	1435
834	1436
834	1437
834	1438
834	1439
834	1440
837	838
839	72
839	835
839	836
839	1020
841	838
841	842
841	843
841	1671
841	1672
841	1934
841	1935
841	1936
841	1942
845	894
845	1792
845	1935
845	1941
847	848
849	850
849	1303
851	850
851	1303
852	850
852	1303
853	854
853	922
853	1859
853	1986
853	2052
855	856
855	908
855	1981
855	1982
856	859
856	861
856	862
856	863
856	868
856	876
856	878
856	879
856	924
856	925
856	926
856	928
856	931
856	932
856	1041
857	856
857	1982
858	856
859	860
859	925
861	862
861	925
862	860
862	869
862	870
862	871
862	872
862	925
863	864
863	865
863	866
863	925
864	862
864	865
866	861
866	864
866	865
866	867
866	925
867	861
867	864
867	865
867	875
867	925
868	860
868	925
869	870
871	870
873	864
873	865
873	874
873	925
874	864
874	865
874	877
874	925
875	864
875	865
875	873
875	878
875	925
876	860
876	872
876	925
877	861
877	864
877	865
877	925
879	928
879	929
879	930
879	931
879	932
879	1987
883	140
883	884
883	885
883	886
883	1064
883	1065
883	1331
883	2318
885	1040
885	2045
885	2046
885	2603
885	2604
887	888
888	1490
888	2420
888	2421
889	890
890	1509
896	897
896	898
897	900
899	900
899	901
902	903
902	904
905	906
908	916
909	855
909	858
909	910
909	912
909	914
909	1004
909	1006
909	1509
909	1758
911	855
911	858
911	910
911	912
911	1516
911	1666
912	855
912	858
912	909
912	910
912	911
912	913
912	914
912	1773
912	1983
913	855
913	858
913	910
913	1507
913	1984
913	1985
914	855
914	858
914	910
914	1509
915	855
915	858
915	909
915	910
915	911
915	913
915	914
915	1773
915	1983
915	2420
916	917
918	919
919	2085
920	919
921	1327
921	2446
921	2447
922	923
924	925
925	926
925	927
933	1901
934	196
934	1902
934	1903
935	1797
936	1904
937	188
940	194
940	197
940	939
940	1361
940	1910
941	942
943	944
943	945
943	1696
943	1697
946	947
947	948
947	951
947	952
947	955
947	2238
947	2322
947	2323
947	2356
947	2556
947	2595
953	948
953	951
953	952
953	1187
953	2220
953	2221
953	2322
953	2323
953	2350
954	948
954	1183
954	1184
954	1185
954	1186
954	1188
954	1189
954	1190
954	1196
954	1738
954	2214
954	2215
954	2216
954	2217
954	2218
954	2226
954	2227
954	2228
954	2229
955	952
955	954
955	2594
956	154
956	957
956	958
959	413
959	948
959	960
959	1380
959	1696
959	1697
959	2346
961	948
961	1380
961	1696
961	1697
961	2346
962	466
963	946
963	964
963	1696
963	1697
965	944
965	945
965	1696
965	1697
967	968
968	3020
969	970
969	1384
969	2250
972	973
974	973
975	973
976	2098
978	1426
979	978
983	600
983	981
983	982
983	1910
983	2629
983	2632
983	2633
984	985
986	985
987	988
990	991
990	992
990	993
990	994
990	995
990	996
990	997
990	998
990	999
990	1000
990	1207
990	1227
990	1279
990	1292
990	1294
990	1387
990	1391
990	1392
990	1876
990	2647
990	2648
990	2649
990	2650
1001	1002
1001	1498
1001	1513
1002	1993
1003	1004
1003	1005
1004	1505
1005	1006
1005	1011
1006	1993
1006	2447
1007	729
1007	1002
1007	1214
1007	1498
1007	1499
1007	1684
1007	2421
1008	729
1008	1002
1008	1214
1008	1388
1008	1390
1008	1497
1008	1498
1008	1499
1008	1685
1008	1871
1008	2421
1008	2647
1009	729
1009	1002
1009	1214
1009	1498
1009	1499
1009	1686
1009	2421
1010	1006
1010	1011
1011	1508
1011	1993
1012	1006
1012	1011
1013	1006
1013	1011
1014	1004
1014	1965
1016	1015
1016	1151
1016	1498
1016	1509
1016	2043
1016	2054
1016	2055
1016	2056
1016	2499
1017	1004
1017	1006
1017	1300
1017	1993
1017	2054
1017	2056
1019	1018
1020	1018
1021	51
1021	1022
1021	1023
1021	2071
1021	2072
1021	2294
1023	50
1023	1022
1023	2295
1024	1018
1025	1022
1025	1100
1025	1101
1026	1018
1028	1029
1029	1490
1029	2420
1029	2421
1030	1031
1031	1509
1032	1033
1033	107
1033	2268
1034	1032
1035	1036
1035	1037
1035	1038
1036	1037
1037	1034
1041	1042
1041	1043
1044	1045
1046	1047
1046	1462
1048	1044
1050	1051
1052	1053
1053	2013
1054	2005
1056	1051
1056	1057
1056	1263
1057	726
1058	1059
1058	1060
1058	1061
1058	1062
1058	1471
1058	1472
1058	1473
1063	1062
1065	1470
1065	2364
1066	406
1066	1065
1066	1315
1066	1483
1066	1484
1066	1580
1067	1077
1069	1071
1073	1074
1074	1416
1075	1076
1077	1075
1078	1079
1078	1262
1084	146
1084	1085
1084	1187
1084	1193
1084	2219
1084	2220
1084	2221
1084	2222
1084	2223
1084	2224
1084	2225
1084	2232
1084	2334
1084	2468
1086	1089
1090	1091
1094	1095
1096	1097
1096	1098
1096	1355
1097	1387
1098	2446
1103	1104
1105	1102
1105	1106
1107	1108
1107	1219
1109	1110
1109	1111
1111	2296
1112	1110
1112	1113
1114	1109
1114	1112
1114	2297
1114	2298
1115	1112
1115	2295
1116	1117
1117	1721
1118	1119
1119	1124
1120	1119
1121	1122
1121	1123
1124	1121
1124	1123
1125	1120
1125	1242
1126	1125
1126	1127
1126	1128
1130	1131
1130	2461
1130	2462
1132	1133
1134	539
1136	1137
1137	275
1138	1139
1140	1141
1141	1131
1144	1143
1144	1146
1144	2365
1144	2366
1145	1143
1145	1147
1145	2365
1145	2366
1146	1139
1146	1143
1147	1139
1147	1143
1150	1151
1152	1151
1152	1494
1152	1497
1152	1668
1152	1991
1152	1992
1152	2043
1152	2499
1156	1162
1156	1166
1159	1162
1163	1155
1164	1634
1167	1168
1168	1689
1169	1170
1171	1167
1171	2532
1172	2097
1174	2098
1175	1073
1176	1177
1178	1179
1178	1211
1178	1636
1178	2446
1178	2508
1179	2446
1179	2447
1180	1181
1180	2436
1182	1183
1182	1184
1182	1185
1182	1186
1182	1196
1182	2005
1182	2011
1182	2214
1182	2215
1182	2216
1182	2217
1182	2218
1182	2321
1182	2322
1182	2323
1195	1183
1195	1185
1195	1186
1195	1188
1195	1189
1195	1190
1195	1191
1195	1647
1195	1653
1195	1654
1195	1655
1195	1656
1195	1659
1195	2240
1195	2241
1195	2242
1195	2243
1195	2244
1195	2245
1195	2246
1195	2278
1196	1191
1197	1187
1197	1191
1197	1193
1197	1194
1197	1198
1197	1413
1197	2219
1197	2221
1197	2222
1197	2223
1197	2224
1197	2225
1197	2233
1199	1187
1199	1193
1199	1194
1199	1198
1199	2219
1199	2220
1199	2221
1199	2222
1199	2223
1199	2224
1199	2225
1199	2234
1199	2235
1200	1084
1200	1187
1200	2011
1200	2219
1200	2220
1200	2470
1201	1202
1203	1204
1203	1205
1203	1206
1203	1325
1203	2446
1206	2636
1206	2677
1206	2678
1208	1209
1210	1211
1210	2061
1211	1206
1212	1213
1215	1204
1215	1354
1216	1217
1218	732
1218	741
1218	1215
1218	1217
1218	1388
1218	1499
1218	1993
1220	1204
1220	2421
1221	1204
1221	2421
1222	1204
1222	2421
1223	1211
1223	2062
1224	1225
1224	2373
1226	1211
1226	1376
1227	2446
1229	1230
1231	1232
1231	1739
1232	1233
1233	328
1233	1234
1233	1235
1233	1236
1237	1238
1239	19
1239	1240
1243	1244
1243	1245
1243	1246
1247	1248
1249	1254
1250	1251
1250	1738
1252	1246
1253	1246
1255	1252
1256	1243
1256	1257
1256	1258
1259	668
1259	2115
1260	1251
1260	2346
1260	2439
1261	1251
1261	2346
1261	2440
1262	1974
1262	2539
1264	1265
1264	2257
1264	2259
1264	2261
1265	2257
1273	1263
1273	2035
1275	1260
1275	1696
1275	1697
1276	413
1276	1261
1276	1696
1276	1697
1277	1262
1278	1265
1278	2257
1279	1280
1279	2647
1279	2682
1280	1280
1280	1794
1280	2446
1280	2609
1280	2682
1280	2685
1281	1282
1281	1283
1281	1284
1281	1285
1281	1286
1281	1287
1281	1288
1281	2295
1291	1292
1293	1294
1295	1296
1295	2671
1297	1298
1299	1300
1299	1516
1299	1666
1299	1991
1299	1992
1299	1993
1301	1302
1305	1306
1305	1696
1305	1697
1305	2605
1307	1308
1307	1309
1307	2528
1307	2529
1308	1309
1309	1858
1310	1311
1312	1313
1314	1312
1315	1316
1319	1320
1322	1321
1323	1321
1324	1321
1326	1327
1328	1325
1329	1327
1332	2446
1333	1334
1333	1847
1335	2295
1336	1335
1337	1338
1339	220
1339	1347
1339	1363
1341	1342
1343	184
1343	220
1343	1344
1343	1345
1343	1346
1343	1347
1343	1348
1343	1349
1343	1367
1343	1373
1343	1374
1350	1342
1356	732
1356	1215
1356	1216
1356	1388
1356	1963
1356	1964
1356	1993
1357	732
1357	1215
1357	1216
1357	1388
1357	1963
1357	1964
1357	1993
1358	741
1358	1215
1358	1387
1358	1965
1358	1993
1362	1368
1362	1369
1366	1360
1366	1804
1376	1377
1376	1487
1378	1379
1380	1381
1380	2116
1382	1383
1385	1386
1389	1390
1389	1540
1390	1392
1390	2102
1390	2636
1392	1388
1393	1394
1397	78
1397	2294
1398	1395
1398	1662
1398	1944
1413	2096
1414	1413
1415	1416
1416	2096
1417	1413
1418	1416
1419	1413
1420	1416
1421	1413
1422	1416
1423	1413
1424	1416
1425	1413
1426	1416
1427	1413
1428	1416
1429	1413
1430	1416
1431	1413
1432	1416
1433	1413
1441	1442
1443	1438
1443	1444
1444	839
1445	1446
1452	1453
1452	1454
1452	1455
1456	1457
1459	1460
1459	2120
1459	2131
1459	2132
1461	1452
1461	2122
1461	2123
1462	2413
1462	2414
1463	1464
1463	2482
1466	1467
1468	1469
1469	1894
1473	1932
1476	883
1477	1478
1479	883
1480	883
1481	1482
1485	1471
1485	1486
1489	1490
1491	1492
1493	1490
1494	1495
1496	1497
1498	1499
1500	1501
1502	1503
1504	1505
1504	1749
1506	1505
1506	1749
1507	1505
1507	1749
1508	1505
1508	1749
1509	1505
1509	1749
1510	1490
1510	2420
1511	1512
1514	1515
1516	1505
1517	1518
1519	1503
1520	1521
1522	1523
1524	1515
1525	1526
1527	1492
1528	1512
1529	1530
1531	1513
1532	1533
1534	1535
1536	1537
1538	1490
1539	1533
1540	1497
1540	2369
1541	1500
1541	1501
1541	1774
1541	2421
1542	1503
1543	1530
1544	1526
1545	1535
1546	1490
1546	2420
1547	1505
1548	1521
1549	1537
1550	1490
1550	2420
1550	2421
1551	1513
1552	1490
1553	1490
1554	1523
1555	1556
1555	2102
1555	2533
1556	2647
1556	2648
1558	1557
1558	2303
1558	2491
1558	2492
1558	2493
1568	1569
1572	1573
1574	1573
1575	1572
1575	1576
1577	1578
1577	2295
1578	2295
1582	1583
1585	2447
1586	1376
1587	1588
1588	1599
1589	1590
1590	1597
1590	1598
1591	1592
1591	1593
1591	1594
1591	1595
1591	1596
1591	2341
1594	2263
1595	1594
1595	2264
1595	2265
1596	1593
1596	1602
1596	2332
1600	1601
1603	1593
1603	1738
1604	1598
1605	1591
1605	1606
1605	1607
1605	2167
1608	1609
1610	1611
1610	2177
1610	2266
1614	1612
1614	1613
1614	2015
1614	2258
1615	1616
1615	2115
1617	1593
1617	2213
1617	2346
1617	2439
1618	1593
1618	2203
1618	2346
1618	2440
1620	1621
1620	1696
1620	1697
1622	655
1623	657
1624	1617
1624	1696
1624	1697
1625	413
1625	1618
1625	1696
1625	1697
1626	1589
1633	1587
1634	1635
1659	1432
1660	1432
1660	1647
1664	1665
1666	1993
1673	1674
1676	1674
1678	556
1679	558
1680	566
1682	727
1682	1683
1683	2372
1689	1382
1689	1690
1691	1692
1691	1693
1691	1694
1691	1739
1691	1999
1691	2000
1691	2001
1691	2002
1691	2003
1691	2013
1691	2026
1691	2027
1691	2282
1693	2284
1694	2284
1695	410
1697	1979
1697	1980
1698	1696
1698	1697
1698	1820
1698	2013
1698	2023
1699	142
1699	1696
1699	1697
1699	1698
1699	1809
1699	1822
1699	1823
1699	1824
1699	1825
1699	1826
1699	2013
1699	2024
1699	2391
1699	2392
1700	413
1700	1696
1701	446
1701	448
1701	1696
1701	1697
1701	1739
1701	1845
1701	2601
1701	2602
1702	1696
1702	1697
1703	1696
1703	1697
1703	1829
1703	2016
1703	2326
1704	710
1704	1696
1704	1697
1704	1812
1705	1696
1705	1697
1705	2656
1706	1696
1706	1697
1706	2016
1707	1696
1707	1697
1707	1832
1707	1854
1708	1696
1708	1697
1708	1841
1708	2005
1708	2013
1708	2347
1709	1380
1709	1696
1709	1697
1709	2346
1710	413
1710	1380
1710	1696
1710	1697
1710	2346
1711	1696
1711	1697
1711	1832
1711	1855
1711	1856
1712	1696
1712	1697
1712	1832
1712	1855
1713	1696
1713	1697
1713	2661
1714	1696
1714	1697
1714	1829
1714	1832
1714	1855
1715	1696
1715	1697
1716	1696
1716	1697
1717	1333
1717	1696
1717	1697
1717	1807
1717	1808
1717	1832
1718	1696
1718	1697
1719	1696
1719	1697
1719	1829
1719	1832
1719	1855
1719	1856
1720	1696
1720	1697
1720	2662
1720	2663
1721	1722
1722	477
1723	1724
1724	1728
1725	1726
1726	476
1729	1728
1730	1731
1732	1733
1734	1735
1736	1737
1736	2327
1738	1735
1738	1737
1738	2327
1739	1737
1739	1740
1739	2327
1741	1742
1743	1740
1744	1745
1746	1509
1747	1506
1748	1509
1749	2447
1750	1751
1750	2382
1752	1753
1752	1754
1752	1755
1756	1757
1756	1758
1758	1754
1758	1757
1758	1760
1759	1754
1759	1758
1759	1760
1761	1758
1762	1754
1762	1758
1762	1760
1763	1754
1763	1758
1763	1760
1764	1754
1764	1758
1764	1760
1765	1754
1765	1758
1765	1760
1766	1754
1766	1758
1766	1760
1767	1753
1767	1754
1767	1755
1768	1509
1769	1507
1770	1507
1771	1504
1772	1507
1773	855
1773	1504
1775	1507
1776	1509
1777	1508
1777	1965
1777	1993
1778	1507
1779	1509
1780	1507
1781	1750
1782	1750
1783	1750
1784	1750
1785	1507
1786	1509
1787	1507
1788	1509
1789	1509
1790	1507
1793	2568
1800	1907
1802	190
1807	1698
1808	1809
1809	2013
1809	2024
1809	2025
1810	705
1811	707
1812	703
1813	1814
1813	1815
1816	445
1816	1307
1816	1699
1816	1813
1816	1817
1816	1818
1816	1819
1816	2013
1816	2021
1816	2022
1816	2117
1816	2118
1816	2339
1816	2340
1817	1846
1821	443
1821	703
1821	1739
1821	2601
1821	2602
1823	1828
1825	1738
1826	1820
1826	1848
1829	1830
1831	1823
1831	1832
1833	1699
1833	2345
1834	1816
1834	1835
1834	1836
1837	1699
1838	1699
1841	1842
1843	1842
1845	1849
1845	2322
1845	2323
1849	1818
1849	2356
1849	2556
1850	752
1851	709
1852	1810
1853	1854
1857	1832
1858	1811
1860	1859
1861	1862
1861	1863
1863	1866
1863	1867
1864	1862
1864	1865
1865	1867
1868	1869
1871	1872
1871	1873
1872	2446
1873	2446
1874	1875
1876	2446
1877	1550
1878	1786
1888	1886
1888	1889
1888	1890
1888	1891
1888	1935
1888	1941
1888	1944
1888	1945
1888	1946
1888	1947
1888	2076
1888	2079
1888	2390
1888	2535
1892	1893
1894	1459
1894	1895
1894	1896
1894	1897
1894	1898
1894	1899
1894	2413
1900	1461
1900	1896
1900	1897
1900	1898
1900	1899
1913	2570
1913	2571
1915	201
1917	1918
1919	1903
1920	1921
1922	1366
1923	600
1924	1918
1925	195
1926	1921
1927	1366
1928	1929
1929	1900
1963	731
1963	732
1964	1216
1965	2446
1966	1739
1966	1967
1968	1739
1968	1967
1969	1738
1969	1967
1970	1739
1970	1967
1972	1973
1979	1980
1980	1723
1981	857
1983	855
1983	1993
1984	1860
1984	1981
1985	855
1987	1988
1991	2447
1991	2647
1991	2648
1994	1547
1995	701
1995	1993
1997	531
1997	1998
2003	1418
2004	1418
2006	2007
2006	2008
2006	2328
2009	2010
2009	2013
2009	2329
2011	2012
2011	2214
2011	2216
2011	2331
2012	1195
2012	1414
2013	2014
2015	2005
2016	2017
2018	2017
2019	2017
2019	2020
2028	1197
2028	2239
2031	2005
2031	2007
2031	2008
2031	2011
2031	2013
2031	2028
2031	2032
2031	2215
2031	2216
2031	2219
2031	2221
2031	2321
2035	231
2035	1922
2035	2005
2035	2013
2035	2352
2035	2630
2036	502
2036	2013
2036	2037
2036	2038
2039	2013
2039	2040
2039	2041
2042	2043
2044	733
2044	2043
2044	2500
2047	2045
2047	2046
2048	2049
2050	2051
2052	2053
2054	2447
2054	2647
2054	2648
2058	2059
2063	2064
2065	1510
2068	2069
2068	2390
2068	2537
2068	2611
2073	1114
2073	2074
2075	2074
2076	2077
2076	2078
2079	1115
2079	2080
2079	2081
2083	2084
2084	2084
2084	2087
2085	2086
2086	2084
2088	2089
2089	2084
2089	2089
2090	2091
2090	2092
2092	2084
2092	2087
2092	2088
2092	2089
2093	2092
2097	2096
2098	2096
2099	2100
2099	2101
2102	2102
2102	2682
2103	2099
2103	2100
2103	2104
2104	2106
2105	2099
2105	2636
2107	2099
2107	2104
2107	2108
2109	2104
2110	2111
2111	2682
2112	2108
2114	2104
2114	2445
2114	2447
2117	2118
2118	1851
2121	2132
2122	2123
2122	2124
2125	2126
2127	2128
2128	1239
2128	2125
2129	2128
2130	19
2131	1461
2133	1461
2134	1461
2136	2137
2136	2138
2136	2139
2136	2140
2136	2141
2138	2146
2140	2142
2141	2147
2142	2143
2144	2145
2145	2149
2145	2150
2145	2151
2146	2152
2146	2153
2151	2154
2155	2143
2156	2143
2157	2149
2158	2143
2159	2143
2160	2143
2161	2143
2162	2143
2163	2143
2164	2143
2165	2143
2166	2143
2167	384
2167	969
2167	2142
2167	2146
2167	2157
2168	2143
2169	2143
2170	2143
2171	2143
2172	2143
2173	2143
2174	2143
2175	2143
2176	2143
2177	2143
2178	2143
2179	2143
2180	2143
2181	2143
2182	2143
2183	2143
2184	2143
2185	2143
2186	2143
2187	2143
2188	2143
2189	2143
2190	2143
2191	2143
2192	2143
2193	2143
2194	2143
2195	2143
2196	2143
2197	2143
2198	2143
2199	2143
2200	2143
2201	2143
2202	2143
2203	2143
2204	2143
2205	2143
2206	2143
2207	2143
2208	2143
2209	2143
2210	2143
2211	2144
2236	2237
2238	2219
2246	2279
2248	2249
2251	2252
2254	2255
2256	2257
2262	2260
2263	2269
2269	1035
2270	2271
2272	1546
2273	493
2274	490
2277	2097
2279	2098
2280	1659
2283	2003
2284	2098
2285	1322
2286	1322
2287	2288
2288	1322
2289	2288
2290	2291
2292	2293
2297	2295
2297	2300
2298	2294
2298	2295
2298	2296
2298	2299
2298	2626
2298	2627
2300	2295
2301	2295
2302	2310
2304	2044
2305	550
2306	2307
2307	550
2308	2309
2309	2312
2309	2569
2310	2311
2311	701
2311	2309
2313	2311
2313	2312
2314	2315
2317	2316
2319	2316
2324	2325
2324	2326
2330	2328
2332	1743
2333	2325
2333	2326
2333	2334
2333	2335
2336	2337
2356	1739
2356	2341
2356	2556
2357	1739
2357	2615
2358	1739
2358	2615
2359	1738
2359	2615
2360	1739
2360	2615
2361	2011
2362	2341
2368	2369
2368	2418
2370	2371
2372	2446
2374	2375
2376	2377
2378	2379
2381	2380
2382	2384
2383	2383
2384	2383
2387	2388
2393	2394
2396	250
2397	252
2398	258
2399	2393
2399	2400
2408	2409
2411	2412
2415	2416
2415	2623
2422	2421
2423	2421
2424	2421
2425	2426
2428	1324
2442	975
2442	2443
2444	975
2444	2443
2445	2446
2446	2447
2448	1781
2448	2578
2449	1781
2449	2450
2449	2578
2450	2577
2451	1781
2451	2450
2451	2575
2451	2576
2451	2578
2452	2450
2452	2575
2452	2576
2453	2450
2454	2450
2454	2575
2454	2576
2455	2450
2456	2454
2457	2450
2459	1130
2460	1130
2463	278
2463	1132
2464	2465
2465	535
2466	535
2467	161
2468	2469
2470	2471
2472	2473
2472	2474
2475	2467
2475	2476
2475	2477
2475	2478
2475	2479
2475	2480
2481	2467
2481	2476
2481	2477
2481	2480
2490	209
2493	88
2494	2445
2496	311
2496	314
2496	2497
2501	2502
2509	2510
2509	2511
2512	2510
2513	2514
2518	32
2518	2519
2520	2509
2520	2511
2521	2509
2521	2511
2521	2512
2521	2513
2521	2522
2523	2524
2526	2525
2526	2527
2528	2529
2529	1852
2530	2531
2540	460
2542	2543
2544	2545
2546	2547
2548	2542
2550	461
2550	2549
2551	2540
2552	2553
2552	2554
2556	2562
2557	1199
2557	2558
2557	2559
2557	2560
2561	524
2562	523
2564	2565
2566	2567
2572	210
2574	2573
2575	233
2575	236
2576	233
2576	236
2577	233
2577	236
2578	233
2578	236
2579	233
2579	236
2580	236
2581	233
2581	236
2582	236
2583	2578
2584	2581
2585	2582
2586	2579
2587	2580
2590	2591
2590	2623
2593	509
2597	2097
2598	2097
2599	2097
2601	2602
2602	1704
2603	2604
2604	67
2618	2619
2620	2621
2622	2623
2625	2626
2628	983
2634	230
2637	2638
2639	2640
2641	2642
2642	2643
2643	1323
2644	2645
2647	2682
2649	2683
2654	2655
2655	2496
2656	2665
2657	2658
2659	2660
2661	1708
2662	469
2663	2664
2664	2666
2665	2666
2669	2665
2670	324
2672	2671
2672	2673
2674	2661
2676	2661
2679	2680
2682	2682
2682	2685
2684	2682
2686	2687
2690	2688
2690	2689
2691	2692
2693	2692
2694	2692
2695	2692
3021	2146
