0	1
0	2
0	3
0	35
0	90
0	156
0	163
0	164
0	167
0	168
0	175
0	270
0	352
0	354
0	766
4	5
6	5
7	5
8	9
9	361
9	363
9	370
9	832
10	9
10	335
10	361
10	370
10	399
10	416
11	3
11	12
12	335
12	361
12	363
12	369
12	370
12	832
13	4
14	6
15	7
16	3
16	10
16	12
17	11
18	19
18	475
18	478
19	23
19	852
19	853
20	21
20	22
20	23
21	100
22	871
23	99
23	101
24	24
24	25
24	283
24	308
24	310
24	312
24	313
24	314
24	315
24	316
24	317
24	323
24	337
24	338
24	339
24	340
24	341
24	342
24	343
24	344
24	650
24	933
24	934
24	938
25	27
25	105
25	146
25	310
25	316
25	318
25	319
25	320
25	321
25	326
25	860
25	867
25	868
25	869
26	27
26	310
26	656
26	657
26	658
28	27
28	29
28	30
28	44
28	46
28	273
28	279
28	310
28	322
28	510
28	511
28	564
29	113
29	132
29	133
29	859
30	113
30	132
30	133
30	859
31	32
31	714
33	34
33	344
34	344
35	36
35	41
35	365
35	717
36	23
36	49
36	58
36	119
36	131
36	139
36	141
36	142
36	143
36	335
36	361
36	363
36	365
36	655
36	713
36	824
37	19
37	38
37	39
37	40
37	361
37	475
37	478
37	620
37	656
37	657
37	666
37	710
38	23
38	43
38	58
38	109
38	119
38	125
38	131
38	138
38	140
38	141
38	142
38	143
38	144
38	150
38	260
38	262
38	335
38	361
38	363
38	365
38	369
38	370
38	386
38	397
38	450
38	456
38	468
38	491
38	515
38	573
38	592
38	599
38	655
38	696
38	713
38	759
38	813
38	827
38	861
38	862
38	863
38	864
38	865
38	866
38	914
38	962
39	63
39	113
39	117
39	121
39	132
39	133
39	277
40	141
40	145
40	335
40	363
40	369
40	370
40	390
40	713
41	19
41	37
41	41
41	44
41	46
41	58
41	334
41	335
41	353
41	361
41	363
41	365
41	507
41	514
41	597
41	717
41	719
42	20
42	43
42	58
43	858
43	871
44	45
44	196
46	47
46	197
47	138
48	49
50	51
51	501
52	30
53	29
54	55
55	137
56	44
56	46
56	48
56	52
56	57
56	273
56	279
56	477
56	616
56	756
56	783
57	113
57	117
57	132
57	133
57	783
57	855
57	859
58	23
58	42
58	223
58	364
58	739
59	18
59	23
59	31
59	33
59	39
59	42
59	44
59	55
59	58
59	60
59	61
59	62
59	63
59	64
59	65
59	66
59	67
59	68
59	69
59	70
59	71
59	72
59	73
59	74
59	75
59	76
59	77
59	78
59	79
59	80
59	81
59	82
59	83
59	84
59	85
59	86
59	87
59	88
59	195
59	199
59	214
59	216
59	223
59	229
59	240
59	241
59	262
59	263
59	266
59	267
59	268
59	274
59	276
59	278
59	280
59	284
59	286
59	287
59	288
59	302
59	305
59	306
59	332
59	335
59	340
59	341
59	342
59	343
59	344
59	347
59	349
59	350
59	351
59	366
59	367
59	368
59	369
59	370
59	371
59	372
59	373
59	374
59	375
59	376
59	377
59	378
59	379
59	380
59	381
59	382
59	383
59	384
59	385
59	386
59	387
59	388
59	389
59	390
59	391
59	392
59	393
59	394
59	395
59	396
59	397
59	398
59	442
59	444
59	446
59	447
59	448
59	453
59	454
59	456
59	481
59	485
59	493
59	524
59	526
59	538
59	541
59	542
59	547
59	548
59	567
59	568
59	581
59	582
59	583
59	585
59	587
59	588
59	590
59	592
59	597
59	598
59	599
59	605
59	607
59	609
59	613
59	619
59	645
59	650
59	660
59	662
59	665
59	672
59	686
59	689
59	691
59	696
59	697
59	705
59	706
59	707
59	709
59	711
59	714
59	715
59	719
59	720
59	722
59	724
59	725
59	726
59	727
59	728
59	732
59	736
59	743
59	748
59	749
59	751
59	752
59	753
59	754
59	761
59	762
59	764
59	765
59	770
59	773
59	774
59	776
59	778
59	779
59	784
59	787
59	788
59	789
59	790
59	791
59	792
59	793
59	794
59	795
59	796
59	797
59	798
59	799
59	800
59	801
59	802
59	803
59	804
59	805
59	806
59	807
59	808
59	809
59	810
59	811
59	812
59	813
59	814
59	815
59	816
59	817
59	875
59	890
59	911
59	912
59	913
59	914
59	925
59	926
59	927
59	928
59	929
59	930
59	933
59	934
59	937
59	939
59	943
59	944
59	945
59	946
59	1004
59	1005
59	1006
59	1007
59	1008
59	1009
59	1012
61	112
61	113
61	114
61	117
61	130
61	391
61	392
61	393
61	394
61	783
62	117
62	393
62	394
62	429
62	783
65	828
66	66
66	397
68	39
68	63
68	112
68	113
68	114
68	122
68	130
68	148
68	149
69	860
70	45
70	49
70	134
72	49
72	145
72	415
72	430
72	502
73	45
74	47
75	113
75	114
75	145
76	84
76	113
76	120
76	121
76	128
76	137
76	501
77	113
77	121
77	137
78	121
78	137
79	113
79	117
79	120
79	121
79	132
79	133
79	137
79	393
79	394
80	49
80	106
80	113
80	114
80	121
80	349
80	369
80	370
80	379
80	380
80	387
80	410
80	771
81	340
81	341
81	343
83	113
83	120
83	136
83	137
84	136
85	145
85	502
86	501
87	112
87	113
87	114
87	117
87	121
87	122
87	130
87	783
87	870
88	635
88	706
88	750
89	31
89	32
89	942
90	91
90	92
90	829
91	123
91	141
91	147
91	363
91	713
92	58
92	98
92	100
92	124
92	139
92	655
92	674
92	676
93	94
93	217
93	601
93	834
93	835
93	836
93	837
94	141
94	335
94	363
94	369
94	370
94	592
94	713
95	25
96	23
96	42
96	364
96	739
97	98
97	99
97	100
97	101
97	676
97	685
98	104
98	502
98	540
98	944
98	950
99	118
99	856
100	858
101	856
102	97
102	103
102	651
102	673
102	674
102	675
102	854
103	502
105	106
105	107
105	608
107	27
107	115
107	316
107	318
107	319
107	320
107	321
107	326
107	608
107	855
108	27
108	279
108	325
109	110
109	111
110	502
111	502
111	573
112	113
112	114
113	49
114	45
116	117
116	783
117	106
118	117
118	783
119	113
119	114
119	120
119	121
119	122
120	47
121	51
121	136
122	121
123	103
123	118
123	124
123	125
123	502
123	571
123	685
123	857
124	116
126	102
126	125
126	310
126	327
127	108
127	113
127	120
127	121
127	128
127	273
127	316
127	317
127	318
127	319
127	320
127	321
127	326
127	328
129	26
129	27
129	28
129	108
129	283
129	310
129	329
129	718
129	780
130	114
130	120
131	106
131	113
131	114
131	116
131	120
131	121
131	132
131	133
131	134
131	135
132	114
132	120
133	112
133	114
133	120
136	114
137	120
139	361
141	353
143	40
144	860
145	415
145	502
147	335
151	152
153	151
153	165
153	166
153	219
153	965
153	966
153	968
153	969
153	998
153	999
153	1000
153	1001
154	155
155	157
158	159
160	156
160	226
160	227
161	162
161	454
163	0
163	162
163	640
163	681
163	683
163	763
164	162
164	264
164	336
164	452
164	496
164	516
164	518
164	519
164	521
164	533
164	534
164	535
164	559
164	560
164	563
164	610
164	611
164	622
164	638
164	669
164	670
164	678
164	700
164	701
164	729
164	747
164	821
164	822
164	823
164	897
165	166
165	968
165	970
167	168
167	361
167	399
167	872
169	168
169	170
169	303
169	497
169	838
169	845
170	218
171	170
172	167
172	168
173	174
175	176
175	177
175	178
175	179
175	180
175	181
175	182
175	183
175	184
175	185
175	186
175	187
175	188
175	189
175	190
175	191
175	192
175	193
175	194
175	221
175	222
175	285
175	459
175	485
175	693
175	937
175	942
175	981
175	982
175	983
195	196
195	197
195	198
195	653
198	206
199	200
200	198
201	202
202	205
203	202
204	202
206	473
207	208
207	209
207	210
207	335
207	361
207	369
207	370
207	399
211	208
211	209
211	335
211	361
211	399
211	497
211	554
211	591
212	206
212	300
212	361
212	399
212	738
213	200
214	215
215	1040
216	1040
217	361
217	363
217	369
217	370
218	1040
219	220
221	981
221	982
223	224
225	222
228	221
230	231
230	340
230	341
230	343
230	1039
231	232
231	1039
232	607
232	1039
233	234
233	235
233	454
233	507
236	237
237	335
237	361
237	369
237	370
237	379
237	380
237	410
237	655
238	233
238	239
238	334
238	833
240	230
241	230
242	231
243	234
243	915
244	245
244	335
244	361
244	369
244	370
244	655
245	363
245	832
246	237
246	245
247	245
247	361
247	370
247	397
247	655
248	236
248	244
248	245
248	247
248	361
248	369
248	370
248	379
248	380
248	410
248	655
249	245
249	361
249	369
249	370
249	655
250	229
251	245
251	249
251	361
251	370
251	655
251	686
252	229
252	250
253	245
253	249
253	289
253	361
253	655
254	251
254	255
254	266
254	267
254	289
254	335
254	361
254	403
254	577
254	578
254	832
254	931
255	403
255	832
256	233
257	258
257	259
257	521
260	258
260	259
260	261
260	271
260	280
260	281
260	283
260	335
260	361
260	363
260	465
260	489
260	494
260	600
262	263
262	489
262	494
262	525
262	613
262	614
262	1005
262	1012
264	257
264	258
264	259
264	260
264	261
264	504
264	505
264	549
264	561
264	563
264	613
264	622
264	670
264	686
264	687
264	903
265	257
265	258
265	259
265	261
265	504
265	505
265	521
265	559
265	669
265	670
265	691
265	711
265	903
266	263
266	930
267	259
267	444
267	547
267	548
268	269
269	849
271	272
273	274
275	272
275	276
275	310
275	311
275	312
275	538
275	539
275	540
275	933
275	934
275	937
275	938
275	939
277	278
279	280
281	280
281	282
281	283
284	46
284	276
284	520
284	569
285	24
285	44
285	46
285	58
285	195
285	278
285	284
285	307
285	310
285	312
285	313
285	318
285	319
285	320
285	321
285	335
285	345
285	346
285	361
285	362
285	520
285	569
285	609
285	655
285	933
285	934
286	240
287	242
288	242
288	449
288	558
288	570
289	244
289	335
289	361
289	403
289	832
290	291
292	293
294	290
294	292
295	296
295	297
296	297
297	431
298	295
298	299
300	275
300	300
300	301
300	352
300	490
300	575
300	584
300	591
300	593
300	695
300	696
301	742
301	785
302	301
302	716
304	305
304	306
307	308
307	309
307	520
307	933
307	934
322	310
323	309
324	318
324	319
324	320
324	321
324	963
330	300
330	331
330	529
330	530
330	531
330	532
330	935
330	936
332	333
332	448
332	503
332	558
332	559
334	262
334	335
334	361
334	363
334	459
334	491
334	495
334	496
336	262
336	335
336	361
336	363
336	518
341	417
341	418
347	348
347	349
348	415
348	549
350	351
352	411
353	337
354	44
354	46
354	195
354	199
354	335
354	345
354	346
354	355
354	356
354	357
354	358
354	359
354	360
354	457
354	580
354	605
354	609
354	650
354	693
354	745
354	746
355	421
361	345
361	693
362	357
363	357
363	775
364	422
365	335
365	353
365	361
365	363
365	655
365	910
366	364
366	650
369	415
369	505
369	549
372	414
372	420
374	371
374	419
381	390
385	413
387	369
389	415
390	397
394	412
395	423
398	396
398	414
399	363
399	400
401	402
403	337
403	775
404	342
405	406
407	408
409	335
409	361
409	363
410	349
410	369
416	346
416	400
424	425
426	167
426	335
426	361
426	363
426	370
426	832
426	833
427	335
427	361
427	370
427	393
427	394
427	399
427	497
427	554
427	591
428	335
428	361
428	370
428	386
428	399
428	497
428	554
428	591
431	432
431	433
431	434
431	435
431	436
431	437
431	969
431	980
438	439
440	441
440	442
440	443
440	1003
441	506
442	506
443	501
444	440
444	445
444	1004
444	1005
445	505
445	549
445	550
446	441
446	442
446	443
446	1003
447	440
447	442
447	875
447	1008
448	449
448	450
448	875
449	546
449	574
449	579
451	452
452	260
452	262
452	304
452	455
452	456
452	459
452	469
452	502
452	518
452	519
452	561
452	563
452	622
452	671
452	700
452	701
452	702
452	703
452	704
452	876
452	904
452	905
452	906
452	907
452	908
453	450
454	455
455	457
455	518
455	519
455	894
455	896
456	451
456	456
456	457
456	458
456	459
456	878
456	880
456	881
456	885
456	886
458	537
458	664
460	461
460	462
460	463
460	464
460	465
460	466
460	916
465	472
467	262
467	468
467	469
468	462
468	463
468	513
468	514
470	471
471	503
471	558
471	559
473	474
475	476
476	477
478	476
479	480
481	482
481	483
483	603
483	689
483	690
483	691
483	692
484	485
484	932
486	487
488	465
488	489
489	648
489	649
490	491
490	492
490	1011
491	262
492	497
492	522
492	565
493	465
493	489
493	494
493	495
494	472
494	648
494	734
494	735
496	466
496	489
496	494
496	497
496	498
496	499
496	500
497	556
498	488
499	561
499	622
500	561
500	622
501	304
501	502
503	450
504	505
507	508
507	509
507	895
509	457
509	536
510	511
512	502
514	489
515	516
515	517
515	1005
515	1012
517	502
517	506
517	512
517	571
517	572
517	573
519	664
522	468
522	523
522	524
523	463
524	519
525	526
525	527
527	528
533	262
533	459
533	469
533	519
533	534
533	535
533	536
533	537
534	894
536	467
537	518
538	742
539	639
541	542
543	330
543	544
543	545
545	659
545	888
545	901
545	924
545	941
545	953
545	955
545	956
545	957
545	958
546	442
546	543
546	547
546	548
546	1009
551	552
551	553
553	566
554	457
554	555
556	648
557	448
557	503
557	558
557	559
558	612
560	488
560	499
560	500
560	561
560	562
560	563
561	489
564	510
567	485
567	557
567	932
568	44
568	195
568	569
569	46
569	520
570	465
570	489
570	494
570	495
572	606
574	543
574	575
574	1008
574	1011
575	576
576	558
577	547
577	548
577	1007
578	547
578	548
578	1007
579	547
579	548
579	577
579	578
579	1007
580	546
580	558
580	579
580	581
582	583
583	576
584	582
584	583
584	585
584	586
584	1008
584	1012
584	1013
585	587
587	44
587	46
588	583
588	585
589	449
590	524
591	497
592	262
593	484
593	538
593	539
593	567
593	571
593	594
593	595
593	596
593	933
593	1008
593	1013
596	606
597	598
598	589
599	524
601	602
602	409
603	604
604	647
605	568
607	607
608	609
610	262
610	463
610	465
610	489
610	494
610	496
610	498
610	500
610	528
610	535
610	551
610	556
610	611
612	819
615	48
615	273
615	616
615	617
615	618
616	50
617	52
617	623
618	44
618	623
619	620
619	621
620	56
621	480
622	489
622	494
623	46
624	625
626	457
626	508
626	509
626	894
626	897
626	898
626	899
626	900
627	628
627	629
627	630
627	631
627	632
627	633
627	634
630	730
630	818
631	654
633	818
635	636
636	637
636	638
639	154
640	641
640	642
641	262
641	599
641	759
643	625
643	644
645	646
648	649
649	734
651	652
653	44
653	46
656	48
656	273
656	511
656	616
657	48
657	50
657	279
657	511
658	48
658	279
658	511
659	940
660	661
662	663
664	0
664	469
664	626
665	666
665	667
665	668
666	56
667	480
668	480
669	518
670	502
670	561
670	563
670	622
670	671
671	556
672	511
672	656
672	657
672	658
673	674
673	675
673	933
673	934
676	677
677	685
677	933
677	934
678	265
678	519
678	599
678	640
678	664
678	669
678	679
678	680
678	681
678	682
678	683
678	902
679	641
679	786
684	625
688	559
688	637
689	708
691	643
692	731
693	693
694	625
695	740
695	741
697	46
697	50
697	52
697	53
697	477
697	511
697	615
697	618
697	623
697	667
697	668
697	698
697	699
698	50
698	477
698	511
698	756
699	656
703	702
703	729
705	450
705	559
705	637
705	706
706	751
707	154
708	486
708	487
709	621
709	710
710	56
712	625
713	361
713	655
714	559
715	716
717	454
718	510
718	511
720	721
722	723
722	724
722	725
723	50
723	52
723	479
723	510
723	511
723	623
723	698
723	744
724	760
726	723
727	625
728	625
730	633
732	733
734	757
734	758
736	737
738	44
738	459
739	650
743	511
743	744
744	511
745	469
745	825
745	826
747	459
747	509
747	518
747	702
747	909
748	749
749	712
750	751
750	752
751	482
751	689
751	753
751	754
752	624
754	755
756	50
756	52
756	618
761	762
764	54
765	54
766	161
766	334
766	507
766	559
766	602
766	604
766	638
766	640
766	681
766	683
766	691
766	748
766	767
766	768
766	769
766	770
766	771
766	772
766	773
773	774
774	161
775	693
776	603
776	691
776	777
778	603
778	691
778	779
780	511
781	782
782	701
784	612
785	639
789	684
820	568
822	519
822	599
822	700
823	463
823	535
823	571
823	700
823	781
823	782
824	688
827	571
828	694
830	831
838	1010
839	361
839	399
840	361
840	399
841	361
841	363
842	456
842	470
842	502
842	571
842	627
842	877
842	904
842	933
842	934
842	943
842	945
842	948
842	949
843	844
845	846
847	746
848	300
848	964
850	851
856	933
856	934
862	454
873	874
876	877
878	451
879	451
880	878
880	879
881	878
881	879
881	882
883	884
885	456
887	884
888	884
889	883
890	883
891	883
892	884
893	883
916	961
917	918
917	959
919	920
919	959
921	922
921	959
923	922
923	959
932	944
940	935
940	936
944	842
945	933
945	934
945	939
945	943
945	945
945	947
947	951
947	952
949	943
949	947
950	842
951	952
953	954
955	954
956	954
957	954
958	954
959	960
965	966
966	1002
967	968
967	969
967	984
967	985
967	986
967	987
967	988
967	989
967	990
967	991
967	992
968	970
971	972
973	974
973	975
973	976
977	968
977	969
977	971
977	978
977	979
985	991
985	996
985	997
993	994
993	995
994	219
997	991
1002	988
1006	440
1007	440
1007	1003
1009	440
1009	1008
1039	238
1040	93
