gtrieScanner Results
------------------------------------------
General Information

Start of Computation: 02h15m16s 02/08/2020
End of Computation: 02h15m17s 02/08/2020

Subgraph Size: 4
Graph File: "input/#DiaDelMusico.edges"
Directed: YES
Nr Nodes: 8711
Nr Edges: 12780

Method: GTRIE with file containing complete g-trie
Different Types of Subgraphs Found [Original Network]: 134
Subgraph Occurrences Found [Original Network]: 17131056
Time for computing census on original network: 0.244060s
Average time for census on random network: 0.000000s

Number of random networks: 0
Random seed: 1596352516
Exchanges per edge: 3
Number of tries per exchange: 10
------------------------------------------
Motif Analysis Results

Graph   Org_Freq |  Z-score |    Rnd_Avg +/-    Rnd_Dev

0000
1000
1000
1000    15994967 |     0.00 |       0.00 +/-       0.00

0000
1001
1000
0000      398291 |     0.00 |       0.00 +/-       0.00

0111
0000
0000
0000      250866 |     0.00 |       0.00 +/-       0.00

0000
1010
1000
1000       83870 |     0.00 |       0.00 +/-       0.00

0100
0000
1100
1100       57163 |     0.00 |       0.00 +/-       0.00

0100
1000
1100
1100       41626 |     0.00 |       0.00 +/-       0.00

0011
1000
0000
0000       34245 |     0.00 |       0.00 +/-       0.00

0001
1000
1000
0000       31209 |     0.00 |       0.00 +/-       0.00

0000
1000
1000
0100       31194 |     0.00 |       0.00 +/-       0.00

0111
1000
0000
0000       26777 |     0.00 |       0.00 +/-       0.00

0111
1010
0000
0000       17964 |     0.00 |       0.00 +/-       0.00

0110
0000
0000
0110       17496 |     0.00 |       0.00 +/-       0.00

0111
1011
0000
0000       14205 |     0.00 |       0.00 +/-       0.00

0111
0010
0000
0000       12413 |     0.00 |       0.00 +/-       0.00

0011
1010
0000
0000       11838 |     0.00 |       0.00 +/-       0.00

0010
1010
0000
1000       11682 |     0.00 |       0.00 +/-       0.00

0111
0011
0000
0000       10967 |     0.00 |       0.00 +/-       0.00

0010
1001
0000
0000        9759 |     0.00 |       0.00 +/-       0.00

0101
1000
1000
0000        6917 |     0.00 |       0.00 +/-       0.00

0100
1000
1000
1000        6731 |     0.00 |       0.00 +/-       0.00

0100
1000
1100
1000        6534 |     0.00 |       0.00 +/-       0.00

0101
1000
1100
0000        6435 |     0.00 |       0.00 +/-       0.00

0110
1010
0000
0010        5260 |     0.00 |       0.00 +/-       0.00

0110
1010
0000
1110        4948 |     0.00 |       0.00 +/-       0.00

0110
1000
0000
0010        4585 |     0.00 |       0.00 +/-       0.00

0100
1000
1101
0000        3071 |     0.00 |       0.00 +/-       0.00

0110
1010
0000
1000        2772 |     0.00 |       0.00 +/-       0.00

0111
1000
1000
0000        2388 |     0.00 |       0.00 +/-       0.00

0111
1001
1000
0000        2371 |     0.00 |       0.00 +/-       0.00

0110
1001
0000
0000        2339 |     0.00 |       0.00 +/-       0.00

0100
1001
1000
0000        1946 |     0.00 |       0.00 +/-       0.00

0100
0001
1000
0000        1364 |     0.00 |       0.00 +/-       0.00

0111
1010
1100
0000        1333 |     0.00 |       0.00 +/-       0.00

0011
1010
0000
1000        1304 |     0.00 |       0.00 +/-       0.00

0110
0010
0000
1000         991 |     0.00 |       0.00 +/-       0.00

0100
1000
1001
0000         942 |     0.00 |       0.00 +/-       0.00

0111
1011
1101
0000         937 |     0.00 |       0.00 +/-       0.00

0110
1010
1100
1110         841 |     0.00 |       0.00 +/-       0.00

0111
1010
1000
0000         818 |     0.00 |       0.00 +/-       0.00

0110
1010
0000
1010         680 |     0.00 |       0.00 +/-       0.00

0101
1000
1100
1000         665 |     0.00 |       0.00 +/-       0.00

0110
1000
1100
1100         583 |     0.00 |       0.00 +/-       0.00

0101
1000
1101
0000         551 |     0.00 |       0.00 +/-       0.00

0101
1001
1100
0000         381 |     0.00 |       0.00 +/-       0.00

0111
0010
0000
1000         379 |     0.00 |       0.00 +/-       0.00

0110
1011
1000
0000         378 |     0.00 |       0.00 +/-       0.00

0100
1000
1100
0010         371 |     0.00 |       0.00 +/-       0.00

0111
1011
0001
0000         344 |     0.00 |       0.00 +/-       0.00

0001
1010
1000
0000         343 |     0.00 |       0.00 +/-       0.00

0110
1001
1000
0000         332 |     0.00 |       0.00 +/-       0.00

0110
1000
0001
0000         321 |     0.00 |       0.00 +/-       0.00

0111
1011
1000
0000         287 |     0.00 |       0.00 +/-       0.00

0111
0011
0001
0000         284 |     0.00 |       0.00 +/-       0.00

0111
1011
1001
0000         263 |     0.00 |       0.00 +/-       0.00

0110
1010
1100
1000         245 |     0.00 |       0.00 +/-       0.00

0110
1010
1000
1000         240 |     0.00 |       0.00 +/-       0.00

0110
1000
1000
1000         226 |     0.00 |       0.00 +/-       0.00

0110
1010
1000
1110         205 |     0.00 |       0.00 +/-       0.00

0100
1000
1000
0010         177 |     0.00 |       0.00 +/-       0.00

0110
1000
1000
0100         177 |     0.00 |       0.00 +/-       0.00

0111
0000
0100
0100         177 |     0.00 |       0.00 +/-       0.00

0110
1001
1100
0000         172 |     0.00 |       0.00 +/-       0.00

0111
1010
1100
1000         146 |     0.00 |       0.00 +/-       0.00

0110
1010
0001
0000         124 |     0.00 |       0.00 +/-       0.00

0111
1011
1100
0000         104 |     0.00 |       0.00 +/-       0.00

0100
1000
1101
0010         103 |     0.00 |       0.00 +/-       0.00

0111
1000
1000
1000         101 |     0.00 |       0.00 +/-       0.00

0111
1011
0001
0010          90 |     0.00 |       0.00 +/-       0.00

0100
1000
1000
0100          85 |     0.00 |       0.00 +/-       0.00

0001
1010
1000
1000          71 |     0.00 |       0.00 +/-       0.00

0101
0000
1100
0100          67 |     0.00 |       0.00 +/-       0.00

0110
1010
1000
1100          62 |     0.00 |       0.00 +/-       0.00

0100
1010
1000
1010          61 |     0.00 |       0.00 +/-       0.00

0100
1000
1101
1100          60 |     0.00 |       0.00 +/-       0.00

0111
1001
1100
0000          58 |     0.00 |       0.00 +/-       0.00

0111
1010
1100
1110          56 |     0.00 |       0.00 +/-       0.00

0111
1011
1101
1110          50 |     0.00 |       0.00 +/-       0.00

0101
0001
1100
0000          48 |     0.00 |       0.00 +/-       0.00

0111
1010
1000
1000          48 |     0.00 |       0.00 +/-       0.00

0111
1010
0000
1010          47 |     0.00 |       0.00 +/-       0.00

0110
1010
1100
1100          40 |     0.00 |       0.00 +/-       0.00

0101
1010
1000
0000          39 |     0.00 |       0.00 +/-       0.00

0110
1011
1000
0100          37 |     0.00 |       0.00 +/-       0.00

0111
1001
1100
1000          30 |     0.00 |       0.00 +/-       0.00

0110
1000
0100
1110          29 |     0.00 |       0.00 +/-       0.00

0110
1000
0100
1000          26 |     0.00 |       0.00 +/-       0.00

0101
1010
1001
0000          23 |     0.00 |       0.00 +/-       0.00

0111
1000
0100
0000          23 |     0.00 |       0.00 +/-       0.00

0111
0001
0100
0000          21 |     0.00 |       0.00 +/-       0.00

0110
1001
1100
0100          18 |     0.00 |       0.00 +/-       0.00

0111
1011
1101
1000          17 |     0.00 |       0.00 +/-       0.00

0111
1011
1100
1000          16 |     0.00 |       0.00 +/-       0.00

0110
0001
0001
0000          15 |     0.00 |       0.00 +/-       0.00

0110
0001
0000
0010          14 |     0.00 |       0.00 +/-       0.00

0111
1001
0100
0000          13 |     0.00 |       0.00 +/-       0.00

0100
1000
1001
0010          12 |     0.00 |       0.00 +/-       0.00

0100
1001
1001
0000          12 |     0.00 |       0.00 +/-       0.00

0110
1000
1100
0100          12 |     0.00 |       0.00 +/-       0.00

0100
1010
1000
1000          10 |     0.00 |       0.00 +/-       0.00

0101
1000
1100
0100          10 |     0.00 |       0.00 +/-       0.00

0110
1010
0001
0010          10 |     0.00 |       0.00 +/-       0.00

0100
1000
1100
1010           8 |     0.00 |       0.00 +/-       0.00

0100
1000
1101
1000           8 |     0.00 |       0.00 +/-       0.00

0101
1000
1101
1000           8 |     0.00 |       0.00 +/-       0.00

0111
1000
1100
1100           8 |     0.00 |       0.00 +/-       0.00

0110
1010
1000
0100           6 |     0.00 |       0.00 +/-       0.00

0111
1011
1101
1100           6 |     0.00 |       0.00 +/-       0.00

0110
1001
1000
0100           5 |     0.00 |       0.00 +/-       0.00

0111
1010
1000
0100           5 |     0.00 |       0.00 +/-       0.00

0111
1011
1001
1000           5 |     0.00 |       0.00 +/-       0.00

0110
1001
1000
1000           4 |     0.00 |       0.00 +/-       0.00

0111
1010
0000
0010           4 |     0.00 |       0.00 +/-       0.00

0111
1010
0000
0110           4 |     0.00 |       0.00 +/-       0.00

0101
1010
1001
1000           3 |     0.00 |       0.00 +/-       0.00

0111
1010
1100
0100           3 |     0.00 |       0.00 +/-       0.00

0111
1011
1000
1000           3 |     0.00 |       0.00 +/-       0.00

0111
1011
1100
1010           3 |     0.00 |       0.00 +/-       0.00

0110
1000
0100
0010           2 |     0.00 |       0.00 +/-       0.00

0110
1000
0100
1010           2 |     0.00 |       0.00 +/-       0.00

0110
1000
0101
0010           2 |     0.00 |       0.00 +/-       0.00

0110
1001
1100
1100           2 |     0.00 |       0.00 +/-       0.00

0111
1000
0101
0000           2 |     0.00 |       0.00 +/-       0.00

0111
1000
1100
0100           2 |     0.00 |       0.00 +/-       0.00

0111
1010
1100
1100           2 |     0.00 |       0.00 +/-       0.00

0111
1011
1000
0010           2 |     0.00 |       0.00 +/-       0.00

0100
1000
1001
0100           1 |     0.00 |       0.00 +/-       0.00

0110
1000
0101
0000           1 |     0.00 |       0.00 +/-       0.00

0110
1001
1001
0000           1 |     0.00 |       0.00 +/-       0.00

0110
1001
1101
1100           1 |     0.00 |       0.00 +/-       0.00

0110
1011
1001
0000           1 |     0.00 |       0.00 +/-       0.00

0110
1011
1001
1000           1 |     0.00 |       0.00 +/-       0.00

0111
1000
0101
0100           1 |     0.00 |       0.00 +/-       0.00

0111
1001
1101
0100           1 |     0.00 |       0.00 +/-       0.00

0111
1010
0001
0000           1 |     0.00 |       0.00 +/-       0.00

0001
1000
1100
0100           0 |     0.00 |       0.00 +/-       0.00

0010
1001
0100
1000           0 |     0.00 |       0.00 +/-       0.00

0011
1000
0100
0100           0 |     0.00 |       0.00 +/-       0.00

0011
1001
0100
0000           0 |     0.00 |       0.00 +/-       0.00

0011
1010
0000
0110           0 |     0.00 |       0.00 +/-       0.00

0100
0001
1000
0010           0 |     0.00 |       0.00 +/-       0.00

0100
0010
1000
1000           0 |     0.00 |       0.00 +/-       0.00

0100
1001
1000
0010           0 |     0.00 |       0.00 +/-       0.00

0100
1010
1001
1000           0 |     0.00 |       0.00 +/-       0.00

0101
0001
1100
0010           0 |     0.00 |       0.00 +/-       0.00

0101
0010
1000
0000           0 |     0.00 |       0.00 +/-       0.00

0101
0010
1000
1000           0 |     0.00 |       0.00 +/-       0.00

0101
1000
1100
0010           0 |     0.00 |       0.00 +/-       0.00

0101
1010
1000
0010           0 |     0.00 |       0.00 +/-       0.00

0101
1010
1000
1010           0 |     0.00 |       0.00 +/-       0.00

0101
1010
1001
0010           0 |     0.00 |       0.00 +/-       0.00

0110
1000
0001
0110           0 |     0.00 |       0.00 +/-       0.00

0110
1000
0101
1000           0 |     0.00 |       0.00 +/-       0.00

0110
1000
0101
1100           0 |     0.00 |       0.00 +/-       0.00

0110
1000
1000
0110           0 |     0.00 |       0.00 +/-       0.00

0110
1001
0001
0000           0 |     0.00 |       0.00 +/-       0.00

0110
1001
0001
0010           0 |     0.00 |       0.00 +/-       0.00

0110
1001
0100
1000           0 |     0.00 |       0.00 +/-       0.00

0110
1001
0101
1000           0 |     0.00 |       0.00 +/-       0.00

0110
1001
0101
1010           0 |     0.00 |       0.00 +/-       0.00

0110
1001
1000
0010           0 |     0.00 |       0.00 +/-       0.00

0110
1001
1001
0100           0 |     0.00 |       0.00 +/-       0.00

0110
1001
1001
0110           0 |     0.00 |       0.00 +/-       0.00

0110
1001
1100
0010           0 |     0.00 |       0.00 +/-       0.00

0110
1001
1100
0110           0 |     0.00 |       0.00 +/-       0.00

0110
1001
1100
1000           0 |     0.00 |       0.00 +/-       0.00

0110
1001
1100
1010           0 |     0.00 |       0.00 +/-       0.00

0110
1001
1101
0100           0 |     0.00 |       0.00 +/-       0.00

0110
1010
0001
1000           0 |     0.00 |       0.00 +/-       0.00

0110
1010
0001
1010           0 |     0.00 |       0.00 +/-       0.00

0110
1010
0001
1100           0 |     0.00 |       0.00 +/-       0.00

0110
1010
1000
0110           0 |     0.00 |       0.00 +/-       0.00

0110
1011
1000
0010           0 |     0.00 |       0.00 +/-       0.00

0110
1011
1000
0110           0 |     0.00 |       0.00 +/-       0.00

0110
1011
1000
1000           0 |     0.00 |       0.00 +/-       0.00

0110
1011
1000
1010           0 |     0.00 |       0.00 +/-       0.00

0110
1011
1001
0100           0 |     0.00 |       0.00 +/-       0.00

0110
1011
1001
0110           0 |     0.00 |       0.00 +/-       0.00

0111
0001
0100
0010           0 |     0.00 |       0.00 +/-       0.00

0111
1000
0100
0010           0 |     0.00 |       0.00 +/-       0.00

0111
1000
0100
0100           0 |     0.00 |       0.00 +/-       0.00

0111
1000
0100
1000           0 |     0.00 |       0.00 +/-       0.00

0111
1000
0101
0010           0 |     0.00 |       0.00 +/-       0.00

0111
1000
0101
0110           0 |     0.00 |       0.00 +/-       0.00

0111
1000
0101
1000           0 |     0.00 |       0.00 +/-       0.00

0111
1001
1100
0010           0 |     0.00 |       0.00 +/-       0.00

0111
1001
1100
0100           0 |     0.00 |       0.00 +/-       0.00

0111
1001
1100
0110           0 |     0.00 |       0.00 +/-       0.00

0111
1001
1100
1010           0 |     0.00 |       0.00 +/-       0.00

0111
1010
0001
0010           0 |     0.00 |       0.00 +/-       0.00

0111
1010
0001
0100           0 |     0.00 |       0.00 +/-       0.00

0111
1010
0001
0110           0 |     0.00 |       0.00 +/-       0.00

0111
1010
0001
1000           0 |     0.00 |       0.00 +/-       0.00

0111
1010
1000
0110           0 |     0.00 |       0.00 +/-       0.00

0111
1010
1100
0110           0 |     0.00 |       0.00 +/-       0.00

0111
1011
1000
0100           0 |     0.00 |       0.00 +/-       0.00

0111
1011
1001
0100           0 |     0.00 |       0.00 +/-       0.00

0111
1011
1001
0110           0 |     0.00 |       0.00 +/-       0.00

0111
1011
1100
0010           0 |     0.00 |       0.00 +/-       0.00

0111
1011
1100
1100           0 |     0.00 |       0.00 +/-       0.00

