gtrieScanner Results
------------------------------------------
General Information

Start of Computation: 02h15m49s 02/08/2020
End of Computation: 02h15m51s 02/08/2020

Subgraph Size: 4
Graph File: "input/#FelizDomingo.edges"
Directed: YES
Nr Nodes: 14503
Nr Edges: 28851

Method: GTRIE with file containing complete g-trie
Different Types of Subgraphs Found [Original Network]: 179
Subgraph Occurrences Found [Original Network]: 99854615
Time for computing census on original network: 1.848650s
Average time for census on random network: 0.000000s

Number of random networks: 0
Random seed: 1596352549
Exchanges per edge: 3
Number of tries per exchange: 10
------------------------------------------
Motif Analysis Results

Graph   Org_Freq |  Z-score |    Rnd_Avg +/-    Rnd_Dev

0000
1000
1000
1000    80883421 |     0.00 |       0.00 +/-       0.00

0000
1001
1000
0000     7341550 |     0.00 |       0.00 +/-       0.00

0111
0000
0000
0000     4024555 |     0.00 |       0.00 +/-       0.00

0000
1010
1000
1000      968456 |     0.00 |       0.00 +/-       0.00

0011
1000
0000
0000      686077 |     0.00 |       0.00 +/-       0.00

0010
1001
0000
0000      633242 |     0.00 |       0.00 +/-       0.00

0110
0000
0000
0110      613783 |     0.00 |       0.00 +/-       0.00

0001
1000
1000
0000      558633 |     0.00 |       0.00 +/-       0.00

0111
0010
0000
0000      545759 |     0.00 |       0.00 +/-       0.00

0000
1000
1000
0100      526938 |     0.00 |       0.00 +/-       0.00

0011
1010
0000
0000      469969 |     0.00 |       0.00 +/-       0.00

0100
0000
1100
1100      322051 |     0.00 |       0.00 +/-       0.00

0010
1010
0000
1000      282264 |     0.00 |       0.00 +/-       0.00

0111
0011
0000
0000      244094 |     0.00 |       0.00 +/-       0.00

0111
1000
0000
0000      229204 |     0.00 |       0.00 +/-       0.00

0101
1000
1000
0000      165911 |     0.00 |       0.00 +/-       0.00

0111
1010
0000
0000      151268 |     0.00 |       0.00 +/-       0.00

0100
1000
1000
1000       90597 |     0.00 |       0.00 +/-       0.00

0110
1000
0000
0010       82530 |     0.00 |       0.00 +/-       0.00

0111
1011
0000
0000       75404 |     0.00 |       0.00 +/-       0.00

0101
1000
1100
0000       75232 |     0.00 |       0.00 +/-       0.00

0100
1000
1001
0000       70352 |     0.00 |       0.00 +/-       0.00

0110
1010
0000
0010       64009 |     0.00 |       0.00 +/-       0.00

0100
1000
1100
1000       52591 |     0.00 |       0.00 +/-       0.00

0110
1001
0000
0000       48802 |     0.00 |       0.00 +/-       0.00

0100
1001
1000
0000       48338 |     0.00 |       0.00 +/-       0.00

0110
1010
0000
1110       46297 |     0.00 |       0.00 +/-       0.00

0110
1010
0000
1000       45207 |     0.00 |       0.00 +/-       0.00

0100
1000
1101
0000       42278 |     0.00 |       0.00 +/-       0.00

0100
1000
1100
1100       40892 |     0.00 |       0.00 +/-       0.00

0011
1010
0000
1000       37494 |     0.00 |       0.00 +/-       0.00

0100
0001
1000
0000       31334 |     0.00 |       0.00 +/-       0.00

0110
1010
0000
1010       30543 |     0.00 |       0.00 +/-       0.00

0111
1000
1000
0000       26555 |     0.00 |       0.00 +/-       0.00

0001
1010
1000
0000       23034 |     0.00 |       0.00 +/-       0.00

0110
0010
0000
1000       22903 |     0.00 |       0.00 +/-       0.00

0101
1000
1101
0000       18264 |     0.00 |       0.00 +/-       0.00

0100
1000
1000
0100       16083 |     0.00 |       0.00 +/-       0.00

0111
0000
0100
0100       13124 |     0.00 |       0.00 +/-       0.00

0101
1001
1100
0000       12651 |     0.00 |       0.00 +/-       0.00

0111
0011
0001
0000       12281 |     0.00 |       0.00 +/-       0.00

0110
1000
1000
1000       11731 |     0.00 |       0.00 +/-       0.00

0111
1001
1000
0000       11476 |     0.00 |       0.00 +/-       0.00

0101
0000
1100
0100       10836 |     0.00 |       0.00 +/-       0.00

0111
1010
1100
0000        9695 |     0.00 |       0.00 +/-       0.00

0101
1000
1100
1000        8289 |     0.00 |       0.00 +/-       0.00

0110
1001
1000
0000        8230 |     0.00 |       0.00 +/-       0.00

0110
1000
0001
0000        7792 |     0.00 |       0.00 +/-       0.00

0111
1011
1101
0000        7233 |     0.00 |       0.00 +/-       0.00

0111
0001
0100
0000        6452 |     0.00 |       0.00 +/-       0.00

0111
1010
1000
0000        5368 |     0.00 |       0.00 +/-       0.00

0111
0010
0000
1000        4946 |     0.00 |       0.00 +/-       0.00

0100
1001
1001
0000        4941 |     0.00 |       0.00 +/-       0.00

0110
1010
1100
1000        4581 |     0.00 |       0.00 +/-       0.00

0110
1010
1100
1110        4434 |     0.00 |       0.00 +/-       0.00

0110
1000
1000
0100        4329 |     0.00 |       0.00 +/-       0.00

0111
1011
1100
0000        4075 |     0.00 |       0.00 +/-       0.00

0101
0001
1100
0000        3915 |     0.00 |       0.00 +/-       0.00

0110
0001
0000
0010        3640 |     0.00 |       0.00 +/-       0.00

0111
1010
0000
1010        3441 |     0.00 |       0.00 +/-       0.00

0100
1000
1000
0010        2954 |     0.00 |       0.00 +/-       0.00

0110
1010
0001
0000        2730 |     0.00 |       0.00 +/-       0.00

0110
0001
0001
0000        2505 |     0.00 |       0.00 +/-       0.00

0111
1010
0000
0010        2382 |     0.00 |       0.00 +/-       0.00

0110
1010
1000
1000        2311 |     0.00 |       0.00 +/-       0.00

0110
1011
1000
0000        2224 |     0.00 |       0.00 +/-       0.00

0111
1011
1000
0000        2203 |     0.00 |       0.00 +/-       0.00

0001
1010
1000
1000        2135 |     0.00 |       0.00 +/-       0.00

0110
1000
1100
1100        2117 |     0.00 |       0.00 +/-       0.00

0111
1011
1001
0000        2112 |     0.00 |       0.00 +/-       0.00

0110
1001
1100
0000        2043 |     0.00 |       0.00 +/-       0.00

0110
1010
1100
1100        2012 |     0.00 |       0.00 +/-       0.00

0100
1000
1100
0010        1942 |     0.00 |       0.00 +/-       0.00

0110
1010
1000
0100        1843 |     0.00 |       0.00 +/-       0.00

0110
1000
1100
0100        1285 |     0.00 |       0.00 +/-       0.00

0110
1010
1000
1110        1182 |     0.00 |       0.00 +/-       0.00

0111
1001
1100
0000        1178 |     0.00 |       0.00 +/-       0.00

0111
1000
1000
1000        1176 |     0.00 |       0.00 +/-       0.00

0111
1000
0100
0000        1172 |     0.00 |       0.00 +/-       0.00

0101
1000
1101
1000        1030 |     0.00 |       0.00 +/-       0.00

0100
1010
1000
1000        1009 |     0.00 |       0.00 +/-       0.00

0111
1010
1100
1000        1000 |     0.00 |       0.00 +/-       0.00

0100
1000
1101
1000         951 |     0.00 |       0.00 +/-       0.00

0111
1010
0001
0000         872 |     0.00 |       0.00 +/-       0.00

0111
1011
0001
0000         841 |     0.00 |       0.00 +/-       0.00

0100
1000
1001
0010         789 |     0.00 |       0.00 +/-       0.00

0101
1010
1000
0000         683 |     0.00 |       0.00 +/-       0.00

0100
1000
1101
1100         625 |     0.00 |       0.00 +/-       0.00

0111
1010
1000
1000         576 |     0.00 |       0.00 +/-       0.00

0110
1010
1000
1100         574 |     0.00 |       0.00 +/-       0.00

0100
1000
1100
1010         449 |     0.00 |       0.00 +/-       0.00

0110
1001
0001
0000         400 |     0.00 |       0.00 +/-       0.00

0111
1011
1101
1110         379 |     0.00 |       0.00 +/-       0.00

0101
0010
1000
0000         377 |     0.00 |       0.00 +/-       0.00

0110
1000
0100
1000         376 |     0.00 |       0.00 +/-       0.00

0100
1000
1101
0010         368 |     0.00 |       0.00 +/-       0.00

0100
1010
1000
1010         366 |     0.00 |       0.00 +/-       0.00

0111
1001
0100
0000         301 |     0.00 |       0.00 +/-       0.00

0110
1011
1001
0000         290 |     0.00 |       0.00 +/-       0.00

0101
1000
1100
0100         280 |     0.00 |       0.00 +/-       0.00

0110
1000
0100
0010         269 |     0.00 |       0.00 +/-       0.00

0110
1000
0101
0000         245 |     0.00 |       0.00 +/-       0.00

0110
1001
1000
0100         240 |     0.00 |       0.00 +/-       0.00

0110
1000
0100
1110         232 |     0.00 |       0.00 +/-       0.00

0111
1011
1100
1100         228 |     0.00 |       0.00 +/-       0.00

0111
1000
0101
0000         225 |     0.00 |       0.00 +/-       0.00

0111
1010
1100
1100         211 |     0.00 |       0.00 +/-       0.00

0110
1010
0001
0010         203 |     0.00 |       0.00 +/-       0.00

0110
1010
1000
0110         203 |     0.00 |       0.00 +/-       0.00

0100
1000
1001
0100         189 |     0.00 |       0.00 +/-       0.00

0110
1001
1100
0100         180 |     0.00 |       0.00 +/-       0.00

0110
1001
1001
0000         176 |     0.00 |       0.00 +/-       0.00

0111
1010
0000
0110         168 |     0.00 |       0.00 +/-       0.00

0110
1011
1000
0100         161 |     0.00 |       0.00 +/-       0.00

0111
1011
1100
1000         159 |     0.00 |       0.00 +/-       0.00

0100
0010
1000
1000         158 |     0.00 |       0.00 +/-       0.00

0011
1001
0100
0000         133 |     0.00 |       0.00 +/-       0.00

0110
1000
0100
1010         130 |     0.00 |       0.00 +/-       0.00

0111
1011
1101
1100         128 |     0.00 |       0.00 +/-       0.00

0111
1010
1100
1110         122 |     0.00 |       0.00 +/-       0.00

0111
1000
0100
1000         120 |     0.00 |       0.00 +/-       0.00

0110
1000
1000
0110          94 |     0.00 |       0.00 +/-       0.00

0111
1010
0001
0010          88 |     0.00 |       0.00 +/-       0.00

0101
1010
1001
0000          79 |     0.00 |       0.00 +/-       0.00

0110
1001
1000
1000          72 |     0.00 |       0.00 +/-       0.00

0111
1011
1101
1000          69 |     0.00 |       0.00 +/-       0.00

0111
1011
1000
1000          62 |     0.00 |       0.00 +/-       0.00

0111
1010
1100
0100          52 |     0.00 |       0.00 +/-       0.00

0111
1000
1100
1100          49 |     0.00 |       0.00 +/-       0.00

0111
1001
1100
1000          49 |     0.00 |       0.00 +/-       0.00

0110
1011
1000
0010          43 |     0.00 |       0.00 +/-       0.00

0001
1000
1100
0100          41 |     0.00 |       0.00 +/-       0.00

0111
1011
1001
1000          36 |     0.00 |       0.00 +/-       0.00

0111
1000
0101
0010          32 |     0.00 |       0.00 +/-       0.00

0110
1000
0001
0110          30 |     0.00 |       0.00 +/-       0.00

0110
1001
1100
1100          30 |     0.00 |       0.00 +/-       0.00

0111
1001
1101
0100          28 |     0.00 |       0.00 +/-       0.00

0111
1010
1000
0100          28 |     0.00 |       0.00 +/-       0.00

0111
1011
1000
0010          27 |     0.00 |       0.00 +/-       0.00

0101
0010
1000
1000          25 |     0.00 |       0.00 +/-       0.00

0110
1011
1000
0110          25 |     0.00 |       0.00 +/-       0.00

0111
1011
1000
0100          24 |     0.00 |       0.00 +/-       0.00

0111
1010
0001
1000          23 |     0.00 |       0.00 +/-       0.00

0110
1010
0001
1010          21 |     0.00 |       0.00 +/-       0.00

0110
1001
1101
0100          20 |     0.00 |       0.00 +/-       0.00

0101
1000
1100
0010          19 |     0.00 |       0.00 +/-       0.00

0111
1011
0001
0010          16 |     0.00 |       0.00 +/-       0.00

0110
1001
1100
1000          15 |     0.00 |       0.00 +/-       0.00

0110
1001
1000
0010          14 |     0.00 |       0.00 +/-       0.00

0111
1011
1100
0010          14 |     0.00 |       0.00 +/-       0.00

0101
1010
1001
1000          13 |     0.00 |       0.00 +/-       0.00

0110
1001
0001
0010          13 |     0.00 |       0.00 +/-       0.00

0110
1001
1101
1100          13 |     0.00 |       0.00 +/-       0.00

0111
1000
1100
0100          13 |     0.00 |       0.00 +/-       0.00

0111
1011
1100
1010          13 |     0.00 |       0.00 +/-       0.00

0110
1011
1000
1000          12 |     0.00 |       0.00 +/-       0.00

0111
1000
0100
0010          11 |     0.00 |       0.00 +/-       0.00

0110
1001
1001
0100          10 |     0.00 |       0.00 +/-       0.00

0110
1011
1000
1010          10 |     0.00 |       0.00 +/-       0.00

0100
1001
1000
0010           9 |     0.00 |       0.00 +/-       0.00

0011
1010
0000
0110           8 |     0.00 |       0.00 +/-       0.00

0111
1001
1100
0100           8 |     0.00 |       0.00 +/-       0.00

0111
1011
1001
0100           7 |     0.00 |       0.00 +/-       0.00

0110
1000
0101
0010           6 |     0.00 |       0.00 +/-       0.00

0110
1011
1001
0100           6 |     0.00 |       0.00 +/-       0.00

0100
1010
1001
1000           5 |     0.00 |       0.00 +/-       0.00

0110
1010
0001
1000           5 |     0.00 |       0.00 +/-       0.00

0110
1010
0001
1100           5 |     0.00 |       0.00 +/-       0.00

0111
1000
0101
0110           5 |     0.00 |       0.00 +/-       0.00

0111
1010
1100
0110           5 |     0.00 |       0.00 +/-       0.00

0111
1000
0100
0100           4 |     0.00 |       0.00 +/-       0.00

0110
1011
1001
1000           3 |     0.00 |       0.00 +/-       0.00

0111
1000
0101
0100           3 |     0.00 |       0.00 +/-       0.00

0111
1011
1001
0110           2 |     0.00 |       0.00 +/-       0.00

0101
0001
1100
0010           1 |     0.00 |       0.00 +/-       0.00

0101
1010
1000
1010           1 |     0.00 |       0.00 +/-       0.00

0110
1001
0100
1000           1 |     0.00 |       0.00 +/-       0.00

0110
1001
1100
0010           1 |     0.00 |       0.00 +/-       0.00

0111
1010
0001
0110           1 |     0.00 |       0.00 +/-       0.00

0010
1001
0100
1000           0 |     0.00 |       0.00 +/-       0.00

0011
1000
0100
0100           0 |     0.00 |       0.00 +/-       0.00

0100
0001
1000
0010           0 |     0.00 |       0.00 +/-       0.00

0101
1010
1000
0010           0 |     0.00 |       0.00 +/-       0.00

0101
1010
1001
0010           0 |     0.00 |       0.00 +/-       0.00

0110
1000
0101
1000           0 |     0.00 |       0.00 +/-       0.00

0110
1000
0101
1100           0 |     0.00 |       0.00 +/-       0.00

0110
1001
0101
1000           0 |     0.00 |       0.00 +/-       0.00

0110
1001
0101
1010           0 |     0.00 |       0.00 +/-       0.00

0110
1001
1001
0110           0 |     0.00 |       0.00 +/-       0.00

0110
1001
1100
0110           0 |     0.00 |       0.00 +/-       0.00

0110
1001
1100
1010           0 |     0.00 |       0.00 +/-       0.00

0110
1011
1001
0110           0 |     0.00 |       0.00 +/-       0.00

0111
0001
0100
0010           0 |     0.00 |       0.00 +/-       0.00

0111
1000
0101
1000           0 |     0.00 |       0.00 +/-       0.00

0111
1001
1100
0010           0 |     0.00 |       0.00 +/-       0.00

0111
1001
1100
0110           0 |     0.00 |       0.00 +/-       0.00

0111
1001
1100
1010           0 |     0.00 |       0.00 +/-       0.00

0111
1010
0001
0100           0 |     0.00 |       0.00 +/-       0.00

0111
1010
1000
0110           0 |     0.00 |       0.00 +/-       0.00

