gtrieScanner Results
------------------------------------------
General Information

Start of Computation: 02h15m51s 02/08/2020
End of Computation: 02h15m56s 02/08/2020

Subgraph Size: 4
Graph File: "input/#FelizJueves.edges"
Directed: YES
Nr Nodes: 14833
Nr Edges: 28833

Method: GTRIE with file containing complete g-trie
Different Types of Subgraphs Found [Original Network]: 187
Subgraph Occurrences Found [Original Network]: 260454217
Time for computing census on original network: 4.395342s
Average time for census on random network: 0.000000s

Number of random networks: 0
Random seed: 1596352551
Exchanges per edge: 3
Number of tries per exchange: 10
------------------------------------------
Motif Analysis Results

Graph   Org_Freq |  Z-score |    Rnd_Avg +/-    Rnd_Dev

0000
1000
1000
1000   243749491 |     0.00 |       0.00 +/-       0.00

0000
1001
1000
0000     5642030 |     0.00 |       0.00 +/-       0.00

0001
1000
1000
0000     3428105 |     0.00 |       0.00 +/-       0.00

0000
1010
1000
1000      921714 |     0.00 |       0.00 +/-       0.00

0100
0000
1100
1100      838277 |     0.00 |       0.00 +/-       0.00

0111
0000
0000
0000      795955 |     0.00 |       0.00 +/-       0.00

0100
1000
1000
1000      716218 |     0.00 |       0.00 +/-       0.00

0010
1010
0000
1000      662604 |     0.00 |       0.00 +/-       0.00

0110
0000
0000
0110      611670 |     0.00 |       0.00 +/-       0.00

0000
1000
1000
0100      541211 |     0.00 |       0.00 +/-       0.00

0100
1000
1100
1000      409340 |     0.00 |       0.00 +/-       0.00

0100
1000
1100
1100      382321 |     0.00 |       0.00 +/-       0.00

0011
1000
0000
0000      201581 |     0.00 |       0.00 +/-       0.00

0111
0010
0000
0000      189847 |     0.00 |       0.00 +/-       0.00

0010
1001
0000
0000      171556 |     0.00 |       0.00 +/-       0.00

0011
1010
0000
0000      139460 |     0.00 |       0.00 +/-       0.00

0111
0011
0000
0000      123254 |     0.00 |       0.00 +/-       0.00

0101
1000
1100
0000       91112 |     0.00 |       0.00 +/-       0.00

0110
1010
0000
1110       63944 |     0.00 |       0.00 +/-       0.00

0101
1000
1000
0000       60229 |     0.00 |       0.00 +/-       0.00

0111
1011
0000
0000       57737 |     0.00 |       0.00 +/-       0.00

0100
1000
1000
0100       51251 |     0.00 |       0.00 +/-       0.00

0100
1000
1101
0000       50118 |     0.00 |       0.00 +/-       0.00

0100
1000
1001
0000       42183 |     0.00 |       0.00 +/-       0.00

0110
1010
0000
1000       40875 |     0.00 |       0.00 +/-       0.00

0110
1000
0000
0010       34477 |     0.00 |       0.00 +/-       0.00

0111
1010
0000
0000       34026 |     0.00 |       0.00 +/-       0.00

0100
1001
1000
0000       32110 |     0.00 |       0.00 +/-       0.00

0110
1010
0000
0010       29143 |     0.00 |       0.00 +/-       0.00

0101
1000
1101
0000       27687 |     0.00 |       0.00 +/-       0.00

0011
1010
0000
1000       26212 |     0.00 |       0.00 +/-       0.00

0111
1000
0000
0000       23336 |     0.00 |       0.00 +/-       0.00

0110
1010
0000
1010       22107 |     0.00 |       0.00 +/-       0.00

0101
1000
1100
1000       19019 |     0.00 |       0.00 +/-       0.00

0001
1010
1000
0000       15615 |     0.00 |       0.00 +/-       0.00

0110
1010
1100
1110       15056 |     0.00 |       0.00 +/-       0.00

0100
0001
1000
0000       14136 |     0.00 |       0.00 +/-       0.00

0111
0011
0001
0000       11681 |     0.00 |       0.00 +/-       0.00

0110
1000
1100
1100       11604 |     0.00 |       0.00 +/-       0.00

0101
1001
1100
0000       10280 |     0.00 |       0.00 +/-       0.00

0110
1000
1000
1000        8324 |     0.00 |       0.00 +/-       0.00

0111
1011
1101
0000        7999 |     0.00 |       0.00 +/-       0.00

0111
0000
0100
0100        7741 |     0.00 |       0.00 +/-       0.00

0110
0010
0000
1000        7364 |     0.00 |       0.00 +/-       0.00

0110
1010
1000
1110        7006 |     0.00 |       0.00 +/-       0.00

0110
1010
1100
1100        6452 |     0.00 |       0.00 +/-       0.00

0110
1010
1100
1000        6412 |     0.00 |       0.00 +/-       0.00

0101
1000
1101
1000        6364 |     0.00 |       0.00 +/-       0.00

0111
0001
0100
0000        6045 |     0.00 |       0.00 +/-       0.00

0110
1001
0000
0000        6032 |     0.00 |       0.00 +/-       0.00

0110
1010
1000
1000        5671 |     0.00 |       0.00 +/-       0.00

0111
1010
1100
0000        4909 |     0.00 |       0.00 +/-       0.00

0110
1000
1000
0100        4659 |     0.00 |       0.00 +/-       0.00

0111
1001
1000
0000        4119 |     0.00 |       0.00 +/-       0.00

0101
0000
1100
0100        3899 |     0.00 |       0.00 +/-       0.00

0100
1000
1101
1000        2969 |     0.00 |       0.00 +/-       0.00

0001
1010
1000
1000        2848 |     0.00 |       0.00 +/-       0.00

0100
1000
1000
0010        2257 |     0.00 |       0.00 +/-       0.00

0111
1000
1000
0000        2152 |     0.00 |       0.00 +/-       0.00

0110
1010
1000
1100        2105 |     0.00 |       0.00 +/-       0.00

0110
1000
1100
0100        2037 |     0.00 |       0.00 +/-       0.00

0110
1001
1000
0000        2009 |     0.00 |       0.00 +/-       0.00

0100
1000
1101
1100        2005 |     0.00 |       0.00 +/-       0.00

0100
1001
1001
0000        1950 |     0.00 |       0.00 +/-       0.00

0111
1010
1000
0000        1845 |     0.00 |       0.00 +/-       0.00

0111
1011
1001
0000        1814 |     0.00 |       0.00 +/-       0.00

0111
1011
1100
0000        1527 |     0.00 |       0.00 +/-       0.00

0100
1010
1000
1000        1454 |     0.00 |       0.00 +/-       0.00

0111
1011
1000
0000        1445 |     0.00 |       0.00 +/-       0.00

0110
0001
0000
0010        1376 |     0.00 |       0.00 +/-       0.00

0110
1010
0001
0000        1369 |     0.00 |       0.00 +/-       0.00

0110
1000
0001
0000        1349 |     0.00 |       0.00 +/-       0.00

0100
1000
1100
0010        1322 |     0.00 |       0.00 +/-       0.00

0110
1010
1000
0100        1217 |     0.00 |       0.00 +/-       0.00

0110
1001
1100
0000        1183 |     0.00 |       0.00 +/-       0.00

0110
1011
1000
0000        1109 |     0.00 |       0.00 +/-       0.00

0101
1000
1100
0100         999 |     0.00 |       0.00 +/-       0.00

0101
0001
1100
0000         980 |     0.00 |       0.00 +/-       0.00

0110
1000
0100
1000         769 |     0.00 |       0.00 +/-       0.00

0111
1010
1100
1000         765 |     0.00 |       0.00 +/-       0.00

0111
0010
0000
1000         723 |     0.00 |       0.00 +/-       0.00

0111
1010
0000
1010         641 |     0.00 |       0.00 +/-       0.00

0111
1001
1100
0000         631 |     0.00 |       0.00 +/-       0.00

0100
1010
1000
1010         630 |     0.00 |       0.00 +/-       0.00

0111
1011
1101
1110         624 |     0.00 |       0.00 +/-       0.00

0110
0001
0001
0000         589 |     0.00 |       0.00 +/-       0.00

0110
1000
0100
1110         562 |     0.00 |       0.00 +/-       0.00

0111
1010
1000
1000         409 |     0.00 |       0.00 +/-       0.00

0100
1000
1100
1010         375 |     0.00 |       0.00 +/-       0.00

0111
1010
0000
0010         346 |     0.00 |       0.00 +/-       0.00

0111
1011
0001
0000         330 |     0.00 |       0.00 +/-       0.00

0111
1000
0100
0000         311 |     0.00 |       0.00 +/-       0.00

0111
1010
1100
1100         296 |     0.00 |       0.00 +/-       0.00

0111
1010
1100
1110         293 |     0.00 |       0.00 +/-       0.00

0110
1000
0100
0010         275 |     0.00 |       0.00 +/-       0.00

0110
1010
0001
0010         262 |     0.00 |       0.00 +/-       0.00

0111
1011
1101
1100         258 |     0.00 |       0.00 +/-       0.00

0100
1000
1001
0010         250 |     0.00 |       0.00 +/-       0.00

0100
1000
1001
0100         249 |     0.00 |       0.00 +/-       0.00

0111
1011
1100
1100         207 |     0.00 |       0.00 +/-       0.00

0100
0010
1000
1000         181 |     0.00 |       0.00 +/-       0.00

0111
1001
0100
0000         176 |     0.00 |       0.00 +/-       0.00

0100
1000
1101
0010         166 |     0.00 |       0.00 +/-       0.00

0111
1000
1000
1000         164 |     0.00 |       0.00 +/-       0.00

0110
1010
1000
0110         155 |     0.00 |       0.00 +/-       0.00

0101
1010
1000
0000         154 |     0.00 |       0.00 +/-       0.00

0111
1011
1100
1000         146 |     0.00 |       0.00 +/-       0.00

0110
1000
0101
0000         142 |     0.00 |       0.00 +/-       0.00

0110
1001
1100
0100         142 |     0.00 |       0.00 +/-       0.00

0110
1001
1000
0100         118 |     0.00 |       0.00 +/-       0.00

0111
1010
0001
0000         116 |     0.00 |       0.00 +/-       0.00

0110
1011
1000
0100         113 |     0.00 |       0.00 +/-       0.00

0111
1010
0000
0110         111 |     0.00 |       0.00 +/-       0.00

0110
1000
1000
0110         107 |     0.00 |       0.00 +/-       0.00

0001
1000
1100
0100         103 |     0.00 |       0.00 +/-       0.00

0111
1000
0101
0000          95 |     0.00 |       0.00 +/-       0.00

0111
0001
0100
0010          88 |     0.00 |       0.00 +/-       0.00

0111
1011
1101
1000          82 |     0.00 |       0.00 +/-       0.00

0111
1000
1100
1100          77 |     0.00 |       0.00 +/-       0.00

0111
1001
1100
1000          77 |     0.00 |       0.00 +/-       0.00

0110
1011
1001
0000          68 |     0.00 |       0.00 +/-       0.00

0111
1011
1001
1000          61 |     0.00 |       0.00 +/-       0.00

0110
1000
0100
1010          51 |     0.00 |       0.00 +/-       0.00

0111
1011
0001
0010          48 |     0.00 |       0.00 +/-       0.00

0111
1000
0100
1000          47 |     0.00 |       0.00 +/-       0.00

0110
1001
1100
1100          46 |     0.00 |       0.00 +/-       0.00

0101
0010
1000
0000          45 |     0.00 |       0.00 +/-       0.00

0111
1010
1100
0100          42 |     0.00 |       0.00 +/-       0.00

0111
1011
1100
1010          41 |     0.00 |       0.00 +/-       0.00

0101
1010
1001
0000          39 |     0.00 |       0.00 +/-       0.00

0110
1001
1000
1000          38 |     0.00 |       0.00 +/-       0.00

0110
1011
1000
1010          38 |     0.00 |       0.00 +/-       0.00

0110
1001
0001
0000          35 |     0.00 |       0.00 +/-       0.00

0111
1001
1101
0100          35 |     0.00 |       0.00 +/-       0.00

0110
1001
1100
1000          27 |     0.00 |       0.00 +/-       0.00

0110
1001
1101
1100          26 |     0.00 |       0.00 +/-       0.00

0101
1010
1001
1000          20 |     0.00 |       0.00 +/-       0.00

0111
1010
0001
0010          19 |     0.00 |       0.00 +/-       0.00

0110
1011
1000
0110          17 |     0.00 |       0.00 +/-       0.00

0111
1001
1100
0100          16 |     0.00 |       0.00 +/-       0.00

0110
1000
0101
0010          15 |     0.00 |       0.00 +/-       0.00

0111
1010
1000
0100          15 |     0.00 |       0.00 +/-       0.00

0111
1000
1100
0100          14 |     0.00 |       0.00 +/-       0.00

0111
1011
1000
1000          14 |     0.00 |       0.00 +/-       0.00

0110
1001
1001
0000          12 |     0.00 |       0.00 +/-       0.00

0111
1010
0001
1000          10 |     0.00 |       0.00 +/-       0.00

0111
1011
1000
0010          10 |     0.00 |       0.00 +/-       0.00

0011
1001
0100
0000           9 |     0.00 |       0.00 +/-       0.00

0011
1010
0000
0110           9 |     0.00 |       0.00 +/-       0.00

0101
0010
1000
1000           9 |     0.00 |       0.00 +/-       0.00

0110
1001
1000
0010           9 |     0.00 |       0.00 +/-       0.00

0111
1011
1001
0100           9 |     0.00 |       0.00 +/-       0.00

0110
1001
1100
0110           8 |     0.00 |       0.00 +/-       0.00

0110
1001
1101
0100           8 |     0.00 |       0.00 +/-       0.00

0110
1011
1000
0010           8 |     0.00 |       0.00 +/-       0.00

0111
1011
1000
0100           8 |     0.00 |       0.00 +/-       0.00

0111
1010
1100
0110           7 |     0.00 |       0.00 +/-       0.00

0110
1011
1001
0100           6 |     0.00 |       0.00 +/-       0.00

0111
1000
0101
0010           6 |     0.00 |       0.00 +/-       0.00

0111
1001
1100
1010           6 |     0.00 |       0.00 +/-       0.00

0110
1010
0001
1010           5 |     0.00 |       0.00 +/-       0.00

0111
1000
0101
0100           5 |     0.00 |       0.00 +/-       0.00

0111
1000
0101
1000           5 |     0.00 |       0.00 +/-       0.00

0100
1001
1000
0010           4 |     0.00 |       0.00 +/-       0.00

0111
1000
0100
0100           4 |     0.00 |       0.00 +/-       0.00

0111
1000
0101
0110           4 |     0.00 |       0.00 +/-       0.00

0100
1010
1001
1000           3 |     0.00 |       0.00 +/-       0.00

0110
1000
0001
0110           3 |     0.00 |       0.00 +/-       0.00

0110
1001
0100
1000           3 |     0.00 |       0.00 +/-       0.00

0110
1001
1001
0100           3 |     0.00 |       0.00 +/-       0.00

0110
1001
1100
0010           3 |     0.00 |       0.00 +/-       0.00

0110
1001
1100
1010           3 |     0.00 |       0.00 +/-       0.00

0110
1010
0001
1000           3 |     0.00 |       0.00 +/-       0.00

0110
1011
1000
1000           3 |     0.00 |       0.00 +/-       0.00

0111
1010
1000
0110           3 |     0.00 |       0.00 +/-       0.00

0101
1010
1000
0010           2 |     0.00 |       0.00 +/-       0.00

0101
1010
1000
1010           2 |     0.00 |       0.00 +/-       0.00

0110
1001
0001
0010           2 |     0.00 |       0.00 +/-       0.00

0101
0001
1100
0010           1 |     0.00 |       0.00 +/-       0.00

0101
1000
1100
0010           1 |     0.00 |       0.00 +/-       0.00

0110
1000
0101
1000           1 |     0.00 |       0.00 +/-       0.00

0110
1000
0101
1100           1 |     0.00 |       0.00 +/-       0.00

0110
1011
1001
1000           1 |     0.00 |       0.00 +/-       0.00

0111
1000
0100
0010           1 |     0.00 |       0.00 +/-       0.00

0111
1001
1100
0110           1 |     0.00 |       0.00 +/-       0.00

0111
1010
0001
0100           1 |     0.00 |       0.00 +/-       0.00

0111
1010
0001
0110           1 |     0.00 |       0.00 +/-       0.00

0010
1001
0100
1000           0 |     0.00 |       0.00 +/-       0.00

0011
1000
0100
0100           0 |     0.00 |       0.00 +/-       0.00

0100
0001
1000
0010           0 |     0.00 |       0.00 +/-       0.00

0101
1010
1001
0010           0 |     0.00 |       0.00 +/-       0.00

0110
1001
0101
1000           0 |     0.00 |       0.00 +/-       0.00

0110
1001
0101
1010           0 |     0.00 |       0.00 +/-       0.00

0110
1001
1001
0110           0 |     0.00 |       0.00 +/-       0.00

0110
1010
0001
1100           0 |     0.00 |       0.00 +/-       0.00

0110
1011
1001
0110           0 |     0.00 |       0.00 +/-       0.00

0111
1001
1100
0010           0 |     0.00 |       0.00 +/-       0.00

0111
1011
1001
0110           0 |     0.00 |       0.00 +/-       0.00

0111
1011
1100
0010           0 |     0.00 |       0.00 +/-       0.00

