gtrieScanner Results
------------------------------------------
General Information

Start of Computation: 02h54m13s 02/08/2020
End of Computation: 02h55m30s 02/08/2020

Subgraph Size: 4
Graph File: "input/#WonhoBelongsToMX.edges"
Directed: YES
Nr Nodes: 3922
Nr Edges: 18736

Method: GTRIE with file containing complete g-trie
Different Types of Subgraphs Found [Original Network]: 178
Subgraph Occurrences Found [Original Network]: 1470880586
Time for computing census on original network: 77.322128s
Average time for census on random network: 0.000000s

Number of random networks: 0
Random seed: 1596354853
Exchanges per edge: 3
Number of tries per exchange: 10
------------------------------------------
Motif Analysis Results

Graph   Org_Freq |  Z-score |    Rnd_Avg +/-    Rnd_Dev

0000
1000
1000
1000  1372042517 |     0.00 |       0.00 +/-       0.00

0000
1010
1000
1000    45895602 |     0.00 |       0.00 +/-       0.00

0000
1001
1000
0000    36381281 |     0.00 |       0.00 +/-       0.00

0111
0000
0000
0000     3840139 |     0.00 |       0.00 +/-       0.00

0110
0000
0000
0110     3598239 |     0.00 |       0.00 +/-       0.00

0000
1000
1000
0100     3348160 |     0.00 |       0.00 +/-       0.00

0100
0000
1100
1100     1152660 |     0.00 |       0.00 +/-       0.00

0010
1001
0000
0000      764647 |     0.00 |       0.00 +/-       0.00

0001
1000
1000
0000      699051 |     0.00 |       0.00 +/-       0.00

0011
1000
0000
0000      602846 |     0.00 |       0.00 +/-       0.00

0110
1010
0000
0010      559256 |     0.00 |       0.00 +/-       0.00

0111
0010
0000
0000      407454 |     0.00 |       0.00 +/-       0.00

0010
1010
0000
1000      293333 |     0.00 |       0.00 +/-       0.00

0111
0000
0100
0100      205925 |     0.00 |       0.00 +/-       0.00

0110
1000
0000
0010      189132 |     0.00 |       0.00 +/-       0.00

0011
1010
0000
0000      159216 |     0.00 |       0.00 +/-       0.00

0100
1000
1000
1000      110716 |     0.00 |       0.00 +/-       0.00

0100
1000
1001
0000       80399 |     0.00 |       0.00 +/-       0.00

0100
0001
1000
0000       78745 |     0.00 |       0.00 +/-       0.00

0111
1000
0000
0000       57369 |     0.00 |       0.00 +/-       0.00

0101
0000
1100
0100       54900 |     0.00 |       0.00 +/-       0.00

0101
1000
1000
0000       46947 |     0.00 |       0.00 +/-       0.00

0111
0011
0000
0000       42830 |     0.00 |       0.00 +/-       0.00

0100
1001
1000
0000       38856 |     0.00 |       0.00 +/-       0.00

0100
1000
1000
0100       23309 |     0.00 |       0.00 +/-       0.00

0100
1000
1100
1000       18175 |     0.00 |       0.00 +/-       0.00

0110
0010
0000
1000       16887 |     0.00 |       0.00 +/-       0.00

0110
1001
0000
0000       13365 |     0.00 |       0.00 +/-       0.00

0111
0011
0001
0000       12161 |     0.00 |       0.00 +/-       0.00

0100
1000
1101
0000       11067 |     0.00 |       0.00 +/-       0.00

0100
1000
1000
0010       10573 |     0.00 |       0.00 +/-       0.00

0001
1010
1000
0000       10058 |     0.00 |       0.00 +/-       0.00

0111
1010
0000
0000        9876 |     0.00 |       0.00 +/-       0.00

0110
1010
0000
1010        9563 |     0.00 |       0.00 +/-       0.00

0110
0001
0000
0010        8761 |     0.00 |       0.00 +/-       0.00

0110
1000
0001
0000        6799 |     0.00 |       0.00 +/-       0.00

0110
1010
0000
1000        6776 |     0.00 |       0.00 +/-       0.00

0101
1000
1100
0000        6069 |     0.00 |       0.00 +/-       0.00

0011
1010
0000
1000        5756 |     0.00 |       0.00 +/-       0.00

0110
0001
0001
0000        5705 |     0.00 |       0.00 +/-       0.00

0100
1001
1001
0000        5122 |     0.00 |       0.00 +/-       0.00

0111
1010
0000
0010        4446 |     0.00 |       0.00 +/-       0.00

0110
1000
1000
1000        3670 |     0.00 |       0.00 +/-       0.00

0100
1010
1000
1000        2902 |     0.00 |       0.00 +/-       0.00

0111
0001
0100
0000        2749 |     0.00 |       0.00 +/-       0.00

0110
1000
1000
0100        2619 |     0.00 |       0.00 +/-       0.00

0110
1001
1000
0000        2547 |     0.00 |       0.00 +/-       0.00

0001
1010
1000
1000        2441 |     0.00 |       0.00 +/-       0.00

0111
1000
1000
0000        1999 |     0.00 |       0.00 +/-       0.00

0101
1000
1101
0000        1979 |     0.00 |       0.00 +/-       0.00

0111
0010
0000
1000        1664 |     0.00 |       0.00 +/-       0.00

0101
0001
1100
0000        1462 |     0.00 |       0.00 +/-       0.00

0100
0010
1000
1000        1415 |     0.00 |       0.00 +/-       0.00

0111
1000
0100
0000        1360 |     0.00 |       0.00 +/-       0.00

0100
1000
1100
1100        1242 |     0.00 |       0.00 +/-       0.00

0101
0010
1000
0000        1188 |     0.00 |       0.00 +/-       0.00

0110
1000
0100
1000        1039 |     0.00 |       0.00 +/-       0.00

0110
1000
0100
0010         968 |     0.00 |       0.00 +/-       0.00

0110
1010
0000
1110         950 |     0.00 |       0.00 +/-       0.00

0100
1000
1100
0010         851 |     0.00 |       0.00 +/-       0.00

0110
1010
1000
1000         771 |     0.00 |       0.00 +/-       0.00

0110
1000
1100
0100         756 |     0.00 |       0.00 +/-       0.00

0110
1000
0101
0000         754 |     0.00 |       0.00 +/-       0.00

0110
1011
1000
0000         704 |     0.00 |       0.00 +/-       0.00

0111
1011
0000
0000         696 |     0.00 |       0.00 +/-       0.00

0100
1000
1001
0010         689 |     0.00 |       0.00 +/-       0.00

0101
1000
1100
1000         628 |     0.00 |       0.00 +/-       0.00

0111
1010
1000
0000         416 |     0.00 |       0.00 +/-       0.00

0101
1001
1100
0000         402 |     0.00 |       0.00 +/-       0.00

0100
1000
1101
1000         383 |     0.00 |       0.00 +/-       0.00

0100
1000
1001
0100         368 |     0.00 |       0.00 +/-       0.00

0111
1001
1000
0000         356 |     0.00 |       0.00 +/-       0.00

0110
1001
0001
0000         353 |     0.00 |       0.00 +/-       0.00

0101
1000
1100
0100         321 |     0.00 |       0.00 +/-       0.00

0111
1011
0001
0000         300 |     0.00 |       0.00 +/-       0.00

0110
1010
1000
0100         293 |     0.00 |       0.00 +/-       0.00

0111
1010
0000
1010         273 |     0.00 |       0.00 +/-       0.00

0101
1010
1000
0000         257 |     0.00 |       0.00 +/-       0.00

0100
1010
1000
1010         253 |     0.00 |       0.00 +/-       0.00

0110
1010
0001
0000         225 |     0.00 |       0.00 +/-       0.00

0100
1000
1100
1010         221 |     0.00 |       0.00 +/-       0.00

0110
1001
1100
0000         175 |     0.00 |       0.00 +/-       0.00

0011
1001
0100
0000         164 |     0.00 |       0.00 +/-       0.00

0110
1000
1100
1100         162 |     0.00 |       0.00 +/-       0.00

0110
1010
1100
1000         145 |     0.00 |       0.00 +/-       0.00

0111
1000
0101
0000         134 |     0.00 |       0.00 +/-       0.00

0111
1010
0000
0110         134 |     0.00 |       0.00 +/-       0.00

0111
1010
1100
0000         120 |     0.00 |       0.00 +/-       0.00

0001
1000
1100
0100         119 |     0.00 |       0.00 +/-       0.00

0111
1011
1000
0000         114 |     0.00 |       0.00 +/-       0.00

0110
1001
1000
0100         107 |     0.00 |       0.00 +/-       0.00

0111
1000
1000
1000         106 |     0.00 |       0.00 +/-       0.00

0111
1000
0100
1000          86 |     0.00 |       0.00 +/-       0.00

0111
1001
0100
0000          84 |     0.00 |       0.00 +/-       0.00

0110
1000
1000
0110          80 |     0.00 |       0.00 +/-       0.00

0111
1011
1001
0000          79 |     0.00 |       0.00 +/-       0.00

0110
1001
1000
1000          78 |     0.00 |       0.00 +/-       0.00

0110
1001
1001
0000          77 |     0.00 |       0.00 +/-       0.00

0111
1000
0100
0100          73 |     0.00 |       0.00 +/-       0.00

0101
1000
1101
1000          72 |     0.00 |       0.00 +/-       0.00

0111
1010
0001
0000          69 |     0.00 |       0.00 +/-       0.00

0110
1000
0100
1110          66 |     0.00 |       0.00 +/-       0.00

0100
1000
1101
0010          63 |     0.00 |       0.00 +/-       0.00

0100
1000
1101
1100          61 |     0.00 |       0.00 +/-       0.00

0110
1010
0001
0010          61 |     0.00 |       0.00 +/-       0.00

0101
0010
1000
1000          57 |     0.00 |       0.00 +/-       0.00

0110
1010
1000
1100          57 |     0.00 |       0.00 +/-       0.00

0111
1010
1000
1000          54 |     0.00 |       0.00 +/-       0.00

0110
1011
1001
0000          53 |     0.00 |       0.00 +/-       0.00

0011
1010
0000
0110          50 |     0.00 |       0.00 +/-       0.00

0100
1001
1000
0010          46 |     0.00 |       0.00 +/-       0.00

0110
1000
0100
1010          43 |     0.00 |       0.00 +/-       0.00

0111
1000
1100
0100          42 |     0.00 |       0.00 +/-       0.00

0110
1000
0101
0010          38 |     0.00 |       0.00 +/-       0.00

0110
1010
1000
0110          36 |     0.00 |       0.00 +/-       0.00

0110
1001
1100
0100          35 |     0.00 |       0.00 +/-       0.00

0111
1001
1100
0000          31 |     0.00 |       0.00 +/-       0.00

0110
1010
1000
1110          29 |     0.00 |       0.00 +/-       0.00

0110
1011
1000
1000          27 |     0.00 |       0.00 +/-       0.00

0100
1010
1001
1000          26 |     0.00 |       0.00 +/-       0.00

0110
1011
1000
0100          24 |     0.00 |       0.00 +/-       0.00

0101
1010
1001
0000          21 |     0.00 |       0.00 +/-       0.00

0110
1010
1100
1100          19 |     0.00 |       0.00 +/-       0.00

0111
1011
1100
0000          19 |     0.00 |       0.00 +/-       0.00

0110
1011
1000
0010          15 |     0.00 |       0.00 +/-       0.00

0111
1010
1100
1000          15 |     0.00 |       0.00 +/-       0.00

0010
1001
0100
1000          14 |     0.00 |       0.00 +/-       0.00

0111
1000
0100
0010          14 |     0.00 |       0.00 +/-       0.00

0110
1001
1000
0010          13 |     0.00 |       0.00 +/-       0.00

0100
0001
1000
0010          12 |     0.00 |       0.00 +/-       0.00

0110
1000
0001
0110          12 |     0.00 |       0.00 +/-       0.00

0111
1010
0001
0010          12 |     0.00 |       0.00 +/-       0.00

0111
1000
0101
0010          11 |     0.00 |       0.00 +/-       0.00

0111
1011
1000
1000          11 |     0.00 |       0.00 +/-       0.00

0111
1011
1101
0000          11 |     0.00 |       0.00 +/-       0.00

0101
1000
1100
0010          10 |     0.00 |       0.00 +/-       0.00

0110
1010
0001
1010          10 |     0.00 |       0.00 +/-       0.00

0110
1001
0001
0010           9 |     0.00 |       0.00 +/-       0.00

0111
1000
0101
0100           7 |     0.00 |       0.00 +/-       0.00

0111
1001
1100
0100           7 |     0.00 |       0.00 +/-       0.00

0110
1000
0101
1000           6 |     0.00 |       0.00 +/-       0.00

0110
1010
1100
1110           6 |     0.00 |       0.00 +/-       0.00

0111
1000
0101
1000           6 |     0.00 |       0.00 +/-       0.00

0111
1010
1100
0100           6 |     0.00 |       0.00 +/-       0.00

0111
1011
1100
1000           6 |     0.00 |       0.00 +/-       0.00

0011
1000
0100
0100           5 |     0.00 |       0.00 +/-       0.00

0110
1010
0001
1000           5 |     0.00 |       0.00 +/-       0.00

0111
1000
1100
1100           5 |     0.00 |       0.00 +/-       0.00

0111
1010
1000
0100           5 |     0.00 |       0.00 +/-       0.00

0111
1010
0001
0110           4 |     0.00 |       0.00 +/-       0.00

0111
1010
1000
0110           4 |     0.00 |       0.00 +/-       0.00

0111
1011
1000
0010           4 |     0.00 |       0.00 +/-       0.00

0101
1010
1000
1010           3 |     0.00 |       0.00 +/-       0.00

0101
1010
1001
1000           3 |     0.00 |       0.00 +/-       0.00

0110
1001
1001
0100           3 |     0.00 |       0.00 +/-       0.00

0110
1001
1101
0100           3 |     0.00 |       0.00 +/-       0.00

0110
1011
1001
1000           3 |     0.00 |       0.00 +/-       0.00

0111
0001
0100
0010           3 |     0.00 |       0.00 +/-       0.00

0111
1010
0001
1000           3 |     0.00 |       0.00 +/-       0.00

0101
0001
1100
0010           2 |     0.00 |       0.00 +/-       0.00

0110
1001
0100
1000           2 |     0.00 |       0.00 +/-       0.00

0110
1001
1100
0010           2 |     0.00 |       0.00 +/-       0.00

0110
1001
1100
1000           2 |     0.00 |       0.00 +/-       0.00

0110
1001
1100
1100           2 |     0.00 |       0.00 +/-       0.00

0110
1010
0001
1100           2 |     0.00 |       0.00 +/-       0.00

0110
1011
1000
0110           2 |     0.00 |       0.00 +/-       0.00

0110
1011
1001
0100           2 |     0.00 |       0.00 +/-       0.00

0111
1000
0101
0110           2 |     0.00 |       0.00 +/-       0.00

0111
1001
1100
1000           2 |     0.00 |       0.00 +/-       0.00

0111
1010
1100
1100           2 |     0.00 |       0.00 +/-       0.00

0111
1011
0001
0010           2 |     0.00 |       0.00 +/-       0.00

0111
1011
1000
0100           2 |     0.00 |       0.00 +/-       0.00

0110
1011
1000
1010           1 |     0.00 |       0.00 +/-       0.00

0111
1001
1101
0100           1 |     0.00 |       0.00 +/-       0.00

0111
1010
1100
1110           1 |     0.00 |       0.00 +/-       0.00

0111
1011
1001
1000           1 |     0.00 |       0.00 +/-       0.00

0111
1011
1100
0010           1 |     0.00 |       0.00 +/-       0.00

0111
1011
1101
1000           1 |     0.00 |       0.00 +/-       0.00

0101
1010
1000
0010           0 |     0.00 |       0.00 +/-       0.00

0101
1010
1001
0010           0 |     0.00 |       0.00 +/-       0.00

0110
1000
0101
1100           0 |     0.00 |       0.00 +/-       0.00

0110
1001
0101
1000           0 |     0.00 |       0.00 +/-       0.00

0110
1001
0101
1010           0 |     0.00 |       0.00 +/-       0.00

0110
1001
1001
0110           0 |     0.00 |       0.00 +/-       0.00

0110
1001
1100
0110           0 |     0.00 |       0.00 +/-       0.00

0110
1001
1100
1010           0 |     0.00 |       0.00 +/-       0.00

0110
1001
1101
1100           0 |     0.00 |       0.00 +/-       0.00

0110
1011
1001
0110           0 |     0.00 |       0.00 +/-       0.00

0111
1001
1100
0010           0 |     0.00 |       0.00 +/-       0.00

0111
1001
1100
0110           0 |     0.00 |       0.00 +/-       0.00

0111
1001
1100
1010           0 |     0.00 |       0.00 +/-       0.00

0111
1010
0001
0100           0 |     0.00 |       0.00 +/-       0.00

0111
1010
1100
0110           0 |     0.00 |       0.00 +/-       0.00

0111
1011
1001
0100           0 |     0.00 |       0.00 +/-       0.00

0111
1011
1001
0110           0 |     0.00 |       0.00 +/-       0.00

0111
1011
1100
1010           0 |     0.00 |       0.00 +/-       0.00

0111
1011
1100
1100           0 |     0.00 |       0.00 +/-       0.00

0111
1011
1101
1100           0 |     0.00 |       0.00 +/-       0.00

0111
1011
1101
1110           0 |     0.00 |       0.00 +/-       0.00

