gtrieScanner Results
------------------------------------------
General Information

Start of Computation: 03h59m47s 02/08/2020
End of Computation: 04h49m17s 02/08/2020

Subgraph Size: 4
Graph File: "input/Guns_N.edges"
Directed: YES
Nr Nodes: 14221
Nr Edges: 26548

Method: GTRIE with file containing complete g-trie
Different Types of Subgraphs Found [Original Network]: 75
Subgraph Occurrences Found [Original Network]: -1921852211
Time for computing census on original network: 2970.379400s
Average time for census on random network: 0.000000s

Number of random networks: 0
Random seed: 1596358787
Exchanges per edge: 3
Number of tries per exchange: 10
------------------------------------------
Motif Analysis Results

Graph   Org_Freq |  Z-score |    Rnd_Avg +/-    Rnd_Dev

0000
1010
1000
1000    82633160 |     0.00 |       0.00 +/-       0.00

0000
1001
1000
0000    13515058 |     0.00 |       0.00 +/-       0.00

0100
0000
1100
1100    10907372 |     0.00 |       0.00 +/-       0.00

0110
0000
0000
0110      548109 |     0.00 |       0.00 +/-       0.00

0000
1000
1000
0100      322850 |     0.00 |       0.00 +/-       0.00

0111
0000
0000
0000      142372 |     0.00 |       0.00 +/-       0.00

0111
1011
0000
0000       20784 |     0.00 |       0.00 +/-       0.00

0001
1000
1000
0000        8158 |     0.00 |       0.00 +/-       0.00

0111
1010
0000
0000        4936 |     0.00 |       0.00 +/-       0.00

0010
1010
0000
1000        4182 |     0.00 |       0.00 +/-       0.00

0010
1001
0000
0000        4141 |     0.00 |       0.00 +/-       0.00

0111
0000
0100
0100        4004 |     0.00 |       0.00 +/-       0.00

0011
1000
0000
0000        2629 |     0.00 |       0.00 +/-       0.00

0111
1011
1101
0000        2106 |     0.00 |       0.00 +/-       0.00

0111
1000
0000
0000        1950 |     0.00 |       0.00 +/-       0.00

0100
1000
1001
0000        1513 |     0.00 |       0.00 +/-       0.00

0111
0011
0000
0000        1157 |     0.00 |       0.00 +/-       0.00

0101
1000
1000
0000         740 |     0.00 |       0.00 +/-       0.00

0110
1010
0000
0010         490 |     0.00 |       0.00 +/-       0.00

0011
1010
0000
0000         463 |     0.00 |       0.00 +/-       0.00

0101
1000
1100
0000         428 |     0.00 |       0.00 +/-       0.00

0110
1010
0001
0000         337 |     0.00 |       0.00 +/-       0.00

0111
0010
0000
0000         331 |     0.00 |       0.00 +/-       0.00

0100
1000
1100
1000         304 |     0.00 |       0.00 +/-       0.00

0111
1000
1000
0000         301 |     0.00 |       0.00 +/-       0.00

0111
1010
1100
0000         262 |     0.00 |       0.00 +/-       0.00

0100
1000
1100
1100         258 |     0.00 |       0.00 +/-       0.00

0100
1000
1000
1000         252 |     0.00 |       0.00 +/-       0.00

0111
1011
1100
0000         165 |     0.00 |       0.00 +/-       0.00

0110
1010
0001
0010         112 |     0.00 |       0.00 +/-       0.00

0101
0000
1100
0100         111 |     0.00 |       0.00 +/-       0.00

0110
1001
0000
0000          90 |     0.00 |       0.00 +/-       0.00

0110
1001
1100
0000          87 |     0.00 |       0.00 +/-       0.00

0110
1010
0000
1110          79 |     0.00 |       0.00 +/-       0.00

0110
1000
1100
1100          75 |     0.00 |       0.00 +/-       0.00

0111
1000
1000
1000          73 |     0.00 |       0.00 +/-       0.00

0111
1011
1101
1110          71 |     0.00 |       0.00 +/-       0.00

0110
1000
1000
1000          58 |     0.00 |       0.00 +/-       0.00

0111
0011
0001
0000          55 |     0.00 |       0.00 +/-       0.00

0111
1001
1000
0000          48 |     0.00 |       0.00 +/-       0.00

0011
1010
0000
1000          47 |     0.00 |       0.00 +/-       0.00

0110
1010
0000
1000          42 |     0.00 |       0.00 +/-       0.00

0110
1010
1100
1110          36 |     0.00 |       0.00 +/-       0.00

0101
1000
1100
1000          35 |     0.00 |       0.00 +/-       0.00

0110
1010
0000
1010          34 |     0.00 |       0.00 +/-       0.00

0110
1000
0000
0010          32 |     0.00 |       0.00 +/-       0.00

0110
1000
1100
0100          30 |     0.00 |       0.00 +/-       0.00

0110
1010
1100
1000          30 |     0.00 |       0.00 +/-       0.00

0100
1001
1000
0000          24 |     0.00 |       0.00 +/-       0.00

0001
1010
1000
0000          23 |     0.00 |       0.00 +/-       0.00

0111
1011
1001
0000          21 |     0.00 |       0.00 +/-       0.00

0111
1010
1000
0000          17 |     0.00 |       0.00 +/-       0.00

0100
1000
1000
0100          16 |     0.00 |       0.00 +/-       0.00

0110
1001
1100
0100          12 |     0.00 |       0.00 +/-       0.00

0001
1010
1000
1000          10 |     0.00 |       0.00 +/-       0.00

0111
1000
1100
1100          10 |     0.00 |       0.00 +/-       0.00

0111
1010
1100
1110          10 |     0.00 |       0.00 +/-       0.00

0110
1010
1000
1000           8 |     0.00 |       0.00 +/-       0.00

0110
1010
1000
1100           8 |     0.00 |       0.00 +/-       0.00

0111
0010
0000
1000           8 |     0.00 |       0.00 +/-       0.00

0100
0001
1000
0000           7 |     0.00 |       0.00 +/-       0.00

0110
0010
0000
1000           6 |     0.00 |       0.00 +/-       0.00

0111
1010
0000
1010           6 |     0.00 |       0.00 +/-       0.00

0110
1000
0001
0000           5 |     0.00 |       0.00 +/-       0.00

0111
1010
1100
1000           5 |     0.00 |       0.00 +/-       0.00

0111
1001
1100
0100           3 |     0.00 |       0.00 +/-       0.00

0110
1000
1000
0100           2 |     0.00 |       0.00 +/-       0.00

0110
1010
1000
1110           2 |     0.00 |       0.00 +/-       0.00

0111
1011
1100
1000           2 |     0.00 |       0.00 +/-       0.00

0100
1000
1101
0000           1 |     0.00 |       0.00 +/-       0.00

0100
1000
1101
1100           1 |     0.00 |       0.00 +/-       0.00

0110
1010
1100
1100           1 |     0.00 |       0.00 +/-       0.00

0111
1010
1100
1100           1 |     0.00 |       0.00 +/-       0.00

0111
1011
1000
0000           1 |     0.00 |       0.00 +/-       0.00

0111
1011
1101
1100           1 |     0.00 |       0.00 +/-       0.00

0001
1000
1100
0100           0 |     0.00 |       0.00 +/-       0.00

0010
1001
0100
1000           0 |     0.00 |       0.00 +/-       0.00

0011
1000
0100
0100           0 |     0.00 |       0.00 +/-       0.00

0011
1001
0100
0000           0 |     0.00 |       0.00 +/-       0.00

0011
1010
0000
0110           0 |     0.00 |       0.00 +/-       0.00

0100
0001
1000
0010           0 |     0.00 |       0.00 +/-       0.00

0100
0010
1000
1000           0 |     0.00 |       0.00 +/-       0.00

0100
1000
1000
0010           0 |     0.00 |       0.00 +/-       0.00

0100
1000
1001
0010           0 |     0.00 |       0.00 +/-       0.00

0100
1000
1001
0100           0 |     0.00 |       0.00 +/-       0.00

0100
1000
1100
0010           0 |     0.00 |       0.00 +/-       0.00

0100
1000
1100
1010           0 |     0.00 |       0.00 +/-       0.00

0100
1000
1101
0010           0 |     0.00 |       0.00 +/-       0.00

0100
1000
1101
1000           0 |     0.00 |       0.00 +/-       0.00

0100
1001
1000
0010           0 |     0.00 |       0.00 +/-       0.00

0100
1001
1001
0000           0 |     0.00 |       0.00 +/-       0.00

0100
1010
1000
1000           0 |     0.00 |       0.00 +/-       0.00

0100
1010
1000
1010           0 |     0.00 |       0.00 +/-       0.00

0100
1010
1001
1000           0 |     0.00 |       0.00 +/-       0.00

0101
0001
1100
0000           0 |     0.00 |       0.00 +/-       0.00

0101
0001
1100
0010           0 |     0.00 |       0.00 +/-       0.00

0101
0010
1000
0000           0 |     0.00 |       0.00 +/-       0.00

0101
0010
1000
1000           0 |     0.00 |       0.00 +/-       0.00

0101
1000
1100
0010           0 |     0.00 |       0.00 +/-       0.00

0101
1000
1100
0100           0 |     0.00 |       0.00 +/-       0.00

0101
1000
1101
0000           0 |     0.00 |       0.00 +/-       0.00

0101
1000
1101
1000           0 |     0.00 |       0.00 +/-       0.00

0101
1001
1100
0000           0 |     0.00 |       0.00 +/-       0.00

0101
1010
1000
0000           0 |     0.00 |       0.00 +/-       0.00

0101
1010
1000
0010           0 |     0.00 |       0.00 +/-       0.00

0101
1010
1000
1010           0 |     0.00 |       0.00 +/-       0.00

0101
1010
1001
0000           0 |     0.00 |       0.00 +/-       0.00

0101
1010
1001
0010           0 |     0.00 |       0.00 +/-       0.00

0101
1010
1001
1000           0 |     0.00 |       0.00 +/-       0.00

0110
0001
0000
0010           0 |     0.00 |       0.00 +/-       0.00

0110
0001
0001
0000           0 |     0.00 |       0.00 +/-       0.00

0110
1000
0001
0110           0 |     0.00 |       0.00 +/-       0.00

0110
1000
0100
0010           0 |     0.00 |       0.00 +/-       0.00

0110
1000
0100
1000           0 |     0.00 |       0.00 +/-       0.00

0110
1000
0100
1010           0 |     0.00 |       0.00 +/-       0.00

0110
1000
0100
1110           0 |     0.00 |       0.00 +/-       0.00

0110
1000
0101
0000           0 |     0.00 |       0.00 +/-       0.00

0110
1000
0101
0010           0 |     0.00 |       0.00 +/-       0.00

0110
1000
0101
1000           0 |     0.00 |       0.00 +/-       0.00

0110
1000
0101
1100           0 |     0.00 |       0.00 +/-       0.00

0110
1000
1000
0110           0 |     0.00 |       0.00 +/-       0.00

0110
1001
0001
0000           0 |     0.00 |       0.00 +/-       0.00

0110
1001
0001
0010           0 |     0.00 |       0.00 +/-       0.00

0110
1001
0100
1000           0 |     0.00 |       0.00 +/-       0.00

0110
1001
0101
1000           0 |     0.00 |       0.00 +/-       0.00

0110
1001
0101
1010           0 |     0.00 |       0.00 +/-       0.00

0110
1001
1000
0000           0 |     0.00 |       0.00 +/-       0.00

0110
1001
1000
0010           0 |     0.00 |       0.00 +/-       0.00

0110
1001
1000
0100           0 |     0.00 |       0.00 +/-       0.00

0110
1001
1000
1000           0 |     0.00 |       0.00 +/-       0.00

0110
1001
1001
0000           0 |     0.00 |       0.00 +/-       0.00

0110
1001
1001
0100           0 |     0.00 |       0.00 +/-       0.00

0110
1001
1001
0110           0 |     0.00 |       0.00 +/-       0.00

0110
1001
1100
0010           0 |     0.00 |       0.00 +/-       0.00

0110
1001
1100
0110           0 |     0.00 |       0.00 +/-       0.00

0110
1001
1100
1000           0 |     0.00 |       0.00 +/-       0.00

0110
1001
1100
1010           0 |     0.00 |       0.00 +/-       0.00

0110
1001
1100
1100           0 |     0.00 |       0.00 +/-       0.00

0110
1001
1101
0100           0 |     0.00 |       0.00 +/-       0.00

0110
1001
1101
1100           0 |     0.00 |       0.00 +/-       0.00

0110
1010
0001
1000           0 |     0.00 |       0.00 +/-       0.00

0110
1010
0001
1010           0 |     0.00 |       0.00 +/-       0.00

0110
1010
0001
1100           0 |     0.00 |       0.00 +/-       0.00

0110
1010
1000
0100           0 |     0.00 |       0.00 +/-       0.00

0110
1010
1000
0110           0 |     0.00 |       0.00 +/-       0.00

0110
1011
1000
0000           0 |     0.00 |       0.00 +/-       0.00

0110
1011
1000
0010           0 |     0.00 |       0.00 +/-       0.00

0110
1011
1000
0100           0 |     0.00 |       0.00 +/-       0.00

0110
1011
1000
0110           0 |     0.00 |       0.00 +/-       0.00

0110
1011
1000
1000           0 |     0.00 |       0.00 +/-       0.00

0110
1011
1000
1010           0 |     0.00 |       0.00 +/-       0.00

0110
1011
1001
0000           0 |     0.00 |       0.00 +/-       0.00

0110
1011
1001
0100           0 |     0.00 |       0.00 +/-       0.00

0110
1011
1001
0110           0 |     0.00 |       0.00 +/-       0.00

0110
1011
1001
1000           0 |     0.00 |       0.00 +/-       0.00

0111
0001
0100
0000           0 |     0.00 |       0.00 +/-       0.00

0111
0001
0100
0010           0 |     0.00 |       0.00 +/-       0.00

0111
1000
0100
0000           0 |     0.00 |       0.00 +/-       0.00

0111
1000
0100
0010           0 |     0.00 |       0.00 +/-       0.00

0111
1000
0100
0100           0 |     0.00 |       0.00 +/-       0.00

0111
1000
0100
1000           0 |     0.00 |       0.00 +/-       0.00

0111
1000
0101
0000           0 |     0.00 |       0.00 +/-       0.00

0111
1000
0101
0010           0 |     0.00 |       0.00 +/-       0.00

0111
1000
0101
0100           0 |     0.00 |       0.00 +/-       0.00

0111
1000
0101
0110           0 |     0.00 |       0.00 +/-       0.00

0111
1000
0101
1000           0 |     0.00 |       0.00 +/-       0.00

0111
1000
1100
0100           0 |     0.00 |       0.00 +/-       0.00

0111
1001
0100
0000           0 |     0.00 |       0.00 +/-       0.00

0111
1001
1100
0000           0 |     0.00 |       0.00 +/-       0.00

0111
1001
1100
0010           0 |     0.00 |       0.00 +/-       0.00

0111
1001
1100
0110           0 |     0.00 |       0.00 +/-       0.00

0111
1001
1100
1000           0 |     0.00 |       0.00 +/-       0.00

0111
1001
1100
1010           0 |     0.00 |       0.00 +/-       0.00

0111
1001
1101
0100           0 |     0.00 |       0.00 +/-       0.00

0111
1010
0000
0010           0 |     0.00 |       0.00 +/-       0.00

0111
1010
0000
0110           0 |     0.00 |       0.00 +/-       0.00

0111
1010
0001
0000           0 |     0.00 |       0.00 +/-       0.00

0111
1010
0001
0010           0 |     0.00 |       0.00 +/-       0.00

0111
1010
0001
0100           0 |     0.00 |       0.00 +/-       0.00

0111
1010
0001
0110           0 |     0.00 |       0.00 +/-       0.00

0111
1010
0001
1000           0 |     0.00 |       0.00 +/-       0.00

0111
1010
1000
0100           0 |     0.00 |       0.00 +/-       0.00

0111
1010
1000
0110           0 |     0.00 |       0.00 +/-       0.00

0111
1010
1000
1000           0 |     0.00 |       0.00 +/-       0.00

0111
1010
1100
0100           0 |     0.00 |       0.00 +/-       0.00

0111
1010
1100
0110           0 |     0.00 |       0.00 +/-       0.00

0111
1011
0001
0000           0 |     0.00 |       0.00 +/-       0.00

0111
1011
0001
0010           0 |     0.00 |       0.00 +/-       0.00

0111
1011
1000
0010           0 |     0.00 |       0.00 +/-       0.00

0111
1011
1000
0100           0 |     0.00 |       0.00 +/-       0.00

0111
1011
1000
1000           0 |     0.00 |       0.00 +/-       0.00

0111
1011
1001
0100           0 |     0.00 |       0.00 +/-       0.00

0111
1011
1001
0110           0 |     0.00 |       0.00 +/-       0.00

0111
1011
1001
1000           0 |     0.00 |       0.00 +/-       0.00

0111
1011
1100
0010           0 |     0.00 |       0.00 +/-       0.00

0111
1011
1100
1010           0 |     0.00 |       0.00 +/-       0.00

0111
1011
1100
1100           0 |     0.00 |       0.00 +/-       0.00

0111
1011
1101
1000           0 |     0.00 |       0.00 +/-       0.00

0000
1000
1000
1000  -2029982379 |     0.00 |       0.00 +/-       0.00

