gtrieScanner Results
------------------------------------------
General Information

Start of Computation: 05h06m35s 02/08/2020
End of Computation: 05h06m43s 02/08/2020

Subgraph Size: 4
Graph File: "input/Trump.edges"
Directed: YES
Nr Nodes: 15746
Nr Edges: 26675

Method: GTRIE with file containing complete g-trie
Different Types of Subgraphs Found [Original Network]: 87
Subgraph Occurrences Found [Original Network]: 435029819
Time for computing census on original network: 7.860650s
Average time for census on random network: 0.000000s

Number of random networks: 0
Random seed: 1596362795
Exchanges per edge: 3
Number of tries per exchange: 10
------------------------------------------
Motif Analysis Results

Graph   Org_Freq |  Z-score |    Rnd_Avg +/-    Rnd_Dev

0000
1000
1000
1000   418319858 |     0.00 |       0.00 +/-       0.00

0000
1001
1000
0000     7345344 |     0.00 |       0.00 +/-       0.00

0111
0000
0000
0000     4201284 |     0.00 |       0.00 +/-       0.00

0000
1010
1000
1000     1976419 |     0.00 |       0.00 +/-       0.00

0000
1000
1000
0100     1481673 |     0.00 |       0.00 +/-       0.00

0001
1000
1000
0000     1093858 |     0.00 |       0.00 +/-       0.00

0011
1000
0000
0000      118916 |     0.00 |       0.00 +/-       0.00

0111
0010
0000
0000      115086 |     0.00 |       0.00 +/-       0.00

0010
1001
0000
0000       72828 |     0.00 |       0.00 +/-       0.00

0010
1010
0000
1000       72209 |     0.00 |       0.00 +/-       0.00

0100
0000
1100
1100       52709 |     0.00 |       0.00 +/-       0.00

0110
0000
0000
0110       48417 |     0.00 |       0.00 +/-       0.00

0111
1011
0000
0000       22457 |     0.00 |       0.00 +/-       0.00

0111
0011
0000
0000       21339 |     0.00 |       0.00 +/-       0.00

0110
1010
0000
0010       19519 |     0.00 |       0.00 +/-       0.00

0110
1000
0000
0010       16952 |     0.00 |       0.00 +/-       0.00

0100
1000
1000
1000       12549 |     0.00 |       0.00 +/-       0.00

0011
1010
0000
0000        7657 |     0.00 |       0.00 +/-       0.00

0100
0001
1000
0000        5516 |     0.00 |       0.00 +/-       0.00

0100
1000
1001
0000        3721 |     0.00 |       0.00 +/-       0.00

0001
1010
1000
0000        3235 |     0.00 |       0.00 +/-       0.00

0111
1010
0000
0000        3180 |     0.00 |       0.00 +/-       0.00

0100
1000
1101
0000        1777 |     0.00 |       0.00 +/-       0.00

0100
1000
1100
1000        1717 |     0.00 |       0.00 +/-       0.00

0110
1010
0000
1000        1715 |     0.00 |       0.00 +/-       0.00

0110
0010
0000
1000        1287 |     0.00 |       0.00 +/-       0.00

0111
1000
0000
0000        1106 |     0.00 |       0.00 +/-       0.00

0110
1010
0000
1110        1058 |     0.00 |       0.00 +/-       0.00

0111
0000
0100
0100         938 |     0.00 |       0.00 +/-       0.00

0100
1001
1000
0000         630 |     0.00 |       0.00 +/-       0.00

0100
1000
1100
1100         472 |     0.00 |       0.00 +/-       0.00

0111
0001
0100
0000         444 |     0.00 |       0.00 +/-       0.00

0110
1010
0001
0000         440 |     0.00 |       0.00 +/-       0.00

0101
1000
1000
0000         342 |     0.00 |       0.00 +/-       0.00

0111
1011
1101
0000         323 |     0.00 |       0.00 +/-       0.00

0110
1010
0000
1010         311 |     0.00 |       0.00 +/-       0.00

0101
1000
1101
0000         267 |     0.00 |       0.00 +/-       0.00

0111
0011
0001
0000         259 |     0.00 |       0.00 +/-       0.00

0101
1000
1100
0000         238 |     0.00 |       0.00 +/-       0.00

0100
1000
1000
0100         228 |     0.00 |       0.00 +/-       0.00

0110
1001
0000
0000         195 |     0.00 |       0.00 +/-       0.00

0110
0001
0001
0000         154 |     0.00 |       0.00 +/-       0.00

0101
1001
1100
0000         119 |     0.00 |       0.00 +/-       0.00

0110
1000
0001
0000          92 |     0.00 |       0.00 +/-       0.00

0011
1010
0000
1000          89 |     0.00 |       0.00 +/-       0.00

0110
0001
0000
0010          89 |     0.00 |       0.00 +/-       0.00

0110
1010
1100
1000          75 |     0.00 |       0.00 +/-       0.00

0101
0000
1100
0100          70 |     0.00 |       0.00 +/-       0.00

0111
0010
0000
1000          68 |     0.00 |       0.00 +/-       0.00

0100
1000
1000
0010          66 |     0.00 |       0.00 +/-       0.00

0110
1010
1100
1110          62 |     0.00 |       0.00 +/-       0.00

0111
1001
1000
0000          52 |     0.00 |       0.00 +/-       0.00

0111
1010
1100
0000          40 |     0.00 |       0.00 +/-       0.00

0001
1010
1000
1000          32 |     0.00 |       0.00 +/-       0.00

0111
1011
1001
0000          29 |     0.00 |       0.00 +/-       0.00

0110
1010
1100
1100          28 |     0.00 |       0.00 +/-       0.00

0110
1000
1100
1100          26 |     0.00 |       0.00 +/-       0.00

0111
1011
1100
0000          26 |     0.00 |       0.00 +/-       0.00

0111
1010
0001
0000          25 |     0.00 |       0.00 +/-       0.00

0111
1011
0001
0000          23 |     0.00 |       0.00 +/-       0.00

0101
0001
1100
0000          17 |     0.00 |       0.00 +/-       0.00

0110
1001
1100
0000          15 |     0.00 |       0.00 +/-       0.00

0111
1011
1000
0000          14 |     0.00 |       0.00 +/-       0.00

0110
1001
1000
0000          13 |     0.00 |       0.00 +/-       0.00

0110
1010
1000
1000          13 |     0.00 |       0.00 +/-       0.00

0110
1000
1000
0100          12 |     0.00 |       0.00 +/-       0.00

0110
1010
1000
1110          12 |     0.00 |       0.00 +/-       0.00

0111
1001
1100
0000          11 |     0.00 |       0.00 +/-       0.00

0110
1000
1000
1000          10 |     0.00 |       0.00 +/-       0.00

0100
1000
1101
0010           9 |     0.00 |       0.00 +/-       0.00

0100
1000
1100
0010           7 |     0.00 |       0.00 +/-       0.00

0111
1010
0000
0010           6 |     0.00 |       0.00 +/-       0.00

0100
1001
1001
0000           5 |     0.00 |       0.00 +/-       0.00

0110
1000
1100
0100           5 |     0.00 |       0.00 +/-       0.00

0110
1010
0001
0010           5 |     0.00 |       0.00 +/-       0.00

0100
1000
1101
1000           4 |     0.00 |       0.00 +/-       0.00

0111
1010
0000
1010           4 |     0.00 |       0.00 +/-       0.00

0100
1000
1101
1100           3 |     0.00 |       0.00 +/-       0.00

0111
1011
1101
1100           3 |     0.00 |       0.00 +/-       0.00

0111
1011
1101
1110           3 |     0.00 |       0.00 +/-       0.00

0100
1000
1001
0100           2 |     0.00 |       0.00 +/-       0.00

0101
1000
1100
1000           2 |     0.00 |       0.00 +/-       0.00

0111
1000
1000
0000           2 |     0.00 |       0.00 +/-       0.00

0100
1000
1001
0010           1 |     0.00 |       0.00 +/-       0.00

0101
1000
1101
1000           1 |     0.00 |       0.00 +/-       0.00

0110
1001
0001
0000           1 |     0.00 |       0.00 +/-       0.00

0111
1011
0001
0010           1 |     0.00 |       0.00 +/-       0.00

0001
1000
1100
0100           0 |     0.00 |       0.00 +/-       0.00

0010
1001
0100
1000           0 |     0.00 |       0.00 +/-       0.00

0011
1000
0100
0100           0 |     0.00 |       0.00 +/-       0.00

0011
1001
0100
0000           0 |     0.00 |       0.00 +/-       0.00

0011
1010
0000
0110           0 |     0.00 |       0.00 +/-       0.00

0100
0001
1000
0010           0 |     0.00 |       0.00 +/-       0.00

0100
0010
1000
1000           0 |     0.00 |       0.00 +/-       0.00

0100
1000
1100
1010           0 |     0.00 |       0.00 +/-       0.00

0100
1001
1000
0010           0 |     0.00 |       0.00 +/-       0.00

0100
1010
1000
1000           0 |     0.00 |       0.00 +/-       0.00

0100
1010
1000
1010           0 |     0.00 |       0.00 +/-       0.00

0100
1010
1001
1000           0 |     0.00 |       0.00 +/-       0.00

0101
0001
1100
0010           0 |     0.00 |       0.00 +/-       0.00

0101
0010
1000
0000           0 |     0.00 |       0.00 +/-       0.00

0101
0010
1000
1000           0 |     0.00 |       0.00 +/-       0.00

0101
1000
1100
0010           0 |     0.00 |       0.00 +/-       0.00

0101
1000
1100
0100           0 |     0.00 |       0.00 +/-       0.00

0101
1010
1000
0000           0 |     0.00 |       0.00 +/-       0.00

0101
1010
1000
0010           0 |     0.00 |       0.00 +/-       0.00

0101
1010
1000
1010           0 |     0.00 |       0.00 +/-       0.00

0101
1010
1001
0000           0 |     0.00 |       0.00 +/-       0.00

0101
1010
1001
0010           0 |     0.00 |       0.00 +/-       0.00

0101
1010
1001
1000           0 |     0.00 |       0.00 +/-       0.00

0110
1000
0001
0110           0 |     0.00 |       0.00 +/-       0.00

0110
1000
0100
0010           0 |     0.00 |       0.00 +/-       0.00

0110
1000
0100
1000           0 |     0.00 |       0.00 +/-       0.00

0110
1000
0100
1010           0 |     0.00 |       0.00 +/-       0.00

0110
1000
0100
1110           0 |     0.00 |       0.00 +/-       0.00

0110
1000
0101
0000           0 |     0.00 |       0.00 +/-       0.00

0110
1000
0101
0010           0 |     0.00 |       0.00 +/-       0.00

0110
1000
0101
1000           0 |     0.00 |       0.00 +/-       0.00

0110
1000
0101
1100           0 |     0.00 |       0.00 +/-       0.00

0110
1000
1000
0110           0 |     0.00 |       0.00 +/-       0.00

0110
1001
0001
0010           0 |     0.00 |       0.00 +/-       0.00

0110
1001
0100
1000           0 |     0.00 |       0.00 +/-       0.00

0110
1001
0101
1000           0 |     0.00 |       0.00 +/-       0.00

0110
1001
0101
1010           0 |     0.00 |       0.00 +/-       0.00

0110
1001
1000
0010           0 |     0.00 |       0.00 +/-       0.00

0110
1001
1000
0100           0 |     0.00 |       0.00 +/-       0.00

0110
1001
1000
1000           0 |     0.00 |       0.00 +/-       0.00

0110
1001
1001
0000           0 |     0.00 |       0.00 +/-       0.00

0110
1001
1001
0100           0 |     0.00 |       0.00 +/-       0.00

0110
1001
1001
0110           0 |     0.00 |       0.00 +/-       0.00

0110
1001
1100
0010           0 |     0.00 |       0.00 +/-       0.00

0110
1001
1100
0100           0 |     0.00 |       0.00 +/-       0.00

0110
1001
1100
0110           0 |     0.00 |       0.00 +/-       0.00

0110
1001
1100
1000           0 |     0.00 |       0.00 +/-       0.00

0110
1001
1100
1010           0 |     0.00 |       0.00 +/-       0.00

0110
1001
1100
1100           0 |     0.00 |       0.00 +/-       0.00

0110
1001
1101
0100           0 |     0.00 |       0.00 +/-       0.00

0110
1001
1101
1100           0 |     0.00 |       0.00 +/-       0.00

0110
1010
0001
1000           0 |     0.00 |       0.00 +/-       0.00

0110
1010
0001
1010           0 |     0.00 |       0.00 +/-       0.00

0110
1010
0001
1100           0 |     0.00 |       0.00 +/-       0.00

0110
1010
1000
0100           0 |     0.00 |       0.00 +/-       0.00

0110
1010
1000
0110           0 |     0.00 |       0.00 +/-       0.00

0110
1010
1000
1100           0 |     0.00 |       0.00 +/-       0.00

0110
1011
1000
0000           0 |     0.00 |       0.00 +/-       0.00

0110
1011
1000
0010           0 |     0.00 |       0.00 +/-       0.00

0110
1011
1000
0100           0 |     0.00 |       0.00 +/-       0.00

0110
1011
1000
0110           0 |     0.00 |       0.00 +/-       0.00

0110
1011
1000
1000           0 |     0.00 |       0.00 +/-       0.00

0110
1011
1000
1010           0 |     0.00 |       0.00 +/-       0.00

0110
1011
1001
0000           0 |     0.00 |       0.00 +/-       0.00

0110
1011
1001
0100           0 |     0.00 |       0.00 +/-       0.00

0110
1011
1001
0110           0 |     0.00 |       0.00 +/-       0.00

0110
1011
1001
1000           0 |     0.00 |       0.00 +/-       0.00

0111
0001
0100
0010           0 |     0.00 |       0.00 +/-       0.00

0111
1000
0100
0000           0 |     0.00 |       0.00 +/-       0.00

0111
1000
0100
0010           0 |     0.00 |       0.00 +/-       0.00

0111
1000
0100
0100           0 |     0.00 |       0.00 +/-       0.00

0111
1000
0100
1000           0 |     0.00 |       0.00 +/-       0.00

0111
1000
0101
0000           0 |     0.00 |       0.00 +/-       0.00

0111
1000
0101
0010           0 |     0.00 |       0.00 +/-       0.00

0111
1000
0101
0100           0 |     0.00 |       0.00 +/-       0.00

0111
1000
0101
0110           0 |     0.00 |       0.00 +/-       0.00

0111
1000
0101
1000           0 |     0.00 |       0.00 +/-       0.00

0111
1000
1000
1000           0 |     0.00 |       0.00 +/-       0.00

0111
1000
1100
0100           0 |     0.00 |       0.00 +/-       0.00

0111
1000
1100
1100           0 |     0.00 |       0.00 +/-       0.00

0111
1001
0100
0000           0 |     0.00 |       0.00 +/-       0.00

0111
1001
1100
0010           0 |     0.00 |       0.00 +/-       0.00

0111
1001
1100
0100           0 |     0.00 |       0.00 +/-       0.00

0111
1001
1100
0110           0 |     0.00 |       0.00 +/-       0.00

0111
1001
1100
1000           0 |     0.00 |       0.00 +/-       0.00

0111
1001
1100
1010           0 |     0.00 |       0.00 +/-       0.00

0111
1001
1101
0100           0 |     0.00 |       0.00 +/-       0.00

0111
1010
0000
0110           0 |     0.00 |       0.00 +/-       0.00

0111
1010
0001
0010           0 |     0.00 |       0.00 +/-       0.00

0111
1010
0001
0100           0 |     0.00 |       0.00 +/-       0.00

0111
1010
0001
0110           0 |     0.00 |       0.00 +/-       0.00

0111
1010
0001
1000           0 |     0.00 |       0.00 +/-       0.00

0111
1010
1000
0000           0 |     0.00 |       0.00 +/-       0.00

0111
1010
1000
0100           0 |     0.00 |       0.00 +/-       0.00

0111
1010
1000
0110           0 |     0.00 |       0.00 +/-       0.00

0111
1010
1000
1000           0 |     0.00 |       0.00 +/-       0.00

0111
1010
1100
0100           0 |     0.00 |       0.00 +/-       0.00

0111
1010
1100
0110           0 |     0.00 |       0.00 +/-       0.00

0111
1010
1100
1000           0 |     0.00 |       0.00 +/-       0.00

0111
1010
1100
1100           0 |     0.00 |       0.00 +/-       0.00

0111
1010
1100
1110           0 |     0.00 |       0.00 +/-       0.00

0111
1011
1000
0010           0 |     0.00 |       0.00 +/-       0.00

0111
1011
1000
0100           0 |     0.00 |       0.00 +/-       0.00

0111
1011
1000
1000           0 |     0.00 |       0.00 +/-       0.00

0111
1011
1001
0100           0 |     0.00 |       0.00 +/-       0.00

0111
1011
1001
0110           0 |     0.00 |       0.00 +/-       0.00

0111
1011
1001
1000           0 |     0.00 |       0.00 +/-       0.00

0111
1011
1100
0010           0 |     0.00 |       0.00 +/-       0.00

0111
1011
1100
1000           0 |     0.00 |       0.00 +/-       0.00

0111
1011
1100
1010           0 |     0.00 |       0.00 +/-       0.00

0111
1011
1100
1100           0 |     0.00 |       0.00 +/-       0.00

0111
1011
1101
1000           0 |     0.00 |       0.00 +/-       0.00

