0 0
1 2
2 1
3 1526
4 1525
5 1524
6 3
7 4
8 5
9 6
10 7
11 8
12 9
13 10
14 11
15 12
16 13
17 14
18 15
19 16
20 17
21 18
22 19
23 20
24 21
25 22
26 23
27 24
28 4680
29 622
30 25
31 26
32 27
33 28
34 29
35 30
36 31
37 32
38 33
39 34
40 35
41 36
42 37
43 38
44 40
45 39
46 41
47 42
48 43
49 44
50 45
51 46
52 47
53 48
54 49
55 50
56 51
57 52
58 53
59 54
60 55
61 56
62 57
63 58
64 59
65 60
66 61
67 62
68 63
69 64
70 65
71 66
72 67
73 68
74 69
75 70
76 71
77 72
78 73
79 74
80 75
81 76
82 77
83 3260
84 1506
85 1104
86 651
87 335
88 78
89 79
90 80
91 81
92 82
93 83
94 84
95 85
96 86
97 87
98 88
99 89
100 90
101 91
102 2698
103 1438
104 1226
105 820
106 130
107 108
108 92
109 93
110 94
111 95
112 230
113 96
114 97
115 98
116 99
117 100
118 102
119 118
120 117
121 116
122 115
123 114
124 113
125 112
126 111
127 110
128 109
129 107
130 106
131 105
132 104
133 103
134 101
135 503
136 4648
137 2287
138 2206
139 2140
140 1454
141 1121
142 994
143 399
144 134
145 4336
146 4335
147 4333
148 4332
149 4331
150 4330
151 531
152 4042
153 3965
154 3807
155 3225
156 2665
157 2377
158 512
159 1810
160 119
161 120
162 184
163 121
164 122
165 123
166 124
167 125
168 126
169 127
170 128
171 129
172 4825
173 4437
174 4150
175 4054
176 4022
177 3635
178 2466
179 2207
180 2193
181 1708
182 1558
183 1109
184 351
185 285
186 131
187 132
188 133
189 844
190 135
191 136
192 137
193 138
194 139
195 140
196 141
197 142
198 1229
199 1183
200 538
201 143
202 144
203 145
204 146
205 147
206 148
207 149
208 150
209 151
210 152
211 153
212 154
213 155
214 156
215 157
216 158
217 159
218 160
219 161
220 162
221 163
222 395
223 164
224 165
225 3210
226 166
227 167
228 168
229 169
230 170
231 171
232 172
233 173
234 174
235 175
236 176
237 177
238 178
239 179
240 180
241 181
242 182
243 183
244 185
245 186
246 187
247 188
248 189
249 190
250 191
251 192
252 193
253 194
254 195
255 196
256 197
257 198
258 199
259 200
260 201
261 202
262 203
263 204
264 205
265 206
266 207
267 208
268 209
269 210
270 211
271 213
272 212
273 254
274 214
275 215
276 216
277 217
278 218
279 219
280 220
281 221
282 222
283 223
284 224
285 225
286 226
287 227
288 228
289 229
290 231
291 232
292 233
293 234
294 235
295 236
296 237
297 238
298 239
299 240
300 241
301 242
302 1107
303 616
304 329
305 243
306 244
307 245
308 246
309 247
310 250
311 249
312 248
313 4157
314 251
315 252
316 1191
317 253
318 255
319 256
320 257
321 258
322 259
323 260
324 261
325 857
326 262
327 264
328 263
329 265
330 266
331 267
332 270
333 269
334 268
335 364
336 271
337 272
338 273
339 274
340 275
341 276
342 277
343 278
344 279
345 280
346 281
347 282
348 283
349 284
350 286
351 287
352 288
353 289
354 290
355 291
356 292
357 293
358 294
359 295
360 296
361 297
362 298
363 299
364 300
365 301
366 302
367 303
368 304
369 305
370 306
371 308
372 307
373 309
374 310
375 311
376 312
377 313
378 314
379 2612
380 315
381 316
382 317
383 318
384 319
385 320
386 321
387 2438
388 471
389 322
390 323
391 324
392 325
393 2000
394 326
395 327
396 328
397 330
398 331
399 332
400 333
401 334
402 336
403 2755
404 4191
405 3537
406 3219
407 2575
408 2313
409 1778
410 337
411 338
412 339
413 340
414 341
415 342
416 343
417 345
418 344
419 776
420 346
421 347
422 348
423 349
424 350
425 352
426 353
427 354
428 355
429 356
430 357
431 358
432 359
433 360
434 361
435 362
436 363
437 365
438 366
439 367
440 368
441 369
442 370
443 371
444 372
445 378
446 377
447 376
448 375
449 374
450 373
451 379
452 381
453 380
454 382
455 383
456 384
457 385
458 386
459 387
460 388
461 389
462 390
463 391
464 392
465 393
466 394
467 396
468 397
469 398
470 400
471 401
472 402
473 403
474 404
475 405
476 406
477 407
478 408
479 409
480 410
481 411
482 412
483 413
484 414
485 415
486 416
487 417
488 418
489 419
490 420
491 421
492 422
493 423
494 424
495 425
496 426
497 427
498 428
499 429
500 430
501 431
502 432
503 433
504 434
505 435
506 436
507 437
508 438
509 439
510 440
511 441
512 442
513 443
514 444
515 445
516 446
517 447
518 448
519 449
520 450
521 451
522 452
523 453
524 454
525 455
526 456
527 457
528 458
529 459
530 460
531 461
532 462
533 467
534 466
535 465
536 464
537 463
538 468
539 469
540 470
541 3294
542 3293
543 3292
544 2611
545 2452
546 2439
547 1956
548 1671
549 1078
550 1029
551 990
552 650
553 472
554 473
555 474
556 475
557 476
558 477
559 478
560 479
561 480
562 481
563 482
564 483
565 484
566 486
567 485
568 487
569 488
570 489
571 490
572 520
573 491
574 492
575 493
576 494
577 495
578 496
579 497
580 498
581 499
582 500
583 501
584 502
585 504
586 505
587 506
588 507
589 508
590 509
591 510
592 511
593 513
594 514
595 515
596 516
597 517
598 518
599 519
600 521
601 523
602 522
603 4538
604 3191
605 524
606 525
607 526
608 527
609 528
610 529
611 530
612 4880
613 4879
614 4878
615 4877
616 4876
617 4875
618 4874
619 4873
620 4872
621 4848
622 4732
623 4579
624 4426
625 4341
626 4310
627 4304
628 4287
629 4131
630 3934
631 3738
632 3717
633 3708
634 3505
635 3302
636 2696
637 2583
638 2395
639 2107
640 1639
641 1170
642 1040
643 945
644 740
645 532
646 533
647 534
648 535
649 3256
650 3255
651 3254
652 3253
653 3252
654 3251
655 3250
656 2883
657 2433
658 2392
659 1695
660 1372
661 536
662 537
663 539
664 540
665 541
666 542
667 543
668 544
669 545
670 546
671 547
672 548
673 549
674 550
675 551
676 552
677 553
678 554
679 555
680 556
681 557
682 558
683 559
684 560
685 561
686 562
687 563
688 564
689 565
690 566
691 567
692 568
693 569
694 570
695 571
696 572
697 573
698 574
699 4334
700 3063
701 1062
702 575
703 576
704 577
705 578
706 579
707 580
708 581
709 582
710 583
711 4485
712 2293
713 584
714 585
715 586
716 587
717 600
718 599
719 598
720 597
721 596
722 595
723 594
724 593
725 592
726 591
727 590
728 589
729 588
730 601
731 602
732 603
733 604
734 605
735 606
736 607
737 608
738 609
739 610
740 611
741 612
742 613
743 614
744 615
745 1106
746 617
747 618
748 739
749 619
750 620
751 621
752 623
753 624
754 625
755 626
756 627
757 628
758 1457
759 629
760 630
761 631
762 632
763 633
764 634
765 635
766 636
767 637
768 638
769 639
770 641
771 640
772 642
773 643
774 644
775 645
776 646
777 647
778 648
779 649
780 2410
781 4252
782 2958
783 2957
784 2956
785 2777
786 652
787 653
788 654
789 655
790 656
791 657
792 773
793 658
794 659
795 660
796 661
797 662
798 663
799 2259
800 664
801 665
802 666
803 667
804 668
805 669
806 670
807 671
808 672
809 673
810 674
811 675
812 676
813 677
814 678
815 679
816 680
817 681
818 682
819 683
820 684
821 685
822 686
823 687
824 688
825 689
826 690
827 691
828 692
829 693
830 694
831 695
832 696
833 697
834 698
835 699
836 700
837 701
838 702
839 703
840 704
841 705
842 706
843 707
844 708
845 709
846 710
847 711
848 712
849 713
850 714
851 715
852 716
853 717
854 718
855 719
856 720
857 721
858 722
859 723
860 724
861 725
862 726
863 727
864 728
865 729
866 730
867 731
868 732
869 733
870 734
871 735
872 736
873 737
874 738
875 741
876 742
877 743
878 744
879 745
880 746
881 747
882 748
883 749
884 750
885 751
886 752
887 753
888 754
889 755
890 756
891 757
892 758
893 759
894 760
895 761
896 762
897 763
898 764
899 765
900 766
901 767
902 768
903 769
904 770
905 771
906 772
907 778
908 777
909 775
910 774
911 1129
912 1030
913 1020
914 2437
915 2352
916 779
917 780
918 781
919 782
920 783
921 784
922 785
923 786
924 787
925 788
926 789
927 790
928 791
929 792
930 793
931 794
932 795
933 796
934 797
935 798
936 799
937 800
938 801
939 802
940 803
941 804
942 805
943 806
944 807
945 808
946 809
947 810
948 811
949 812
950 813
951 814
952 815
953 816
954 817
955 818
956 819
957 821
958 822
959 823
960 824
961 825
962 826
963 827
964 828
965 829
966 830
967 831
968 832
969 833
970 834
971 835
972 836
973 837
974 839
975 838
976 840
977 841
978 842
979 843
980 845
981 846
982 847
983 848
984 849
985 850
986 851
987 852
988 853
989 854
990 855
991 856
992 858
993 859
994 860
995 861
996 862
997 863
998 864
999 865
1000 866
1001 867
1002 868
1003 869
1004 870
1005 871
1006 872
1007 874
1008 873
1009 875
1010 876
1011 877
1012 878
1013 879
1014 880
1015 881
1016 882
1017 883
1018 884
1019 885
1020 886
1021 887
1022 888
1023 889
1024 890
1025 891
1026 892
1027 893
1028 894
1029 895
1030 896
1031 897
1032 898
1033 899
1034 900
1035 901
1036 902
1037 903
1038 904
1039 905
1040 906
1041 907
1042 908
1043 909
1044 910
1045 911
1046 912
1047 913
1048 914
1049 915
1050 916
1051 917
1052 918
1053 919
1054 920
1055 921
1056 922
1057 923
1058 924
1059 925
1060 926
1061 927
1062 928
1063 929
1064 930
1065 931
1066 932
1067 933
1068 934
1069 935
1070 936
1071 937
1072 938
1073 939
1074 940
1075 941
1076 942
1077 943
1078 944
1079 4781
1080 4768
1081 4767
1082 4766
1083 4765
1084 4763
1085 4762
1086 4761
1087 4618
1088 4476
1089 4193
1090 3665
1091 3642
1092 3202
1093 3139
1094 3039
1095 1918
1096 1879
1097 1057
1098 1016
1099 946
1100 947
1101 948
1102 949
1103 950
1104 951
1105 952
1106 953
1107 954
1108 955
1109 956
1110 957
1111 958
1112 959
1113 960
1114 961
1115 962
1116 963
1117 964
1118 965
1119 966
1120 967
1121 968
1122 969
1123 970
1124 971
1125 972
1126 973
1127 974
1128 975
1129 976
1130 977
1131 978
1132 979
1133 980
1134 982
1135 981
1136 983
1137 986
1138 985
1139 984
1140 987
1141 988
1142 989
1143 991
1144 992
1145 993
1146 995
1147 996
1148 997
1149 998
1150 999
1151 1000
1152 1001
1153 1002
1154 1003
1155 1004
1156 1005
1157 1007
1158 1006
1159 1008
1160 1009
1161 1010
1162 1011
1163 1012
1164 1013
1165 1015
1166 1014
1167 1017
1168 1018
1169 1019
1170 2689
1171 1492
1172 1021
1173 1022
1174 1023
1175 1024
1176 1025
1177 1026
1178 1027
1179 1028
1180 3151
1181 3150
1182 3149
1183 3148
1184 3147
1185 3146
1186 3145
1187 3144
1188 2746
1189 2645
1190 2184
1191 1600
1192 1031
1193 1032
1194 1033
1195 1034
1196 1035
1197 1036
1198 1037
1199 1038
1200 1039
1201 4313
1202 2579
1203 2346
1204 1041
1205 1042
1206 1043
1207 1044
1208 1045
1209 1046
1210 4635
1211 4207
1212 2501
1213 1047
1214 1048
1215 1049
1216 1050
1217 1051
1218 1052
1219 1053
1220 1054
1221 1055
1222 1056
1223 1058
1224 1059
1225 1060
1226 1061
1227 1063
1228 1064
1229 1065
1230 1066
1231 1067
1232 1068
1233 1069
1234 1070
1235 1071
1236 1072
1237 1073
1238 1074
1239 1075
1240 1076
1241 1077
1242 1079
1243 1080
1244 1081
1245 1082
1246 1083
1247 1084
1248 1085
1249 1086
1250 1087
1251 1088
1252 1089
1253 1090
1254 1091
1255 1092
1256 1093
1257 1094
1258 1095
1259 1096
1260 1097
1261 1098
1262 1099
1263 1100
1264 1101
1265 1102
1266 1103
1267 1105
1268 2455
1269 1818
1270 1108
1271 1110
1272 1111
1273 1112
1274 1113
1275 1114
1276 1115
1277 1116
1278 1117
1279 1118
1280 1119
1281 1120
1282 1122
1283 1123
1284 1124
1285 1125
1286 1126
1287 1127
1288 1128
1289 1130
1290 1131
1291 1132
1292 1133
1293 1134
1294 1135
1295 1136
1296 1137
1297 1138
1298 1139
1299 1140
1300 1141
1301 1142
1302 1143
1303 1144
1304 1145
1305 1146
1306 1147
1307 1148
1308 1149
1309 1150
1310 1151
1311 1152
1312 1153
1313 1154
1314 1155
1315 1156
1316 1157
1317 1158
1318 1159
1319 1160
1320 1161
1321 1162
1322 1163
1323 1164
1324 1165
1325 1166
1326 1167
1327 1168
1328 1169
1329 1171
1330 1172
1331 1173
1332 1174
1333 1175
1334 1176
1335 1177
1336 1178
1337 1180
1338 1181
1339 1179
1340 1182
1341 1184
1342 1185
1343 1186
1344 1187
1345 1188
1346 1189
1347 1190
1348 1192
1349 1193
1350 1194
1351 1195
1352 1196
1353 1197
1354 1198
1355 1199
1356 1200
1357 1201
1358 1202
1359 1207
1360 1206
1361 1205
1362 1204
1363 1203
1364 4710
1365 1208
1366 1209
1367 1210
1368 1211
1369 1873
1370 1739
1371 1212
1372 1213
1373 1214
1374 1215
1375 1216
1376 1217
1377 1218
1378 1219
1379 1220
1380 1221
1381 1222
1382 1223
1383 1224
1384 1225
1385 1227
1386 1228
1387 1230
1388 1231
1389 1232
1390 1233
1391 1234
1392 1235
1393 1236
1394 1237
1395 1238
1396 1239
1397 1240
1398 1241
1399 1242
1400 1243
1401 1244
1402 1245
1403 1246
1404 1247
1405 1248
1406 1249
1407 1250
1408 1251
1409 1252
1410 1253
1411 1254
1412 1255
1413 1256
1414 1257
1415 1258
1416 1259
1417 1260
1418 1261
1419 1262
1420 1263
1421 1264
1422 1265
1423 1266
1424 1268
1425 1267
1426 1269
1427 1270
1428 1271
1429 1272
1430 1273
1431 1274
1432 1275
1433 1276
1434 1277
1435 1278
1436 1279
1437 1280
1438 1281
1439 1282
1440 1283
1441 1284
1442 1285
1443 1286
1444 1287
1445 1288
1446 1289
1447 1290
1448 1291
1449 1292
1450 1293
1451 1294
1452 1295
1453 1296
1454 1297
1455 1298
1456 1299
1457 1300
1458 1301
1459 1302
1460 1303
1461 1304
1462 1305
1463 1306
1464 1307
1465 1308
1466 1309
1467 1310
1468 1312
1469 1311
1470 1313
1471 1314
1472 1315
1473 1316
1474 1317
1475 1318
1476 1319
1477 1320
1478 1321
1479 1322
1480 1323
1481 1324
1482 1325
1483 1326
1484 1327
1485 1328
1486 1329
1487 1330
1488 1331
1489 1332
1490 1333
1491 1334
1492 1336
1493 1337
1494 1335
1495 1338
1496 1339
1497 1340
1498 1341
1499 1342
1500 1343
1501 1344
1502 1345
1503 1346
1504 1347
1505 1348
1506 1349
1507 1350
1508 1351
1509 1352
1510 1354
1511 1355
1512 1353
1513 4651
1514 1356
1515 1357
1516 1358
1517 1359
1518 1360
1519 1361
1520 1362
1521 1363
1522 1364
1523 1365
1524 1366
1525 1367
1526 1368
1527 1369
1528 1370
1529 1371
1530 4545
1531 2581
1532 1373
1533 1374
1534 1375
1535 1376
1536 1377
1537 1378
1538 1379
1539 1380
1540 1381
1541 1382
1542 1383
1543 1384
1544 1385
1545 1386
1546 1387
1547 1388
1548 1389
1549 1390
1550 1391
1551 1392
1552 1393
1553 1394
1554 1395
1555 1396
1556 1397
1557 1398
1558 1399
1559 1400
1560 1401
1561 1402
1562 1403
1563 1404
1564 1405
1565 1406
1566 1407
1567 1409
1568 1408
1569 3679
1570 1410
1571 1411
1572 1412
1573 1413
1574 1414
1575 1415
1576 1416
1577 1417
1578 1418
1579 1419
1580 1420
1581 1421
1582 1422
1583 1423
1584 1424
1585 1425
1586 1427
1587 1426
1588 2034
1589 1428
1590 1429
1591 1430
1592 1431
1593 1432
1594 1433
1595 1434
1596 1435
1597 1436
1598 1437
1599 1439
1600 1440
1601 1441
1602 1442
1603 1443
1604 1444
1605 1445
1606 1446
1607 1447
1608 1448
1609 1449
1610 1450
1611 1451
1612 1452
1613 1453
1614 1455
1615 1456
1616 1651
1617 1458
1618 1459
1619 1460
1620 1461
1621 1462
1622 1463
1623 1464
1624 1465
1625 1466
1626 1468
1627 1467
1628 1469
1629 1470
1630 1471
1631 1472
1632 1473
1633 1474
1634 1475
1635 1476
1636 1477
1637 1478
1638 1479
1639 1480
1640 1481
1641 1482
1642 1483
1643 1484
1644 1485
1645 1486
1646 1487
1647 1488
1648 1489
1649 1490
1650 2610
1651 1495
1652 1493
1653 1491
1654 1494
1655 1496
1656 1497
1657 1498
1658 1499
1659 1500
1660 1501
1661 1502
1662 1503
1663 1504
1664 1505
1665 1507
1666 1508
1667 1509
1668 1510
1669 1511
1670 1512
1671 1513
1672 1514
1673 1515
1674 1516
1675 1517
1676 1518
1677 1519
1678 1520
1679 1521
1680 1522
1681 1523
1682 1527
1683 1528
1684 1529
1685 1530
1686 1531
1687 1532
1688 1533
1689 1534
1690 1535
1691 1536
1692 1537
1693 1538
1694 1539
1695 1540
1696 1541
1697 1542
1698 1543
1699 1544
1700 1545
1701 1546
1702 1547
1703 1548
1704 1549
1705 1550
1706 1551
1707 1552
1708 1553
1709 1554
1710 1557
1711 1556
1712 1555
1713 1559
1714 1560
1715 1561
1716 1562
1717 1563
1718 1564
1719 1565
1720 1566
1721 1567
1722 1568
1723 1569
1724 4015
1725 1570
1726 1571
1727 1572
1728 1573
1729 1574
1730 1575
1731 1576
1732 1577
1733 1578
1734 1579
1735 1580
1736 1581
1737 1582
1738 1583
1739 1584
1740 1585
1741 1586
1742 1587
1743 1588
1744 1589
1745 1590
1746 1591
1747 1592
1748 1593
1749 1594
1750 1595
1751 1596
1752 1597
1753 1598
1754 1599
1755 4611
1756 1601
1757 1602
1758 1603
1759 1604
1760 1605
1761 1606
1762 1607
1763 1608
1764 1609
1765 1610
1766 1611
1767 1612
1768 1613
1769 1614
1770 1615
1771 1616
1772 1617
1773 1618
1774 1619
1775 1620
1776 1621
1777 1622
1778 1623
1779 1624
1780 1625
1781 1626
1782 1627
1783 1628
1784 1629
1785 1630
1786 1631
1787 1632
1788 1633
1789 1634
1790 1635
1791 1636
1792 1637
1793 1638
1794 1640
1795 1641
1796 1642
1797 1643
1798 1644
1799 1645
1800 1646
1801 1647
1802 1648
1803 1649
1804 1650
1805 1652
1806 1653
1807 1654
1808 1655
1809 1656
1810 1657
1811 1658
1812 1659
1813 1660
1814 1661
1815 1662
1816 1663
1817 1664
1818 1665
1819 1666
1820 1667
1821 1668
1822 1669
1823 1670
1824 1672
1825 1673
1826 1674
1827 1675
1828 1676
1829 1677
1830 1679
1831 1678
1832 1680
1833 1681
1834 1682
1835 1683
1836 1684
1837 1685
1838 2061
1839 1686
1840 1687
1841 1688
1842 1689
1843 1690
1844 1691
1845 1692
1846 1693
1847 1694
1848 1696
1849 1697
1850 1698
1851 1699
1852 1700
1853 1701
1854 1702
1855 1703
1856 1704
1857 1705
1858 1706
1859 1707
1860 1709
1861 4824
1862 4823
1863 4755
1864 4556
1865 4520
1866 4488
1867 4487
1868 4486
1869 4484
1870 4483
1871 4482
1872 4481
1873 4453
1874 4142
1875 4043
1876 4008
1877 3595
1878 3588
1879 3571
1880 3551
1881 3432
1882 3422
1883 3409
1884 3405
1885 3399
1886 2881
1887 1840
1888 1711
1889 1710
1890 1712
1891 1713
1892 1714
1893 1715
1894 1716
1895 1717
1896 1718
1897 1719
1898 1720
1899 1721
1900 1722
1901 1723
1902 1724
1903 1725
1904 1726
1905 1727
1906 1728
1907 1729
1908 1730
1909 1731
1910 1732
1911 1733
1912 1734
1913 1735
1914 1736
1915 1737
1916 1738
1917 1740
1918 1741
1919 1742
1920 1743
1921 1744
1922 1745
1923 1746
1924 1747
1925 1748
1926 1749
1927 1750
1928 1751
1929 1752
1930 1753
1931 1754
1932 1755
1933 1756
1934 1757
1935 1758
1936 1759
1937 1760
1938 1761
1939 1762
1940 1763
1941 1764
1942 1765
1943 1766
1944 1767
1945 1768
1946 1769
1947 1770
1948 1771
1949 1772
1950 1773
1951 1774
1952 1775
1953 1776
1954 1777
1955 1779
1956 1780
1957 1781
1958 1782
1959 1783
1960 1784
1961 1785
1962 1786
1963 1787
1964 1788
1965 1789
1966 1791
1967 1793
1968 1792
1969 1790
1970 1794
1971 1795
1972 1796
1973 1797
1974 1798
1975 1799
1976 1800
1977 1801
1978 1803
1979 1802
1980 1804
1981 1805
1982 1806
1983 1807
1984 1809
1985 1808
1986 1811
1987 1812
1988 1813
1989 1814
1990 1815
1991 1816
1992 1817
1993 1819
1994 1820
1995 1821
1996 1822
1997 1823
1998 1824
1999 1825
2000 1826
2001 1827
2002 1828
2003 1829
2004 1830
2005 1831
2006 1832
2007 1833
2008 1834
2009 1835
2010 1836
2011 1837
2012 1838
2013 1839
2014 1841
2015 1842
2016 1843
2017 1844
2018 1845
2019 1846
2020 1847
2021 1848
2022 1849
2023 1850
2024 1851
2025 1852
2026 1853
2027 1854
2028 1855
2029 1856
2030 1857
2031 1858
2032 1859
2033 1860
2034 1861
2035 1862
2036 1863
2037 1864
2038 1865
2039 1866
2040 1867
2041 1868
2042 1869
2043 1870
2044 1871
2045 1872
2046 1874
2047 1875
2048 1876
2049 1877
2050 1878
2051 1880
2052 1881
2053 1882
2054 1883
2055 1884
2056 1885
2057 1886
2058 1887
2059 1888
2060 1889
2061 1890
2062 1891
2063 1892
2064 1893
2065 1894
2066 1895
2067 1896
2068 1897
2069 1898
2070 1899
2071 1900
2072 1901
2073 1903
2074 1902
2075 1904
2076 1905
2077 1906
2078 1907
2079 1908
2080 1909
2081 1910
2082 1911
2083 1912
2084 1913
2085 1914
2086 1915
2087 1916
2088 1917
2089 4303
2090 1919
2091 1920
2092 1921
2093 1922
2094 1923
2095 1924
2096 1925
2097 1926
2098 1927
2099 1928
2100 1929
2101 1930
2102 1931
2103 1932
2104 1933
2105 1934
2106 1935
2107 1936
2108 1937
2109 1938
2110 1939
2111 1940
2112 1941
2113 1942
2114 1943
2115 1944
2116 1945
2117 1946
2118 1947
2119 1948
2120 1949
2121 1950
2122 1951
2123 1952
2124 1953
2125 1954
2126 1955
2127 1957
2128 1958
2129 1959
2130 1960
2131 1961
2132 1962
2133 1963
2134 1964
2135 4508
2136 1965
2137 1966
2138 1967
2139 1968
2140 1969
2141 1970
2142 1971
2143 1972
2144 1973
2145 1974
2146 1975
2147 1976
2148 1977
2149 1978
2150 1979
2151 1980
2152 1981
2153 1982
2154 1983
2155 1984
2156 1985
2157 1986
2158 1987
2159 1988
2160 1989
2161 1990
2162 1991
2163 1992
2164 1993
2165 1994
2166 1995
2167 1996
2168 1997
2169 1998
2170 2838
2171 1999
2172 2001
2173 2002
2174 2003
2175 2004
2176 2005
2177 2006
2178 2007
2179 2008
2180 2009
2181 2010
2182 2011
2183 2012
2184 2013
2185 2014
2186 2015
2187 2016
2188 2017
2189 2018
2190 2019
2191 2020
2192 2021
2193 2022
2194 2023
2195 2024
2196 2025
2197 2026
2198 2027
2199 2028
2200 2029
2201 2030
2202 2031
2203 2032
2204 2033
2205 2035
2206 2036
2207 2037
2208 2038
2209 2039
2210 2040
2211 2041
2212 2042
2213 2043
2214 2044
2215 2045
2216 2046
2217 2047
2218 2048
2219 2049
2220 2050
2221 2051
2222 2052
2223 2053
2224 2054
2225 2055
2226 2056
2227 2057
2228 2058
2229 2059
2230 2060
2231 2062
2232 2063
2233 2064
2234 2066
2235 2065
2236 2067
2237 2068
2238 2069
2239 2070
2240 2071
2241 2072
2242 2073
2243 2074
2244 2075
2245 2076
2246 2077
2247 2078
2248 2079
2249 2080
2250 2081
2251 2083
2252 2082
2253 2084
2254 2085
2255 2086
2256 2087
2257 2088
2258 2089
2259 2090
2260 2091
2261 2092
2262 2093
2263 2094
2264 2095
2265 2096
2266 2097
2267 2098
2268 2099
2269 2100
2270 2101
2271 2102
2272 2103
2273 2104
2274 2105
2275 2106
2276 2108
2277 2109
2278 2110
2279 3538
2280 2111
2281 2112
2282 2113
2283 2114
2284 2115
2285 2116
2286 2117
2287 2118
2288 2119
2289 2120
2290 2121
2291 2123
2292 2122
2293 2124
2294 2125
2295 2126
2296 2127
2297 2128
2298 2129
2299 2271
2300 2130
2301 2131
2302 2132
2303 2133
2304 2134
2305 2135
2306 2136
2307 2137
2308 2138
2309 2139
2310 2141
2311 4759
2312 3730
2313 2142
2314 2143
2315 2144
2316 2145
2317 2146
2318 2147
2319 2148
2320 2149
2321 2150
2322 2151
2323 2152
2324 2153
2325 2154
2326 2155
2327 2156
2328 2157
2329 2158
2330 2159
2331 2160
2332 2161
2333 2163
2334 2162
2335 2164
2336 2165
2337 2166
2338 2167
2339 2168
2340 2169
2341 2170
2342 2171
2343 2172
2344 2173
2345 2174
2346 2175
2347 2176
2348 2177
2349 2178
2350 2179
2351 2180
2352 2181
2353 2182
2354 2183
2355 2185
2356 2186
2357 2187
2358 2188
2359 2189
2360 2190
2361 2191
2362 2192
2363 2194
2364 2195
2365 2196
2366 2197
2367 2198
2368 2199
2369 2200
2370 2201
2371 2202
2372 2203
2373 2204
2374 2205
2375 2208
2376 2209
2377 2210
2378 2211
2379 2212
2380 2213
2381 2214
2382 2215
2383 2216
2384 2217
2385 2218
2386 2219
2387 2220
2388 2221
2389 2222
2390 2223
2391 2224
2392 2225
2393 2226
2394 2227
2395 2228
2396 2229
2397 2230
2398 2231
2399 2232
2400 2233
2401 2235
2402 2236
2403 2234
2404 2237
2405 2238
2406 2329
2407 2239
2408 2240
2409 2241
2410 2242
2411 2243
2412 2245
2413 2244
2414 2246
2415 2247
2416 2248
2417 2249
2418 2250
2419 2251
2420 2252
2421 2253
2422 2254
2423 2255
2424 2256
2425 2257
2426 2258
2427 2260
2428 2261
2429 2262
2430 2263
2431 2264
2432 2265
2433 2266
2434 2267
2435 2268
2436 2269
2437 2270
2438 2272
2439 2273
2440 2274
2441 2275
2442 2276
2443 2277
2444 2278
2445 2279
2446 2280
2447 2281
2448 2282
2449 2283
2450 2284
2451 2285
2452 2286
2453 2288
2454 2289
2455 2290
2456 2291
2457 2292
2458 3975
2459 3955
2460 2570
2461 2568
2462 2297
2463 2296
2464 2295
2465 2294
2466 2298
2467 2300
2468 2299
2469 2301
2470 2302
2471 2303
2472 2304
2473 2305
2474 2306
2475 2307
2476 2308
2477 2309
2478 2310
2479 2311
2480 2312
2481 2314
2482 2315
2483 2316
2484 2317
2485 2318
2486 2319
2487 2320
2488 2321
2489 2322
2490 2323
2491 2324
2492 2325
2493 2327
2494 2326
2495 2328
2496 2330
2497 2331
2498 2332
2499 2333
2500 2334
2501 2335
2502 2336
2503 2337
2504 2338
2505 2339
2506 2340
2507 2341
2508 2342
2509 2343
2510 2344
2511 2345
2512 2347
2513 2348
2514 2349
2515 2350
2516 2351
2517 2353
2518 2354
2519 2355
2520 2356
2521 2357
2522 2358
2523 2359
2524 2360
2525 2361
2526 2362
2527 2363
2528 2364
2529 2365
2530 2366
2531 2367
2532 2368
2533 2369
2534 2370
2535 2371
2536 2373
2537 2372
2538 2374
2539 2375
2540 2376
2541 2378
2542 2379
2543 2380
2544 2381
2545 2382
2546 2383
2547 2384
2548 2385
2549 2386
2550 2387
2551 2388
2552 2389
2553 2390
2554 2391
2555 2393
2556 2394
2557 2396
2558 2397
2559 2398
2560 2399
2561 2400
2562 2401
2563 2402
2564 2403
2565 2404
2566 2405
2567 2406
2568 2407
2569 2408
2570 2409
2571 2411
2572 2412
2573 2413
2574 2414
2575 2415
2576 2416
2577 2417
2578 2418
2579 2419
2580 2420
2581 2421
2582 2422
2583 2423
2584 2424
2585 2425
2586 2426
2587 2427
2588 2428
2589 2430
2590 2429
2591 2431
2592 2432
2593 2434
2594 2435
2595 2436
2596 2440
2597 2441
2598 2442
2599 2443
2600 2444
2601 2445
2602 2446
2603 2447
2604 2448
2605 2449
2606 2450
2607 2451
2608 2453
2609 2454
2610 2457
2611 2456
2612 3196
2613 2458
2614 2459
2615 2460
2616 2461
2617 2462
2618 2463
2619 2464
2620 2465
2621 2467
2622 2468
2623 2469
2624 2470
2625 2471
2626 2472
2627 2473
2628 2474
2629 2475
2630 2476
2631 2477
2632 2478
2633 2479
2634 2480
2635 2481
2636 2482
2637 2483
2638 2484
2639 2485
2640 2486
2641 2487
2642 2488
2643 2489
2644 2490
2645 2491
2646 2492
2647 2493
2648 2494
2649 2495
2650 2496
2651 2497
2652 2498
2653 2499
2654 2500
2655 2502
2656 2503
2657 2504
2658 2505
2659 2506
2660 2507
2661 2508
2662 2509
2663 2510
2664 2511
2665 2512
2666 2513
2667 2514
2668 2515
2669 2516
2670 2517
2671 2518
2672 2519
2673 2520
2674 2521
2675 2522
2676 2523
2677 2524
2678 2525
2679 2526
2680 2527
2681 2529
2682 2528
2683 2530
2684 2531
2685 2532
2686 2533
2687 2534
2688 2536
2689 2535
2690 2537
2691 2538
2692 2539
2693 2540
2694 2541
2695 2542
2696 2543
2697 2544
2698 2545
2699 2546
2700 2547
2701 2548
2702 2549
2703 2550
2704 2551
2705 2552
2706 2553
2707 2554
2708 2555
2709 2556
2710 2557
2711 2558
2712 2559
2713 2560
2714 2561
2715 2562
2716 2563
2717 2564
2718 2587
2719 2586
2720 2585
2721 2584
2722 2582
2723 2580
2724 2578
2725 2577
2726 2576
2727 2574
2728 2573
2729 2572
2730 2571
2731 2569
2732 2567
2733 2566
2734 2565
2735 3009
2736 4024
2737 4081
2738 4080
2739 4045
2740 2588
2741 2589
2742 2590
2743 2591
2744 2592
2745 2593
2746 2594
2747 2595
2748 2596
2749 2597
2750 2598
2751 2599
2752 2600
2753 2601
2754 2602
2755 2603
2756 2604
2757 4501
2758 4500
2759 2605
2760 2606
2761 2607
2762 2608
2763 2609
2764 2664
2765 2613
2766 2614
2767 2615
2768 2616
2769 2617
2770 2618
2771 2619
2772 2620
2773 2621
2774 2622
2775 2623
2776 2624
2777 2625
2778 2626
2779 2627
2780 2628
2781 2629
2782 2630
2783 2631
2784 2632
2785 2633
2786 2634
2787 2635
2788 2636
2789 2637
2790 2638
2791 2639
2792 2640
2793 2641
2794 2642
2795 2643
2796 2644
2797 2776
2798 2646
2799 2647
2800 2648
2801 2650
2802 2653
2803 2652
2804 2651
2805 2649
2806 2654
2807 2655
2808 2656
2809 2657
2810 2658
2811 2659
2812 2660
2813 2661
2814 2662
2815 2663
2816 2666
2817 2667
2818 2668
2819 2669
2820 2670
2821 2671
2822 2672
2823 2673
2824 2674
2825 2675
2826 2676
2827 2677
2828 2678
2829 2679
2830 2680
2831 2681
2832 2682
2833 2683
2834 2684
2835 2685
2836 2686
2837 2687
2838 2688
2839 2690
2840 2691
2841 2692
2842 2693
2843 2694
2844 2695
2845 2697
2846 2699
2847 2700
2848 2701
2849 2702
2850 2703
2851 2704
2852 2705
2853 2706
2854 2707
2855 2708
2856 2709
2857 2710
2858 2711
2859 2712
2860 2713
2861 2714
2862 2715
2863 2716
2864 2717
2865 2718
2866 2719
2867 2720
2868 2721
2869 2722
2870 2723
2871 2724
2872 2725
2873 2726
2874 2727
2875 2728
2876 2729
2877 2730
2878 2731
2879 2732
2880 2733
2881 2734
2882 2735
2883 2736
2884 2737
2885 2738
2886 2739
2887 2740
2888 2741
2889 2742
2890 2743
2891 2744
2892 2745
2893 2747
2894 2748
2895 2749
2896 2750
2897 2751
2898 2752
2899 2753
2900 2754
2901 2756
2902 2757
2903 2758
2904 2759
2905 2760
2906 2761
2907 2762
2908 2763
2909 2764
2910 2765
2911 2766
2912 2767
2913 2768
2914 2769
2915 2770
2916 2771
2917 2772
2918 2773
2919 2774
2920 2775
2921 3166
2922 3165
2923 3164
2924 2778
2925 2779
2926 2780
2927 2781
2928 2782
2929 2783
2930 2784
2931 2785
2932 2786
2933 2787
2934 2791
2935 2790
2936 2789
2937 2788
2938 2792
2939 2793
2940 2794
2941 2795
2942 2796
2943 2797
2944 2798
2945 2799
2946 2800
2947 2801
2948 2802
2949 2803
2950 2804
2951 2805
2952 2806
2953 2807
2954 2808
2955 2809
2956 3489
2957 2810
2958 2811
2959 2812
2960 2813
2961 2814
2962 2815
2963 2816
2964 2817
2965 2818
2966 2819
2967 2825
2968 2824
2969 2823
2970 2822
2971 2821
2972 2820
2973 2826
2974 2827
2975 2828
2976 2829
2977 2830
2978 2832
2979 2831
2980 2833
2981 2834
2982 2835
2983 2836
2984 2837
2985 2840
2986 2839
2987 2841
2988 2842
2989 2843
2990 2844
2991 2845
2992 2846
2993 2847
2994 2848
2995 2849
2996 2850
2997 2851
2998 2852
2999 2853
3000 2854
3001 2855
3002 2856
3003 2857
3004 2858
3005 2859
3006 2860
3007 2861
3008 2862
3009 2863
3010 2864
3011 2865
3012 2866
3013 2867
3014 2868
3015 2869
3016 2870
3017 2871
3018 2872
3019 2873
3020 2874
3021 2875
3022 2876
3023 2877
3024 2878
3025 2879
3026 2880
3027 2882
3028 2884
3029 2887
3030 2886
3031 2885
3032 2888
3033 2889
3034 2890
3035 2891
3036 2892
3037 2893
3038 2894
3039 2896
3040 2895
3041 2897
3042 2898
3043 2899
3044 2900
3045 2901
3046 2902
3047 2903
3048 2904
3049 2905
3050 2906
3051 2907
3052 2908
3053 2909
3054 2910
3055 2911
3056 2912
3057 2915
3058 2914
3059 2913
3060 2916
3061 2917
3062 2918
3063 2919
3064 2920
3065 2921
3066 2922
3067 2923
3068 2924
3069 2925
3070 2926
3071 2927
3072 2928
3073 2929
3074 2930
3075 2931
3076 2932
3077 2933
3078 2934
3079 2935
3080 2936
3081 2937
3082 2938
3083 2939
3084 2940
3085 2941
3086 2942
3087 2943
3088 2944
3089 2945
3090 2946
3091 2947
3092 2950
3093 2949
3094 2948
3095 2951
3096 2952
3097 2953
3098 2954
3099 2955
3100 2959
3101 2960
3102 2961
3103 2962
3104 2963
3105 2964
3106 2965
3107 2966
3108 2967
3109 2968
3110 2969
3111 2970
3112 2971
3113 2972
3114 2973
3115 2974
3116 2975
3117 2976
3118 2977
3119 2978
3120 2979
3121 2980
3122 2981
3123 2982
3124 2983
3125 2984
3126 2987
3127 2986
3128 2985
3129 2988
3130 2989
3131 2990
3132 2991
3133 2992
3134 2993
3135 2994
3136 2995
3137 2996
3138 2997
3139 2998
3140 2999
3141 3000
3142 3001
3143 3002
3144 3004
3145 3003
3146 3005
3147 3006
3148 3007
3149 3008
3150 3010
3151 3011
3152 3012
3153 3013
3154 3014
3155 3015
3156 3016
3157 3017
3158 3018
3159 3019
3160 3020
3161 3021
3162 3022
3163 3023
3164 3024
3165 3025
3166 3026
3167 3027
3168 3028
3169 3029
3170 3030
3171 3031
3172 3032
3173 3033
3174 3034
3175 3035
3176 3036
3177 3037
3178 3038
3179 3040
3180 3041
3181 3042
3182 3043
3183 3044
3184 3045
3185 3046
3186 3047
3187 3048
3188 3049
3189 3050
3190 3051
3191 3052
3192 3053
3193 3054
3194 3055
3195 3056
3196 3057
3197 3058
3198 3059
3199 3060
3200 3061
3201 3910
3202 3131
3203 3064
3204 3062
3205 3065
3206 3066
3207 3067
3208 3068
3209 3069
3210 3070
3211 3071
3212 3072
3213 3073
3214 3074
3215 3075
3216 3076
3217 3077
3218 3078
3219 3079
3220 3080
3221 3081
3222 3082
3223 3083
3224 3084
3225 3085
3226 3086
3227 3087
3228 3088
3229 3089
3230 3090
3231 3091
3232 3092
3233 3093
3234 3094
3235 3095
3236 3096
3237 3097
3238 3098
3239 3099
3240 3100
3241 3101
3242 3102
3243 3103
3244 3104
3245 3105
3246 3106
3247 3107
3248 3108
3249 3109
3250 3110
3251 3111
3252 3112
3253 3113
3254 3114
3255 3115
3256 3116
3257 3117
3258 3118
3259 3119
3260 3120
3261 3121
3262 3122
3263 3123
3264 3124
3265 3125
3266 3129
3267 3128
3268 3127
3269 3126
3270 3130
3271 3132
3272 3133
3273 3134
3274 3135
3275 3136
3276 3137
3277 3138
3278 3140
3279 3141
3280 3142
3281 3143
3282 3152
3283 3153
3284 3154
3285 3155
3286 3156
3287 3158
3288 3157
3289 3159
3290 3160
3291 3161
3292 3162
3293 3163
3294 3167
3295 3168
3296 3169
3297 3170
3298 3171
3299 3172
3300 3173
3301 3174
3302 3175
3303 3176
3304 3177
3305 3178
3306 3179
3307 3180
3308 3181
3309 3182
3310 3183
3311 3184
3312 3185
3313 3186
3314 3187
3315 3188
3316 3189
3317 3190
3318 3192
3319 3193
3320 3194
3321 3195
3322 3197
3323 3198
3324 3199
3325 3200
3326 3201
3327 3205
3328 3204
3329 3203
3330 3206
3331 3207
3332 3208
3333 3209
3334 3211
3335 3217
3336 3216
3337 3215
3338 3214
3339 3213
3340 3212
3341 3218
3342 3689
3343 3220
3344 3221
3345 3222
3346 3223
3347 3226
3348 3224
3349 3227
3350 3228
3351 3229
3352 3230
3353 3231
3354 3232
3355 3233
3356 3234
3357 3235
3358 3236
3359 3237
3360 3238
3361 3239
3362 3240
3363 3241
3364 3242
3365 3243
3366 3245
3367 3244
3368 3246
3369 3247
3370 3248
3371 3249
3372 3257
3373 3258
3374 3259
3375 3261
3376 3729
3377 3262
3378 3263
3379 3264
3380 3265
3381 3266
3382 3267
3383 3268
3384 3269
3385 3270
3386 3271
3387 3272
3388 3273
3389 3274
3390 3275
3391 3276
3392 3277
3393 3279
3394 3278
3395 3280
3396 3281
3397 3282
3398 3283
3399 3284
3400 3285
3401 3286
3402 3287
3403 3288
3404 3289
3405 3290
3406 3291
3407 3295
3408 3296
3409 3297
3410 3298
3411 3299
3412 3300
3413 3301
3414 3303
3415 3304
3416 3305
3417 3306
3418 3307
3419 3308
3420 3309
3421 3310
3422 3311
3423 3312
3424 3313
3425 3314
3426 3315
3427 3316
3428 3317
3429 3318
3430 3319
3431 3320
3432 3321
3433 3322
3434 3323
3435 3324
3436 3325
3437 3378
3438 3377
3439 3376
3440 3326
3441 3327
3442 3328
3443 3329
3444 3330
3445 3331
3446 3332
3447 3333
3448 3334
3449 3335
3450 3336
3451 3337
3452 3338
3453 3339
3454 3340
3455 3341
3456 3342
3457 3343
3458 3344
3459 3345
3460 3346
3461 3347
3462 3348
3463 3349
3464 3350
3465 3351
3466 3352
3467 3353
3468 3354
3469 3355
3470 3356
3471 3357
3472 3358
3473 3359
3474 3360
3475 3361
3476 3363
3477 3362
3478 3364
3479 3365
3480 3366
3481 3367
3482 3368
3483 3369
3484 3370
3485 3371
3486 3372
3487 3373
3488 3374
3489 3375
3490 3835
3491 3834
3492 3379
3493 3380
3494 3381
3495 3382
3496 3383
3497 3384
3498 3385
3499 3386
3500 3387
3501 3388
3502 3389
3503 3390
3504 3391
3505 3392
3506 3393
3507 3394
3508 3395
3509 3396
3510 3397
3511 3398
3512 3846
3513 3471
3514 3400
3515 3401
3516 3402
3517 3404
3518 3403
3519 4170
3520 3406
3521 3407
3522 3408
3523 3410
3524 3411
3525 3412
3526 3413
3527 3414
3528 3415
3529 3416
3530 3417
3531 3418
3532 3419
3533 3420
3534 3421
3535 3423
3536 3424
3537 3425
3538 3426
3539 3427
3540 3428
3541 3429
3542 3430
3543 3431
3544 3433
3545 3434
3546 3435
3547 3436
3548 3437
3549 3438
3550 3439
3551 3440
3552 3441
3553 3442
3554 3443
3555 3444
3556 3445
3557 3446
3558 3447
3559 3448
3560 3450
3561 3449
3562 3451
3563 3452
3564 3453
3565 3454
3566 3455
3567 3456
3568 3457
3569 3458
3570 3459
3571 3460
3572 3461
3573 3463
3574 3462
3575 3464
3576 3465
3577 3466
3578 3467
3579 3468
3580 3469
3581 3470
3582 3472
3583 3473
3584 3474
3585 3475
3586 3477
3587 3476
3588 3478
3589 3479
3590 3480
3591 3481
3592 3482
3593 3483
3594 3484
3595 3485
3596 3486
3597 3487
3598 3488
3599 3490
3600 3491
3601 3492
3602 3493
3603 3494
3604 3495
3605 3496
3606 3497
3607 3498
3608 3499
3609 3500
3610 3501
3611 3502
3612 3503
3613 3504
3614 3506
3615 3507
3616 3508
3617 3509
3618 3510
3619 3511
3620 3512
3621 3513
3622 3514
3623 3515
3624 3517
3625 3516
3626 3518
3627 3519
3628 3520
3629 3521
3630 3522
3631 3523
3632 3524
3633 3525
3634 3526
3635 3527
3636 3528
3637 3529
3638 3530
3639 3531
3640 3532
3641 3533
3642 3534
3643 3535
3644 3536
3645 4745
3646 3539
3647 3540
3648 3541
3649 3542
3650 3543
3651 3544
3652 3545
3653 3546
3654 3547
3655 3548
3656 3549
3657 3550
3658 3552
3659 3553
3660 3554
3661 3555
3662 3556
3663 3557
3664 3558
3665 3559
3666 3560
3667 3561
3668 3562
3669 3563
3670 3564
3671 3565
3672 3566
3673 3567
3674 3568
3675 3569
3676 3570
3677 3572
3678 3573
3679 3574
3680 3575
3681 3576
3682 3577
3683 3578
3684 3579
3685 3580
3686 3581
3687 3582
3688 3583
3689 3584
3690 3585
3691 3586
3692 3587
3693 3616
3694 3589
3695 3590
3696 3591
3697 3592
3698 3593
3699 3594
3700 4445
3701 4219
3702 3925
3703 3596
3704 3597
3705 3598
3706 3599
3707 3600
3708 3601
3709 3602
3710 3603
3711 3604
3712 3605
3713 3606
3714 3607
3715 3608
3716 3609
3717 3610
3718 3611
3719 3612
3720 3613
3721 3614
3722 3615
3723 3617
3724 3618
3725 3619
3726 3620
3727 3621
3728 3622
3729 3623
3730 3624
3731 3625
3732 3626
3733 3627
3734 3628
3735 3629
3736 3630
3737 3631
3738 3632
3739 4190
3740 3633
3741 3634
3742 4442
3743 3636
3744 3637
3745 3638
3746 3639
3747 3640
3748 3641
3749 3643
3750 3644
3751 3645
3752 3646
3753 3647
3754 3648
3755 3649
3756 3650
3757 3651
3758 3652
3759 3653
3760 3654
3761 3655
3762 3656
3763 3657
3764 3658
3765 3659
3766 3660
3767 3661
3768 3662
3769 3663
3770 3664
3771 3666
3772 3667
3773 3668
3774 3669
3775 3670
3776 3671
3777 3672
3778 3673
3779 3674
3780 3675
3781 4156
3782 3676
3783 3677
3784 3678
3785 3680
3786 3681
3787 3682
3788 3683
3789 3684
3790 3685
3791 3686
3792 3687
3793 3688
3794 3690
3795 3691
3796 3692
3797 3693
3798 3694
3799 3695
3800 3696
3801 3697
3802 3698
3803 3699
3804 3700
3805 3701
3806 3702
3807 3703
3808 3704
3809 3705
3810 3706
3811 3707
3812 3716
3813 3709
3814 3710
3815 3712
3816 3711
3817 4359
3818 4647
3819 3713
3820 3714
3821 3715
3822 3718
3823 3719
3824 3720
3825 3721
3826 3722
3827 3723
3828 3724
3829 3725
3830 3726
3831 3727
3832 3728
3833 3731
3834 3732
3835 3733
3836 3734
3837 3735
3838 3736
3839 3737
3840 3739
3841 3740
3842 3741
3843 3742
3844 3743
3845 3744
3846 3745
3847 3746
3848 3747
3849 3748
3850 3749
3851 3750
3852 3751
3853 3752
3854 3753
3855 3754
3856 3755
3857 3756
3858 3757
3859 3758
3860 3759
3861 3760
3862 3761
3863 3763
3864 3764
3865 3762
3866 3765
3867 3766
3868 3767
3869 3768
3870 3769
3871 3770
3872 3771
3873 3772
3874 3773
3875 3774
3876 3775
3877 3776
3878 3777
3879 3778
3880 3779
3881 3780
3882 3781
3883 3782
3884 3783
3885 3784
3886 3785
3887 3786
3888 3787
3889 3788
3890 3789
3891 3790
3892 3791
3893 3792
3894 3793
3895 3806
3896 3805
3897 3804
3898 3803
3899 3802
3900 3801
3901 3800
3902 3799
3903 3798
3904 3797
3905 3796
3906 3795
3907 3794
3908 3808
3909 3809
3910 3810
3911 3811
3912 3812
3913 3813
3914 3814
3915 3815
3916 3817
3917 3816
3918 3818
3919 3819
3920 3820
3921 3821
3922 3822
3923 3823
3924 3824
3925 3825
3926 3826
3927 3827
3928 3828
3929 3829
3930 3830
3931 3831
3932 3832
3933 3833
3934 3836
3935 3837
3936 3838
3937 3839
3938 3840
3939 3841
3940 3842
3941 3843
3942 3844
3943 3845
3944 3847
3945 3850
3946 3849
3947 3848
3948 3851
3949 3852
3950 3853
3951 3854
3952 3855
3953 3856
3954 3857
3955 3858
3956 3859
3957 3860
3958 3861
3959 3862
3960 3863
3961 3864
3962 3865
3963 3866
3964 3867
3965 3868
3966 3870
3967 3869
3968 3871
3969 3872
3970 3873
3971 4084
3972 3874
3973 3875
3974 3876
3975 3877
3976 3878
3977 3879
3978 3880
3979 3881
3980 3882
3981 3883
3982 3884
3983 3885
3984 3886
3985 3887
3986 3888
3987 3889
3988 3890
3989 3891
3990 3892
3991 3893
3992 3894
3993 3895
3994 3896
3995 3897
3996 3898
3997 3899
3998 3900
3999 3901
4000 3902
4001 3903
4002 3904
4003 3905
4004 3906
4005 3907
4006 3908
4007 3909
4008 3911
4009 3912
4010 3913
4011 3914
4012 3915
4013 3916
4014 3917
4015 3918
4016 3919
4017 3920
4018 3921
4019 3922
4020 3923
4021 3924
4022 4218
4023 3926
4024 3927
4025 3928
4026 3929
4027 3930
4028 3931
4029 3932
4030 3933
4031 3935
4032 3936
4033 3937
4034 3938
4035 3939
4036 3940
4037 3941
4038 3942
4039 3943
4040 3944
4041 3945
4042 3946
4043 3947
4044 3948
4045 3949
4046 3950
4047 3951
4048 3952
4049 3953
4050 3954
4051 3956
4052 3957
4053 3958
4054 3959
4055 3960
4056 3961
4057 3962
4058 3963
4059 3964
4060 3966
4061 3967
4062 3968
4063 3969
4064 3970
4065 3971
4066 3972
4067 3973
4068 3974
4069 3976
4070 3978
4071 3977
4072 3979
4073 3980
4074 3981
4075 3982
4076 3983
4077 3984
4078 3985
4079 3986
4080 3987
4081 3988
4082 3989
4083 3990
4084 3991
4085 3992
4086 3993
4087 3994
4088 3995
4089 3996
4090 3997
4091 3998
4092 3999
4093 4000
4094 4001
4095 4002
4096 4003
4097 4004
4098 4005
4099 4006
4100 4007
4101 4009
4102 4010
4103 4011
4104 4012
4105 4013
4106 4014
4107 4016
4108 4017
4109 4018
4110 4019
4111 4020
4112 4021
4113 4023
4114 4025
4115 4026
4116 4027
4117 4028
4118 4029
4119 4030
4120 4031
4121 4032
4122 4033
4123 4034
4124 4035
4125 4036
4126 4037
4127 4038
4128 4039
4129 4040
4130 4046
4131 4044
4132 4041
4133 4047
4134 4048
4135 4049
4136 4050
4137 4051
4138 4052
4139 4053
4140 4055
4141 4056
4142 4057
4143 4058
4144 4059
4145 4060
4146 4061
4147 4062
4148 4063
4149 4064
4150 4065
4151 4066
4152 4067
4153 4068
4154 4069
4155 4070
4156 4071
4157 4072
4158 4073
4159 4074
4160 4075
4161 4076
4162 4077
4163 4078
4164 4079
4165 4082
4166 4083
4167 4326
4168 4086
4169 4085
4170 4087
4171 4088
4172 4089
4173 4090
4174 4091
4175 4092
4176 4093
4177 4094
4178 4095
4179 4096
4180 4097
4181 4099
4182 4098
4183 4100
4184 4101
4185 4102
4186 4103
4187 4104
4188 4105
4189 4106
4190 4107
4191 4108
4192 4109
4193 4110
4194 4111
4195 4112
4196 4113
4197 4114
4198 4115
4199 4116
4200 4117
4201 4118
4202 4119
4203 4120
4204 4121
4205 4122
4206 4123
4207 4124
4208 4125
4209 4126
4210 4127
4211 4128
4212 4129
4213 4130
4214 4132
4215 4133
4216 4134
4217 4135
4218 4136
4219 4137
4220 4138
4221 4139
4222 4140
4223 4141
4224 4602
4225 4143
4226 4144
4227 4145
4228 4146
4229 4147
4230 4148
4231 4149
4232 4151
4233 4152
4234 4153
4235 4154
4236 4155
4237 4158
4238 4160
4239 4159
4240 4161
4241 4162
4242 4163
4243 4164
4244 4165
4245 4166
4246 4167
4247 4168
4248 4169
4249 4171
4250 4172
4251 4173
4252 4174
4253 4175
4254 4176
4255 4177
4256 4178
4257 4179
4258 4180
4259 4182
4260 4181
4261 4183
4262 4184
4263 4185
4264 4186
4265 4187
4266 4188
4267 4189
4268 4195
4269 4194
4270 4192
4271 4196
4272 4197
4273 4198
4274 4369
4275 4368
4276 4199
4277 4200
4278 4201
4279 4202
4280 4203
4281 4204
4282 4205
4283 4206
4284 4208
4285 4209
4286 4210
4287 4211
4288 4212
4289 4213
4290 4215
4291 4214
4292 4216
4293 4217
4294 4722
4295 4220
4296 4221
4297 4222
4298 4223
4299 4224
4300 4225
4301 4226
4302 4227
4303 4228
4304 4229
4305 4230
4306 4231
4307 4232
4308 4233
4309 4234
4310 4235
4311 4236
4312 4237
4313 4238
4314 4239
4315 4240
4316 4241
4317 4242
4318 4243
4319 4244
4320 4245
4321 4246
4322 4247
4323 4248
4324 4249
4325 4250
4326 4251
4327 4253
4328 4254
4329 4255
4330 4256
4331 4257
4332 4258
4333 4259
4334 4260
4335 4261
4336 4262
4337 4263
4338 4264
4339 4265
4340 4266
4341 4267
4342 4268
4343 4269
4344 4270
4345 4271
4346 4272
4347 4273
4348 4274
4349 4275
4350 4276
4351 4277
4352 4278
4353 4279
4354 4280
4355 4281
4356 4282
4357 4283
4358 4284
4359 4285
4360 4286
4361 4288
4362 4289
4363 4290
4364 4291
4365 4292
4366 4293
4367 4294
4368 4295
4369 4297
4370 4296
4371 4298
4372 4299
4373 4300
4374 4301
4375 4302
4376 4305
4377 4306
4378 4307
4379 4308
4380 4309
4381 4311
4382 4312
4383 4314
4384 4315
4385 4317
4386 4316
4387 4318
4388 4319
4389 4320
4390 4321
4391 4322
4392 4323
4393 4324
4394 4325
4395 4327
4396 4328
4397 4329
4398 4845
4399 4337
4400 4338
4401 4339
4402 4340
4403 4342
4404 4343
4405 4344
4406 4345
4407 4346
4408 4347
4409 4348
4410 4349
4411 4350
4412 4353
4413 4352
4414 4351
4415 4354
4416 4355
4417 4356
4418 4357
4419 4358
4420 4360
4421 4361
4422 4362
4423 4363
4424 4364
4425 4365
4426 4366
4427 4367
4428 4370
4429 4372
4430 4371
4431 4373
4432 4374
4433 4375
4434 4376
4435 4377
4436 4378
4437 4379
4438 4380
4439 4381
4440 4382
4441 4383
4442 4384
4443 4385
4444 4386
4445 4387
4446 4388
4447 4389
4448 4390
4449 4391
4450 4392
4451 4393
4452 4394
4453 4395
4454 4396
4455 4397
4456 4398
4457 4399
4458 4400
4459 4401
4460 4402
4461 4403
4462 4404
4463 4405
4464 4406
4465 4407
4466 4408
4467 4409
4468 4410
4469 4411
4470 4413
4471 4412
4472 4414
4473 4415
4474 4416
4475 4417
4476 4418
4477 4419
4478 4420
4479 4421
4480 4424
4481 4423
4482 4422
4483 4425
4484 4427
4485 4428
4486 4429
4487 4430
4488 4431
4489 4439
4490 4438
4491 4436
4492 4435
4493 4434
4494 4433
4495 4432
4496 4790
4497 4440
4498 4441
4499 4443
4500 4447
4501 4446
4502 4444
4503 4448
4504 4449
4505 4450
4506 4451
4507 4452
4508 4454
4509 4455
4510 4456
4511 4457
4512 4458
4513 4459
4514 4460
4515 4461
4516 4462
4517 4463
4518 4464
4519 4465
4520 4466
4521 4467
4522 4468
4523 4469
4524 4470
4525 4471
4526 4472
4527 4473
4528 4474
4529 4475
4530 4477
4531 4478
4532 4479
4533 4480
4534 4489
4535 4490
4536 4492
4537 4491
4538 4493
4539 4494
4540 4495
4541 4496
4542 4497
4543 4498
4544 4499
4545 4502
4546 4503
4547 4504
4548 4505
4549 4506
4550 4507
4551 4509
4552 4510
4553 4511
4554 4512
4555 4513
4556 4514
4557 4515
4558 4516
4559 4517
4560 4518
4561 4519
4562 4521
4563 4522
4564 4523
4565 4524
4566 4527
4567 4526
4568 4525
4569 4528
4570 4529
4571 4530
4572 4531
4573 4532
4574 4533
4575 4534
4576 4535
4577 4536
4578 4537
4579 4539
4580 4540
4581 4541
4582 4542
4583 4543
4584 4544
4585 4546
4586 4547
4587 4548
4588 4549
4589 4550
4590 4551
4591 4552
4592 4553
4593 4554
4594 4555
4595 4557
4596 4558
4597 4559
4598 4560
4599 4561
4600 4562
4601 4563
4602 4564
4603 4565
4604 4566
4605 4567
4606 4568
4607 4569
4608 4571
4609 4570
4610 4572
4611 4573
4612 4574
4613 4575
4614 4576
4615 4577
4616 4578
4617 4580
4618 4581
4619 4582
4620 4583
4621 4584
4622 4585
4623 4586
4624 4587
4625 4588
4626 4589
4627 4590
4628 4591
4629 4592
4630 4593
4631 4594
4632 4596
4633 4595
4634 4597
4635 4598
4636 4599
4637 4600
4638 4601
4639 4603
4640 4604
4641 4605
4642 4606
4643 4607
4644 4608
4645 4609
4646 4610
4647 4612
4648 4613
4649 4614
4650 4615
4651 4617
4652 4616
4653 4619
4654 4620
4655 4621
4656 4622
4657 4623
4658 4624
4659 4625
4660 4626
4661 4627
4662 4628
4663 4629
4664 4630
4665 4631
4666 4632
4667 4634
4668 4633
4669 4636
4670 4637
4671 4638
4672 4639
4673 4640
4674 4641
4675 4642
4676 4643
4677 4644
4678 4645
4679 4646
4680 4649
4681 4650
4682 4652
4683 4654
4684 4653
4685 4655
4686 4656
4687 4657
4688 4658
4689 4659
4690 4660
4691 4661
4692 4662
4693 4663
4694 4664
4695 4665
4696 4666
4697 4667
4698 4668
4699 4669
4700 4670
4701 4671
4702 4672
4703 4673
4704 4674
4705 4675
4706 4676
4707 4677
4708 4678
4709 4679
4710 4681
4711 4682
4712 4683
4713 4684
4714 4685
4715 4686
4716 4687
4717 4688
4718 4689
4719 4690
4720 4691
4721 4692
4722 4693
4723 4694
4724 4695
4725 4696
4726 4697
4727 4698
4728 4699
4729 4700
4730 4701
4731 4702
4732 4703
4733 4704
4734 4705
4735 4706
4736 4707
4737 4708
4738 4709
4739 4711
4740 4713
4741 4712
4742 4714
4743 4715
4744 4716
4745 4718
4746 4717
4747 4719
4748 4720
4749 4721
4750 4723
4751 4724
4752 4725
4753 4726
4754 4727
4755 4728
4756 4729
4757 4730
4758 4731
4759 4733
4760 4734
4761 4735
4762 4736
4763 4737
4764 4738
4765 4739
4766 4740
4767 4741
4768 4742
4769 4743
4770 4744
4771 4747
4772 4748
4773 4746
4774 4749
4775 4750
4776 4751
4777 4752
4778 4753
4779 4754
4780 4756
4781 4757
4782 4758
4783 4760
4784 4764
4785 4769
4786 4771
4787 4770
4788 4772
4789 4773
4790 4774
4791 4775
4792 4776
4793 4777
4794 4778
4795 4779
4796 4780
4797 4782
4798 4783
4799 4784
4800 4785
4801 4786
4802 4787
4803 4788
4804 4789
4805 4791
4806 4792
4807 4793
4808 4794
4809 4796
4810 4795
4811 4797
4812 4798
4813 4799
4814 4800
4815 4801
4816 4802
4817 4803
4818 4804
4819 4805
4820 4806
4821 4807
4822 4808
4823 4809
4824 4810
4825 4811
4826 4812
4827 4813
4828 4814
4829 4815
4830 4816
4831 4817
4832 4818
4833 4819
4834 4820
4835 4821
4836 4822
4837 4826
4838 4827
4839 4828
4840 4829
4841 4830
4842 4831
4843 4832
4844 4833
4845 4834
4846 4835
4847 4836
4848 4837
4849 4838
4850 4839
4851 4840
4852 4841
4853 4842
4854 4843
4855 4844
4856 4846
4857 4847
4858 4849
4859 4850
4860 4851
4861 4852
4862 4853
4863 4854
4864 4855
4865 4856
4866 4858
4867 4857
4868 4859
4869 4860
4870 4861
4871 4862
4872 4863
4873 4864
4874 4865
4875 4866
4876 4867
4877 4868
4878 4869
4879 4870
4880 4871
