0 0
1 2
2 1
3 890
4 3
5 4
6 5
7 8
8 7
9 6
10 807
11 806
12 805
13 540
14 9
15 10
16 11
17 14
18 13
19 12
20 15
21 16
22 17
23 18
24 19
25 21
26 20
27 23
28 22
29 24
30 25
31 27
32 26
33 28
34 29
35 30
36 31
37 32
38 33
39 34
40 35
41 715
42 36
43 37
44 39
45 38
46 40
47 41
48 6413
49 2055
50 42
51 43
52 44
53 45
54 46
55 47
56 48
57 49
58 50
59 51
60 52
61 53
62 54
63 56
64 55
65 57
66 58
67 60
68 59
69 61
70 62
71 63
72 64
73 65
74 66
75 67
76 68
77 69
78 1767
79 70
80 71
81 5532
82 5072
83 72
84 80
85 79
86 78
87 77
88 76
89 75
90 74
91 73
92 1131
93 1130
94 924
95 774
96 773
97 81
98 82
99 83
100 84
101 210
102 146
103 85
104 87
105 86
106 88
107 89
108 197
109 90
110 91
111 92
112 93
113 94
114 95
115 96
116 97
117 98
118 99
119 100
120 101
121 102
122 103
123 104
124 105
125 106
126 107
127 108
128 110
129 109
130 111
131 112
132 113
133 114
134 115
135 116
136 117
137 118
138 119
139 120
140 121
141 122
142 123
143 124
144 125
145 126
146 127
147 129
148 128
149 130
150 131
151 134
152 133
153 132
154 135
155 137
156 136
157 356
158 355
159 354
160 138
161 139
162 141
163 140
164 1244
165 1243
166 1242
167 1241
168 260
169 142
170 143
171 144
172 145
173 147
174 148
175 149
176 150
177 151
178 152
179 153
180 1751
181 154
182 155
183 156
184 157
185 158
186 159
187 160
188 6109
189 5397
190 3508
191 218
192 161
193 162
194 163
195 164
196 165
197 166
198 167
199 168
200 169
201 170
202 171
203 172
204 173
205 182
206 181
207 180
208 179
209 178
210 177
211 176
212 175
213 174
214 1158
215 1157
216 1155
217 1154
218 183
219 185
220 184
221 186
222 190
223 189
224 188
225 187
226 191
227 192
228 193
229 194
230 195
231 196
232 198
233 199
234 200
235 201
236 202
237 203
238 204
239 205
240 206
241 207
242 208
243 209
244 211
245 213
246 212
247 214
248 215
249 216
250 217
251 7244
252 832
253 245
254 219
255 220
256 222
257 221
258 223
259 224
260 225
261 226
262 227
263 228
264 912
265 229
266 230
267 231
268 232
269 233
270 236
271 235
272 234
273 237
274 240
275 238
276 239
277 241
278 242
279 243
280 247
281 246
282 244
283 1444
284 248
285 249
286 252
287 250
288 251
289 253
290 255
291 254
292 256
293 262
294 261
295 259
296 258
297 257
298 1334
299 1119
300 1118
301 1117
302 5247
303 2017
304 263
305 264
306 265
307 266
308 267
309 268
310 269
311 270
312 271
313 272
314 273
315 274
316 275
317 277
318 276
319 278
320 279
321 280
322 281
323 282
324 905
325 283
326 284
327 285
328 286
329 287
330 288
331 289
332 290
333 291
334 292
335 293
336 294
337 295
338 296
339 297
340 4056
341 298
342 299
343 300
344 301
345 302
346 303
347 304
348 305
349 306
350 307
351 308
352 309
353 310
354 311
355 312
356 313
357 314
358 315
359 316
360 318
361 317
362 319
363 321
364 320
365 322
366 323
367 324
368 325
369 326
370 327
371 328
372 329
373 330
374 331
375 332
376 333
377 334
378 336
379 335
380 337
381 338
382 339
383 341
384 340
385 342
386 343
387 344
388 345
389 347
390 346
391 348
392 349
393 350
394 352
395 351
396 353
397 357
398 358
399 6839
400 6838
401 6837
402 359
403 360
404 361
405 362
406 365
407 364
408 363
409 367
410 366
411 368
412 370
413 369
414 371
415 372
416 373
417 374
418 376
419 375
420 377
421 378
422 380
423 379
424 381
425 382
426 383
427 384
428 385
429 386
430 387
431 388
432 389
433 390
434 391
435 393
436 392
437 394
438 395
439 397
440 396
441 398
442 399
443 400
444 401
445 403
446 402
447 404
448 405
449 406
450 407
451 408
452 409
453 410
454 411
455 412
456 413
457 415
458 414
459 416
460 418
461 417
462 419
463 420
464 422
465 421
466 4435
467 4434
468 4433
469 4432
470 423
471 424
472 425
473 426
474 428
475 427
476 429
477 430
478 431
479 432
480 433
481 434
482 435
483 437
484 436
485 1631
486 438
487 439
488 440
489 442
490 441
491 443
492 444
493 445
494 446
495 447
496 448
497 449
498 451
499 450
500 452
501 453
502 454
503 455
504 456
505 3792
506 3465
507 458
508 457
509 459
510 460
511 461
512 462
513 464
514 463
515 465
516 466
517 467
518 468
519 469
520 470
521 471
522 472
523 473
524 474
525 475
526 476
527 477
528 478
529 479
530 480
531 483
532 482
533 481
534 485
535 484
536 486
537 487
538 488
539 489
540 490
541 492
542 491
543 493
544 494
545 495
546 498
547 496
548 497
549 499
550 500
551 501
552 502
553 503
554 504
555 505
556 506
557 507
558 508
559 509
560 510
561 511
562 512
563 513
564 514
565 515
566 516
567 518
568 517
569 519
570 520
571 521
572 522
573 523
574 524
575 525
576 526
577 527
578 528
579 529
580 530
581 531
582 532
583 533
584 534
585 539
586 538
587 537
588 536
589 535
590 1135
591 1134
592 541
593 542
594 544
595 543
596 545
597 546
598 547
599 548
600 549
601 550
602 551
603 552
604 553
605 554
606 555
607 556
608 557
609 558
610 559
611 560
612 561
613 562
614 563
615 564
616 567
617 566
618 565
619 568
620 571
621 570
622 569
623 572
624 573
625 574
626 575
627 576
628 577
629 579
630 578
631 580
632 581
633 582
634 583
635 584
636 585
637 586
638 587
639 588
640 589
641 590
642 591
643 592
644 593
645 594
646 595
647 596
648 597
649 598
650 599
651 600
652 603
653 601
654 602
655 604
656 605
657 606
658 607
659 608
660 609
661 612
662 611
663 610
664 613
665 615
666 614
667 616
668 617
669 618
670 619
671 621
672 620
673 622
674 623
675 624
676 625
677 626
678 627
679 628
680 629
681 630
682 631
683 633
684 632
685 634
686 635
687 636
688 637
689 638
690 639
691 640
692 641
693 642
694 643
695 644
696 645
697 646
698 647
699 648
700 649
701 650
702 651
703 652
704 653
705 654
706 655
707 656
708 657
709 658
710 659
711 660
712 665
713 664
714 663
715 662
716 661
717 3430
718 666
719 667
720 668
721 670
722 669
723 671
724 672
725 673
726 675
727 674
728 676
729 677
730 679
731 678
732 680
733 681
734 682
735 683
736 684
737 685
738 686
739 687
740 688
741 689
742 690
743 691
744 692
745 693
746 694
747 695
748 696
749 698
750 697
751 700
752 699
753 701
754 702
755 704
756 703
757 705
758 706
759 708
760 707
761 709
762 711
763 710
764 712
765 713
766 714
767 716
768 717
769 718
770 719
771 720
772 721
773 722
774 723
775 724
776 725
777 726
778 727
779 728
780 729
781 730
782 731
783 732
784 733
785 734
786 735
787 736
788 737
789 738
790 739
791 740
792 741
793 742
794 743
795 745
796 744
797 746
798 748
799 747
800 749
801 750
802 751
803 752
804 753
805 754
806 755
807 756
808 758
809 757
810 759
811 779
812 778
813 777
814 776
815 775
816 772
817 771
818 770
819 769
820 768
821 767
822 766
823 765
824 764
825 763
826 762
827 761
828 760
829 1267
830 1266
831 1265
832 1133
833 1132
834 4587
835 4586
836 3847
837 3846
838 3845
839 3844
840 3843
841 3842
842 3841
843 3028
844 1129
845 947
846 925
847 780
848 782
849 781
850 783
851 784
852 785
853 787
854 786
855 788
856 789
857 790
858 791
859 792
860 793
861 795
862 794
863 4333
864 2549
865 796
866 797
867 798
868 799
869 800
870 802
871 801
872 803
873 804
874 808
875 810
876 809
877 812
878 811
879 813
880 814
881 815
882 816
883 817
884 819
885 818
886 820
887 821
888 823
889 822
890 824
891 825
892 827
893 826
894 828
895 829
896 830
897 831
898 2814
899 834
900 833
901 835
902 837
903 836
904 838
905 839
906 840
907 841
908 842
909 843
910 844
911 845
912 846
913 847
914 852
915 851
916 850
917 849
918 848
919 1218
920 853
921 854
922 855
923 858
924 857
925 856
926 859
927 860
928 861
929 862
930 863
931 3646
932 864
933 866
934 865
935 867
936 868
937 869
938 870
939 871
940 872
941 873
942 874
943 875
944 876
945 877
946 878
947 879
948 880
949 881
950 882
951 883
952 885
953 884
954 886
955 887
956 888
957 889
958 891
959 892
960 893
961 894
962 895
963 896
964 897
965 898
966 899
967 900
968 901
969 902
970 903
971 904
972 906
973 908
974 907
975 909
976 910
977 911
978 913
979 914
980 2263
981 915
982 916
983 917
984 918
985 919
986 920
987 921
988 922
989 923
990 4500
991 926
992 927
993 928
994 929
995 930
996 931
997 932
998 933
999 934
1000 935
1001 936
1002 937
1003 938
1004 939
1005 940
1006 941
1007 942
1008 943
1009 944
1010 945
1011 948
1012 946
1013 949
1014 950
1015 951
1016 952
1017 953
1018 954
1019 955
1020 956
1021 958
1022 957
1023 959
1024 961
1025 960
1026 962
1027 963
1028 964
1029 965
1030 966
1031 967
1032 968
1033 970
1034 969
1035 971
1036 972
1037 973
1038 974
1039 976
1040 975
1041 977
1042 978
1043 979
1044 980
1045 981
1046 982
1047 1333
1048 983
1049 984
1050 985
1051 986
1052 988
1053 987
1054 989
1055 990
1056 991
1057 992
1058 993
1059 994
1060 995
1061 996
1062 997
1063 998
1064 999
1065 1000
1066 1001
1067 1005
1068 1004
1069 1003
1070 1002
1071 1006
1072 1007
1073 1008
1074 1009
1075 1011
1076 1010
1077 1012
1078 1013
1079 1014
1080 1015
1081 1016
1082 1017
1083 1018
1084 1019
1085 1020
1086 1021
1087 1022
1088 1023
1089 1025
1090 1024
1091 1026
1092 1028
1093 1027
1094 1029
1095 1030
1096 1031
1097 1032
1098 1037
1099 1036
1100 1035
1101 1034
1102 1033
1103 1038
1104 1039
1105 1040
1106 1041
1107 1042
1108 1043
1109 1046
1110 1045
1111 1044
1112 1047
1113 1048
1114 1049
1115 1050
1116 1051
1117 1052
1118 1053
1119 1055
1120 1054
1121 1056
1122 1057
1123 1058
1124 1060
1125 1059
1126 1062
1127 1063
1128 1061
1129 1064
1130 1065
1131 1066
1132 1067
1133 1068
1134 1069
1135 1071
1136 1070
1137 1072
1138 1073
1139 1074
1140 1075
1141 1076
1142 1077
1143 1078
1144 1079
1145 1080
1146 1081
1147 1083
1148 1082
1149 1085
1150 1084
1151 1086
1152 1088
1153 1087
1154 1089
1155 1090
1156 1091
1157 1092
1158 1093
1159 1094
1160 1095
1161 1096
1162 1097
1163 1098
1164 1099
1165 1100
1166 1101
1167 1103
1168 1102
1169 1104
1170 1105
1171 1106
1172 1107
1173 1108
1174 1110
1175 1109
1176 1111
1177 1112
1178 1113
1179 1115
1180 1114
1181 1116
1182 1120
1183 1121
1184 1122
1185 1123
1186 1126
1187 1125
1188 1124
1189 1127
1190 1128
1191 1136
1192 1140
1193 1139
1194 1138
1195 1137
1196 2836
1197 1141
1198 1142
1199 1143
1200 1144
1201 1146
1202 1145
1203 1147
1204 1148
1205 1149
1206 1150
1207 1151
1208 1152
1209 1153
1210 1156
1211 1167
1212 1166
1213 1165
1214 1164
1215 1163
1216 1162
1217 1161
1218 1160
1219 1159
1220 1168
1221 1169
1222 1170
1223 1171
1224 1172
1225 1173
1226 1174
1227 1175
1228 1177
1229 1176
1230 1178
1231 1179
1232 1180
1233 1182
1234 1181
1235 1183
1236 1185
1237 1184
1238 1186
1239 1187
1240 7485
1241 7484
1242 7483
1243 7482
1244 7481
1245 7480
1246 7479
1247 7478
1248 7477
1249 7476
1250 7228
1251 4991
1252 4538
1253 4537
1254 4115
1255 3029
1256 1188
1257 1189
1258 1190
1259 1192
1260 1191
1261 1193
1262 1194
1263 1195
1264 1196
1265 1198
1266 1197
1267 1199
1268 1200
1269 1201
1270 1202
1271 1203
1272 1204
1273 1205
1274 1206
1275 1207
1276 1208
1277 1210
1278 1209
1279 1211
1280 1212
1281 1213
1282 1214
1283 1215
1284 1216
1285 1217
1286 1219
1287 1220
1288 3672
1289 1221
1290 1222
1291 1223
1292 1224
1293 1225
1294 1226
1295 1227
1296 1228
1297 1229
1298 1230
1299 1231
1300 1232
1301 1233
1302 1234
1303 1235
1304 1236
1305 1237
1306 1238
1307 1239
1308 1240
1309 1245
1310 1247
1311 1246
1312 1248
1313 1249
1314 1250
1315 1251
1316 1252
1317 1253
1318 1256
1319 1255
1320 1254
1321 6024
1322 4726
1323 1257
1324 1259
1325 1258
1326 7289
1327 7288
1328 5877
1329 3996
1330 1261
1331 1260
1332 1262
1333 1263
1334 1264
1335 1268
1336 1269
1337 1271
1338 1270
1339 1272
1340 1273
1341 1274
1342 1275
1343 1276
1344 1277
1345 1280
1346 1279
1347 1278
1348 1281
1349 1282
1350 1283
1351 1284
1352 1285
1353 1286
1354 1288
1355 1287
1356 1289
1357 1291
1358 1290
1359 1292
1360 1293
1361 1294
1362 1296
1363 1295
1364 1297
1365 1298
1366 1299
1367 1300
1368 1301
1369 1302
1370 1303
1371 1304
1372 1305
1373 1307
1374 1306
1375 1309
1376 1308
1377 1310
1378 1311
1379 1312
1380 1313
1381 1314
1382 1315
1383 1316
1384 1317
1385 1318
1386 1319
1387 6535
1388 1320
1389 1322
1390 1321
1391 1323
1392 1324
1393 1325
1394 1326
1395 1327
1396 1328
1397 1329
1398 1330
1399 1331
1400 1332
1401 1335
1402 1336
1403 1337
1404 1338
1405 1485
1406 1340
1407 1339
1408 1341
1409 1342
1410 1343
1411 1344
1412 1345
1413 1346
1414 1347
1415 1348
1416 1349
1417 1350
1418 1351
1419 1352
1420 1353
1421 1354
1422 1355
1423 1356
1424 1357
1425 1358
1426 1359
1427 1360
1428 1361
1429 1362
1430 1363
1431 1364
1432 1365
1433 1366
1434 1368
1435 1367
1436 1369
1437 1372
1438 1371
1439 1370
1440 1373
1441 1374
1442 1375
1443 1376
1444 1377
1445 1378
1446 1379
1447 1381
1448 1380
1449 1382
1450 1383
1451 1384
1452 1385
1453 1386
1454 1387
1455 1388
1456 1389
1457 1390
1458 1391
1459 1392
1460 1393
1461 1394
1462 1395
1463 1396
1464 1400
1465 1399
1466 1398
1467 1397
1468 1401
1469 1403
1470 1402
1471 1405
1472 1404
1473 1406
1474 1407
1475 1408
1476 1409
1477 1410
1478 1411
1479 1412
1480 1413
1481 1414
1482 1416
1483 1415
1484 1418
1485 1417
1486 1419
1487 1420
1488 1421
1489 1422
1490 1423
1491 1424
1492 1425
1493 1426
1494 1427
1495 1428
1496 1429
1497 1430
1498 1431
1499 1432
1500 1433
1501 1434
1502 1435
1503 1436
1504 1437
1505 1438
1506 1439
1507 1440
1508 1441
1509 1442
1510 1443
1511 1445
1512 1446
1513 1447
1514 1448
1515 1449
1516 1450
1517 1451
1518 1452
1519 1453
1520 1454
1521 1455
1522 1456
1523 1457
1524 1458
1525 1459
1526 1460
1527 1461
1528 1462
1529 1463
1530 1464
1531 1465
1532 1466
1533 1467
1534 1468
1535 1469
1536 1470
1537 1471
1538 1472
1539 1473
1540 1474
1541 1475
1542 1476
1543 1477
1544 1478
1545 1479
1546 1480
1547 1481
1548 1482
1549 1483
1550 1484
1551 1486
1552 1487
1553 1488
1554 1489
1555 1490
1556 1491
1557 1492
1558 1493
1559 1494
1560 1495
1561 1496
1562 1497
1563 1498
1564 1499
1565 1500
1566 1501
1567 1502
1568 1503
1569 1504
1570 1505
1571 1506
1572 1507
1573 1508
1574 1509
1575 1510
1576 1512
1577 1511
1578 1513
1579 1515
1580 1514
1581 1516
1582 1517
1583 1518
1584 1519
1585 1520
1586 1521
1587 1522
1588 1523
1589 1524
1590 1525
1591 1526
1592 1527
1593 1528
1594 1529
1595 1530
1596 1531
1597 1532
1598 1534
1599 1533
1600 1535
1601 1536
1602 1537
1603 1538
1604 1539
1605 1540
1606 1541
1607 1542
1608 1543
1609 1544
1610 1545
1611 1546
1612 1547
1613 1548
1614 1549
1615 1550
1616 1551
1617 1552
1618 1553
1619 1554
1620 1555
1621 1556
1622 1557
1623 1558
1624 1559
1625 1560
1626 1561
1627 1562
1628 1563
1629 1564
1630 1565
1631 1566
1632 1567
1633 1569
1634 1568
1635 1571
1636 1570
1637 1572
1638 1573
1639 1574
1640 1575
1641 1576
1642 1577
1643 1578
1644 1579
1645 1580
1646 1581
1647 1582
1648 1583
1649 1584
1650 1585
1651 1586
1652 1587
1653 1588
1654 1589
1655 1590
1656 1591
1657 1593
1658 1592
1659 1594
1660 1595
1661 1596
1662 1597
1663 1599
1664 1598
1665 1600
1666 1601
1667 1602
1668 1603
1669 1604
1670 1606
1671 1605
1672 1607
1673 1608
1674 1609
1675 1610
1676 1611
1677 1612
1678 1613
1679 1614
1680 1615
1681 1616
1682 1617
1683 1618
1684 1619
1685 1620
1686 1621
1687 1622
1688 1623
1689 1624
1690 1625
1691 1626
1692 1627
1693 1628
1694 1629
1695 1630
1696 1632
1697 1633
1698 1634
1699 1635
1700 1636
1701 1637
1702 1638
1703 1639
1704 1640
1705 1641
1706 1642
1707 4691
1708 3206
1709 1643
1710 1644
1711 1645
1712 1646
1713 1647
1714 1648
1715 1649
1716 1650
1717 1651
1718 1652
1719 1654
1720 1653
1721 1655
1722 1656
1723 1657
1724 1658
1725 1659
1726 1660
1727 1661
1728 1663
1729 1662
1730 1664
1731 1665
1732 1666
1733 1667
1734 1668
1735 1669
1736 1670
1737 1671
1738 1672
1739 1673
1740 1674
1741 1676
1742 1675
1743 1677
1744 1678
1745 1679
1746 1680
1747 1681
1748 1682
1749 1683
1750 1684
1751 1685
1752 1686
1753 1687
1754 1688
1755 1689
1756 1690
1757 1691
1758 1692
1759 1693
1760 1694
1761 1695
1762 1696
1763 1697
1764 1698
1765 1699
1766 1700
1767 1701
1768 1702
1769 1703
1770 1704
1771 1705
1772 1706
1773 1707
1774 1709
1775 1708
1776 1710
1777 1711
1778 1712
1779 1713
1780 1714
1781 1715
1782 1716
1783 1717
1784 1718
1785 1719
1786 1720
1787 1721
1788 1722
1789 1724
1790 1723
1791 1726
1792 1725
1793 1727
1794 1728
1795 1729
1796 1730
1797 1731
1798 1732
1799 1733
1800 1734
1801 1735
1802 1736
1803 1737
1804 1738
1805 1739
1806 1740
1807 1741
1808 1742
1809 1743
1810 1744
1811 1745
1812 1746
1813 1747
1814 1748
1815 1749
1816 1750
1817 1752
1818 1753
1819 1754
1820 1755
1821 1757
1822 1756
1823 3782
1824 3781
1825 3780
1826 3745
1827 1758
1828 1759
1829 1760
1830 1761
1831 1762
1832 1763
1833 1764
1834 1765
1835 1766
1836 1768
1837 1769
1838 1770
1839 1771
1840 1772
1841 1773
1842 1774
1843 1775
1844 1776
1845 1777
1846 1778
1847 1779
1848 1780
1849 1781
1850 1782
1851 1784
1852 1783
1853 1785
1854 1786
1855 1787
1856 1788
1857 1789
1858 1790
1859 1791
1860 1792
1861 1793
1862 1794
1863 1795
1864 1796
1865 1797
1866 1798
1867 1799
1868 1800
1869 1801
1870 1802
1871 1803
1872 1804
1873 1805
1874 1806
1875 1807
1876 1809
1877 1808
1878 1810
1879 1811
1880 1812
1881 1813
1882 1814
1883 1815
1884 1816
1885 1817
1886 1818
1887 1819
1888 1820
1889 1822
1890 1821
1891 1823
1892 1824
1893 1825
1894 1826
1895 1827
1896 1828
1897 1829
1898 1830
1899 1832
1900 1831
1901 1833
1902 1834
1903 1835
1904 1836
1905 1837
1906 1838
1907 1839
1908 1840
1909 1842
1910 1841
1911 1843
1912 1844
1913 1845
1914 1847
1915 1846
1916 1848
1917 1849
1918 1850
1919 1851
1920 1852
1921 1853
1922 1854
1923 1855
1924 1856
1925 1859
1926 1858
1927 1857
1928 1860
1929 1861
1930 1862
1931 1863
1932 1864
1933 1865
1934 1866
1935 1867
1936 1868
1937 1869
1938 1870
1939 1871
1940 1872
1941 1873
1942 1874
1943 1875
1944 1876
1945 1877
1946 1878
1947 1879
1948 1880
1949 1881
1950 1882
1951 1883
1952 1884
1953 1885
1954 1886
1955 1887
1956 1888
1957 1889
1958 1890
1959 1891
1960 1892
1961 1893
1962 1894
1963 1895
1964 1896
1965 1897
1966 1898
1967 1899
1968 1900
1969 1901
1970 1902
1971 1903
1972 1905
1973 1904
1974 1906
1975 1907
1976 1908
1977 1909
1978 1910
1979 1912
1980 1911
1981 1913
1982 1914
1983 1915
1984 1917
1985 1916
1986 1918
1987 1919
1988 1920
1989 1921
1990 1922
1991 1923
1992 1924
1993 1925
1994 1926
1995 1927
1996 1928
1997 1929
1998 1930
1999 1931
2000 1932
2001 1933
2002 1934
2003 1935
2004 1936
2005 1937
2006 1939
2007 1938
2008 1940
2009 1941
2010 1942
2011 1943
2012 1944
2013 1945
2014 1946
2015 1947
2016 1948
2017 1949
2018 1950
2019 1951
2020 1952
2021 1953
2022 1954
2023 1955
2024 1956
2025 1957
2026 1958
2027 1959
2028 1960
2029 1961
2030 1962
2031 1963
2032 1965
2033 1964
2034 1966
2035 1967
2036 1968
2037 1969
2038 1970
2039 1971
2040 1972
2041 1973
2042 1975
2043 1974
2044 1976
2045 1977
2046 1978
2047 1979
2048 1980
2049 1981
2050 1982
2051 1983
2052 1984
2053 1985
2054 1986
2055 1987
2056 1988
2057 1989
2058 1990
2059 1991
2060 1992
2061 1993
2062 1994
2063 1995
2064 1996
2065 1997
2066 1998
2067 6587
2068 1999
2069 2000
2070 2001
2071 2002
2072 2003
2073 2004
2074 2005
2075 2006
2076 2007
2077 2008
2078 2009
2079 2010
2080 2012
2081 2011
2082 2013
2083 2014
2084 2015
2085 2016
2086 2018
2087 2019
2088 2020
2089 2021
2090 2022
2091 2023
2092 2024
2093 2025
2094 2026
2095 2027
2096 2028
2097 2029
2098 2030
2099 2032
2100 2031
2101 2033
2102 2034
2103 2035
2104 2036
2105 2037
2106 2038
2107 2039
2108 2040
2109 2041
2110 2042
2111 2043
2112 2044
2113 2045
2114 2046
2115 2047
2116 2048
2117 2049
2118 2050
2119 2051
2120 2052
2121 2053
2122 2054
2123 2056
2124 2057
2125 2058
2126 2060
2127 2059
2128 2061
2129 2062
2130 2063
2131 2064
2132 2065
2133 2066
2134 2067
2135 2068
2136 2069
2137 2071
2138 2073
2139 2072
2140 2070
2141 2074
2142 2075
2143 2076
2144 2077
2145 2078
2146 2079
2147 2080
2148 2081
2149 2082
2150 2083
2151 2084
2152 2085
2153 2086
2154 2087
2155 2088
2156 2089
2157 2090
2158 2091
2159 2092
2160 2093
2161 2094
2162 2095
2163 2097
2164 2096
2165 2098
2166 2099
2167 2100
2168 2101
2169 2103
2170 2102
2171 2105
2172 2104
2173 2106
2174 2107
2175 2108
2176 2109
2177 2110
2178 2111
2179 2112
2180 2113
2181 2114
2182 2115
2183 2116
2184 2117
2185 2118
2186 2119
2187 2120
2188 2121
2189 2122
2190 2123
2191 2124
2192 2125
2193 2126
2194 2127
2195 2128
2196 2129
2197 2130
2198 2131
2199 2132
2200 2134
2201 2133
2202 2135
2203 2136
2204 2137
2205 2139
2206 2138
2207 2140
2208 2141
2209 2142
2210 2143
2211 2144
2212 2145
2213 2146
2214 2147
2215 2148
2216 2149
2217 2150
2218 2151
2219 2152
2220 2153
2221 2154
2222 2155
2223 2156
2224 2157
2225 2158
2226 2159
2227 2160
2228 2161
2229 2162
2230 2163
2231 2164
2232 2165
2233 2166
2234 2167
2235 2168
2236 2169
2237 2170
2238 2171
2239 2172
2240 2173
2241 2174
2242 2175
2243 2176
2244 2177
2245 2178
2246 2179
2247 2180
2248 2181
2249 2182
2250 2183
2251 2184
2252 2185
2253 2186
2254 2187
2255 2188
2256 2190
2257 2189
2258 2191
2259 2192
2260 2193
2261 2194
2262 2195
2263 2196
2264 2197
2265 2199
2266 2198
2267 2200
2268 2201
2269 2202
2270 2204
2271 2203
2272 2205
2273 2206
2274 2207
2275 2208
2276 2209
2277 2210
2278 2213
2279 2212
2280 2211
2281 2214
2282 2215
2283 2216
2284 2218
2285 2217
2286 2219
2287 2220
2288 2222
2289 2223
2290 2221
2291 2224
2292 2225
2293 2226
2294 2227
2295 2228
2296 2229
2297 2230
2298 2231
2299 2232
2300 2233
2301 2234
2302 2235
2303 2237
2304 2236
2305 2238
2306 2239
2307 2240
2308 2241
2309 2242
2310 2243
2311 2244
2312 2245
2313 2246
2314 2247
2315 2248
2316 2249
2317 2250
2318 2251
2319 2252
2320 2253
2321 2254
2322 2255
2323 2256
2324 2257
2325 2259
2326 2258
2327 2260
2328 2261
2329 2262
2330 2264
2331 2265
2332 2266
2333 2267
2334 2268
2335 2270
2336 2269
2337 2271
2338 2272
2339 2273
2340 2274
2341 2275
2342 2276
2343 2277
2344 2278
2345 2279
2346 2280
2347 2281
2348 2282
2349 2283
2350 2284
2351 2285
2352 2286
2353 2287
2354 2288
2355 2289
2356 2290
2357 2291
2358 2292
2359 2293
2360 2294
2361 2295
2362 2296
2363 2298
2364 2297
2365 2299
2366 2300
2367 2301
2368 2302
2369 2303
2370 2304
2371 2305
2372 2306
2373 2307
2374 2308
2375 2309
2376 2311
2377 2310
2378 2312
2379 2313
2380 2314
2381 2315
2382 2316
2383 2317
2384 2318
2385 2320
2386 2319
2387 2321
2388 2322
2389 2323
2390 2324
2391 2325
2392 2326
2393 2327
2394 2328
2395 2329
2396 2330
2397 2331
2398 2332
2399 2333
2400 2334
2401 2335
2402 2336
2403 2337
2404 2338
2405 2339
2406 2340
2407 2341
2408 2342
2409 2343
2410 2344
2411 2345
2412 2346
2413 2347
2414 2348
2415 2349
2416 2350
2417 2351
2418 2352
2419 2353
2420 2354
2421 2355
2422 2356
2423 2357
2424 2358
2425 2359
2426 2360
2427 2361
2428 2362
2429 2363
2430 2364
2431 2365
2432 2366
2433 2367
2434 2368
2435 2369
2436 2370
2437 2371
2438 2373
2439 2372
2440 2374
2441 2375
2442 2376
2443 2377
2444 2378
2445 2379
2446 2380
2447 2381
2448 2382
2449 2383
2450 2384
2451 2385
2452 2386
2453 2387
2454 2388
2455 2389
2456 2390
2457 2391
2458 2392
2459 2393
2460 2394
2461 2395
2462 2396
2463 2397
2464 2398
2465 2399
2466 2400
2467 2402
2468 2401
2469 2403
2470 2404
2471 2405
2472 2406
2473 2407
2474 2408
2475 2409
2476 2410
2477 2411
2478 2412
2479 2413
2480 2414
2481 2415
2482 2416
2483 2417
2484 2419
2485 2418
2486 2420
2487 2421
2488 2422
2489 2423
2490 2424
2491 2425
2492 2426
2493 2427
2494 2428
2495 2429
2496 2430
2497 2431
2498 2432
2499 2433
2500 2435
2501 2434
2502 2437
2503 2436
2504 2438
2505 2439
2506 2440
2507 2441
2508 2442
2509 2443
2510 2444
2511 2445
2512 2446
2513 2447
2514 2448
2515 2449
2516 2450
2517 2451
2518 2452
2519 2453
2520 2454
2521 2456
2522 2455
2523 2457
2524 2458
2525 2459
2526 2460
2527 2461
2528 2462
2529 2463
2530 2464
2531 2465
2532 2466
2533 2467
2534 2468
2535 2469
2536 2470
2537 2471
2538 2472
2539 2473
2540 2474
2541 2475
2542 2476
2543 2477
2544 2478
2545 2479
2546 2480
2547 2481
2548 2482
2549 2483
2550 2484
2551 2485
2552 2486
2553 2487
2554 2488
2555 2489
2556 2490
2557 2491
2558 2492
2559 2493
2560 2494
2561 2495
2562 2496
2563 2497
2564 2498
2565 2499
2566 2500
2567 2501
2568 2502
2569 2503
2570 2504
2571 2505
2572 2506
2573 2507
2574 2508
2575 2509
2576 2511
2577 2510
2578 2512
2579 2513
2580 2514
2581 2515
2582 2516
2583 2517
2584 2518
2585 2519
2586 2520
2587 2521
2588 2522
2589 2523
2590 2524
2591 2525
2592 2526
2593 2527
2594 2528
2595 2529
2596 2530
2597 2531
2598 2532
2599 2533
2600 2534
2601 2535
2602 2536
2603 2537
2604 2538
2605 2539
2606 2540
2607 2541
2608 2542
2609 2543
2610 2544
2611 2545
2612 2547
2613 2546
2614 2548
2615 2550
2616 2551
2617 2552
2618 2553
2619 2555
2620 2554
2621 2556
2622 2558
2623 2557
2624 2560
2625 2559
2626 2561
2627 2562
2628 2563
2629 2564
2630 2565
2631 2566
2632 2567
2633 2568
2634 2569
2635 2571
2636 2570
2637 2572
2638 2573
2639 2574
2640 2575
2641 2576
2642 2577
2643 2578
2644 2579
2645 2580
2646 2581
2647 2582
2648 2583
2649 2584
2650 2585
2651 2586
2652 2587
2653 2588
2654 2589
2655 2590
2656 2591
2657 2592
2658 2593
2659 2594
2660 2595
2661 2596
2662 2597
2663 2598
2664 2599
2665 2600
2666 2601
2667 2602
2668 2603
2669 2604
2670 2605
2671 2606
2672 2607
2673 2608
2674 2609
2675 2610
2676 2611
2677 2612
2678 2613
2679 2614
2680 2615
2681 2616
2682 2617
2683 2618
2684 2619
2685 2621
2686 2620
2687 2622
2688 2624
2689 2623
2690 2625
2691 2626
2692 2627
2693 2628
2694 2629
2695 2630
2696 2631
2697 2632
2698 5910
2699 2633
2700 2634
2701 2635
2702 2636
2703 2637
2704 2638
2705 2639
2706 2640
2707 2641
2708 2642
2709 2644
2710 2643
2711 2645
2712 2646
2713 2647
2714 2648
2715 2649
2716 2650
2717 2651
2718 2652
2719 2653
2720 2654
2721 2655
2722 2656
2723 2657
2724 2658
2725 2659
2726 2660
2727 2661
2728 2662
2729 2663
2730 2664
2731 2665
2732 2666
2733 2667
2734 2668
2735 2669
2736 2670
2737 2671
2738 2672
2739 2674
2740 2676
2741 2675
2742 2673
2743 2677
2744 2678
2745 2679
2746 2680
2747 2681
2748 2682
2749 2683
2750 2684
2751 2685
2752 2686
2753 2687
2754 2688
2755 2689
2756 2690
2757 2691
2758 2692
2759 2693
2760 2694
2761 2695
2762 2696
2763 2697
2764 2698
2765 2699
2766 2700
2767 2701
2768 2702
2769 2703
2770 2704
2771 2705
2772 2706
2773 2707
2774 2708
2775 2709
2776 2710
2777 2711
2778 2712
2779 2713
2780 2714
2781 2715
2782 2716
2783 2717
2784 2718
2785 2719
2786 2721
2787 2720
2788 2722
2789 2723
2790 2724
2791 2725
2792 2726
2793 2727
2794 2728
2795 2729
2796 2730
2797 2731
2798 2732
2799 2733
2800 2734
2801 2735
2802 2736
2803 2737
2804 2738
2805 2739
2806 2740
2807 2741
2808 2742
2809 2743
2810 2744
2811 2745
2812 2746
2813 2747
2814 2748
2815 2749
2816 2750
2817 2751
2818 2752
2819 2753
2820 2754
2821 2755
2822 2756
2823 2757
2824 2758
2825 2759
2826 2760
2827 2761
2828 2762
2829 2763
2830 2764
2831 2765
2832 2766
2833 2767
2834 2768
2835 2770
2836 2769
2837 2771
2838 2772
2839 2773
2840 2774
2841 2775
2842 2776
2843 2777
2844 2778
2845 2779
2846 2780
2847 2781
2848 2782
2849 2783
2850 2784
2851 2785
2852 2787
2853 2786
2854 2788
2855 2789
2856 2790
2857 2791
2858 2792
2859 2793
2860 2794
2861 2795
2862 2796
2863 2797
2864 2798
2865 2799
2866 2800
2867 2801
2868 2802
2869 2803
2870 2804
2871 2805
2872 2806
2873 2807
2874 2808
2875 2809
2876 2810
2877 2811
2878 2812
2879 2813
2880 2815
2881 2816
2882 2817
2883 2818
2884 2819
2885 2820
2886 2821
2887 2822
2888 2823
2889 2824
2890 2825
2891 2826
2892 2827
2893 2828
2894 2829
2895 2830
2896 2831
2897 2832
2898 2833
2899 2834
2900 2835
2901 2837
2902 2838
2903 2839
2904 2840
2905 2841
2906 2842
2907 2843
2908 2845
2909 2844
2910 2846
2911 2847
2912 2848
2913 2849
2914 2852
2915 2851
2916 2850
2917 2853
2918 2854
2919 2855
2920 2856
2921 2857
2922 2858
2923 2859
2924 2860
2925 2861
2926 2862
2927 2863
2928 2864
2929 2865
2930 2866
2931 5948
2932 2867
2933 2870
2934 2869
2935 2868
2936 2871
2937 2872
2938 2873
2939 2874
2940 2875
2941 2876
2942 2877
2943 2878
2944 2879
2945 2881
2946 2880
2947 2882
2948 2883
2949 2884
2950 2886
2951 2885
2952 2887
2953 2888
2954 2889
2955 2890
2956 2891
2957 2892
2958 2893
2959 2894
2960 2895
2961 2896
2962 2897
2963 2898
2964 2899
2965 2900
2966 2901
2967 2902
2968 2903
2969 2904
2970 2905
2971 2906
2972 2907
2973 2908
2974 2909
2975 2910
2976 2911
2977 2912
2978 2913
2979 2914
2980 2915
2981 2916
2982 2917
2983 2918
2984 2919
2985 2920
2986 2921
2987 2922
2988 2923
2989 2924
2990 2925
2991 2926
2992 2927
2993 2928
2994 2929
2995 2930
2996 2931
2997 2933
2998 2932
2999 2934
3000 2935
3001 2936
3002 2937
3003 2938
3004 2939
3005 2940
3006 2941
3007 2942
3008 2943
3009 2944
3010 2945
3011 2946
3012 2947
3013 2948
3014 2949
3015 2950
3016 2951
3017 2952
3018 2954
3019 2953
3020 2955
3021 2956
3022 2957
3023 2958
3024 2959
3025 2960
3026 2961
3027 2962
3028 2963
3029 2969
3030 2968
3031 2967
3032 2966
3033 2965
3034 2964
3035 2970
3036 2971
3037 2972
3038 2973
3039 2974
3040 2975
3041 2976
3042 2977
3043 2978
3044 2979
3045 2980
3046 2981
3047 2982
3048 2984
3049 2983
3050 2985
3051 2986
3052 2987
3053 2988
3054 2989
3055 2990
3056 2992
3057 2991
3058 2993
3059 2994
3060 2995
3061 2997
3062 2996
3063 2998
3064 2999
3065 3000
3066 3001
3067 3002
3068 3003
3069 3004
3070 3005
3071 3006
3072 3007
3073 3008
3074 3010
3075 3009
3076 3011
3077 3012
3078 3013
3079 3014
3080 3015
3081 3016
3082 3017
3083 3018
3084 3019
3085 3020
3086 3021
3087 3022
3088 3023
3089 3025
3090 3030
3091 3027
3092 3026
3093 3024
3094 3031
3095 3032
3096 3033
3097 3034
3098 3035
3099 3036
3100 3037
3101 3038
3102 3039
3103 3040
3104 3041
3105 3042
3106 3043
3107 3044
3108 3045
3109 3046
3110 3047
3111 3048
3112 3049
3113 3050
3114 3051
3115 3052
3116 3055
3117 3054
3118 3053
3119 3056
3120 3057
3121 3058
3122 3059
3123 3060
3124 3061
3125 3062
3126 3063
3127 3064
3128 3065
3129 3066
3130 3067
3131 3068
3132 3069
3133 3070
3134 3071
3135 3072
3136 3073
3137 3075
3138 3074
3139 3076
3140 3077
3141 3078
3142 3079
3143 3080
3144 3081
3145 3082
3146 3083
3147 3084
3148 3085
3149 3086
3150 3087
3151 3088
3152 3089
3153 3090
3154 3091
3155 3092
3156 3093
3157 3094
3158 3095
3159 3096
3160 3097
3161 3098
3162 3099
3163 3100
3164 3101
3165 3102
3166 3104
3167 3103
3168 3105
3169 3106
3170 3107
3171 3108
3172 3109
3173 3110
3174 3111
3175 3112
3176 3113
3177 3114
3178 3115
3179 3116
3180 3117
3181 3118
3182 3119
3183 3120
3184 3121
3185 3122
3186 3123
3187 3124
3188 3125
3189 3126
3190 3127
3191 3128
3192 3129
3193 3131
3194 3136
3195 3135
3196 3134
3197 3133
3198 3132
3199 3130
3200 3137
3201 3138
3202 3139
3203 3141
3204 3140
3205 3142
3206 3143
3207 3144
3208 3145
3209 3146
3210 3147
3211 3148
3212 3149
3213 3150
3214 3151
3215 3153
3216 3152
3217 3154
3218 3155
3219 3156
3220 3157
3221 3158
3222 3159
3223 3160
3224 3161
3225 3162
3226 3163
3227 3164
3228 3165
3229 3166
3230 3167
3231 3169
3232 3168
3233 3170
3234 3171
3235 3173
3236 3172
3237 3174
3238 3175
3239 3176
3240 3177
3241 3178
3242 3179
3243 3180
3244 3181
3245 3182
3246 3183
3247 3184
3248 3185
3249 3186
3250 3187
3251 3188
3252 3189
3253 3190
3254 3191
3255 3192
3256 3193
3257 3194
3258 3195
3259 3196
3260 3197
3261 3198
3262 3199
3263 3200
3264 3201
3265 3202
3266 3203
3267 3204
3268 3205
3269 3207
3270 3208
3271 3209
3272 3210
3273 3211
3274 3213
3275 3212
3276 3214
3277 3215
3278 3217
3279 3216
3280 3218
3281 3219
3282 3220
3283 3221
3284 3222
3285 3223
3286 3224
3287 3225
3288 3226
3289 3227
3290 3228
3291 3230
3292 3229
3293 3231
3294 3232
3295 3233
3296 3234
3297 3235
3298 3236
3299 3238
3300 3237
3301 3239
3302 3240
3303 3241
3304 3242
3305 3243
3306 3244
3307 3245
3308 3246
3309 3247
3310 3249
3311 3248
3312 3250
3313 3252
3314 3251
3315 3253
3316 3254
3317 3255
3318 3256
3319 3257
3320 3258
3321 3259
3322 3260
3323 3261
3324 3262
3325 3263
3326 3264
3327 3265
3328 3266
3329 3267
3330 3268
3331 3269
3332 3270
3333 3271
3334 3272
3335 3273
3336 3276
3337 3275
3338 3274
3339 3277
3340 3278
3341 3279
3342 3280
3343 3281
3344 3282
3345 3283
3346 3284
3347 3286
3348 3285
3349 3287
3350 3288
3351 3289
3352 3290
3353 3292
3354 3291
3355 3293
3356 3294
3357 3295
3358 3296
3359 3297
3360 3298
3361 3299
3362 3300
3363 3301
3364 3302
3365 3303
3366 3304
3367 3305
3368 3306
3369 3307
3370 3308
3371 3309
3372 3310
3373 3311
3374 3312
3375 3313
3376 3314
3377 3315
3378 3316
3379 3317
3380 3319
3381 3318
3382 3320
3383 3321
3384 3322
3385 3324
3386 3323
3387 3325
3388 3326
3389 3327
3390 3328
3391 3329
3392 3330
3393 3331
3394 3333
3395 3332
3396 3334
3397 3335
3398 3336
3399 3337
3400 3338
3401 3339
3402 3341
3403 3340
3404 3342
3405 3343
3406 3344
3407 3345
3408 3346
3409 3347
3410 3348
3411 3349
3412 3350
3413 3351
3414 3352
3415 3354
3416 3353
3417 3355
3418 3357
3419 3356
3420 3358
3421 3359
3422 3360
3423 3361
3424 3362
3425 3363
3426 3364
3427 3365
3428 3366
3429 3367
3430 3368
3431 3369
3432 3370
3433 3371
3434 3372
3435 3373
3436 3374
3437 3375
3438 3376
3439 3377
3440 3378
3441 3379
3442 3380
3443 3381
3444 3382
3445 3383
3446 3384
3447 3386
3448 3385
3449 3387
3450 3388
3451 3389
3452 3390
3453 3391
3454 3392
3455 3393
3456 3394
3457 3396
3458 3395
3459 3397
3460 3398
3461 3399
3462 3400
3463 3401
3464 3403
3465 3402
3466 3404
3467 3406
3468 3407
3469 3405
3470 3408
3471 3411
3472 3410
3473 3409
3474 3412
3475 3413
3476 3414
3477 3415
3478 3416
3479 3417
3480 3418
3481 3419
3482 3420
3483 3421
3484 3422
3485 3423
3486 4664
3487 3424
3488 3425
3489 3426
3490 3427
3491 3428
3492 3429
3493 3432
3494 3431
3495 3433
3496 3434
3497 3435
3498 3436
3499 3437
3500 3438
3501 3439
3502 3441
3503 3440
3504 3442
3505 3444
3506 3443
3507 3445
3508 3446
3509 3448
3510 3449
3511 3447
3512 3450
3513 3451
3514 3452
3515 3454
3516 3453
3517 3455
3518 3456
3519 3457
3520 3458
3521 3459
3522 3460
3523 3461
3524 3462
3525 3463
3526 3464
3527 3466
3528 3467
3529 3468
3530 3470
3531 3469
3532 3471
3533 3472
3534 3473
3535 3474
3536 3475
3537 3476
3538 3477
3539 3479
3540 3478
3541 3480
3542 3481
3543 3482
3544 3483
3545 3484
3546 3485
3547 3486
3548 3487
3549 3488
3550 3489
3551 3490
3552 3491
3553 3492
3554 3493
3555 3494
3556 3495
3557 3496
3558 3497
3559 3498
3560 3499
3561 3501
3562 3500
3563 3502
3564 3503
3565 3504
3566 3506
3567 3505
3568 3507
3569 3509
3570 3510
3571 3511
3572 3512
3573 3513
3574 3514
3575 3515
3576 3516
3577 3517
3578 3518
3579 3519
3580 3520
3581 3521
3582 3523
3583 3522
3584 3524
3585 3525
3586 3526
3587 3527
3588 3528
3589 3529
3590 3530
3591 3531
3592 3532
3593 3533
3594 3534
3595 3535
3596 3536
3597 3537
3598 3538
3599 3539
3600 3540
3601 3541
3602 3542
3603 3543
3604 3544
3605 3545
3606 3546
3607 3547
3608 3548
3609 3549
3610 3550
3611 3551
3612 3552
3613 3554
3614 3553
3615 3555
3616 3556
3617 3557
3618 3558
3619 3559
3620 3560
3621 3561
3622 3562
3623 3563
3624 3564
3625 3566
3626 3567
3627 3565
3628 3568
3629 3569
3630 3570
3631 3571
3632 3572
3633 3573
3634 3574
3635 3575
3636 3576
3637 3577
3638 3578
3639 3579
3640 3580
3641 3581
3642 3582
3643 3583
3644 3584
3645 3586
3646 3585
3647 3587
3648 3591
3649 3590
3650 3588
3651 3589
3652 3592
3653 3593
3654 3594
3655 3595
3656 3596
3657 3597
3658 3598
3659 3599
3660 3600
3661 3601
3662 3602
3663 3603
3664 3604
3665 3606
3666 3605
3667 3607
3668 3608
3669 3609
3670 5312
3671 3610
3672 3611
3673 3612
3674 3613
3675 3614
3676 3615
3677 3616
3678 3617
3679 3618
3680 3619
3681 3620
3682 3621
3683 3622
3684 3623
3685 3624
3686 3625
3687 3627
3688 3626
3689 3628
3690 3629
3691 3630
3692 3631
3693 3632
3694 3633
3695 3634
3696 3635
3697 3636
3698 3637
3699 3638
3700 3639
3701 3640
3702 3641
3703 3642
3704 3643
3705 3645
3706 3644
3707 3647
3708 3648
3709 3649
3710 3650
3711 3651
3712 3652
3713 3653
3714 3655
3715 3654
3716 3656
3717 3657
3718 3658
3719 3660
3720 3659
3721 3661
3722 3662
3723 3663
3724 3664
3725 3665
3726 3666
3727 3667
3728 3668
3729 3669
3730 3670
3731 3671
3732 3673
3733 3674
3734 3675
3735 3676
3736 3677
3737 3678
3738 3679
3739 3680
3740 3681
3741 3682
3742 3683
3743 3684
3744 3685
3745 3687
3746 3686
3747 3688
3748 3689
3749 3690
3750 3691
3751 3692
3752 3693
3753 3694
3754 3695
3755 3696
3756 3697
3757 3698
3758 3699
3759 3700
3760 3702
3761 3701
3762 3703
3763 3704
3764 3705
3765 3706
3766 3707
3767 3708
3768 3709
3769 3710
3770 3711
3771 3712
3772 3713
3773 3724
3774 3723
3775 3722
3776 3721
3777 3720
3778 3719
3779 3718
3780 3717
3781 3716
3782 3715
3783 3714
3784 3725
3785 3726
3786 3727
3787 3728
3788 3729
3789 3730
3790 3731
3791 3732
3792 3733
3793 5311
3794 3734
3795 3735
3796 3736
3797 3737
3798 3738
3799 3739
3800 3740
3801 3741
3802 3742
3803 3743
3804 3744
3805 3746
3806 3747
3807 3748
3808 3749
3809 3750
3810 3751
3811 3752
3812 3753
3813 3754
3814 3755
3815 3756
3816 3757
3817 3758
3818 3759
3819 3760
3820 3761
3821 3762
3822 3763
3823 3764
3824 3765
3825 3767
3826 3766
3827 3768
3828 3769
3829 3770
3830 3771
3831 3772
3832 3773
3833 3774
3834 3775
3835 3776
3836 3778
3837 3777
3838 3779
3839 3783
3840 3784
3841 3785
3842 3786
3843 3787
3844 3788
3845 3789
3846 3790
3847 3791
3848 3793
3849 3794
3850 3795
3851 3796
3852 3797
3853 3798
3854 3799
3855 3801
3856 3800
3857 3802
3858 3803
3859 3804
3860 3805
3861 3806
3862 3807
3863 3809
3864 3808
3865 3810
3866 3811
3867 3812
3868 3813
3869 3814
3870 3815
3871 3816
3872 3817
3873 3818
3874 3819
3875 3821
3876 3820
3877 3822
3878 3823
3879 3824
3880 3825
3881 3826
3882 3827
3883 3828
3884 3829
3885 3830
3886 3831
3887 3832
3888 3833
3889 3834
3890 3835
3891 3837
3892 3836
3893 3838
3894 3839
3895 3840
3896 3848
3897 3849
3898 3850
3899 3851
3900 3852
3901 3853
3902 3854
3903 3855
3904 3857
3905 3858
3906 3856
3907 3859
3908 3860
3909 3861
3910 3862
3911 3863
3912 3864
3913 3865
3914 3866
3915 3867
3916 3868
3917 3869
3918 3870
3919 3871
3920 3872
3921 3873
3922 3874
3923 3875
3924 3876
3925 3877
3926 3878
3927 3879
3928 3881
3929 3880
3930 3882
3931 3883
3932 3884
3933 3885
3934 3886
3935 3887
3936 3888
3937 3889
3938 3890
3939 3891
3940 3892
3941 3893
3942 3894
3943 3895
3944 3896
3945 3897
3946 3898
3947 3899
3948 3900
3949 3901
3950 3903
3951 3902
3952 3904
3953 3905
3954 3906
3955 3907
3956 3908
3957 3909
3958 3910
3959 3911
3960 3912
3961 3913
3962 3914
3963 3915
3964 3917
3965 3916
3966 3918
3967 3919
3968 3920
3969 3921
3970 3922
3971 3923
3972 3924
3973 3925
3974 3926
3975 3927
3976 3928
3977 3929
3978 3930
3979 3931
3980 3933
3981 3932
3982 3934
3983 3935
3984 3936
3985 3937
3986 3938
3987 3939
3988 3940
3989 3941
3990 3942
3991 3943
3992 3944
3993 3945
3994 3947
3995 3946
3996 3948
3997 3949
3998 3951
3999 3950
4000 3952
4001 3953
4002 3954
4003 3955
4004 3956
4005 3957
4006 3958
4007 3959
4008 3960
4009 3961
4010 3962
4011 3963
4012 3964
4013 3966
4014 3965
4015 3967
4016 3968
4017 3969
4018 3970
4019 3972
4020 3971
4021 3973
4022 3974
4023 3976
4024 3975
4025 3977
4026 3978
4027 3979
4028 3980
4029 3981
4030 3983
4031 3982
4032 3984
4033 3986
4034 3985
4035 3987
4036 3988
4037 3989
4038 3990
4039 3991
4040 3993
4041 3992
4042 3994
4043 3995
4044 3997
4045 3998
4046 3999
4047 4000
4048 4001
4049 4003
4050 4002
4051 4004
4052 4005
4053 4006
4054 4007
4055 4008
4056 4009
4057 4010
4058 4011
4059 4012
4060 4013
4061 4014
4062 4015
4063 4017
4064 4016
4065 4018
4066 4019
4067 4020
4068 4021
4069 4022
4070 4023
4071 4024
4072 4025
4073 4026
4074 4027
4075 4028
4076 4029
4077 7489
4078 4030
4079 4031
4080 4032
4081 4033
4082 4034
4083 4035
4084 4036
4085 4038
4086 4037
4087 4039
4088 4040
4089 4041
4090 4042
4091 4043
4092 4044
4093 4045
4094 4046
4095 4047
4096 4048
4097 4050
4098 4049
4099 4051
4100 4052
4101 4053
4102 4054
4103 4055
4104 4057
4105 4058
4106 4059
4107 4060
4108 4061
4109 4062
4110 4063
4111 4064
4112 4065
4113 4066
4114 4067
4115 4068
4116 4069
4117 4070
4118 4071
4119 4072
4120 4073
4121 4074
4122 4075
4123 4076
4124 4077
4125 4078
4126 4079
4127 4080
4128 4081
4129 4082
4130 4083
4131 4084
4132 4085
4133 4086
4134 4088
4135 4090
4136 4089
4137 4087
4138 4091
4139 4093
4140 4092
4141 4094
4142 4095
4143 4096
4144 4098
4145 4097
4146 4099
4147 4100
4148 4101
4149 4102
4150 4103
4151 4104
4152 4105
4153 4106
4154 4107
4155 4108
4156 4109
4157 4111
4158 4110
4159 4112
4160 4113
4161 4114
4162 4116
4163 4117
4164 4118
4165 4119
4166 4120
4167 4121
4168 4122
4169 4123
4170 4124
4171 4125
4172 4126
4173 4127
4174 4128
4175 4129
4176 4131
4177 4130
4178 4132
4179 4133
4180 4134
4181 4135
4182 4136
4183 4782
4184 4137
4185 4138
4186 4139
4187 4141
4188 4140
4189 4142
4190 4143
4191 4144
4192 4145
4193 4146
4194 4147
4195 4148
4196 4149
4197 4150
4198 4151
4199 4152
4200 4153
4201 4154
4202 4155
4203 4156
4204 4157
4205 4158
4206 4159
4207 4160
4208 4161
4209 4163
4210 4162
4211 4164
4212 4165
4213 4166
4214 4167
4215 4168
4216 4169
4217 4170
4218 4171
4219 4172
4220 4173
4221 4174
4222 4175
4223 4176
4224 4177
4225 4178
4226 4179
4227 4180
4228 4181
4229 4182
4230 4183
4231 4184
4232 4185
4233 4186
4234 4187
4235 4188
4236 4189
4237 4190
4238 4191
4239 4192
4240 4193
4241 4194
4242 4195
4243 4196
4244 4197
4245 4198
4246 4199
4247 4200
4248 4201
4249 4202
4250 4203
4251 4204
4252 4205
4253 4206
4254 4208
4255 4207
4256 4209
4257 4210
4258 4211
4259 4212
4260 4213
4261 4214
4262 4215
4263 4216
4264 4218
4265 4217
4266 4219
4267 4220
4268 4221
4269 4222
4270 4223
4271 4224
4272 4225
4273 4226
4274 4227
4275 4228
4276 4229
4277 4230
4278 4231
4279 4232
4280 4233
4281 4234
4282 4235
4283 4236
4284 4237
4285 4238
4286 4239
4287 4240
4288 4241
4289 4242
4290 4244
4291 4243
4292 4245
4293 4246
4294 4247
4295 4249
4296 4248
4297 4250
4298 4251
4299 4253
4300 4252
4301 4255
4302 4254
4303 4256
4304 4257
4305 4258
4306 4259
4307 4260
4308 4261
4309 4262
4310 4263
4311 4264
4312 4265
4313 4266
4314 4267
4315 4268
4316 4269
4317 4271
4318 4270
4319 4272
4320 4273
4321 4274
4322 4275
4323 4276
4324 4277
4325 4279
4326 4278
4327 4280
4328 4281
4329 4282
4330 4283
4331 4285
4332 4284
4333 4286
4334 4287
4335 4288
4336 4289
4337 4292
4338 4291
4339 4290
4340 4293
4341 4294
4342 4295
4343 4297
4344 4296
4345 4298
4346 4299
4347 4300
4348 4301
4349 4302
4350 4305
4351 4304
4352 4303
4353 4306
4354 4307
4355 4308
4356 4309
4357 4310
4358 4311
4359 4312
4360 4313
4361 4314
4362 4315
4363 4316
4364 4317
4365 4318
4366 4319
4367 4320
4368 4321
4369 4322
4370 4324
4371 4323
4372 4325
4373 4326
4374 4328
4375 4327
4376 4329
4377 4330
4378 4331
4379 4332
4380 4334
4381 4335
4382 4336
4383 4337
4384 4338
4385 4339
4386 4341
4387 4340
4388 4342
4389 4343
4390 4344
4391 4345
4392 4346
4393 4347
4394 4348
4395 4349
4396 4350
4397 4352
4398 4351
4399 4353
4400 4354
4401 4355
4402 4356
4403 4357
4404 4360
4405 4359
4406 4358
4407 4361
4408 4362
4409 4363
4410 4364
4411 4366
4412 4365
4413 4367
4414 4368
4415 4369
4416 4370
4417 4371
4418 4372
4419 4373
4420 4374
4421 4376
4422 4375
4423 4377
4424 4378
4425 4379
4426 4380
4427 4381
4428 4382
4429 4383
4430 4384
4431 4385
4432 4386
4433 4387
4434 4389
4435 4388
4436 4390
4437 4391
4438 4392
4439 4393
4440 4394
4441 4395
4442 4396
4443 4397
4444 4398
4445 4399
4446 4400
4447 4401
4448 4402
4449 4403
4450 4404
4451 4405
4452 4406
4453 4407
4454 4408
4455 4409
4456 4410
4457 4411
4458 4412
4459 4414
4460 4424
4461 4423
4462 4422
4463 4421
4464 4420
4465 4419
4466 4418
4467 4417
4468 4416
4469 4415
4470 4413
4471 7232
4472 4425
4473 4426
4474 4428
4475 4427
4476 4429
4477 4430
4478 4431
4479 4436
4480 4437
4481 4438
4482 4439
4483 4440
4484 4441
4485 4442
4486 4443
4487 4444
4488 4445
4489 4446
4490 4447
4491 4448
4492 4449
4493 4450
4494 4452
4495 4451
4496 4453
4497 4454
4498 4455
4499 4456
4500 4457
4501 6713
4502 4458
4503 4459
4504 4460
4505 4461
4506 4462
4507 4463
4508 4465
4509 4464
4510 4466
4511 4467
4512 4468
4513 4469
4514 4470
4515 4471
4516 4472
4517 4473
4518 4474
4519 4475
4520 4476
4521 4477
4522 4478
4523 4479
4524 4480
4525 4481
4526 4483
4527 4484
4528 4482
4529 4485
4530 4486
4531 4487
4532 4488
4533 4489
4534 4490
4535 4491
4536 4492
4537 4493
4538 4494
4539 4495
4540 4496
4541 4497
4542 4498
4543 4499
4544 4501
4545 4502
4546 4503
4547 4504
4548 4505
4549 4507
4550 4506
4551 4508
4552 4509
4553 4510
4554 4511
4555 4512
4556 4513
4557 4514
4558 4515
4559 4517
4560 4516
4561 4518
4562 4519
4563 4521
4564 4520
4565 4522
4566 4523
4567 4524
4568 4526
4569 4525
4570 4527
4571 4528
4572 4529
4573 4530
4574 4531
4575 4532
4576 4533
4577 4534
4578 4535
4579 4536
4580 4539
4581 4540
4582 4541
4583 4542
4584 4543
4585 4544
4586 4545
4587 4546
4588 4547
4589 4548
4590 4549
4591 4550
4592 4551
4593 4552
4594 4553
4595 4554
4596 4555
4597 4556
4598 4558
4599 4557
4600 4559
4601 4560
4602 4561
4603 4562
4604 4563
4605 4564
4606 4565
4607 4566
4608 4567
4609 4568
4610 4569
4611 4571
4612 4570
4613 4572
4614 4573
4615 4575
4616 4576
4617 4574
4618 4577
4619 4578
4620 4579
4621 4580
4622 4581
4623 4582
4624 4583
4625 4584
4626 4585
4627 4588
4628 4589
4629 4590
4630 4591
4631 4592
4632 4593
4633 4594
4634 4595
4635 4596
4636 4598
4637 4597
4638 4599
4639 4600
4640 4601
4641 4602
4642 4603
4643 4604
4644 4605
4645 4606
4646 4607
4647 4608
4648 4609
4649 4610
4650 4611
4651 4612
4652 4613
4653 4614
4654 4615
4655 4616
4656 4617
4657 4618
4658 4619
4659 4621
4660 4620
4661 4622
4662 4623
4663 4624
4664 4625
4665 4627
4666 4626
4667 7095
4668 4628
4669 4629
4670 4630
4671 4631
4672 4632
4673 4633
4674 4634
4675 4635
4676 4636
4677 4637
4678 4638
4679 4639
4680 4640
4681 4641
4682 4642
4683 4643
4684 4644
4685 4646
4686 4645
4687 4647
4688 4648
4689 4649
4690 4650
4691 4651
4692 4652
4693 4653
4694 4654
4695 4655
4696 4656
4697 4657
4698 4658
4699 4659
4700 4661
4701 4660
4702 4662
4703 4663
4704 4665
4705 4666
4706 4667
4707 4668
4708 4669
4709 4670
4710 4671
4711 4672
4712 4673
4713 4674
4714 4675
4715 4676
4716 4678
4717 4677
4718 4679
4719 4680
4720 4681
4721 4682
4722 4683
4723 4684
4724 4685
4725 4686
4726 4687
4727 4688
4728 4689
4729 4690
4730 4692
4731 4693
4732 4694
4733 4695
4734 4696
4735 4698
4736 4697
4737 4699
4738 4700
4739 4701
4740 4702
4741 4704
4742 4703
4743 4705
4744 4707
4745 4706
4746 4708
4747 4709
4748 4710
4749 4711
4750 4713
4751 4712
4752 4714
4753 4715
4754 4716
4755 4717
4756 4718
4757 4719
4758 4720
4759 4721
4760 4723
4761 4722
4762 4724
4763 4725
4764 4727
4765 4728
4766 4729
4767 4730
4768 4731
4769 4732
4770 4733
4771 4734
4772 4735
4773 4736
4774 4737
4775 4738
4776 4739
4777 4740
4778 4741
4779 4742
4780 4743
4781 4744
4782 4745
4783 4746
4784 4747
4785 4748
4786 4749
4787 4750
4788 4751
4789 4752
4790 4753
4791 4754
4792 4755
4793 4756
4794 4757
4795 4758
4796 4759
4797 4760
4798 4761
4799 4762
4800 4763
4801 4764
4802 4765
4803 4766
4804 4767
4805 4768
4806 4769
4807 4770
4808 4771
4809 4772
4810 4773
4811 4774
4812 4775
4813 4776
4814 4777
4815 4778
4816 4779
4817 4780
4818 4781
4819 4783
4820 4784
4821 4785
4822 4786
4823 4787
4824 4788
4825 4789
4826 4790
4827 4791
4828 4792
4829 4793
4830 4794
4831 4795
4832 4796
4833 4797
4834 4798
4835 4799
4836 4800
4837 4801
4838 4802
4839 4803
4840 4804
4841 4805
4842 4806
4843 4807
4844 4809
4845 4808
4846 4810
4847 4811
4848 4813
4849 4812
4850 4814
4851 4815
4852 4816
4853 4817
4854 4819
4855 4818
4856 4820
4857 4821
4858 4822
4859 4823
4860 4824
4861 4825
4862 4826
4863 4827
4864 4828
4865 4829
4866 4830
4867 4831
4868 4832
4869 4833
4870 4834
4871 4835
4872 4836
4873 4837
4874 4838
4875 4839
4876 4840
4877 4841
4878 4842
4879 4844
4880 4845
4881 4843
4882 4847
4883 4846
4884 4848
4885 4849
4886 4850
4887 4851
4888 4852
4889 4853
4890 4854
4891 4855
4892 4856
4893 4857
4894 4858
4895 4859
4896 4860
4897 4861
4898 4862
4899 4863
4900 4864
4901 4865
4902 4866
4903 4867
4904 4868
4905 4870
4906 4869
4907 4872
4908 4871
4909 4873
4910 4874
4911 4875
4912 4876
4913 4877
4914 4879
4915 4878
4916 4880
4917 4881
4918 4882
4919 4884
4920 4885
4921 4883
4922 4886
4923 4887
4924 4888
4925 4889
4926 4891
4927 4890
4928 4892
4929 4894
4930 4893
4931 4895
4932 4896
4933 4897
4934 4898
4935 4899
4936 4900
4937 4901
4938 4903
4939 4902
4940 4904
4941 4905
4942 4906
4943 4907
4944 4908
4945 4909
4946 4910
4947 4911
4948 4912
4949 4913
4950 4914
4951 4915
4952 4916
4953 4917
4954 4918
4955 4919
4956 4920
4957 4922
4958 4921
4959 4923
4960 4924
4961 4925
4962 4927
4963 4926
4964 4928
4965 4929
4966 4930
4967 4931
4968 4932
4969 4933
4970 4935
4971 4934
4972 4936
4973 4937
4974 4938
4975 4939
4976 4940
4977 4941
4978 4942
4979 4944
4980 4943
4981 4945
4982 4946
4983 4947
4984 4948
4985 4949
4986 4950
4987 4951
4988 4952
4989 4953
4990 4954
4991 4955
4992 4956
4993 4957
4994 4958
4995 4959
4996 4960
4997 4962
4998 4961
4999 4963
5000 4964
5001 4965
5002 4966
5003 4967
5004 4968
5005 4969
5006 4970
5007 4971
5008 4972
5009 4973
5010 4974
5011 4975
5012 4976
5013 4977
5014 4978
5015 4979
5016 4980
5017 4981
5018 4982
5019 4983
5020 4984
5021 4985
5022 4986
5023 4987
5024 4988
5025 4989
5026 4990
5027 4993
5028 4992
5029 4994
5030 4995
5031 4996
5032 4998
5033 4997
5034 4999
5035 5001
5036 5000
5037 5002
5038 5003
5039 5004
5040 5005
5041 5006
5042 5007
5043 5008
5044 5009
5045 5010
5046 5011
5047 5012
5048 5013
5049 5014
5050 5016
5051 5015
5052 5017
5053 5018
5054 5019
5055 5020
5056 5021
5057 5022
5058 5024
5059 5023
5060 5025
5061 5026
5062 5027
5063 5028
5064 5029
5065 7174
5066 7173
5067 7172
5068 7171
5069 7170
5070 7169
5071 7168
5072 7167
5073 7166
5074 5080
5075 5030
5076 5031
5077 5032
5078 5033
5079 5034
5080 5035
5081 5036
5082 5037
5083 5038
5084 5039
5085 5040
5086 5041
5087 5042
5088 5043
5089 5044
5090 5045
5091 5047
5092 5046
5093 5048
5094 5049
5095 5050
5096 5051
5097 5052
5098 5054
5099 5053
5100 5056
5101 5055
5102 5057
5103 5058
5104 5059
5105 5060
5106 5062
5107 5063
5108 5061
5109 5065
5110 5064
5111 5066
5112 5067
5113 5068
5114 5070
5115 5069
5116 5071
5117 5073
5118 5074
5119 5075
5120 5076
5121 5077
5122 5078
5123 5079
5124 5081
5125 5082
5126 5083
5127 5084
5128 5085
5129 5086
5130 5087
5131 5088
5132 5089
5133 5090
5134 5091
5135 5092
5136 5093
5137 5094
5138 5095
5139 5096
5140 5097
5141 5098
5142 5099
5143 5100
5144 5101
5145 7094
5146 5102
5147 5103
5148 5104
5149 5105
5150 5106
5151 5107
5152 5110
5153 5109
5154 5108
5155 5111
5156 5112
5157 5113
5158 5114
5159 5115
5160 5116
5161 5117
5162 5118
5163 5119
5164 5120
5165 5121
5166 5123
5167 5122
5168 5124
5169 5125
5170 5126
5171 5127
5172 5128
5173 5129
5174 5130
5175 5131
5176 5132
5177 5133
5178 5134
5179 5135
5180 5136
5181 5137
5182 5138
5183 5139
5184 5140
5185 5141
5186 5142
5187 5143
5188 5144
5189 5145
5190 5146
5191 5147
5192 5148
5193 5149
5194 5150
5195 5152
5196 5151
5197 5153
5198 5155
5199 5154
5200 5156
5201 5158
5202 5157
5203 5159
5204 5160
5205 5161
5206 5162
5207 5163
5208 5164
5209 5165
5210 5166
5211 5167
5212 5168
5213 5169
5214 5170
5215 5171
5216 5172
5217 5173
5218 5174
5219 5175
5220 5176
5221 5177
5222 5178
5223 5179
5224 5180
5225 5181
5226 5182
5227 5183
5228 5184
5229 5185
5230 5186
5231 5187
5232 5188
5233 5189
5234 5190
5235 5191
5236 5192
5237 5193
5238 5194
5239 5195
5240 5196
5241 5197
5242 5198
5243 5199
5244 5200
5245 5201
5246 5202
5247 5203
5248 5204
5249 5205
5250 5206
5251 5207
5252 5208
5253 5209
5254 5210
5255 5211
5256 5212
5257 5213
5258 5214
5259 5215
5260 5216
5261 5218
5262 5219
5263 5217
5264 5220
5265 5221
5266 5222
5267 5223
5268 5224
5269 5225
5270 5226
5271 5227
5272 5228
5273 5229
5274 5230
5275 5231
5276 5232
5277 5233
5278 5234
5279 5236
5280 5235
5281 5237
5282 5238
5283 5239
5284 5240
5285 5241
5286 5242
5287 5243
5288 5244
5289 5245
5290 5246
5291 5249
5292 5248
5293 5250
5294 5251
5295 5252
5296 5253
5297 5254
5298 5255
5299 5256
5300 5257
5301 5258
5302 5259
5303 5260
5304 5261
5305 5262
5306 5263
5307 5264
5308 5265
5309 5266
5310 5267
5311 5268
5312 5269
5313 5270
5314 5271
5315 5272
5316 5273
5317 5274
5318 5275
5319 5276
5320 5277
5321 5278
5322 5279
5323 5280
5324 5281
5325 5282
5326 5283
5327 5285
5328 5284
5329 5286
5330 5287
5331 5288
5332 5289
5333 5290
5334 5291
5335 5292
5336 5293
5337 5294
5338 5295
5339 5296
5340 5298
5341 5297
5342 5299
5343 5300
5344 5301
5345 5302
5346 5303
5347 5305
5348 5304
5349 5306
5350 5307
5351 5308
5352 5309
5353 5310
5354 5313
5355 5314
5356 5315
5357 5316
5358 5317
5359 5318
5360 5319
5361 5320
5362 5321
5363 5322
5364 5323
5365 5324
5366 5325
5367 5326
5368 5327
5369 5328
5370 5329
5371 5330
5372 5331
5373 5332
5374 5333
5375 5334
5376 5335
5377 5336
5378 5338
5379 5337
5380 5339
5381 5340
5382 5341
5383 5342
5384 5343
5385 5344
5386 5345
5387 5346
5388 5347
5389 5348
5390 5349
5391 5350
5392 5351
5393 5352
5394 5353
5395 5354
5396 5355
5397 5356
5398 5357
5399 5358
5400 5360
5401 5359
5402 5361
5403 5362
5404 5363
5405 5364
5406 5365
5407 5366
5408 5367
5409 5368
5410 5369
5411 5370
5412 5371
5413 5373
5414 5372
5415 5374
5416 5375
5417 5376
5418 5377
5419 5378
5420 5380
5421 5379
5422 5381
5423 5382
5424 5383
5425 5384
5426 5385
5427 5386
5428 5387
5429 5388
5430 5389
5431 5390
5432 5391
5433 5392
5434 5394
5435 5393
5436 5395
5437 5396
5438 5398
5439 5399
5440 5400
5441 5401
5442 5402
5443 5403
5444 5404
5445 5405
5446 5406
5447 5407
5448 5408
5449 5409
5450 5410
5451 5411
5452 5412
5453 5413
5454 5414
5455 5415
5456 5417
5457 5416
5458 5418
5459 5419
5460 5420
5461 5421
5462 5422
5463 5423
5464 5424
5465 5425
5466 5426
5467 5427
5468 5428
5469 5429
5470 5430
5471 5432
5472 5431
5473 5434
5474 5433
5475 5435
5476 5436
5477 5438
5478 5437
5479 5439
5480 5440
5481 5441
5482 5442
5483 5444
5484 5443
5485 5445
5486 5446
5487 5447
5488 5448
5489 5449
5490 5450
5491 5451
5492 5452
5493 5453
5494 5454
5495 5455
5496 5456
5497 5457
5498 5458
5499 5460
5500 5459
5501 5461
5502 5462
5503 5463
5504 5464
5505 5465
5506 5466
5507 5467
5508 5469
5509 5468
5510 5470
5511 5471
5512 5472
5513 5473
5514 5474
5515 5475
5516 5476
5517 5477
5518 5478
5519 5479
5520 5480
5521 5481
5522 5482
5523 5483
5524 5484
5525 5485
5526 5486
5527 5487
5528 5488
5529 5489
5530 5490
5531 5491
5532 5492
5533 5493
5534 5495
5535 5494
5536 5496
5537 5497
5538 5498
5539 5499
5540 5500
5541 5501
5542 5502
5543 5503
5544 5504
5545 5505
5546 5506
5547 5507
5548 5508
5549 5509
5550 5510
5551 5512
5552 5511
5553 5513
5554 5514
5555 5516
5556 5515
5557 5517
5558 5518
5559 5519
5560 5520
5561 5521
5562 5522
5563 5523
5564 5524
5565 5525
5566 5526
5567 5527
5568 5528
5569 5529
5570 5530
5571 5531
5572 5533
5573 5536
5574 5535
5575 5534
5576 5537
5577 5538
5578 5539
5579 5540
5580 5541
5581 5542
5582 5543
5583 5544
5584 5545
5585 5546
5586 5547
5587 5548
5588 5549
5589 5550
5590 5551
5591 5553
5592 5552
5593 5554
5594 5555
5595 5556
5596 5557
5597 5558
5598 5560
5599 5559
5600 5561
5601 5562
5602 5563
5603 5564
5604 5565
5605 5566
5606 5567
5607 5572
5608 5571
5609 5570
5610 5569
5611 5568
5612 5574
5613 5577
5614 5576
5615 5575
5616 5573
5617 5578
5618 5579
5619 5580
5620 5582
5621 5581
5622 5583
5623 5584
5624 5586
5625 5585
5626 5587
5627 5588
5628 5589
5629 5590
5630 5591
5631 5592
5632 5593
5633 5594
5634 5595
5635 5596
5636 5597
5637 5598
5638 5599
5639 5601
5640 5600
5641 5602
5642 5603
5643 5604
5644 5606
5645 5605
5646 5607
5647 5608
5648 5609
5649 5610
5650 5612
5651 5611
5652 5613
5653 5614
5654 5615
5655 5616
5656 5617
5657 5618
5658 5619
5659 5620
5660 5621
5661 5623
5662 5622
5663 5624
5664 5625
5665 5626
5666 5627
5667 5628
5668 5629
5669 5630
5670 5631
5671 5632
5672 5633
5673 5634
5674 5635
5675 5636
5676 5637
5677 5638
5678 5639
5679 5640
5680 5641
5681 5642
5682 5643
5683 5644
5684 5645
5685 5646
5686 5647
5687 5648
5688 5649
5689 5651
5690 5650
5691 5652
5692 5653
5693 5654
5694 5655
5695 5656
5696 5657
5697 5658
5698 5659
5699 5660
5700 5661
5701 5662
5702 5663
5703 5664
5704 5665
5705 5666
5706 5667
5707 5668
5708 5669
5709 5670
5710 5671
5711 5672
5712 5673
5713 5674
5714 5675
5715 5676
5716 5677
5717 5678
5718 5680
5719 5679
5720 5681
5721 5682
5722 5683
5723 5684
5724 5685
5725 5686
5726 5687
5727 5688
5728 5689
5729 5690
5730 5691
5731 5692
5732 5693
5733 5694
5734 5695
5735 5697
5736 5696
5737 5698
5738 5699
5739 5700
5740 5701
5741 5702
5742 5703
5743 5704
5744 5705
5745 5706
5746 5707
5747 5708
5748 5709
5749 5710
5750 5712
5751 5711
5752 5713
5753 5714
5754 5715
5755 5716
5756 5717
5757 5719
5758 5723
5759 5722
5760 5721
5761 5720
5762 5718
5763 5724
5764 5725
5765 5726
5766 5727
5767 5728
5768 5729
5769 5730
5770 5731
5771 5732
5772 5733
5773 5734
5774 5735
5775 5736
5776 5737
5777 5738
5778 5739
5779 5740
5780 5741
5781 5742
5782 5743
5783 5744
5784 5745
5785 5746
5786 5747
5787 5748
5788 5749
5789 5750
5790 5751
5791 5752
5792 5753
5793 5754
5794 5755
5795 5756
5796 5757
5797 5759
5798 5758
5799 5761
5800 5760
5801 5762
5802 5763
5803 5764
5804 5765
5805 5766
5806 5767
5807 5768
5808 5769
5809 5770
5810 5771
5811 5772
5812 5773
5813 5774
5814 5775
5815 5776
5816 5777
5817 5778
5818 5779
5819 5780
5820 5782
5821 5781
5822 5783
5823 5784
5824 5785
5825 5786
5826 5787
5827 5788
5828 5789
5829 5790
5830 5791
5831 5792
5832 5793
5833 5794
5834 5795
5835 5796
5836 5798
5837 5797
5838 5799
5839 5800
5840 5801
5841 5802
5842 5803
5843 5804
5844 5805
5845 5807
5846 5806
5847 5808
5848 5809
5849 5810
5850 5811
5851 5812
5852 5813
5853 5814
5854 5815
5855 5816
5856 5817
5857 5818
5858 5819
5859 5821
5860 5820
5861 5822
5862 5823
5863 5824
5864 5825
5865 5826
5866 5827
5867 5828
5868 5829
5869 5831
5870 5830
5871 5832
5872 5833
5873 5834
5874 5835
5875 5836
5876 5837
5877 5838
5878 5839
5879 5840
5880 5841
5881 5842
5882 5843
5883 5844
5884 5845
5885 5846
5886 5848
5887 5849
5888 5847
5889 5850
5890 5851
5891 5852
5892 5853
5893 5854
5894 5855
5895 5856
5896 5857
5897 5858
5898 5859
5899 5860
5900 5861
5901 5862
5902 5863
5903 5864
5904 5865
5905 5866
5906 5867
5907 5868
5908 5869
5909 5870
5910 5871
5911 5872
5912 5873
5913 5874
5914 5875
5915 5876
5916 5878
5917 5879
5918 5881
5919 5880
5920 5882
5921 5883
5922 5884
5923 5885
5924 5886
5925 5887
5926 5888
5927 5889
5928 5890
5929 5891
5930 5892
5931 5894
5932 5893
5933 5895
5934 5896
5935 5897
5936 5899
5937 5898
5938 5900
5939 5901
5940 5902
5941 5903
5942 5905
5943 5904
5944 5906
5945 5907
5946 5908
5947 5909
5948 5911
5949 5912
5950 5913
5951 5914
5952 5915
5953 5916
5954 5918
5955 5917
5956 5919
5957 5920
5958 5921
5959 5922
5960 5923
5961 5924
5962 5925
5963 5926
5964 5927
5965 5928
5966 5929
5967 5930
5968 5931
5969 5932
5970 5933
5971 5934
5972 5935
5973 5936
5974 5937
5975 5938
5976 5939
5977 5940
5978 5942
5979 5941
5980 5943
5981 5944
5982 5945
5983 5946
5984 5947
5985 5949
5986 5950
5987 5951
5988 5952
5989 5953
5990 5954
5991 5955
5992 5956
5993 5957
5994 5958
5995 5960
5996 5959
5997 5961
5998 5963
5999 5962
6000 5964
6001 5965
6002 5966
6003 5967
6004 5968
6005 5969
6006 5970
6007 5971
6008 5972
6009 5973
6010 5974
6011 5975
6012 5976
6013 5977
6014 5978
6015 5979
6016 5980
6017 5981
6018 5982
6019 5983
6020 5984
6021 5985
6022 5986
6023 5987
6024 5988
6025 5989
6026 5990
6027 5991
6028 5992
6029 5993
6030 5994
6031 5995
6032 6000
6033 5999
6034 5998
6035 5997
6036 5996
6037 6001
6038 6002
6039 6003
6040 6005
6041 6004
6042 6006
6043 6011
6044 6010
6045 6009
6046 6007
6047 6008
6048 6012
6049 6013
6050 6014
6051 6016
6052 6015
6053 6017
6054 6018
6055 6019
6056 6020
6057 6021
6058 6022
6059 6023
6060 6025
6061 6026
6062 6028
6063 6027
6064 6029
6065 6030
6066 6031
6067 6032
6068 6033
6069 6034
6070 6035
6071 6036
6072 6037
6073 6038
6074 6040
6075 6039
6076 6041
6077 6042
6078 6043
6079 6044
6080 6045
6081 6046
6082 6047
6083 6048
6084 6049
6085 6050
6086 6051
6087 6052
6088 6053
6089 6054
6090 6055
6091 6056
6092 6057
6093 6058
6094 6059
6095 6060
6096 6061
6097 6062
6098 6063
6099 6064
6100 6065
6101 6066
6102 6067
6103 6068
6104 6069
6105 6070
6106 6071
6107 6072
6108 6073
6109 6074
6110 6075
6111 6076
6112 6077
6113 6078
6114 6079
6115 6080
6116 6081
6117 6082
6118 6083
6119 6084
6120 6086
6121 6085
6122 6087
6123 6088
6124 6089
6125 6090
6126 6092
6127 6091
6128 6093
6129 6094
6130 6095
6131 6096
6132 6097
6133 6099
6134 6098
6135 6100
6136 6102
6137 6103
6138 6101
6139 6104
6140 6105
6141 6106
6142 6107
6143 6108
6144 6110
6145 6111
6146 6112
6147 6114
6148 6113
6149 6115
6150 6116
6151 6117
6152 6118
6153 6119
6154 6120
6155 6121
6156 6122
6157 6123
6158 6124
6159 6125
6160 6126
6161 6127
6162 6128
6163 6129
6164 6130
6165 6131
6166 6132
6167 6133
6168 6134
6169 6135
6170 6136
6171 6137
6172 6138
6173 6139
6174 6140
6175 6141
6176 6142
6177 6143
6178 6144
6179 6145
6180 6146
6181 6147
6182 6148
6183 6149
6184 6150
6185 6151
6186 6152
6187 6153
6188 6154
6189 6155
6190 6156
6191 6157
6192 6158
6193 6159
6194 6160
6195 6161
6196 6162
6197 6163
6198 6164
6199 6165
6200 6166
6201 6167
6202 6168
6203 6169
6204 6170
6205 6171
6206 6172
6207 6173
6208 6174
6209 6175
6210 6176
6211 6177
6212 6178
6213 6179
6214 6180
6215 6181
6216 6182
6217 6183
6218 6184
6219 6185
6220 6186
6221 6187
6222 6188
6223 6189
6224 6190
6225 6191
6226 6192
6227 6193
6228 6194
6229 6195
6230 6196
6231 6197
6232 6198
6233 6199
6234 6200
6235 6201
6236 6202
6237 6203
6238 6204
6239 6205
6240 6206
6241 6207
6242 6208
6243 6209
6244 6210
6245 6211
6246 6212
6247 6213
6248 6214
6249 6215
6250 6216
6251 6217
6252 6218
6253 6219
6254 6221
6255 6220
6256 6222
6257 6223
6258 6224
6259 6225
6260 6226
6261 6228
6262 6227
6263 6229
6264 6230
6265 6231
6266 6232
6267 6233
6268 6234
6269 6235
6270 6236
6271 6237
6272 6238
6273 6239
6274 6241
6275 6240
6276 6242
6277 6243
6278 6244
6279 6245
6280 6246
6281 6247
6282 6249
6283 6248
6284 6251
6285 6250
6286 6252
6287 6253
6288 6254
6289 6255
6290 6256
6291 6257
6292 6258
6293 6260
6294 6259
6295 6261
6296 6262
6297 6263
6298 6264
6299 6265
6300 6266
6301 6267
6302 6268
6303 6269
6304 6270
6305 6271
6306 6272
6307 6273
6308 6274
6309 6275
6310 6276
6311 6277
6312 6278
6313 6279
6314 6280
6315 6281
6316 6282
6317 6283
6318 6284
6319 6285
6320 6286
6321 6287
6322 6288
6323 6289
6324 6290
6325 6291
6326 6292
6327 6293
6328 6294
6329 6295
6330 6296
6331 6297
6332 6298
6333 6299
6334 6300
6335 6301
6336 6302
6337 6303
6338 6305
6339 6304
6340 6306
6341 6307
6342 6308
6343 6309
6344 6310
6345 6311
6346 6312
6347 6313
6348 6314
6349 6315
6350 6316
6351 6317
6352 6318
6353 6319
6354 6321
6355 6320
6356 6322
6357 6323
6358 6324
6359 6325
6360 6326
6361 6327
6362 6328
6363 6329
6364 6330
6365 6331
6366 6332
6367 6333
6368 6334
6369 6335
6370 6336
6371 6337
6372 6338
6373 6339
6374 6340
6375 6341
6376 6342
6377 6343
6378 6345
6379 6344
6380 6346
6381 6347
6382 6348
6383 6349
6384 6350
6385 6351
6386 6352
6387 6353
6388 6354
6389 6355
6390 6356
6391 6357
6392 6358
6393 6359
6394 6360
6395 6361
6396 6362
6397 6363
6398 6364
6399 6365
6400 6366
6401 6367
6402 6368
6403 6369
6404 6370
6405 6371
6406 6372
6407 6373
6408 6374
6409 6375
6410 6376
6411 6377
6412 6378
6413 6379
6414 6380
6415 6382
6416 6381
6417 6383
6418 6384
6419 6385
6420 6386
6421 6387
6422 6388
6423 6389
6424 6390
6425 6391
6426 6392
6427 6393
6428 6394
6429 6395
6430 6396
6431 6397
6432 6398
6433 6399
6434 6400
6435 6401
6436 6402
6437 6403
6438 6404
6439 6405
6440 6406
6441 6407
6442 6408
6443 6411
6444 6410
6445 6409
6446 6412
6447 6415
6448 6418
6449 6417
6450 6416
6451 6414
6452 6862
6453 6419
6454 6420
6455 6421
6456 6422
6457 6423
6458 6424
6459 6425
6460 6426
6461 6427
6462 6428
6463 6429
6464 6430
6465 6431
6466 6432
6467 6433
6468 6438
6469 6437
6470 6436
6471 6435
6472 6434
6473 6439
6474 6440
6475 6441
6476 6443
6477 6442
6478 6444
6479 6445
6480 6446
6481 6447
6482 6448
6483 6449
6484 6450
6485 6451
6486 6453
6487 6452
6488 6454
6489 6455
6490 6456
6491 6457
6492 6458
6493 6459
6494 6460
6495 6461
6496 6462
6497 6463
6498 6464
6499 6465
6500 6466
6501 6467
6502 6468
6503 6469
6504 6470
6505 6471
6506 6472
6507 6473
6508 6474
6509 6475
6510 6476
6511 6478
6512 6479
6513 6477
6514 6480
6515 6481
6516 6482
6517 6483
6518 6484
6519 6485
6520 6486
6521 6487
6522 6488
6523 6489
6524 6490
6525 6491
6526 6492
6527 6493
6528 6494
6529 6495
6530 6496
6531 6497
6532 6498
6533 6499
6534 6500
6535 6501
6536 6502
6537 6503
6538 6504
6539 6506
6540 6505
6541 6507
6542 6508
6543 6509
6544 6510
6545 6511
6546 6512
6547 6513
6548 6514
6549 6515
6550 6516
6551 6517
6552 6518
6553 6519
6554 6520
6555 6521
6556 6522
6557 6523
6558 6524
6559 6525
6560 6526
6561 6527
6562 6528
6563 6725
6564 6529
6565 6530
6566 6531
6567 6532
6568 6533
6569 6534
6570 6537
6571 6536
6572 6538
6573 6539
6574 6540
6575 6541
6576 6542
6577 6543
6578 6544
6579 6545
6580 6546
6581 6547
6582 6548
6583 6549
6584 6550
6585 6551
6586 6552
6587 6553
6588 6554
6589 6555
6590 6556
6591 6557
6592 6558
6593 6559
6594 6560
6595 6561
6596 6562
6597 6563
6598 6565
6599 6564
6600 6566
6601 6567
6602 6568
6603 6569
6604 6570
6605 6571
6606 6572
6607 6573
6608 6574
6609 6575
6610 6576
6611 6577
6612 6578
6613 6579
6614 6580
6615 6581
6616 6582
6617 6583
6618 6584
6619 6585
6620 6586
6621 6588
6622 6589
6623 6590
6624 6591
6625 6592
6626 6593
6627 6594
6628 6595
6629 6596
6630 6597
6631 6598
6632 6599
6633 6601
6634 6600
6635 6602
6636 6603
6637 6605
6638 6604
6639 6606
6640 6607
6641 6608
6642 6609
6643 6610
6644 6611
6645 6612
6646 6614
6647 6613
6648 6615
6649 6616
6650 6617
6651 6618
6652 6619
6653 6620
6654 6621
6655 6622
6656 6623
6657 6624
6658 6625
6659 6626
6660 6627
6661 6628
6662 6629
6663 6630
6664 6631
6665 6632
6666 6633
6667 6634
6668 6635
6669 6636
6670 6637
6671 6638
6672 6639
6673 6640
6674 6641
6675 6642
6676 6643
6677 6644
6678 6645
6679 6647
6680 6646
6681 6648
6682 6649
6683 6650
6684 6651
6685 6652
6686 6653
6687 6654
6688 6655
6689 6657
6690 6656
6691 6659
6692 6658
6693 6660
6694 6661
6695 6662
6696 6663
6697 6664
6698 6665
6699 6666
6700 6667
6701 6669
6702 6668
6703 6670
6704 6672
6705 6671
6706 6673
6707 6674
6708 6675
6709 6676
6710 6677
6711 6678
6712 6679
6713 6680
6714 6681
6715 6682
6716 6683
6717 6684
6718 6685
6719 6686
6720 6687
6721 6688
6722 6689
6723 6690
6724 6692
6725 6691
6726 6694
6727 6693
6728 6695
6729 6696
6730 6697
6731 6698
6732 6699
6733 6700
6734 6701
6735 6703
6736 6702
6737 6704
6738 6707
6739 6706
6740 6705
6741 6708
6742 6709
6743 6710
6744 6711
6745 6712
6746 6714
6747 6715
6748 6716
6749 6717
6750 6718
6751 6719
6752 6720
6753 6721
6754 6722
6755 6723
6756 6724
6757 7501
6758 6727
6759 6726
6760 6728
6761 6729
6762 6731
6763 6730
6764 6732
6765 6733
6766 6734
6767 6735
6768 6736
6769 6737
6770 6738
6771 6739
6772 6740
6773 6741
6774 6742
6775 6743
6776 6744
6777 6745
6778 6746
6779 6747
6780 6748
6781 6749
6782 6750
6783 6751
6784 6752
6785 6753
6786 6754
6787 6755
6788 6756
6789 6757
6790 6761
6791 6760
6792 6759
6793 6758
6794 6762
6795 6763
6796 6764
6797 6765
6798 6766
6799 6767
6800 6768
6801 6769
6802 6770
6803 6771
6804 6772
6805 6773
6806 6774
6807 6775
6808 6776
6809 6777
6810 6779
6811 6778
6812 6780
6813 6781
6814 6782
6815 6783
6816 6784
6817 6785
6818 6786
6819 6787
6820 6788
6821 6789
6822 6790
6823 6791
6824 6792
6825 6793
6826 6794
6827 7465
6828 6795
6829 6796
6830 6797
6831 6798
6832 6799
6833 6800
6834 6801
6835 6802
6836 6803
6837 6804
6838 6805
6839 6806
6840 6807
6841 6808
6842 6809
6843 6810
6844 6811
6845 6812
6846 6813
6847 6814
6848 6815
6849 6816
6850 6817
6851 6818
6852 6819
6853 6820
6854 6821
6855 6822
6856 6823
6857 6824
6858 6825
6859 6826
6860 6827
6861 6828
6862 6829
6863 6830
6864 6831
6865 6832
6866 6833
6867 6834
6868 6835
6869 6836
6870 6841
6871 6840
6872 6842
6873 6843
6874 6844
6875 6845
6876 6846
6877 6847
6878 6848
6879 6849
6880 6850
6881 6851
6882 6852
6883 6853
6884 6854
6885 6855
6886 6856
6887 6857
6888 6858
6889 6859
6890 6860
6891 6861
6892 6863
6893 6864
6894 6865
6895 6866
6896 6867
6897 6868
6898 6869
6899 6871
6900 6872
6901 6870
6902 6873
6903 6874
6904 6875
6905 6877
6906 6878
6907 6876
6908 6879
6909 6880
6910 6881
6911 6883
6912 6882
6913 6884
6914 6885
6915 6886
6916 6888
6917 6887
6918 6889
6919 6890
6920 6891
6921 6893
6922 6892
6923 6895
6924 6894
6925 6896
6926 6897
6927 6898
6928 6899
6929 6900
6930 6901
6931 6902
6932 6903
6933 6904
6934 6905
6935 6906
6936 6907
6937 6908
6938 6909
6939 6910
6940 6911
6941 6912
6942 6913
6943 6914
6944 6915
6945 6916
6946 6917
6947 6918
6948 6921
6949 6920
6950 6919
6951 6922
6952 6923
6953 6924
6954 6926
6955 6925
6956 6927
6957 6928
6958 6929
6959 6930
6960 6931
6961 6932
6962 6933
6963 6934
6964 6940
6965 6939
6966 6938
6967 6937
6968 6936
6969 6935
6970 6941
6971 6942
6972 6943
6973 6944
6974 6945
6975 6946
6976 6947
6977 6948
6978 6949
6979 6950
6980 6951
6981 6952
6982 6953
6983 6954
6984 6955
6985 6956
6986 6957
6987 6959
6988 6958
6989 6960
6990 6961
6991 6962
6992 6963
6993 6964
6994 6966
6995 6965
6996 6967
6997 6968
6998 6969
6999 6970
7000 6971
7001 6972
7002 6973
7003 6974
7004 6975
7005 6976
7006 6977
7007 6978
7008 6980
7009 6979
7010 6981
7011 6982
7012 6983
7013 6985
7014 6984
7015 6986
7016 6987
7017 6988
7018 6989
7019 6990
7020 6991
7021 6992
7022 6993
7023 6994
7024 6995
7025 6996
7026 6997
7027 6998
7028 6999
7029 7000
7030 7001
7031 7002
7032 7003
7033 7004
7034 7005
7035 7008
7036 7006
7037 7007
7038 7009
7039 7011
7040 7010
7041 7012
7042 7013
7043 7014
7044 7015
7045 7016
7046 7017
7047 7018
7048 7019
7049 7020
7050 7021
7051 7023
7052 7022
7053 7024
7054 7025
7055 7026
7056 7027
7057 7028
7058 7029
7059 7030
7060 7031
7061 7032
7062 7033
7063 7034
7064 7035
7065 7036
7066 7037
7067 7039
7068 7038
7069 7040
7070 7041
7071 7042
7072 7043
7073 7045
7074 7044
7075 7046
7076 7047
7077 7048
7078 7049
7079 7050
7080 7051
7081 7052
7082 7053
7083 7054
7084 7055
7085 7056
7086 7057
7087 7058
7088 7059
7089 7060
7090 7061
7091 7062
7092 7063
7093 7064
7094 7065
7095 7066
7096 7068
7097 7067
7098 7069
7099 7070
7100 7071
7101 7072
7102 7073
7103 7074
7104 7075
7105 7076
7106 7077
7107 7078
7108 7079
7109 7080
7110 7081
7111 7082
7112 7083
7113 7084
7114 7085
7115 7086
7116 7087
7117 7088
7118 7089
7119 7090
7120 7093
7121 7092
7122 7091
7123 7096
7124 7097
7125 7098
7126 7099
7127 7100
7128 7101
7129 7102
7130 7103
7131 7104
7132 7105
7133 7106
7134 7107
7135 7108
7136 7109
7137 7110
7138 7111
7139 7112
7140 7113
7141 7114
7142 7115
7143 7116
7144 7117
7145 7118
7146 7119
7147 7120
7148 7122
7149 7121
7150 7123
7151 7124
7152 7126
7153 7125
7154 7127
7155 7128
7156 7129
7157 7130
7158 7131
7159 7132
7160 7133
7161 7134
7162 7136
7163 7135
7164 7137
7165 7138
7166 7139
7167 7140
7168 7141
7169 7142
7170 7143
7171 7144
7172 7145
7173 7146
7174 7147
7175 7148
7176 7149
7177 7150
7178 7151
7179 7152
7180 7153
7181 7154
7182 7155
7183 7156
7184 7157
7185 7159
7186 7158
7187 7160
7188 7162
7189 7161
7190 7163
7191 7164
7192 7177
7193 7175
7194 7165
7195 7176
7196 7290
7197 7229
7198 7178
7199 7179
7200 7181
7201 7180
7202 7182
7203 7183
7204 7184
7205 7185
7206 7186
7207 7187
7208 7188
7209 7189
7210 7190
7211 7191
7212 7192
7213 7193
7214 7194
7215 7195
7216 7196
7217 7197
7218 7198
7219 7199
7220 7200
7221 7201
7222 7202
7223 7203
7224 7204
7225 7205
7226 7207
7227 7206
7228 7208
7229 7209
7230 7210
7231 7211
7232 7212
7233 7213
7234 7214
7235 7215
7236 7216
7237 7217
7238 7218
7239 7219
7240 7220
7241 7221
7242 7222
7243 7223
7244 7224
7245 7225
7246 7226
7247 7227
7248 7230
7249 7231
7250 7233
7251 7234
7252 7235
7253 7236
7254 7237
7255 7238
7256 7239
7257 7240
7258 7242
7259 7241
7260 7243
7261 7245
7262 7253
7263 7252
7264 7251
7265 7250
7266 7249
7267 7248
7268 7247
7269 7246
7270 7254
7271 7255
7272 7256
7273 7257
7274 7258
7275 7259
7276 7260
7277 7261
7278 7262
7279 7264
7280 7263
7281 7266
7282 7265
7283 7267
7284 7268
7285 7269
7286 7270
7287 7271
7288 7272
7289 7273
7290 7275
7291 7279
7292 7278
7293 7277
7294 7276
7295 7274
7296 7280
7297 7281
7298 7282
7299 7283
7300 7284
7301 7285
7302 7286
7303 7287
7304 7291
7305 7292
7306 7293
7307 7294
7308 7295
7309 7296
7310 7297
7311 7299
7312 7298
7313 7300
7314 7301
7315 7302
7316 7303
7317 7304
7318 7305
7319 7306
7320 7307
7321 7308
7322 7309
7323 7310
7324 7311
7325 7312
7326 7314
7327 7313
7328 7315
7329 7316
7330 7317
7331 7318
7332 7319
7333 7320
7334 7321
7335 7322
7336 7323
7337 7324
7338 7325
7339 7326
7340 7327
7341 7328
7342 7329
7343 7330
7344 7331
7345 7332
7346 7333
7347 7334
7348 7335
7349 7336
7350 7337
7351 7338
7352 7339
7353 7340
7354 7341
7355 7342
7356 7343
7357 7344
7358 7345
7359 7346
7360 7348
7361 7347
7362 7349
7363 7351
7364 7350
7365 7352
7366 7353
7367 7354
7368 7355
7369 7356
7370 7357
7371 7358
7372 7359
7373 7360
7374 7361
7375 7362
7376 7363
7377 7364
7378 7366
7379 7365
7380 7367
7381 7368
7382 7369
7383 7370
7384 7371
7385 7372
7386 7373
7387 7374
7388 7375
7389 7376
7390 7377
7391 7378
7392 7379
7393 7380
7394 7381
7395 7382
7396 7383
7397 7384
7398 7385
7399 7386
7400 7387
7401 7388
7402 7389
7403 7391
7404 7390
7405 7392
7406 7393
7407 7395
7408 7394
7409 7396
7410 7397
7411 7398
7412 7399
7413 7400
7414 7401
7415 7402
7416 7403
7417 7404
7418 7405
7419 7406
7420 7407
7421 7408
7422 7410
7423 7409
7424 7411
7425 7412
7426 7413
7427 7414
7428 7415
7429 7416
7430 7417
7431 7418
7432 7419
7433 7420
7434 7421
7435 7423
7436 7422
7437 7424
7438 7425
7439 7426
7440 7427
7441 7428
7442 7429
7443 7431
7444 7430
7445 7432
7446 7433
7447 7434
7448 7435
7449 7437
7450 7436
7451 7438
7452 7439
7453 7440
7454 7441
7455 7442
7456 7444
7457 7443
7458 7445
7459 7446
7460 7447
7461 7448
7462 7449
7463 7450
7464 7451
7465 7452
7466 7453
7467 7454
7468 7456
7469 7455
7470 7457
7471 7458
7472 7459
7473 7460
7474 7461
7475 7462
7476 7463
7477 7464
7478 7466
7479 7467
7480 7469
7481 7468
7482 7470
7483 7471
7484 7472
7485 7473
7486 7474
7487 7475
7488 7486
7489 7487
7490 7488
7491 7491
7492 7494
7493 7493
7494 7492
7495 7490
7496 7495
7497 7496
7498 7497
7499 7498
7500 7499
7501 7500
7502 7502
7503 7503
7504 7504
7505 7505
7506 7506
7507 7507
7508 7508
7509 7509
7510 7510
7511 7511
7512 7512
7513 7513
7514 7514
7515 7515
7516 7516
7517 7517
7518 7518
7519 7519
7520 7520
7521 7521
7522 7522
7523 7523
7524 7524
7525 7525
7526 7527
7527 7526
7528 7529
7529 7528
7530 7530
7531 7531
7532 7533
7533 7532
7534 7534
7535 7535
7536 7536
7537 7537
7538 7538
7539 7539
7540 7541
7541 7540
7542 7542
7543 7544
7544 7543
7545 7546
7546 7545
7547 7547
7548 7549
7549 7548
7550 7551
7551 7550
7552 7552
7553 7553
7554 7554
7555 7555
7556 7556
7557 7557
7558 7558
7559 7559
7560 7560
