0 0
1 1
2 2
3 3
4 4
5 5
6 6
7 7
8 8
9 9
10 10
11 11
12 12
13 13
14 20
15 14
16 15
17 16
18 17
19 18
20 19
21 4670
22 3385
23 3369
24 2527
25 2418
26 1272
27 1097
28 1007
29 800
30 724
31 711
32 450
33 260
34 141
35 53
36 43
37 24
38 21
39 22
40 23
41 25
42 26
43 27
44 29
45 28
46 30
47 31
48 32
49 33
50 34
51 35
52 36
53 2595
54 37
55 38
56 1632
57 39
58 40
59 41
60 42
61 44
62 45
63 46
64 47
65 48
66 50
67 49
68 51
69 52
70 54
71 55
72 56
73 57
74 58
75 59
76 60
77 61
78 62
79 63
80 64
81 65
82 66
83 67
84 68
85 69
86 70
87 236
88 71
89 72
90 73
91 74
92 75
93 76
94 77
95 78
96 79
97 80
98 81
99 82
100 83
101 84
102 85
103 86
104 87
105 88
106 89
107 90
108 91
109 92
110 93
111 94
112 95
113 97
114 96
115 1483
116 8797
117 98
118 99
119 100
120 101
121 102
122 103
123 105
124 104
125 106
126 107
127 108
128 109
129 110
130 111
131 112
132 113
133 114
134 115
135 116
136 123
137 122
138 121
139 120
140 119
141 118
142 117
143 124
144 125
145 126
146 127
147 128
148 129
149 130
150 131
151 132
152 133
153 134
154 135
155 136
156 137
157 139
158 138
159 140
160 2859
161 2334
162 1593
163 387
164 284
165 240
166 163
167 142
168 143
169 144
170 145
171 146
172 147
173 148
174 149
175 150
176 151
177 152
178 153
179 154
180 155
181 156
182 157
183 158
184 159
185 160
186 161
187 162
188 164
189 165
190 166
191 167
192 168
193 169
194 170
195 171
196 172
197 173
198 174
199 175
200 176
201 177
202 178
203 179
204 9382
205 9189
206 180
207 181
208 182
209 183
210 184
211 185
212 186
213 187
214 188
215 189
216 8979
217 7664
218 7663
219 7638
220 3889
221 521
222 310
223 190
224 191
225 192
226 193
227 194
228 195
229 196
230 197
231 198
232 199
233 200
234 201
235 202
236 203
237 204
238 205
239 206
240 207
241 209
242 208
243 210
244 211
245 212
246 213
247 214
248 215
249 216
250 217
251 218
252 219
253 220
254 221
255 222
256 226
257 225
258 224
259 223
260 227
261 228
262 229
263 230
264 231
265 232
266 233
267 235
268 234
269 237
270 238
271 239
272 241
273 242
274 243
275 244
276 245
277 246
278 247
279 248
280 249
281 250
282 251
283 252
284 254
285 253
286 255
287 256
288 257
289 258
290 259
291 261
292 262
293 263
294 264
295 265
296 266
297 267
298 268
299 269
300 270
301 271
302 272
303 273
304 274
305 275
306 276
307 277
308 278
309 279
310 280
311 281
312 282
313 283
314 285
315 286
316 287
317 288
318 289
319 290
320 291
321 292
322 293
323 294
324 295
325 296
326 297
327 298
328 299
329 300
330 301
331 302
332 303
333 304
334 305
335 306
336 307
337 308
338 309
339 311
340 312
341 313
342 314
343 315
344 316
345 317
346 318
347 319
348 320
349 321
350 322
351 323
352 324
353 325
354 326
355 327
356 328
357 329
358 330
359 331
360 332
361 333
362 334
363 339
364 338
365 337
366 336
367 335
368 340
369 341
370 342
371 343
372 344
373 346
374 345
375 347
376 348
377 349
378 350
379 351
380 352
381 353
382 354
383 355
384 356
385 357
386 358
387 359
388 360
389 361
390 362
391 364
392 363
393 365
394 367
395 366
396 368
397 369
398 370
399 371
400 372
401 373
402 374
403 375
404 378
405 377
406 376
407 379
408 380
409 381
410 382
411 383
412 384
413 385
414 386
415 388
416 389
417 390
418 391
419 392
420 393
421 394
422 395
423 397
424 396
425 398
426 399
427 400
428 401
429 402
430 403
431 404
432 407
433 406
434 405
435 3359
436 408
437 409
438 6787
439 3448
440 1989
441 1330
442 410
443 414
444 413
445 412
446 411
447 3435
448 415
449 416
450 417
451 419
452 418
453 1942
454 420
455 421
456 422
457 423
458 424
459 425
460 426
461 427
462 428
463 429
464 430
465 431
466 432
467 433
468 434
469 435
470 436
471 437
472 438
473 439
474 440
475 441
476 442
477 443
478 444
479 446
480 447
481 445
482 448
483 449
484 451
485 452
486 453
487 454
488 455
489 456
490 457
491 458
492 459
493 460
494 461
495 462
496 463
497 464
498 465
499 466
500 467
501 468
502 469
503 470
504 471
505 472
506 473
507 474
508 475
509 476
510 477
511 478
512 479
513 480
514 481
515 482
516 483
517 484
518 485
519 486
520 488
521 487
522 489
523 490
524 491
525 492
526 493
527 494
528 495
529 496
530 497
531 498
532 499
533 500
534 501
535 502
536 503
537 504
538 505
539 506
540 507
541 508
542 509
543 510
544 511
545 512
546 513
547 515
548 514
549 516
550 517
551 518
552 519
553 520
554 3563
555 2416
556 522
557 523
558 524
559 525
560 526
561 527
562 528
563 529
564 531
565 530
566 532
567 533
568 534
569 535
570 536
571 537
572 538
573 539
574 540
575 541
576 542
577 543
578 544
579 545
580 546
581 547
582 548
583 549
584 550
585 551
586 552
587 553
588 554
589 5366
590 5207
591 555
592 556
593 557
594 558
595 559
596 560
597 561
598 562
599 563
600 564
601 565
602 566
603 567
604 568
605 569
606 570
607 572
608 571
609 573
610 574
611 575
612 576
613 577
614 578
615 579
616 580
617 581
618 582
619 583
620 584
621 585
622 586
623 587
624 588
625 589
626 590
627 591
628 592
629 593
630 594
631 595
632 596
633 597
634 598
635 599
636 600
637 601
638 602
639 603
640 604
641 605
642 606
643 607
644 608
645 609
646 610
647 611
648 612
649 613
650 614
651 615
652 616
653 617
654 618
655 619
656 620
657 621
658 622
659 623
660 624
661 625
662 626
663 627
664 628
665 629
666 630
667 631
668 632
669 633
670 634
671 635
672 636
673 637
674 638
675 639
676 640
677 641
678 642
679 643
680 644
681 646
682 645
683 647
684 648
685 649
686 650
687 651
688 652
689 654
690 655
691 653
692 656
693 657
694 658
695 659
696 660
697 661
698 662
699 663
700 664
701 665
702 666
703 667
704 668
705 669
706 670
707 671
708 672
709 673
710 674
711 675
712 676
713 677
714 678
715 679
716 680
717 681
718 682
719 683
720 684
721 685
722 686
723 687
724 688
725 689
726 690
727 691
728 692
729 693
730 694
731 696
732 695
733 697
734 698
735 699
736 700
737 701
738 702
739 703
740 704
741 706
742 707
743 705
744 709
745 710
746 708
747 712
748 713
749 714
750 715
751 716
752 717
753 718
754 719
755 720
756 721
757 722
758 723
759 7513
760 4923
761 3614
762 3292
763 725
764 726
765 727
766 728
767 729
768 730
769 731
770 732
771 733
772 734
773 735
774 736
775 737
776 738
777 739
778 740
779 741
780 742
781 743
782 744
783 745
784 746
785 747
786 748
787 749
788 750
789 751
790 752
791 753
792 754
793 755
794 756
795 757
796 829
797 758
798 759
799 760
800 761
801 762
802 763
803 764
804 765
805 766
806 767
807 769
808 768
809 770
810 771
811 772
812 774
813 773
814 775
815 776
816 777
817 778
818 779
819 780
820 781
821 782
822 783
823 784
824 785
825 786
826 787
827 788
828 789
829 790
830 791
831 792
832 794
833 793
834 795
835 796
836 797
837 798
838 802
839 801
840 799
841 6661
842 6660
843 6659
844 6658
845 6657
846 2519
847 6806
848 4359
849 803
850 804
851 805
852 806
853 807
854 808
855 809
856 810
857 811
858 812
859 813
860 814
861 815
862 816
863 817
864 818
865 819
866 820
867 821
868 822
869 823
870 824
871 825
872 826
873 827
874 828
875 830
876 831
877 832
878 833
879 834
880 835
881 836
882 837
883 838
884 839
885 840
886 841
887 842
888 843
889 844
890 845
891 846
892 847
893 848
894 849
895 850
896 851
897 852
898 853
899 854
900 855
901 856
902 857
903 858
904 859
905 860
906 861
907 862
908 863
909 864
910 865
911 866
912 867
913 868
914 869
915 870
916 871
917 872
918 873
919 874
920 875
921 876
922 877
923 878
924 879
925 880
926 881
927 882
928 883
929 884
930 885
931 886
932 887
933 888
934 8562
935 889
936 890
937 891
938 892
939 893
940 894
941 895
942 896
943 897
944 898
945 2422
946 899
947 900
948 901
949 902
950 903
951 904
952 905
953 906
954 907
955 908
956 909
957 910
958 911
959 912
960 913
961 914
962 915
963 916
964 917
965 919
966 918
967 920
968 922
969 921
970 923
971 924
972 925
973 927
974 926
975 928
976 929
977 1537
978 930
979 931
980 932
981 933
982 934
983 935
984 936
985 937
986 938
987 939
988 940
989 941
990 3120
991 942
992 943
993 944
994 945
995 946
996 947
997 948
998 949
999 951
1000 950
1001 952
1002 953
1003 954
1004 955
1005 956
1006 957
1007 958
1008 959
1009 960
1010 961
1011 962
1012 963
1013 964
1014 965
1015 966
1016 967
1017 968
1018 969
1019 970
1020 971
1021 972
1022 973
1023 974
1024 975
1025 976
1026 977
1027 978
1028 979
1029 980
1030 981
1031 982
1032 983
1033 984
1034 985
1035 986
1036 987
1037 988
1038 989
1039 990
1040 991
1041 992
1042 993
1043 994
1044 995
1045 996
1046 997
1047 998
1048 999
1049 1000
1050 1001
1051 1002
1052 1003
1053 1004
1054 1005
1055 1006
1056 1008
1057 1009
1058 1010
1059 1011
1060 1012
1061 1013
1062 1014
1063 1015
1064 1016
1065 1017
1066 1018
1067 1019
1068 1020
1069 1021
1070 1022
1071 1023
1072 1024
1073 1025
1074 1026
1075 1027
1076 1028
1077 1029
1078 1030
1079 1035
1080 1034
1081 1033
1082 1032
1083 1031
1084 1036
1085 1037
1086 1038
1087 1039
1088 1040
1089 1041
1090 1042
1091 1043
1092 1044
1093 1045
1094 1046
1095 1047
1096 1048
1097 1049
1098 1050
1099 1051
1100 1052
1101 1053
1102 1054
1103 1055
1104 1056
1105 1057
1106 1058
1107 1059
1108 1080
1109 1060
1110 1061
1111 1062
1112 1063
1113 1064
1114 1065
1115 1066
1116 1067
1117 1068
1118 1069
1119 1070
1120 1071
1121 1072
1122 1073
1123 1074
1124 3703
1125 3554
1126 3395
1127 1480
1128 1075
1129 1076
1130 1077
1131 1078
1132 1079
1133 1081
1134 1082
1135 1083
1136 1084
1137 1085
1138 1086
1139 1087
1140 1088
1141 1089
1142 1090
1143 1091
1144 1092
1145 1093
1146 1094
1147 1095
1148 1096
1149 1098
1150 1099
1151 1100
1152 1101
1153 1102
1154 1103
1155 1104
1156 1105
1157 1106
1158 1107
1159 1111
1160 1110
1161 1109
1162 1108
1163 9209
1164 1112
1165 1114
1166 1113
1167 1115
1168 1116
1169 1117
1170 1118
1171 1119
1172 1120
1173 1121
1174 1122
1175 1123
1176 1124
1177 1126
1178 1125
1179 1127
1180 1128
1181 1129
1182 1130
1183 1131
1184 1132
1185 1133
1186 1134
1187 1135
1188 1136
1189 1137
1190 1138
1191 1139
1192 1140
1193 1141
1194 1142
1195 1143
1196 1144
1197 1145
1198 1146
1199 1147
1200 1149
1201 1148
1202 1150
1203 1151
1204 1152
1205 1153
1206 1154
1207 1155
1208 1156
1209 1158
1210 1157
1211 1159
1212 1160
1213 1161
1214 1162
1215 1163
1216 1165
1217 1164
1218 1166
1219 1167
1220 1168
1221 1169
1222 1170
1223 1171
1224 1172
1225 1173
1226 1174
1227 1175
1228 1176
1229 1177
1230 1178
1231 1179
1232 1180
1233 1181
1234 1182
1235 1183
1236 1184
1237 1185
1238 1187
1239 1186
1240 1188
1241 1189
1242 1190
1243 1191
1244 1192
1245 1193
1246 1194
1247 1195
1248 1196
1249 1197
1250 1198
1251 1199
1252 1200
1253 1201
1254 1202
1255 1203
1256 1204
1257 1205
1258 1206
1259 1207
1260 1208
1261 1209
1262 1210
1263 1211
1264 1212
1265 1213
1266 1214
1267 1215
1268 1216
1269 1217
1270 1218
1271 1219
1272 1220
1273 1221
1274 1222
1275 1223
1276 1224
1277 1225
1278 1226
1279 1227
1280 1228
1281 1229
1282 1230
1283 1231
1284 1232
1285 1233
1286 1234
1287 1235
1288 1236
1289 1237
1290 1238
1291 1239
1292 1240
1293 1241
1294 1242
1295 1243
1296 1244
1297 1245
1298 1246
1299 1247
1300 1248
1301 1249
1302 1250
1303 1251
1304 1252
1305 1253
1306 1254
1307 1255
1308 1256
1309 1257
1310 1258
1311 1259
1312 1260
1313 1261
1314 1262
1315 1263
1316 1264
1317 1265
1318 1266
1319 1267
1320 1268
1321 1269
1322 1270
1323 1271
1324 1273
1325 1274
1326 1275
1327 1277
1328 1276
1329 1278
1330 1279
1331 1280
1332 1281
1333 1282
1334 1283
1335 1284
1336 1285
1337 1286
1338 1287
1339 1288
1340 1289
1341 1290
1342 1291
1343 1292
1344 1293
1345 1294
1346 1295
1347 1296
1348 1297
1349 1298
1350 1299
1351 1300
1352 1301
1353 1302
1354 1303
1355 1304
1356 1305
1357 1306
1358 1307
1359 1308
1360 1309
1361 1310
1362 1311
1363 1312
1364 1313
1365 1314
1366 1315
1367 1316
1368 1317
1369 1318
1370 1319
1371 1320
1372 1321
1373 1322
1374 1323
1375 1324
1376 1325
1377 1326
1378 1327
1379 1328
1380 1329
1381 1331
1382 1332
1383 1333
1384 1334
1385 1335
1386 1336
1387 1337
1388 1338
1389 1339
1390 1340
1391 1341
1392 1342
1393 1343
1394 1344
1395 1345
1396 1346
1397 1347
1398 1348
1399 1349
1400 1350
1401 1351
1402 1352
1403 1353
1404 1354
1405 1355
1406 1356
1407 1357
1408 1358
1409 1359
1410 1360
1411 1361
1412 1362
1413 1363
1414 1364
1415 1365
1416 1366
1417 1367
1418 1368
1419 1369
1420 1370
1421 1371
1422 1372
1423 1373
1424 1374
1425 1375
1426 1376
1427 1377
1428 1378
1429 1379
1430 1380
1431 1381
1432 1382
1433 1383
1434 1384
1435 1385
1436 1386
1437 1387
1438 1388
1439 1389
1440 1390
1441 1391
1442 1392
1443 1393
1444 1394
1445 1395
1446 1396
1447 1397
1448 1398
1449 1399
1450 1400
1451 1401
1452 1402
1453 1403
1454 1404
1455 1405
1456 1406
1457 1407
1458 1408
1459 1409
1460 1410
1461 1411
1462 1412
1463 1413
1464 1414
1465 1415
1466 1416
1467 1417
1468 1418
1469 1419
1470 1420
1471 1421
1472 1422
1473 1423
1474 4093
1475 1424
1476 1425
1477 1426
1478 1427
1479 1428
1480 1429
1481 1430
1482 1431
1483 1432
1484 1433
1485 1434
1486 1435
1487 1436
1488 1437
1489 4126
1490 1438
1491 1439
1492 1440
1493 1441
1494 1442
1495 1443
1496 1444
1497 1445
1498 1446
1499 1447
1500 1448
1501 1450
1502 1449
1503 1451
1504 1452
1505 1453
1506 1454
1507 1455
1508 1456
1509 1457
1510 1458
1511 1459
1512 1460
1513 1461
1514 1462
1515 1463
1516 1464
1517 1465
1518 1466
1519 1467
1520 1468
1521 1469
1522 1470
1523 1471
1524 1472
1525 1473
1526 1474
1527 1475
1528 1476
1529 1477
1530 1478
1531 1479
1532 1481
1533 1482
1534 2419
1535 2417
1536 2415
1537 2414
1538 2413
1539 2412
1540 2411
1541 2410
1542 2409
1543 1680
1544 1484
1545 1485
1546 1486
1547 1487
1548 1488
1549 1490
1550 1489
1551 5578
1552 1491
1553 1492
1554 1493
1555 1494
1556 1495
1557 1496
1558 1497
1559 1498
1560 1499
1561 1500
1562 1501
1563 1502
1564 1503
1565 1504
1566 1505
1567 1506
1568 1507
1569 1508
1570 1509
1571 1510
1572 1511
1573 1512
1574 1513
1575 1514
1576 1515
1577 1516
1578 1517
1579 1518
1580 1519
1581 1521
1582 1520
1583 1522
1584 1523
1585 1525
1586 1606
1587 1524
1588 1526
1589 1527
1590 1528
1591 1529
1592 1530
1593 1531
1594 1532
1595 1533
1596 1534
1597 1535
1598 1536
1599 1538
1600 1539
1601 1540
1602 1541
1603 1542
1604 1543
1605 1544
1606 1545
1607 1546
1608 1547
1609 1548
1610 1549
1611 1550
1612 1551
1613 1552
1614 1553
1615 1554
1616 1555
1617 1556
1618 1557
1619 1558
1620 1559
1621 1560
1622 1561
1623 1563
1624 1562
1625 1564
1626 1565
1627 1567
1628 1566
1629 1568
1630 1569
1631 1570
1632 1571
1633 1572
1634 1573
1635 1574
1636 1575
1637 1576
1638 1577
1639 1578
1640 1579
1641 1580
1642 1581
1643 1582
1644 1583
1645 1584
1646 1585
1647 1586
1648 1587
1649 1588
1650 1589
1651 1590
1652 1591
1653 1592
1654 1594
1655 1595
1656 1596
1657 1597
1658 1598
1659 1599
1660 1600
1661 1601
1662 1602
1663 1603
1664 1604
1665 1605
1666 1607
1667 1608
1668 1609
1669 1611
1670 1610
1671 1698
1672 1612
1673 1613
1674 1614
1675 1615
1676 1616
1677 1617
1678 1618
1679 1619
1680 1620
1681 1621
1682 1622
1683 1623
1684 1624
1685 1625
1686 1626
1687 1627
1688 1630
1689 1629
1690 1628
1691 1631
1692 1633
1693 1634
1694 1635
1695 1636
1696 1637
1697 1638
1698 1639
1699 1640
1700 1641
1701 1642
1702 1643
1703 1644
1704 1645
1705 1646
1706 1647
1707 1648
1708 1649
1709 1650
1710 1651
1711 1652
1712 1653
1713 1654
1714 1655
1715 1656
1716 1657
1717 1658
1718 1659
1719 1660
1720 1661
1721 1662
1722 1663
1723 1664
1724 1665
1725 1666
1726 1667
1727 1668
1728 1669
1729 1670
1730 1671
1731 1672
1732 1673
1733 1674
1734 1675
1735 1676
1736 1677
1737 1678
1738 1679
1739 1681
1740 1682
1741 1683
1742 1684
1743 1685
1744 1686
1745 1687
1746 1688
1747 1689
1748 1690
1749 1691
1750 1692
1751 1693
1752 1694
1753 1695
1754 1696
1755 1697
1756 1699
1757 1700
1758 1701
1759 1702
1760 1703
1761 1704
1762 1705
1763 1706
1764 1707
1765 1708
1766 1709
1767 1710
1768 1711
1769 1712
1770 1713
1771 1714
1772 1715
1773 1716
1774 1717
1775 1718
1776 1719
1777 1720
1778 1721
1779 1722
1780 1723
1781 1725
1782 1726
1783 1724
1784 1727
1785 1728
1786 1729
1787 1730
1788 1731
1789 1732
1790 1733
1791 1734
1792 1735
1793 1736
1794 1737
1795 1738
1796 1740
1797 1739
1798 1741
1799 1742
1800 1743
1801 1744
1802 1745
1803 1746
1804 1747
1805 1748
1806 1749
1807 1750
1808 1751
1809 1752
1810 1753
1811 1755
1812 1781
1813 1780
1814 1779
1815 1778
1816 1777
1817 1776
1818 1775
1819 1774
1820 1773
1821 1772
1822 1771
1823 1770
1824 1769
1825 1768
1826 1767
1827 1766
1828 1765
1829 1764
1830 1763
1831 1762
1832 1761
1833 1760
1834 1759
1835 1758
1836 1757
1837 1756
1838 1754
1839 6998
1840 6997
1841 6296
1842 6215
1843 4318
1844 1782
1845 1783
1846 1784
1847 1785
1848 8089
1849 8088
1850 1786
1851 1787
1852 1788
1853 1789
1854 1790
1855 1791
1856 1792
1857 1793
1858 1794
1859 1795
1860 1796
1861 1797
1862 1798
1863 1799
1864 1800
1865 1801
1866 1802
1867 1803
1868 1804
1869 1805
1870 1806
1871 1807
1872 1808
1873 1809
1874 1810
1875 1811
1876 1812
1877 1813
1878 1814
1879 1815
1880 1816
1881 1817
1882 1818
1883 1819
1884 1820
1885 1821
1886 1822
1887 1823
1888 1824
1889 1825
1890 1827
1891 1826
1892 1828
1893 1829
1894 1830
1895 1831
1896 1832
1897 1833
1898 1834
1899 1835
1900 1836
1901 1838
1902 1837
1903 1839
1904 1840
1905 1841
1906 1842
1907 1843
1908 1844
1909 1845
1910 1846
1911 1847
1912 1848
1913 1849
1914 1850
1915 1851
1916 1852
1917 1853
1918 1854
1919 1855
1920 1856
1921 1857
1922 1858
1923 1859
1924 1860
1925 1861
1926 1862
1927 1863
1928 1864
1929 1865
1930 1866
1931 1867
1932 1868
1933 1869
1934 1870
1935 1871
1936 1872
1937 1873
1938 1874
1939 1875
1940 1876
1941 1877
1942 1878
1943 1879
1944 1880
1945 1881
1946 1882
1947 1883
1948 1884
1949 1885
1950 1887
1951 1886
1952 1888
1953 1889
1954 1890
1955 1891
1956 1892
1957 1893
1958 1894
1959 1895
1960 1896
1961 1897
1962 1898
1963 1899
1964 1901
1965 1902
1966 1900
1967 1903
1968 1905
1969 1904
1970 1907
1971 1906
1972 1908
1973 1909
1974 1910
1975 1911
1976 1912
1977 1913
1978 1914
1979 1915
1980 1916
1981 1917
1982 1918
1983 1919
1984 1920
1985 1921
1986 1922
1987 1923
1988 1924
1989 1925
1990 1926
1991 1927
1992 1928
1993 1929
1994 1930
1995 1931
1996 1932
1997 1933
1998 1934
1999 1935
2000 1936
2001 1937
2002 1938
2003 1939
2004 1940
2005 1941
2006 1943
2007 1944
2008 1945
2009 1946
2010 1947
2011 1948
2012 1949
2013 1950
2014 1951
2015 1952
2016 1953
2017 1954
2018 1955
2019 1956
2020 1957
2021 1958
2022 1959
2023 1960
2024 1961
2025 1962
2026 1963
2027 1964
2028 1965
2029 1966
2030 1967
2031 1968
2032 1969
2033 1970
2034 1971
2035 1972
2036 1973
2037 1974
2038 1975
2039 1976
2040 1977
2041 1978
2042 1979
2043 1980
2044 1981
2045 1982
2046 1983
2047 1984
2048 1985
2049 1986
2050 1987
2051 1988
2052 1990
2053 1991
2054 1992
2055 1993
2056 1994
2057 1995
2058 1996
2059 1997
2060 2004
2061 2003
2062 2002
2063 2001
2064 2000
2065 1999
2066 1998
2067 2005
2068 2006
2069 2007
2070 2008
2071 2009
2072 2010
2073 2011
2074 2012
2075 2013
2076 2014
2077 2015
2078 2016
2079 2017
2080 2018
2081 2019
2082 2020
2083 2021
2084 2022
2085 2023
2086 2024
2087 2025
2088 2026
2089 2027
2090 2028
2091 2029
2092 2031
2093 2030
2094 2032
2095 2033
2096 2034
2097 2035
2098 2036
2099 9284
2100 2037
2101 2038
2102 2039
2103 2040
2104 2041
2105 2042
2106 2043
2107 2044
2108 2045
2109 2046
2110 2047
2111 2049
2112 2048
2113 2051
2114 2052
2115 2050
2116 8227
2117 2053
2118 2054
2119 2055
2120 2056
2121 2057
2122 2058
2123 2059
2124 2061
2125 2060
2126 2062
2127 2063
2128 2064
2129 2065
2130 2066
2131 2067
2132 2068
2133 2069
2134 2070
2135 2071
2136 2072
2137 2073
2138 2074
2139 2075
2140 2076
2141 2077
2142 2078
2143 2079
2144 2080
2145 2081
2146 2082
2147 2083
2148 2084
2149 2085
2150 2086
2151 2087
2152 2088
2153 2089
2154 2090
2155 2091
2156 2093
2157 2092
2158 2094
2159 2095
2160 2096
2161 2097
2162 2098
2163 2099
2164 2100
2165 2101
2166 2102
2167 2103
2168 2105
2169 2104
2170 2106
2171 2107
2172 2108
2173 2109
2174 2110
2175 2111
2176 2112
2177 2113
2178 2114
2179 2115
2180 2116
2181 2117
2182 2118
2183 2119
2184 2120
2185 4673
2186 2121
2187 2122
2188 2123
2189 2124
2190 2125
2191 2126
2192 2127
2193 2128
2194 2129
2195 2130
2196 2131
2197 2132
2198 2133
2199 2134
2200 2135
2201 2136
2202 2137
2203 2138
2204 2139
2205 2140
2206 2141
2207 2142
2208 2143
2209 2144
2210 2145
2211 2146
2212 2147
2213 2148
2214 2149
2215 2150
2216 2151
2217 2152
2218 2153
2219 2154
2220 2155
2221 2156
2222 2157
2223 2158
2224 2159
2225 2160
2226 2162
2227 2161
2228 2205
2229 2163
2230 2164
2231 2165
2232 2166
2233 2167
2234 2168
2235 2169
2236 2170
2237 2171
2238 2172
2239 2173
2240 2174
2241 2175
2242 2176
2243 2177
2244 2178
2245 2179
2246 2180
2247 2181
2248 2182
2249 2183
2250 2184
2251 2185
2252 2186
2253 2187
2254 2188
2255 2189
2256 2190
2257 2191
2258 2192
2259 2193
2260 2194
2261 2195
2262 2196
2263 2197
2264 2198
2265 2199
2266 2200
2267 2201
2268 2202
2269 2203
2270 2204
2271 2206
2272 2207
2273 2208
2274 2209
2275 2210
2276 2211
2277 2212
2278 2213
2279 2214
2280 2215
2281 2216
2282 2217
2283 2218
2284 2219
2285 2220
2286 2221
2287 2222
2288 2223
2289 2225
2290 2224
2291 2226
2292 2227
2293 2228
2294 2229
2295 2230
2296 2231
2297 2232
2298 2233
2299 2234
2300 2235
2301 2236
2302 2237
2303 2238
2304 2239
2305 2240
2306 2241
2307 2242
2308 2243
2309 2244
2310 2245
2311 2246
2312 2247
2313 2248
2314 2249
2315 2250
2316 2251
2317 2252
2318 2253
2319 2254
2320 2255
2321 2256
2322 2257
2323 2258
2324 2259
2325 2260
2326 2261
2327 2262
2328 2264
2329 2263
2330 2265
2331 2266
2332 2267
2333 2268
2334 2269
2335 2270
2336 2271
2337 2273
2338 2272
2339 2274
2340 2275
2341 2276
2342 2278
2343 2277
2344 2279
2345 2280
2346 2281
2347 2282
2348 2283
2349 2284
2350 2286
2351 2285
2352 2287
2353 2288
2354 2289
2355 2290
2356 2291
2357 2292
2358 2293
2359 2294
2360 2295
2361 2296
2362 2297
2363 2298
2364 2299
2365 2300
2366 2302
2367 2303
2368 2301
2369 2304
2370 2305
2371 2306
2372 2307
2373 2308
2374 2309
2375 2310
2376 2311
2377 2312
2378 2313
2379 2314
2380 2315
2381 2317
2382 2316
2383 2318
2384 2319
2385 2320
2386 2321
2387 2322
2388 2323
2389 2324
2390 2325
2391 2326
2392 2327
2393 2328
2394 2329
2395 2330
2396 2331
2397 2332
2398 2333
2399 2335
2400 2336
2401 2337
2402 2338
2403 2339
2404 2340
2405 2341
2406 2342
2407 2343
2408 2344
2409 2345
2410 2346
2411 2347
2412 2348
2413 2349
2414 2350
2415 2351
2416 2352
2417 2353
2418 2354
2419 2355
2420 2356
2421 2357
2422 2358
2423 2359
2424 2360
2425 2361
2426 2362
2427 2363
2428 2364
2429 2365
2430 2366
2431 2368
2432 2372
2433 2371
2434 2370
2435 2369
2436 2367
2437 2373
2438 2374
2439 2375
2440 2376
2441 2377
2442 2378
2443 2379
2444 2380
2445 2381
2446 2382
2447 2383
2448 2384
2449 2385
2450 2386
2451 2387
2452 2388
2453 2389
2454 2390
2455 2391
2456 2392
2457 2393
2458 2395
2459 2394
2460 3208
2461 2396
2462 2397
2463 2398
2464 2399
2465 2400
2466 2401
2467 2402
2468 2403
2469 2404
2470 2405
2471 2406
2472 2407
2473 2408
2474 2420
2475 2421
2476 2423
2477 2424
2478 2425
2479 2426
2480 2427
2481 2428
2482 2429
2483 2430
2484 2431
2485 2433
2486 2432
2487 2434
2488 2435
2489 2436
2490 2437
2491 2438
2492 2439
2493 2440
2494 2441
2495 2442
2496 2443
2497 2444
2498 2445
2499 2446
2500 2447
2501 2448
2502 2449
2503 2450
2504 2451
2505 2452
2506 2453
2507 2454
2508 2455
2509 2457
2510 2456
2511 2458
2512 2459
2513 2463
2514 2462
2515 2461
2516 2460
2517 2464
2518 2466
2519 2465
2520 2467
2521 2468
2522 2469
2523 2470
2524 2471
2525 2472
2526 2473
2527 2474
2528 2475
2529 2476
2530 2477
2531 2478
2532 2479
2533 2480
2534 2481
2535 2482
2536 2483
2537 2484
2538 2485
2539 2486
2540 2487
2541 2490
2542 2489
2543 2488
2544 2491
2545 2492
2546 2493
2547 2494
2548 2495
2549 2496
2550 2497
2551 2498
2552 2499
2553 2500
2554 2502
2555 2501
2556 2504
2557 2503
2558 2505
2559 2506
2560 2507
2561 2508
2562 2509
2563 2510
2564 2511
2565 2512
2566 2513
2567 2514
2568 2515
2569 2516
2570 2517
2571 6871
2572 2518
2573 4292
2574 2521
2575 2520
2576 2522
2577 2523
2578 2524
2579 2525
2580 2526
2581 2528
2582 2529
2583 2530
2584 2531
2585 2532
2586 2533
2587 2534
2588 2535
2589 2536
2590 2537
2591 2538
2592 2539
2593 2540
2594 2541
2595 2542
2596 2543
2597 2544
2598 2545
2599 2546
2600 2547
2601 2548
2602 2549
2603 2550
2604 2551
2605 2552
2606 2553
2607 2554
2608 2555
2609 2556
2610 2557
2611 2558
2612 2559
2613 2560
2614 2561
2615 2562
2616 2563
2617 2564
2618 2565
2619 2566
2620 2567
2621 2568
2622 2569
2623 2570
2624 2571
2625 2572
2626 2573
2627 2574
2628 2575
2629 2576
2630 2577
2631 2578
2632 2579
2633 2581
2634 2580
2635 2582
2636 2583
2637 2584
2638 2585
2639 2586
2640 2587
2641 2588
2642 2589
2643 2590
2644 2591
2645 2592
2646 2593
2647 2594
2648 2596
2649 2597
2650 2598
2651 2599
2652 2600
2653 2601
2654 2602
2655 2603
2656 2604
2657 2605
2658 2606
2659 2607
2660 2608
2661 2609
2662 2610
2663 2611
2664 2612
2665 2613
2666 2614
2667 2615
2668 2616
2669 2618
2670 2617
2671 2619
2672 2620
2673 2621
2674 2622
2675 2623
2676 2624
2677 2625
2678 2626
2679 2627
2680 2628
2681 2629
2682 2630
2683 2631
2684 2632
2685 2633
2686 2634
2687 2635
2688 2636
2689 2637
2690 2638
2691 2639
2692 2640
2693 2641
2694 2642
2695 2643
2696 2644
2697 2645
2698 2646
2699 2647
2700 2648
2701 2649
2702 2650
2703 2651
2704 2652
2705 2653
2706 2654
2707 2655
2708 2656
2709 2657
2710 2658
2711 2659
2712 2660
2713 2661
2714 2662
2715 2663
2716 2664
2717 2665
2718 2666
2719 2667
2720 2668
2721 2669
2722 2670
2723 2671
2724 2672
2725 2673
2726 2674
2727 2675
2728 2676
2729 2677
2730 2678
2731 2679
2732 2680
2733 2681
2734 2682
2735 2683
2736 2684
2737 2685
2738 2686
2739 2687
2740 2688
2741 2689
2742 2690
2743 2692
2744 2691
2745 2693
2746 2694
2747 2695
2748 2696
2749 2697
2750 2698
2751 2699
2752 2700
2753 2701
2754 2702
2755 2703
2756 2704
2757 2705
2758 2706
2759 2707
2760 2708
2761 2709
2762 2710
2763 2711
2764 2712
2765 2713
2766 2714
2767 2715
2768 2716
2769 2717
2770 2718
2771 2719
2772 2720
2773 2721
2774 2722
2775 2723
2776 2724
2777 2725
2778 2727
2779 2726
2780 2728
2781 2729
2782 2730
2783 2732
2784 2731
2785 2733
2786 2734
2787 2735
2788 2736
2789 2737
2790 2738
2791 2739
2792 2740
2793 2741
2794 2742
2795 2743
2796 2744
2797 2745
2798 2746
2799 2747
2800 2748
2801 2749
2802 2750
2803 2751
2804 2752
2805 2753
2806 2754
2807 2755
2808 2756
2809 2757
2810 2758
2811 2759
2812 2760
2813 2761
2814 2762
2815 2763
2816 2764
2817 2765
2818 2766
2819 2767
2820 2769
2821 2768
2822 2770
2823 2772
2824 2771
2825 2773
2826 2774
2827 2775
2828 2776
2829 2777
2830 2778
2831 2779
2832 2780
2833 2781
2834 2782
2835 2783
2836 2784
2837 2785
2838 2786
2839 2787
2840 2788
2841 2789
2842 2790
2843 2791
2844 2792
2845 2793
2846 2794
2847 2795
2848 2796
2849 2797
2850 2798
2851 2799
2852 2800
2853 2801
2854 2802
2855 2803
2856 2804
2857 2805
2858 2806
2859 2807
2860 2809
2861 2808
2862 2810
2863 2811
2864 2812
2865 2813
2866 2814
2867 2815
2868 2816
2869 2817
2870 2818
2871 2819
2872 2820
2873 2821
2874 2822
2875 2823
2876 2824
2877 2825
2878 2826
2879 2827
2880 2828
2881 2829
2882 2830
2883 2831
2884 2832
2885 2833
2886 2834
2887 2835
2888 2836
2889 2837
2890 2838
2891 2839
2892 2841
2893 2840
2894 2842
2895 2843
2896 2844
2897 2845
2898 2846
2899 2847
2900 2848
2901 2849
2902 2850
2903 2851
2904 2852
2905 2853
2906 2854
2907 2855
2908 2856
2909 2857
2910 2858
2911 2860
2912 2861
2913 2862
2914 2863
2915 2864
2916 2865
2917 2866
2918 2867
2919 2868
2920 2869
2921 2870
2922 2871
2923 2872
2924 2873
2925 2874
2926 2875
2927 2876
2928 2877
2929 2878
2930 2879
2931 2880
2932 2881
2933 2882
2934 2883
2935 2884
2936 2885
2937 2886
2938 2887
2939 2888
2940 2889
2941 2890
2942 2891
2943 2892
2944 2893
2945 2894
2946 2895
2947 2896
2948 2897
2949 2898
2950 2899
2951 2900
2952 2901
2953 2902
2954 2903
2955 2904
2956 2905
2957 2906
2958 2907
2959 2908
2960 2909
2961 2910
2962 2911
2963 2912
2964 2913
2965 2915
2966 2914
2967 2916
2968 2917
2969 2918
2970 2919
2971 2920
2972 2921
2973 2922
2974 2923
2975 2924
2976 2925
2977 2926
2978 2927
2979 2928
2980 2929
2981 2930
2982 2931
2983 2932
2984 2933
2985 2934
2986 2935
2987 2936
2988 2937
2989 2938
2990 2939
2991 2940
2992 2941
2993 2942
2994 2943
2995 2944
2996 2945
2997 2946
2998 2947
2999 2948
3000 2949
3001 2950
3002 2951
3003 2952
3004 2953
3005 2954
3006 2955
3007 2956
3008 2957
3009 2958
3010 2959
3011 2960
3012 2961
3013 2962
3014 2963
3015 2964
3016 2965
3017 2966
3018 2967
3019 2968
3020 2969
3021 2970
3022 2971
3023 2972
3024 2973
3025 2974
3026 2975
3027 2976
3028 2977
3029 2978
3030 2979
3031 2980
3032 2981
3033 2982
3034 2983
3035 2984
3036 2985
3037 2986
3038 2987
3039 2988
3040 2989
3041 2990
3042 2991
3043 2992
3044 2993
3045 2994
3046 2995
3047 2996
3048 2997
3049 2998
3050 8561
3051 8560
3052 8334
3053 5526
3054 3683
3055 2999
3056 3000
3057 3001
3058 3002
3059 3003
3060 3004
3061 3005
3062 3006
3063 3007
3064 3008
3065 3010
3066 3009
3067 3011
3068 3012
3069 3013
3070 3014
3071 3015
3072 3016
3073 3017
3074 3018
3075 3019
3076 3020
3077 3021
3078 3022
3079 3023
3080 3024
3081 3025
3082 3026
3083 3027
3084 3028
3085 3029
3086 3030
3087 3031
3088 3032
3089 3033
3090 3034
3091 3035
3092 3036
3093 3037
3094 3038
3095 3039
3096 3040
3097 3041
3098 3042
3099 3043
3100 3044
3101 3045
3102 3046
3103 3047
3104 3048
3105 3049
3106 3050
3107 3051
3108 3052
3109 3053
3110 3054
3111 3055
3112 3056
3113 3057
3114 3058
3115 3060
3116 3059
3117 3061
3118 3062
3119 3064
3120 3063
3121 3065
3122 3066
3123 3067
3124 3068
3125 3069
3126 3070
3127 3071
3128 3072
3129 3073
3130 3074
3131 3075
3132 3076
3133 3077
3134 3078
3135 3079
3136 3080
3137 3081
3138 3082
3139 3083
3140 3084
3141 3085
3142 3086
3143 3087
3144 3088
3145 3089
3146 3090
3147 3091
3148 3092
3149 3093
3150 3094
3151 3095
3152 3096
3153 3097
3154 3098
3155 3099
3156 3100
3157 3101
3158 3103
3159 4777
3160 3102
3161 3104
3162 3105
3163 3106
3164 3107
3165 3108
3166 3109
3167 3110
3168 3111
3169 3112
3170 3113
3171 3114
3172 3115
3173 3116
3174 3117
3175 3121
3176 3119
3177 3118
3178 3122
3179 3123
3180 3124
3181 3125
3182 3126
3183 3127
3184 3128
3185 3129
3186 3130
3187 3131
3188 3132
3189 3133
3190 3134
3191 3135
3192 3136
3193 3137
3194 3138
3195 3139
3196 3140
3197 3141
3198 3142
3199 3143
3200 3144
3201 3145
3202 3146
3203 3147
3204 3148
3205 3149
3206 3150
3207 3151
3208 3152
3209 3153
3210 3154
3211 3155
3212 3156
3213 3158
3214 3157
3215 3159
3216 3160
3217 3161
3218 3162
3219 3163
3220 3164
3221 3165
3222 3166
3223 3167
3224 3168
3225 3169
3226 3170
3227 3171
3228 3172
3229 3173
3230 3174
3231 3175
3232 3176
3233 3177
3234 3178
3235 3179
3236 3180
3237 3181
3238 3182
3239 3183
3240 3184
3241 3185
3242 3186
3243 3187
3244 3188
3245 3189
3246 3190
3247 3191
3248 3192
3249 3193
3250 3194
3251 3195
3252 3196
3253 3197
3254 3198
3255 3199
3256 3200
3257 3201
3258 3202
3259 3203
3260 3204
3261 3205
3262 3206
3263 3207
3264 3209
3265 3211
3266 3210
3267 3212
3268 3213
3269 3214
3270 3215
3271 3216
3272 3217
3273 3219
3274 3218
3275 3220
3276 3221
3277 3222
3278 3223
3279 3224
3280 3225
3281 3226
3282 3227
3283 3228
3284 3229
3285 3230
3286 3231
3287 3232
3288 3233
3289 3234
3290 3235
3291 3236
3292 3237
3293 3238
3294 3239
3295 3240
3296 3241
3297 3242
3298 3243
3299 3244
3300 3245
3301 3246
3302 3247
3303 3248
3304 3249
3305 3250
3306 3251
3307 3252
3308 3253
3309 3254
3310 3255
3311 3256
3312 3257
3313 3258
3314 3259
3315 3260
3316 3261
3317 3262
3318 3263
3319 3265
3320 3264
3321 8267
3322 3388
3323 3387
3324 3386
3325 3266
3326 3267
3327 3268
3328 3269
3329 3270
3330 3271
3331 3273
3332 3272
3333 3274
3334 3275
3335 3276
3336 3277
3337 3278
3338 3279
3339 3280
3340 3281
3341 3282
3342 3283
3343 3284
3344 3285
3345 3286
3346 3287
3347 3288
3348 3289
3349 3290
3350 3291
3351 3293
3352 3294
3353 3296
3354 3295
3355 3297
3356 3298
3357 3299
3358 3300
3359 3301
3360 3302
3361 3303
3362 3304
3363 3305
3364 3306
3365 3307
3366 3308
3367 3309
3368 3310
3369 3311
3370 3312
3371 3313
3372 3314
3373 3315
3374 3316
3375 3317
3376 3318
3377 3319
3378 3328
3379 3327
3380 3326
3381 3325
3382 3324
3383 3323
3384 3322
3385 3321
3386 3320
3387 3329
3388 3330
3389 3331
3390 3332
3391 3333
3392 3334
3393 3335
3394 3336
3395 3337
3396 3338
3397 3339
3398 3340
3399 3341
3400 3342
3401 3343
3402 3344
3403 3345
3404 3346
3405 3347
3406 3348
3407 3349
3408 3350
3409 3351
3410 3352
3411 3353
3412 3354
3413 3355
3414 3356
3415 3357
3416 3358
3417 3360
3418 3361
3419 3362
3420 3363
3421 3364
3422 3365
3423 3366
3424 3367
3425 3368
3426 3370
3427 3371
3428 3372
3429 3373
3430 3374
3431 3375
3432 3376
3433 3377
3434 3378
3435 3379
3436 3380
3437 3381
3438 3382
3439 3383
3440 3384
3441 3389
3442 3390
3443 3391
3444 3393
3445 3392
3446 3394
3447 3396
3448 3397
3449 3398
3450 3399
3451 3400
3452 3401
3453 3402
3454 3403
3455 3404
3456 3405
3457 3406
3458 3407
3459 3408
3460 3409
3461 3410
3462 3411
3463 3412
3464 3413
3465 3414
3466 3415
3467 3416
3468 3417
3469 3418
3470 3419
3471 3420
3472 3421
3473 3422
3474 3423
3475 3424
3476 3425
3477 3426
3478 3427
3479 3428
3480 3429
3481 3430
3482 3432
3483 3431
3484 3433
3485 3434
3486 8619
3487 8033
3488 7506
3489 5256
3490 3707
3491 3436
3492 3437
3493 3438
3494 3439
3495 3440
3496 3441
3497 3442
3498 3443
3499 3445
3500 3444
3501 3446
3502 3447
3503 3449
3504 3450
3505 3451
3506 3452
3507 3453
3508 3454
3509 3455
3510 3456
3511 3457
3512 3458
3513 3459
3514 3460
3515 3461
3516 3462
3517 3463
3518 3464
3519 3465
3520 3466
3521 3467
3522 3468
3523 3469
3524 3470
3525 3471
3526 3472
3527 3474
3528 3473
3529 3475
3530 3476
3531 3477
3532 3478
3533 3479
3534 3480
3535 3481
3536 3482
3537 3483
3538 3484
3539 3485
3540 3486
3541 3487
3542 3488
3543 3489
3544 3490
3545 3491
3546 3492
3547 3493
3548 3494
3549 3495
3550 3496
3551 3497
3552 3498
3553 3499
3554 3500
3555 3501
3556 3502
3557 3503
3558 3504
3559 3505
3560 3506
3561 3507
3562 3508
3563 3509
3564 3510
3565 3511
3566 3512
3567 3513
3568 3514
3569 3515
3570 3516
3571 3517
3572 3518
3573 3519
3574 3520
3575 3521
3576 3522
3577 3523
3578 3524
3579 3525
3580 3526
3581 3527
3582 3528
3583 3529
3584 3530
3585 3531
3586 3532
3587 3533
3588 3534
3589 3535
3590 3536
3591 3537
3592 3538
3593 3539
3594 3540
3595 3541
3596 3542
3597 3543
3598 3544
3599 3545
3600 3546
3601 3547
3602 3548
3603 3549
3604 3550
3605 3551
3606 3552
3607 3553
3608 3555
3609 3556
3610 3557
3611 3558
3612 3560
3613 3559
3614 3561
3615 3562
3616 3564
3617 3565
3618 3566
3619 3567
3620 3568
3621 3569
3622 3570
3623 3571
3624 3572
3625 3573
3626 3574
3627 3575
3628 3577
3629 3576
3630 3578
3631 3579
3632 3580
3633 3581
3634 3582
3635 3583
3636 3584
3637 3585
3638 3586
3639 3587
3640 3588
3641 3589
3642 3590
3643 3591
3644 3592
3645 3593
3646 3594
3647 3595
3648 3596
3649 3597
3650 3598
3651 3599
3652 3600
3653 3601
3654 3602
3655 3603
3656 3604
3657 3606
3658 3605
3659 3607
3660 3608
3661 3609
3662 3611
3663 3610
3664 3612
3665 3613
3666 3615
3667 3616
3668 3617
3669 3618
3670 3619
3671 3620
3672 3621
3673 3622
3674 3623
3675 3624
3676 3625
3677 3626
3678 3627
3679 3628
3680 3629
3681 3630
3682 3631
3683 3632
3684 3633
3685 3634
3686 3635
3687 3636
3688 3638
3689 3637
3690 3639
3691 3640
3692 3641
3693 3642
3694 3643
3695 3644
3696 3645
3697 3646
3698 3648
3699 3647
3700 3649
3701 3650
3702 3651
3703 3652
3704 3653
3705 3654
3706 3655
3707 3656
3708 3657
3709 3658
3710 3659
3711 3661
3712 3660
3713 3662
3714 3663
3715 3664
3716 3665
3717 3666
3718 3667
3719 3668
3720 3669
3721 3670
3722 3671
3723 3672
3724 3673
3725 3674
3726 3675
3727 3676
3728 3677
3729 3678
3730 3679
3731 3680
3732 3681
3733 3714
3734 3713
3735 3712
3736 3711
3737 3710
3738 3709
3739 3708
3740 3706
3741 3705
3742 3704
3743 3702
3744 3701
3745 3700
3746 3699
3747 3698
3748 3697
3749 3696
3750 3695
3751 3694
3752 3693
3753 3692
3754 3691
3755 3690
3756 3689
3757 3688
3758 3687
3759 3686
3760 3685
3761 3684
3762 3682
3763 7609
3764 8978
3765 3715
3766 3716
3767 3717
3768 3718
3769 3719
3770 3720
3771 3721
3772 3722
3773 3723
3774 3724
3775 3725
3776 3726
3777 3727
3778 3728
3779 3729
3780 3730
3781 3731
3782 3732
3783 3733
3784 3734
3785 3735
3786 3736
3787 3737
3788 3738
3789 3739
3790 3740
3791 3741
3792 3742
3793 3743
3794 3745
3795 3744
3796 3747
3797 3746
3798 3748
3799 3749
3800 3750
3801 3751
3802 3752
3803 3753
3804 3754
3805 3755
3806 3756
3807 3757
3808 3758
3809 3759
3810 3760
3811 3761
3812 3762
3813 3763
3814 3764
3815 3765
3816 3766
3817 3767
3818 3768
3819 3769
3820 3770
3821 3771
3822 3772
3823 3773
3824 3776
3825 3775
3826 3774
3827 3777
3828 3778
3829 3779
3830 3780
3831 3781
3832 3782
3833 3783
3834 3784
3835 3785
3836 3786
3837 3787
3838 3788
3839 3789
3840 3790
3841 3791
3842 3792
3843 3793
3844 3794
3845 3795
3846 3796
3847 3797
3848 3798
3849 3799
3850 3800
3851 3801
3852 3802
3853 3803
3854 3804
3855 3805
3856 3806
3857 3807
3858 3808
3859 3809
3860 3810
3861 3811
3862 3812
3863 3813
3864 3814
3865 3815
3866 3816
3867 3817
3868 3818
3869 3819
3870 3820
3871 3821
3872 3822
3873 3823
3874 3824
3875 3825
3876 3826
3877 3827
3878 3828
3879 3829
3880 3830
3881 3831
3882 3832
3883 3833
3884 3834
3885 3835
3886 3836
3887 3837
3888 3838
3889 3839
3890 3840
3891 3841
3892 3842
3893 3843
3894 3844
3895 3845
3896 3846
3897 3847
3898 3848
3899 3849
3900 3850
3901 3851
3902 3852
3903 3853
3904 3854
3905 3855
3906 3856
3907 3857
3908 3858
3909 3859
3910 3860
3911 3861
3912 3862
3913 3863
3914 3864
3915 3865
3916 3866
3917 3867
3918 3868
3919 3869
3920 3870
3921 3871
3922 3872
3923 3873
3924 3874
3925 3875
3926 3876
3927 3877
3928 3878
3929 3879
3930 3880
3931 3881
3932 3882
3933 3883
3934 3884
3935 3885
3936 3886
3937 3887
3938 3888
3939 3890
3940 3891
3941 3892
3942 3893
3943 3894
3944 3895
3945 3896
3946 3897
3947 3898
3948 3899
3949 3900
3950 3901
3951 3902
3952 3903
3953 3904
3954 3905
3955 3906
3956 3907
3957 3908
3958 3909
3959 3910
3960 3911
3961 3912
3962 3913
3963 3914
3964 3915
3965 3916
3966 3917
3967 3918
3968 3919
3969 3920
3970 3921
3971 3922
3972 3923
3973 3924
3974 3925
3975 3926
3976 3928
3977 3929
3978 3927
3979 3930
3980 3931
3981 3932
3982 3933
3983 3934
3984 3935
3985 3936
3986 3937
3987 3938
3988 3939
3989 3940
3990 3941
3991 3942
3992 3943
3993 3944
3994 3945
3995 3946
3996 3947
3997 3948
3998 3949
3999 3950
4000 3951
4001 3952
4002 3953
4003 7509
4004 3954
4005 3955
4006 3956
4007 3957
4008 3958
4009 3959
4010 3960
4011 3961
4012 3962
4013 3963
4014 3964
4015 3965
4016 3966
4017 3967
4018 3968
4019 3969
4020 3970
4021 3971
4022 3976
4023 3975
4024 3974
4025 3972
4026 3973
4027 3977
4028 3978
4029 3979
4030 3980
4031 3981
4032 3982
4033 3983
4034 3984
4035 3985
4036 3986
4037 3987
4038 3989
4039 3988
4040 3990
4041 3991
4042 3992
4043 3993
4044 3994
4045 3995
4046 3996
4047 3997
4048 3998
4049 3999
4050 4000
4051 4001
4052 4002
4053 4003
4054 4004
4055 4005
4056 4006
4057 4007
4058 4008
4059 4009
4060 4010
4061 4011
4062 4012
4063 4013
4064 4014
4065 4015
4066 4016
4067 4017
4068 4018
4069 4019
4070 4020
4071 4021
4072 4022
4073 4023
4074 4024
4075 4025
4076 4026
4077 4027
4078 4028
4079 4029
4080 4030
4081 4031
4082 4032
4083 4033
4084 4034
4085 4035
4086 4036
4087 4037
4088 4038
4089 4039
4090 4040
4091 4041
4092 4042
4093 4043
4094 4044
4095 4045
4096 4046
4097 4047
4098 4048
4099 4049
4100 4050
4101 4051
4102 4052
4103 4053
4104 4054
4105 4055
4106 4056
4107 4057
4108 4058
4109 4059
4110 4060
4111 4061
4112 4062
4113 4063
4114 4064
4115 4065
4116 4066
4117 4067
4118 4068
4119 4069
4120 4070
4121 4071
4122 4072
4123 4073
4124 4074
4125 4075
4126 4076
4127 4077
4128 4078
4129 4079
4130 4080
4131 4081
4132 4082
4133 4083
4134 4085
4135 4084
4136 4086
4137 4087
4138 5063
4139 4088
4140 4089
4141 4090
4142 4091
4143 4092
4144 9080
4145 9079
4146 9078
4147 9077
4148 7684
4149 5751
4150 5486
4151 5428
4152 4707
4153 4636
4154 4094
4155 4095
4156 4096
4157 4097
4158 4098
4159 4099
4160 4100
4161 4101
4162 4102
4163 4103
4164 4104
4165 4105
4166 4106
4167 4107
4168 4108
4169 4109
4170 4110
4171 4111
4172 4112
4173 4113
4174 4114
4175 4115
4176 4116
4177 4117
4178 4118
4179 4119
4180 4120
4181 4121
4182 4122
4183 4123
4184 4124
4185 4125
4186 4127
4187 4128
4188 4129
4189 4130
4190 4131
4191 4132
4192 4133
4193 4134
4194 4135
4195 4136
4196 4137
4197 4138
4198 4139
4199 4140
4200 4141
4201 4142
4202 4143
4203 4144
4204 4145
4205 4146
4206 4147
4207 4148
4208 4149
4209 4150
4210 4151
4211 4152
4212 4153
4213 4154
4214 4155
4215 4156
4216 4157
4217 4158
4218 4159
4219 4160
4220 4161
4221 4162
4222 4163
4223 4164
4224 4165
4225 4166
4226 4167
4227 4168
4228 4169
4229 4170
4230 4171
4231 4172
4232 4173
4233 4174
4234 4175
4235 4176
4236 4177
4237 4178
4238 4179
4239 4180
4240 4181
4241 4182
4242 4183
4243 4184
4244 4185
4245 4186
4246 4187
4247 4188
4248 4189
4249 4190
4250 4191
4251 4192
4252 4193
4253 4195
4254 4194
4255 4196
4256 4197
4257 4198
4258 4199
4259 4200
4260 4201
4261 4202
4262 4203
4263 4204
4264 4205
4265 4206
4266 4207
4267 4208
4268 4209
4269 4210
4270 4211
4271 4212
4272 4213
4273 4214
4274 4215
4275 4216
4276 4217
4277 4218
4278 4219
4279 4220
4280 4221
4281 4222
4282 4223
4283 4224
4284 4225
4285 4226
4286 4227
4287 4228
4288 4229
4289 4230
4290 4231
4291 4232
4292 4233
4293 4234
4294 4235
4295 4236
4296 4237
4297 4238
4298 4239
4299 4240
4300 4241
4301 4242
4302 4243
4303 4244
4304 4245
4305 4246
4306 4247
4307 4249
4308 4255
4309 4254
4310 4253
4311 4252
4312 4251
4313 4250
4314 4248
4315 4256
4316 4257
4317 4258
4318 4259
4319 4260
4320 4261
4321 4262
4322 4263
4323 4264
4324 4266
4325 4265
4326 4267
4327 4268
4328 4269
4329 4270
4330 4271
4331 4272
4332 4273
4333 4274
4334 4275
4335 4276
4336 4277
4337 4278
4338 4279
4339 4280
4340 4281
4341 4282
4342 4283
4343 4284
4344 4285
4345 4286
4346 4287
4347 4288
4348 4289
4349 4290
4350 4291
4351 4293
4352 4294
4353 4295
4354 4296
4355 4297
4356 4298
4357 4299
4358 4300
4359 4301
4360 4302
4361 4303
4362 4304
4363 4305
4364 4306
4365 4307
4366 4308
4367 4309
4368 4310
4369 4311
4370 4312
4371 4313
4372 4314
4373 4315
4374 4316
4375 4317
4376 4669
4377 4319
4378 4320
4379 4321
4380 4322
4381 4323
4382 4324
4383 4325
4384 4326
4385 4327
4386 4328
4387 4329
4388 4330
4389 4331
4390 4332
4391 4333
4392 4334
4393 4335
4394 4336
4395 4337
4396 4338
4397 4339
4398 4340
4399 4341
4400 4342
4401 4343
4402 4344
4403 4345
4404 4346
4405 4347
4406 4348
4407 4349
4408 4350
4409 4351
4410 4352
4411 4353
4412 4354
4413 4356
4414 4355
4415 4357
4416 4358
4417 4846
4418 4360
4419 4361
4420 4362
4421 4363
4422 4364
4423 4365
4424 4366
4425 4367
4426 4369
4427 4368
4428 4370
4429 4371
4430 4372
4431 4373
4432 4374
4433 4375
4434 4376
4435 4378
4436 4379
4437 4377
4438 4380
4439 4381
4440 4382
4441 4383
4442 4384
4443 4385
4444 4386
4445 4387
4446 4388
4447 4389
4448 4390
4449 4391
4450 4392
4451 4393
4452 4394
4453 4395
4454 4397
4455 4396
4456 4398
4457 4399
4458 4400
4459 4401
4460 4402
4461 4403
4462 4404
4463 4405
4464 4406
4465 4407
4466 4408
4467 4409
4468 4410
4469 4411
4470 4412
4471 4413
4472 4414
4473 4415
4474 4416
4475 4417
4476 4418
4477 4419
4478 4420
4479 4421
4480 4422
4481 4423
4482 4424
4483 4425
4484 4426
4485 4427
4486 4428
4487 4429
4488 4430
4489 4431
4490 4432
4491 4433
4492 4434
4493 4435
4494 4436
4495 4437
4496 4438
4497 4439
4498 4440
4499 4441
4500 4442
4501 4443
4502 4444
4503 4445
4504 4446
4505 4447
4506 4448
4507 4449
4508 4450
4509 4451
4510 4452
4511 4453
4512 4454
4513 4455
4514 4456
4515 4457
4516 4458
4517 4459
4518 4460
4519 4461
4520 4462
4521 4463
4522 4464
4523 4465
4524 4466
4525 4467
4526 4468
4527 4469
4528 4470
4529 4471
4530 4472
4531 4473
4532 4474
4533 4475
4534 4476
4535 4477
4536 4478
4537 4479
4538 4480
4539 4481
4540 4482
4541 4483
4542 4484
4543 4485
4544 4486
4545 4487
4546 4488
4547 4489
4548 4490
4549 4491
4550 4492
4551 4493
4552 4494
4553 4495
4554 4496
4555 4497
4556 4498
4557 4499
4558 4500
4559 4501
4560 4502
4561 4503
4562 4504
4563 4505
4564 4506
4565 4507
4566 4508
4567 4509
4568 4510
4569 4511
4570 4512
4571 4513
4572 4514
4573 4515
4574 4516
4575 4517
4576 4518
4577 4519
4578 4520
4579 4521
4580 4522
4581 4523
4582 4524
4583 4525
4584 4526
4585 4527
4586 4528
4587 4529
4588 4530
4589 4531
4590 4532
4591 4533
4592 4534
4593 4535
4594 4536
4595 4537
4596 4538
4597 4539
4598 4540
4599 4541
4600 4542
4601 4543
4602 4544
4603 4545
4604 4546
4605 4547
4606 4548
4607 4549
4608 4550
4609 4551
4610 4552
4611 4553
4612 4554
4613 4555
4614 4556
4615 4557
4616 4558
4617 4559
4618 4560
4619 4561
4620 4562
4621 4563
4622 4564
4623 4565
4624 4566
4625 4567
4626 4568
4627 4569
4628 4570
4629 4571
4630 4572
4631 4573
4632 4574
4633 4575
4634 4576
4635 4577
4636 4578
4637 4579
4638 4580
4639 4581
4640 4582
4641 4584
4642 4583
4643 4585
4644 4586
4645 4587
4646 4588
4647 4589
4648 4590
4649 4591
4650 4592
4651 4594
4652 4593
4653 4595
4654 4596
4655 4597
4656 4598
4657 4599
4658 4600
4659 4601
4660 4602
4661 4603
4662 4604
4663 4605
4664 4606
4665 4607
4666 4608
4667 4609
4668 4610
4669 4611
4670 4612
4671 4613
4672 4614
4673 4615
4674 4616
4675 4617
4676 4618
4677 4619
4678 4620
4679 4621
4680 4622
4681 4623
4682 4624
4683 4625
4684 4626
4685 4627
4686 4628
4687 4629
4688 4630
4689 4631
4690 4632
4691 4633
4692 4634
4693 4635
4694 4637
4695 4638
4696 4639
4697 4640
4698 4641
4699 4642
4700 4643
4701 4644
4702 4645
4703 4646
4704 4647
4705 4648
4706 4649
4707 4650
4708 4651
4709 4652
4710 4653
4711 4654
4712 4655
4713 4656
4714 4657
4715 4658
4716 4659
4717 4660
4718 4661
4719 4662
4720 4663
4721 4664
4722 4665
4723 4666
4724 4667
4725 4668
4726 4671
4727 4672
4728 4674
4729 4675
4730 4676
4731 4677
4732 4678
4733 4679
4734 4680
4735 4681
4736 4682
4737 4683
4738 4684
4739 4685
4740 4686
4741 4687
4742 4688
4743 4689
4744 4690
4745 4691
4746 4692
4747 4693
4748 4694
4749 4695
4750 4696
4751 4697
4752 4698
4753 4699
4754 4700
4755 4701
4756 4702
4757 4703
4758 4704
4759 4705
4760 4706
4761 4708
4762 4709
4763 4710
4764 4711
4765 4712
4766 4713
4767 4714
4768 4715
4769 4716
4770 4717
4771 4718
4772 4719
4773 4720
4774 4721
4775 4722
4776 4723
4777 4727
4778 4726
4779 4725
4780 4724
4781 4728
4782 4729
4783 4730
4784 4731
4785 4732
4786 4733
4787 4735
4788 4734
4789 4736
4790 4737
4791 4738
4792 4739
4793 4740
4794 4741
4795 4742
4796 4743
4797 4744
4798 4745
4799 4746
4800 4747
4801 4748
4802 4749
4803 4750
4804 4751
4805 4752
4806 4753
4807 4754
4808 4755
4809 4756
4810 4757
4811 4758
4812 4759
4813 4760
4814 4761
4815 4762
4816 4763
4817 4764
4818 4765
4819 4766
4820 4767
4821 4768
4822 4769
4823 4770
4824 4771
4825 4772
4826 4773
4827 4774
4828 4775
4829 4776
4830 4778
4831 4779
4832 4780
4833 4781
4834 4782
4835 4783
4836 4784
4837 4785
4838 4786
4839 4787
4840 4788
4841 4789
4842 4790
4843 4791
4844 4792
4845 4793
4846 4794
4847 4795
4848 4796
4849 4797
4850 4798
4851 4799
4852 4800
4853 4801
4854 4802
4855 5127
4856 4805
4857 4804
4858 4803
4859 4806
4860 4807
4861 4808
4862 4809
4863 4810
4864 4811
4865 4812
4866 4813
4867 4814
4868 4815
4869 4816
4870 4817
4871 4818
4872 4819
4873 4820
4874 4821
4875 4822
4876 4823
4877 4824
4878 4825
4879 4826
4880 4827
4881 4828
4882 4829
4883 4830
4884 4831
4885 4832
4886 4833
4887 4834
4888 4835
4889 4836
4890 4837
4891 4838
4892 4839
4893 4840
4894 4841
4895 4842
4896 4843
4897 4844
4898 4845
4899 4847
4900 4848
4901 4849
4902 4850
4903 4851
4904 4852
4905 4853
4906 4854
4907 4855
4908 4856
4909 4857
4910 4858
4911 4859
4912 4860
4913 4861
4914 4862
4915 4863
4916 4864
4917 4865
4918 4866
4919 4867
4920 4868
4921 4870
4922 4869
4923 4871
4924 4872
4925 4873
4926 4874
4927 4875
4928 4876
4929 4877
4930 4878
4931 4879
4932 4880
4933 4881
4934 4882
4935 4883
4936 4884
4937 4885
4938 4886
4939 4887
4940 4888
4941 4889
4942 4890
4943 4891
4944 4892
4945 4893
4946 4894
4947 4895
4948 4896
4949 4897
4950 4898
4951 4899
4952 4900
4953 4901
4954 4902
4955 4903
4956 4904
4957 4905
4958 4906
4959 4907
4960 4908
4961 4909
4962 4910
4963 4911
4964 4912
4965 4913
4966 4914
4967 4915
4968 4916
4969 4917
4970 4918
4971 4919
4972 4920
4973 4921
4974 4922
4975 4924
4976 4925
4977 4926
4978 4927
4979 4928
4980 4929
4981 4930
4982 4931
4983 4932
4984 4933
4985 4934
4986 4935
4987 4936
4988 4937
4989 4938
4990 4940
4991 4939
4992 4941
4993 4942
4994 4943
4995 4944
4996 4945
4997 4946
4998 4947
4999 4948
5000 4949
5001 4950
5002 4951
5003 4952
5004 4953
5005 4954
5006 4955
5007 4956
5008 4957
5009 4958
5010 4959
5011 4960
5012 4961
5013 4962
5014 4963
5015 4964
5016 4965
5017 4966
5018 4967
5019 4968
5020 4969
5021 4970
5022 4971
5023 4972
5024 4973
5025 4974
5026 4975
5027 4976
5028 4977
5029 4978
5030 4979
5031 4980
5032 4981
5033 4982
5034 4983
5035 4984
5036 4985
5037 4986
5038 4987
5039 4988
5040 4989
5041 4990
5042 4991
5043 4992
5044 4993
5045 4994
5046 4995
5047 4996
5048 4997
5049 4998
5050 4999
5051 5000
5052 5001
5053 5002
5054 5003
5055 5004
5056 5005
5057 5006
5058 5007
5059 5008
5060 5009
5061 5010
5062 5011
5063 5012
5064 5013
5065 5014
5066 5015
5067 5016
5068 5017
5069 5018
5070 5019
5071 5021
5072 5020
5073 5022
5074 5023
5075 5024
5076 5025
5077 5026
5078 5027
5079 5028
5080 5030
5081 5029
5082 5031
5083 5032
5084 5033
5085 5034
5086 5035
5087 5036
5088 5037
5089 5038
5090 5039
5091 5040
5092 5041
5093 5042
5094 5043
5095 5044
5096 5045
5097 5046
5098 5047
5099 5048
5100 5049
5101 5050
5102 5051
5103 5052
5104 5053
5105 5054
5106 5055
5107 5056
5108 5057
5109 5058
5110 5059
5111 5060
5112 5061
5113 5062
5114 5064
5115 5065
5116 5066
5117 5067
5118 5068
5119 5069
5120 5070
5121 5071
5122 5072
5123 5073
5124 5074
5125 5075
5126 5076
5127 5077
5128 5078
5129 5079
5130 5080
5131 5081
5132 5083
5133 5082
5134 5085
5135 5086
5136 5084
5137 5087
5138 5088
5139 5089
5140 5090
5141 5091
5142 5092
5143 5093
5144 5094
5145 5095
5146 5096
5147 5097
5148 5098
5149 5099
5150 5100
5151 5101
5152 5102
5153 5103
5154 5104
5155 5105
5156 5106
5157 5107
5158 5108
5159 5109
5160 5110
5161 5111
5162 5112
5163 5113
5164 5114
5165 5115
5166 5116
5167 5117
5168 5118
5169 5119
5170 5120
5171 5121
5172 5122
5173 5123
5174 5124
5175 5125
5176 5126
5177 5128
5178 5129
5179 5130
5180 5131
5181 5132
5182 5133
5183 5134
5184 5135
5185 5136
5186 5137
5187 5138
5188 5139
5189 5140
5190 5141
5191 5142
5192 5143
5193 5144
5194 5145
5195 5146
5196 5147
5197 5149
5198 5148
5199 5150
5200 5151
5201 5152
5202 5153
5203 5154
5204 5155
5205 5156
5206 5157
5207 5158
5208 5159
5209 5160
5210 5161
5211 5162
5212 5163
5213 5164
5214 5165
5215 5166
5216 5167
5217 5168
5218 5169
5219 5170
5220 5171
5221 5172
5222 5173
5223 5174
5224 5175
5225 5176
5226 5177
5227 5178
5228 5180
5229 5179
5230 5181
5231 5182
5232 5183
5233 5184
5234 5185
5235 5187
5236 5186
5237 5188
5238 5189
5239 5190
5240 5191
5241 5192
5242 5193
5243 5194
5244 5195
5245 5196
5246 5197
5247 5198
5248 5199
5249 5200
5250 5201
5251 5202
5252 5203
5253 5204
5254 5205
5255 5206
5256 5208
5257 5209
5258 5210
5259 5211
5260 5212
5261 5213
5262 5214
5263 5215
5264 5216
5265 5217
5266 5218
5267 5219
5268 5220
5269 5221
5270 5222
5271 5223
5272 5224
5273 5225
5274 5226
5275 5227
5276 5228
5277 5229
5278 5230
5279 5231
5280 5232
5281 5233
5282 5234
5283 5235
5284 5236
5285 5237
5286 5238
5287 5239
5288 5240
5289 5241
5290 5242
5291 5243
5292 5244
5293 5245
5294 5246
5295 5247
5296 5248
5297 5249
5298 5250
5299 5251
5300 5252
5301 5253
5302 5254
5303 5255
5304 5257
5305 5258
5306 5259
5307 5260
5308 5261
5309 5262
5310 5263
5311 5264
5312 5265
5313 5266
5314 5267
5315 5268
5316 5269
5317 5270
5318 5271
5319 5272
5320 5273
5321 5274
5322 5275
5323 5276
5324 5277
5325 5278
5326 5279
5327 5280
5328 5281
5329 5282
5330 5283
5331 5284
5332 5285
5333 5286
5334 5287
5335 5288
5336 5289
5337 5290
5338 5291
5339 5292
5340 5293
5341 5294
5342 5295
5343 5296
5344 5297
5345 5298
5346 5299
5347 5300
5348 5301
5349 5302
5350 5303
5351 5305
5352 5304
5353 5306
5354 5307
5355 5308
5356 5309
5357 5310
5358 5311
5359 5312
5360 5313
5361 5314
5362 5315
5363 5316
5364 5317
5365 5318
5366 5319
5367 5320
5368 5321
5369 5322
5370 5323
5371 5324
5372 5325
5373 5326
5374 5327
5375 5328
5376 5329
5377 5330
5378 5331
5379 5332
5380 5333
5381 5334
5382 5335
5383 5337
5384 5336
5385 5338
5386 5339
5387 5340
5388 5341
5389 5342
5390 5343
5391 5344
5392 5345
5393 5346
5394 5347
5395 5349
5396 5348
5397 5350
5398 5351
5399 5352
5400 5353
5401 5354
5402 5355
5403 5356
5404 5358
5405 5357
5406 5359
5407 5360
5408 5361
5409 5362
5410 5363
5411 5364
5412 5365
5413 5369
5414 5368
5415 5367
5416 5370
5417 5371
5418 5372
5419 5373
5420 5374
5421 5375
5422 5376
5423 5377
5424 5378
5425 5379
5426 5380
5427 5381
5428 5382
5429 5383
5430 5384
5431 5385
5432 5386
5433 5387
5434 5388
5435 5389
5436 5390
5437 5391
5438 5392
5439 5393
5440 5394
5441 5395
5442 5396
5443 5397
5444 5398
5445 5399
5446 5400
5447 5401
5448 5402
5449 5403
5450 5404
5451 5405
5452 5406
5453 5407
5454 5408
5455 5409
5456 5410
5457 5411
5458 5412
5459 5413
5460 5414
5461 5415
5462 5416
5463 5417
5464 5418
5465 5419
5466 5420
5467 5421
5468 5422
5469 5423
5470 5424
5471 5425
5472 5426
5473 5429
5474 5427
5475 5430
5476 5431
5477 5432
5478 5433
5479 5434
5480 5435
5481 5436
5482 5437
5483 5438
5484 5439
5485 5440
5486 5441
5487 5442
5488 5443
5489 5444
5490 5445
5491 5446
5492 5447
5493 5448
5494 5449
5495 5450
5496 5451
5497 5452
5498 5453
5499 5454
5500 5455
5501 5456
5502 5457
5503 5458
5504 5459
5505 5460
5506 5461
5507 5462
5508 5463
5509 5464
5510 5465
5511 5466
5512 5467
5513 5468
5514 5469
5515 5470
5516 5471
5517 5472
5518 5473
5519 5474
5520 5475
5521 5476
5522 5477
5523 9303
5524 5478
5525 5479
5526 5480
5527 5481
5528 5482
5529 5483
5530 5484
5531 5485
5532 5487
5533 5488
5534 5489
5535 5490
5536 5491
5537 5492
5538 5493
5539 5494
5540 5495
5541 5497
5542 5498
5543 5496
5544 5499
5545 5500
5546 5501
5547 5502
5548 5503
5549 5504
5550 5505
5551 5506
5552 5507
5553 5508
5554 5509
5555 5510
5556 5511
5557 5512
5558 5513
5559 5514
5560 5515
5561 5516
5562 5517
5563 5518
5564 5519
5565 5520
5566 5521
5567 5522
5568 5523
5569 5524
5570 5525
5571 5527
5572 5528
5573 5529
5574 5530
5575 5531
5576 5532
5577 5533
5578 5534
5579 5535
5580 5536
5581 5537
5582 5538
5583 5539
5584 5540
5585 5541
5586 5542
5587 5543
5588 5544
5589 5545
5590 5546
5591 5547
5592 5548
5593 5549
5594 5550
5595 5551
5596 5552
5597 5553
5598 5554
5599 5555
5600 5556
5601 5557
5602 5558
5603 5559
5604 5560
5605 5561
5606 5562
5607 5563
5608 5564
5609 5565
5610 5566
5611 5567
5612 5568
5613 5569
5614 5570
5615 5571
5616 5572
5617 5573
5618 5574
5619 5575
5620 5576
5621 5577
5622 5579
5623 5580
5624 5581
5625 5582
5626 5583
5627 5584
5628 5585
5629 5586
5630 5587
5631 5588
5632 5589
5633 5590
5634 5591
5635 5592
5636 5593
5637 5594
5638 5595
5639 5596
5640 5597
5641 5598
5642 5599
5643 5600
5644 5601
5645 5602
5646 5603
5647 5604
5648 5605
5649 5606
5650 5607
5651 5608
5652 5609
5653 5610
5654 5611
5655 5612
5656 5613
5657 5614
5658 5615
5659 5616
5660 5617
5661 5618
5662 5619
5663 5620
5664 5621
5665 5622
5666 5623
5667 5624
5668 5625
5669 5626
5670 5627
5671 5628
5672 5629
5673 5630
5674 5631
5675 5632
5676 5633
5677 5634
5678 5635
5679 5636
5680 5637
5681 5638
5682 5639
5683 5640
5684 5641
5685 5642
5686 5643
5687 5644
5688 5645
5689 5646
5690 5647
5691 5648
5692 5649
5693 5650
5694 5651
5695 5653
5696 5652
5697 5654
5698 5655
5699 5656
5700 5657
5701 5658
5702 5659
5703 5660
5704 5661
5705 5662
5706 5663
5707 5664
5708 5665
5709 5666
5710 5667
5711 5668
5712 5669
5713 5670
5714 5671
5715 5672
5716 5673
5717 5674
5718 5675
5719 5676
5720 5677
5721 5678
5722 5679
5723 5680
5724 5681
5725 5682
5726 5683
5727 5685
5728 5687
5729 5686
5730 5684
5731 5688
5732 5689
5733 5690
5734 5691
5735 5692
5736 5693
5737 5694
5738 5695
5739 5696
5740 5697
5741 5698
5742 5699
5743 5700
5744 5701
5745 5702
5746 5703
5747 5704
5748 5705
5749 5706
5750 5707
5751 5708
5752 5709
5753 5710
5754 5711
5755 5712
5756 5713
5757 5714
5758 5715
5759 5716
5760 5717
5761 5718
5762 5719
5763 5720
5764 5721
5765 5722
5766 5723
5767 5724
5768 5725
5769 5726
5770 5727
5771 5728
5772 5729
5773 5731
5774 5730
5775 5732
5776 5733
5777 5734
5778 5735
5779 5736
5780 5737
5781 5738
5782 5739
5783 5740
5784 5741
5785 5742
5786 5743
5787 5744
5788 5745
5789 5746
5790 5747
5791 5748
5792 5749
5793 5750
5794 5752
5795 5753
5796 5754
5797 5755
5798 5756
5799 5757
5800 5758
5801 5759
5802 5760
5803 5762
5804 5761
5805 5763
5806 5764
5807 5765
5808 5766
5809 5767
5810 5768
5811 5769
5812 5770
5813 5771
5814 5772
5815 5773
5816 5774
5817 5775
5818 5776
5819 5777
5820 5778
5821 5779
5822 5780
5823 5781
5824 5782
5825 5783
5826 5784
5827 5785
5828 5786
5829 5787
5830 5788
5831 5789
5832 5790
5833 5791
5834 5792
5835 5794
5836 5793
5837 5795
5838 5796
5839 5797
5840 5798
5841 5799
5842 5800
5843 5801
5844 5802
5845 5803
5846 5804
5847 5805
5848 5806
5849 5807
5850 5808
5851 5809
5852 5810
5853 5811
5854 5812
5855 5813
5856 5814
5857 5815
5858 5816
5859 5817
5860 5818
5861 5819
5862 5820
5863 5821
5864 5822
5865 5823
5866 5825
5867 5824
5868 5826
5869 5827
5870 5828
5871 5829
5872 5830
5873 5831
5874 5832
5875 5833
5876 5834
5877 5835
5878 5836
5879 5837
5880 5838
5881 5839
5882 5840
5883 5841
5884 5842
5885 5843
5886 5844
5887 5845
5888 5846
5889 5847
5890 5848
5891 5849
5892 5850
5893 5851
5894 5852
5895 5853
5896 5854
5897 5855
5898 5856
5899 5857
5900 5859
5901 5858
5902 5860
5903 5861
5904 5862
5905 5863
5906 5864
5907 5865
5908 5866
5909 5867
5910 5868
5911 5869
5912 5870
5913 5871
5914 5872
5915 5873
5916 5874
5917 5875
5918 5876
5919 5877
5920 5878
5921 5879
5922 5880
5923 5881
5924 5882
5925 5883
5926 5885
5927 5884
5928 5886
5929 5887
5930 5888
5931 5889
5932 5890
5933 5891
5934 5892
5935 5893
5936 5894
5937 5895
5938 5896
5939 5897
5940 5898
5941 5899
5942 5900
5943 5901
5944 5902
5945 5903
5946 5904
5947 5905
5948 5906
5949 5907
5950 5908
5951 5909
5952 5910
5953 5911
5954 5912
5955 5913
5956 5914
5957 5915
5958 5916
5959 5917
5960 5918
5961 5919
5962 5920
5963 5921
5964 5922
5965 5923
5966 5924
5967 5925
5968 5926
5969 5927
5970 5928
5971 5929
5972 5930
5973 5931
5974 5932
5975 5933
5976 5934
5977 5935
5978 5936
5979 5937
5980 5938
5981 5939
5982 5940
5983 5941
5984 5942
5985 5943
5986 5944
5987 5945
5988 5946
5989 5947
5990 5948
5991 5949
5992 5950
5993 5951
5994 5952
5995 5953
5996 5954
5997 5955
5998 5956
5999 5957
6000 5958
6001 5959
6002 5960
6003 5961
6004 5962
6005 5963
6006 5964
6007 5965
6008 5966
6009 5967
6010 5968
6011 5969
6012 5970
6013 5971
6014 5972
6015 5973
6016 5974
6017 5975
6018 5976
6019 5977
6020 5978
6021 5979
6022 5980
6023 5981
6024 5982
6025 5983
6026 5984
6027 5985
6028 5986
6029 5987
6030 5988
6031 5989
6032 5990
6033 5991
6034 5992
6035 5993
6036 5994
6037 5995
6038 5996
6039 5997
6040 5998
6041 5999
6042 6000
6043 6001
6044 6002
6045 6003
6046 6004
6047 6005
6048 6007
6049 6006
6050 6008
6051 6009
6052 6010
6053 6011
6054 6012
6055 6013
6056 6014
6057 6015
6058 6016
6059 6017
6060 6018
6061 6019
6062 6020
6063 6021
6064 6022
6065 6023
6066 6024
6067 6025
6068 6026
6069 6027
6070 6028
6071 6029
6072 6030
6073 6031
6074 6033
6075 6032
6076 6034
6077 6035
6078 6036
6079 6037
6080 6038
6081 6039
6082 6040
6083 6041
6084 6042
6085 6043
6086 6044
6087 6045
6088 6046
6089 6047
6090 6048
6091 6049
6092 6050
6093 6051
6094 6052
6095 6053
6096 6054
6097 6055
6098 6056
6099 6063
6100 6062
6101 6061
6102 6060
6103 6059
6104 6057
6105 6058
6106 6064
6107 6065
6108 6067
6109 6066
6110 6068
6111 6069
6112 6070
6113 6071
6114 6072
6115 6073
6116 6074
6117 6075
6118 6076
6119 6077
6120 6078
6121 6079
6122 6080
6123 6081
6124 6082
6125 6083
6126 6084
6127 6085
6128 6086
6129 6087
6130 6088
6131 6089
6132 6090
6133 6091
6134 6092
6135 6093
6136 6094
6137 6095
6138 6096
6139 6097
6140 6098
6141 6099
6142 6100
6143 6101
6144 6102
6145 6103
6146 6104
6147 6105
6148 6106
6149 6107
6150 6108
6151 6109
6152 6110
6153 6111
6154 6112
6155 6113
6156 6114
6157 6115
6158 6116
6159 6117
6160 6118
6161 6119
6162 6120
6163 6121
6164 6123
6165 6126
6166 6125
6167 6124
6168 6122
6169 6127
6170 6128
6171 6129
6172 6130
6173 6131
6174 6132
6175 6133
6176 6134
6177 6135
6178 6136
6179 6137
6180 6139
6181 6138
6182 6140
6183 6141
6184 6142
6185 6143
6186 6144
6187 6145
6188 6146
6189 6147
6190 6148
6191 6149
6192 6150
6193 6151
6194 6152
6195 6153
6196 6154
6197 6155
6198 6156
6199 6157
6200 6158
6201 6159
6202 6160
6203 6161
6204 6162
6205 6163
6206 6164
6207 6165
6208 6166
6209 6167
6210 6168
6211 6169
6212 6170
6213 6171
6214 6172
6215 6173
6216 6174
6217 6175
6218 6176
6219 6177
6220 6178
6221 6179
6222 6180
6223 6181
6224 6182
6225 6183
6226 6184
6227 6185
6228 6186
6229 6187
6230 6188
6231 6189
6232 6190
6233 6191
6234 6192
6235 6193
6236 6194
6237 6195
6238 6196
6239 6197
6240 6198
6241 6199
6242 6200
6243 6201
6244 6202
6245 6203
6246 6204
6247 6205
6248 6206
6249 6207
6250 6208
6251 6209
6252 6210
6253 6211
6254 6212
6255 6213
6256 6214
6257 6216
6258 6217
6259 6218
6260 6219
6261 6220
6262 6221
6263 6222
6264 6223
6265 6224
6266 6225
6267 6226
6268 6227
6269 6228
6270 6229
6271 6230
6272 6231
6273 6232
6274 6234
6275 6233
6276 6235
6277 6236
6278 6237
6279 6238
6280 6239
6281 6240
6282 6241
6283 6242
6284 6243
6285 6244
6286 6245
6287 6246
6288 6247
6289 6248
6290 6249
6291 6250
6292 6251
6293 6252
6294 6253
6295 6254
6296 6255
6297 6256
6298 6257
6299 6258
6300 6259
6301 6260
6302 6261
6303 6262
6304 6263
6305 6264
6306 6265
6307 6266
6308 6267
6309 6268
6310 6269
6311 6270
6312 6271
6313 6272
6314 6273
6315 6274
6316 6275
6317 6276
6318 6277
6319 6278
6320 6279
6321 6280
6322 6281
6323 6283
6324 6282
6325 6284
6326 6285
6327 6286
6328 6287
6329 6288
6330 6289
6331 6290
6332 6291
6333 6292
6334 6293
6335 6294
6336 6295
6337 6297
6338 9326
6339 6870
6340 6650
6341 6298
6342 6300
6343 6299
6344 6301
6345 6302
6346 6303
6347 6304
6348 6305
6349 6306
6350 6307
6351 6308
6352 6309
6353 6310
6354 6311
6355 6312
6356 6313
6357 6314
6358 6315
6359 6316
6360 6317
6361 6318
6362 6319
6363 6320
6364 6321
6365 6322
6366 6323
6367 6324
6368 6325
6369 6326
6370 6327
6371 6328
6372 6329
6373 6330
6374 6331
6375 6332
6376 6333
6377 6334
6378 6335
6379 6336
6380 6337
6381 6338
6382 6339
6383 6340
6384 6341
6385 6342
6386 6343
6387 6344
6388 6345
6389 6346
6390 6347
6391 6348
6392 6349
6393 6350
6394 6351
6395 6352
6396 6353
6397 6354
6398 6355
6399 6356
6400 6357
6401 6358
6402 6359
6403 6360
6404 6361
6405 6362
6406 6363
6407 6364
6408 6365
6409 6366
6410 6367
6411 6368
6412 6369
6413 6370
6414 6371
6415 6372
6416 6373
6417 6374
6418 6375
6419 6376
6420 6377
6421 6378
6422 6379
6423 6380
6424 6381
6425 6382
6426 6383
6427 6384
6428 6385
6429 6386
6430 6387
6431 6388
6432 6389
6433 6391
6434 6390
6435 6392
6436 6393
6437 6394
6438 6395
6439 6396
6440 6397
6441 6398
6442 6399
6443 6400
6444 6401
6445 6403
6446 6402
6447 6404
6448 6405
6449 6406
6450 6407
6451 6408
6452 6409
6453 6410
6454 6411
6455 6412
6456 6413
6457 6414
6458 6415
6459 6416
6460 6417
6461 6418
6462 6419
6463 6420
6464 6421
6465 6422
6466 6423
6467 6424
6468 6425
6469 6426
6470 6427
6471 6428
6472 6429
6473 6430
6474 6431
6475 6432
6476 6433
6477 6434
6478 6435
6479 6436
6480 8677
6481 6437
6482 6438
6483 6439
6484 6440
6485 6442
6486 6441
6487 6443
6488 6444
6489 6445
6490 6446
6491 6447
6492 6448
6493 6449
6494 6450
6495 6451
6496 6452
6497 6453
6498 6454
6499 6455
6500 6456
6501 6457
6502 6458
6503 6459
6504 6460
6505 6461
6506 6462
6507 6463
6508 6464
6509 6465
6510 6466
6511 6467
6512 6468
6513 6469
6514 6470
6515 6471
6516 6472
6517 6473
6518 6474
6519 6475
6520 6476
6521 6477
6522 6478
6523 6479
6524 6480
6525 6481
6526 6482
6527 6483
6528 6484
6529 6485
6530 6486
6531 6487
6532 6488
6533 6489
6534 6490
6535 6491
6536 6492
6537 6493
6538 6494
6539 6495
6540 6496
6541 6497
6542 6498
6543 6499
6544 6500
6545 6501
6546 6502
6547 6503
6548 6504
6549 6505
6550 6506
6551 6507
6552 6508
6553 6509
6554 6510
6555 6511
6556 6512
6557 6513
6558 6514
6559 6515
6560 6516
6561 6517
6562 6518
6563 6519
6564 6520
6565 6521
6566 6522
6567 6523
6568 6524
6569 6525
6570 6526
6571 6527
6572 6528
6573 6529
6574 6530
6575 6531
6576 6532
6577 6533
6578 6534
6579 6535
6580 6536
6581 6537
6582 6538
6583 6539
6584 6540
6585 6541
6586 6542
6587 6543
6588 6544
6589 6545
6590 6546
6591 6547
6592 6548
6593 6549
6594 6550
6595 6551
6596 6552
6597 6553
6598 6554
6599 6555
6600 6556
6601 6558
6602 6557
6603 6559
6604 6560
6605 6562
6606 6561
6607 6563
6608 6564
6609 6565
6610 6566
6611 6567
6612 6568
6613 6569
6614 6570
6615 6571
6616 6572
6617 6573
6618 6574
6619 6575
6620 6576
6621 6577
6622 6578
6623 9406
6624 9405
6625 9404
6626 9403
6627 9402
6628 9400
6629 9399
6630 6579
6631 6580
6632 6581
6633 6582
6634 6583
6635 6584
6636 6585
6637 6586
6638 6587
6639 6588
6640 6589
6641 6590
6642 6592
6643 6591
6644 6593
6645 6594
6646 6595
6647 6596
6648 6597
6649 6598
6650 6599
6651 6600
6652 6601
6653 6602
6654 6603
6655 6604
6656 6605
6657 6606
6658 6607
6659 6608
6660 6609
6661 6610
6662 6611
6663 6612
6664 6613
6665 6614
6666 6615
6667 6616
6668 6617
6669 6618
6670 6619
6671 6620
6672 6621
6673 6622
6674 6623
6675 6624
6676 6625
6677 6626
6678 6627
6679 6628
6680 6629
6681 6630
6682 6631
6683 6632
6684 6633
6685 6634
6686 6635
6687 6636
6688 6637
6689 6638
6690 6639
6691 6640
6692 6641
6693 6642
6694 6643
6695 6644
6696 6646
6697 6645
6698 6647
6699 6648
6700 6649
6701 6652
6702 6651
6703 6653
6704 6654
6705 6655
6706 6656
6707 6662
6708 6663
6709 6664
6710 6665
6711 6666
6712 6667
6713 6668
6714 6669
6715 6670
6716 6671
6717 6672
6718 6673
6719 6674
6720 6675
6721 6676
6722 6677
6723 6678
6724 6679
6725 6680
6726 6681
6727 6682
6728 6683
6729 6684
6730 6685
6731 6686
6732 6687
6733 6688
6734 6689
6735 6690
6736 6691
6737 6692
6738 6693
6739 6694
6740 6695
6741 6697
6742 6696
6743 6698
6744 6699
6745 6700
6746 6701
6747 6702
6748 6703
6749 6704
6750 6705
6751 6706
6752 6707
6753 6708
6754 6709
6755 6710
6756 6711
6757 6712
6758 6713
6759 6714
6760 6715
6761 6716
6762 6717
6763 6718
6764 6719
6765 6720
6766 6721
6767 6722
6768 6723
6769 6724
6770 6725
6771 6726
6772 6727
6773 6728
6774 6729
6775 6730
6776 6731
6777 6732
6778 6733
6779 6734
6780 6735
6781 6737
6782 6736
6783 7642
6784 6738
6785 6739
6786 6740
6787 6741
6788 6743
6789 6744
6790 6742
6791 6745
6792 6746
6793 6747
6794 6748
6795 6749
6796 6750
6797 6751
6798 6752
6799 6753
6800 6754
6801 6755
6802 6756
6803 6757
6804 6758
6805 6759
6806 6760
6807 6761
6808 6762
6809 6763
6810 6764
6811 6765
6812 6766
6813 6767
6814 6768
6815 6769
6816 6770
6817 6771
6818 6772
6819 6773
6820 6774
6821 6775
6822 6776
6823 6777
6824 6778
6825 6779
6826 6780
6827 6781
6828 6782
6829 6783
6830 6784
6831 6785
6832 6786
6833 6789
6834 6788
6835 6790
6836 6791
6837 6792
6838 6793
6839 6794
6840 6795
6841 6796
6842 6797
6843 6798
6844 6799
6845 6800
6846 6801
6847 6802
6848 6803
6849 6804
6850 6805
6851 6807
6852 6808
6853 6809
6854 6810
6855 6811
6856 6814
6857 6812
6858 6813
6859 6815
6860 6816
6861 6817
6862 6818
6863 6819
6864 6820
6865 6821
6866 6822
6867 6823
6868 6824
6869 6825
6870 6826
6871 6827
6872 6828
6873 6829
6874 6830
6875 6831
6876 6832
6877 6833
6878 6834
6879 6835
6880 6836
6881 6837
6882 6838
6883 6839
6884 6840
6885 6841
6886 6842
6887 6843
6888 6844
6889 6845
6890 6846
6891 6847
6892 6848
6893 6849
6894 6850
6895 6851
6896 6852
6897 6853
6898 6854
6899 6855
6900 6856
6901 6857
6902 6858
6903 6859
6904 6860
6905 6861
6906 6862
6907 6863
6908 6864
6909 6865
6910 6866
6911 6867
6912 6868
6913 6869
6914 6873
6915 6872
6916 6875
6917 6874
6918 6876
6919 6877
6920 6878
6921 6879
6922 6880
6923 6881
6924 6882
6925 6883
6926 6884
6927 6885
6928 6886
6929 6887
6930 6888
6931 6889
6932 6890
6933 6891
6934 6892
6935 6893
6936 6894
6937 6896
6938 6895
6939 6897
6940 6898
6941 6899
6942 6900
6943 6901
6944 6902
6945 6903
6946 6904
6947 6905
6948 6906
6949 6907
6950 6908
6951 6909
6952 6910
6953 6911
6954 6912
6955 6913
6956 6914
6957 6915
6958 6916
6959 6917
6960 6918
6961 6919
6962 6920
6963 6921
6964 6922
6965 6923
6966 6924
6967 6925
6968 6926
6969 6927
6970 6928
6971 6929
6972 6930
6973 6931
6974 6932
6975 6933
6976 6934
6977 6935
6978 6936
6979 6937
6980 6938
6981 6939
6982 6940
6983 6941
6984 6942
6985 6943
6986 6944
6987 6945
6988 6946
6989 6947
6990 6948
6991 6949
6992 6950
6993 6951
6994 6952
6995 6953
6996 6954
6997 6955
6998 6956
6999 6957
7000 6958
7001 6959
7002 6960
7003 6961
7004 6962
7005 6963
7006 6964
7007 6965
7008 6966
7009 6967
7010 6968
7011 6969
7012 6970
7013 6971
7014 6972
7015 6973
7016 6974
7017 6975
7018 6976
7019 6977
7020 6978
7021 6979
7022 6980
7023 6981
7024 6982
7025 6983
7026 6984
7027 6985
7028 6986
7029 6987
7030 6988
7031 6989
7032 6990
7033 6991
7034 6992
7035 6993
7036 6994
7037 6995
7038 6996
7039 6999
7040 7000
7041 7001
7042 7002
7043 7003
7044 7004
7045 7005
7046 7006
7047 7007
7048 7008
7049 7009
7050 7010
7051 7011
7052 7012
7053 7013
7054 7014
7055 7016
7056 7015
7057 7017
7058 7018
7059 7020
7060 7019
7061 7021
7062 7022
7063 7023
7064 7024
7065 7025
7066 7026
7067 7027
7068 7028
7069 7030
7070 7029
7071 7031
7072 7032
7073 7033
7074 7035
7075 7036
7076 7034
7077 7037
7078 7038
7079 7039
7080 7040
7081 7041
7082 7042
7083 7044
7084 7046
7085 7045
7086 7043
7087 7047
7088 7048
7089 7049
7090 7050
7091 7051
7092 7052
7093 7053
7094 7054
7095 7055
7096 7056
7097 7057
7098 7058
7099 7059
7100 7060
7101 7061
7102 7062
7103 7063
7104 7064
7105 7065
7106 7066
7107 7067
7108 7068
7109 7069
7110 7070
7111 7071
7112 7072
7113 7073
7114 7074
7115 7075
7116 7076
7117 7077
7118 7078
7119 7079
7120 7080
7121 7081
7122 7082
7123 7083
7124 7084
7125 7085
7126 7086
7127 7087
7128 7090
7129 7089
7130 7088
7131 7091
7132 7092
7133 7093
7134 7094
7135 7095
7136 7096
7137 7097
7138 7098
7139 7099
7140 7100
7141 7101
7142 7103
7143 7102
7144 7104
7145 7108
7146 7107
7147 7106
7148 7105
7149 7109
7150 7110
7151 7111
7152 7112
7153 7113
7154 7114
7155 7115
7156 7116
7157 7117
7158 7124
7159 7123
7160 7122
7161 7121
7162 7120
7163 7119
7164 7118
7165 7125
7166 7126
7167 7127
7168 7128
7169 7129
7170 7130
7171 7131
7172 7132
7173 7133
7174 7134
7175 7135
7176 7136
7177 7137
7178 7138
7179 7139
7180 7140
7181 7141
7182 7142
7183 7143
7184 7144
7185 7145
7186 7146
7187 7147
7188 7148
7189 7149
7190 7150
7191 7151
7192 7152
7193 7153
7194 7154
7195 7155
7196 7156
7197 7157
7198 7158
7199 7159
7200 7160
7201 7161
7202 7162
7203 7163
7204 7164
7205 7165
7206 7166
7207 7167
7208 7168
7209 7169
7210 7170
7211 7171
7212 7172
7213 7173
7214 7174
7215 7175
7216 7176
7217 7177
7218 7178
7219 7179
7220 7180
7221 7181
7222 7182
7223 7183
7224 7184
7225 7185
7226 7186
7227 7187
7228 7188
7229 7189
7230 7190
7231 7191
7232 7192
7233 7193
7234 7194
7235 7195
7236 7196
7237 7197
7238 7198
7239 7199
7240 7200
7241 7201
7242 7202
7243 7203
7244 7204
7245 7205
7246 7206
7247 7207
7248 7208
7249 7209
7250 7210
7251 7211
7252 7213
7253 7212
7254 7214
7255 7215
7256 7216
7257 7217
7258 7218
7259 7219
7260 7220
7261 7221
7262 7222
7263 9449
7264 7789
7265 7223
7266 7224
7267 7225
7268 7226
7269 7227
7270 7228
7271 7229
7272 7230
7273 7231
7274 7233
7275 7232
7276 7234
7277 7235
7278 7236
7279 7237
7280 7238
7281 7239
7282 7241
7283 7240
7284 7242
7285 7243
7286 7244
7287 7245
7288 7246
7289 7247
7290 7248
7291 7249
7292 7250
7293 7251
7294 7252
7295 7253
7296 7254
7297 7255
7298 7256
7299 7257
7300 7258
7301 7259
7302 7260
7303 7261
7304 7263
7305 7264
7306 7262
7307 7265
7308 7266
7309 7267
7310 7268
7311 7269
7312 7270
7313 7271
7314 7272
7315 7273
7316 7274
7317 7275
7318 7276
7319 7277
7320 7278
7321 7279
7322 7280
7323 7281
7324 7282
7325 7283
7326 7284
7327 7286
7328 7288
7329 7287
7330 7285
7331 7289
7332 7290
7333 7291
7334 7292
7335 7293
7336 7294
7337 7295
7338 7296
7339 7297
7340 7298
7341 7299
7342 7300
7343 7301
7344 7302
7345 7303
7346 7304
7347 7305
7348 7306
7349 7307
7350 7308
7351 7309
7352 7310
7353 7311
7354 7312
7355 7313
7356 7314
7357 7315
7358 7316
7359 7317
7360 7318
7361 7319
7362 7320
7363 7321
7364 7323
7365 7322
7366 7324
7367 7325
7368 7326
7369 7327
7370 7328
7371 7329
7372 7330
7373 7331
7374 7332
7375 7333
7376 7334
7377 7335
7378 7336
7379 7337
7380 7338
7381 7339
7382 7340
7383 7341
7384 7342
7385 7343
7386 7344
7387 7345
7388 7346
7389 7347
7390 7348
7391 7349
7392 7350
7393 7351
7394 7352
7395 7353
7396 7354
7397 7355
7398 7356
7399 7357
7400 7358
7401 7359
7402 7360
7403 7361
7404 7362
7405 7363
7406 7364
7407 7365
7408 7366
7409 7367
7410 7368
7411 7369
7412 7370
7413 7371
7414 7372
7415 7373
7416 7374
7417 7375
7418 7376
7419 7377
7420 7378
7421 7379
7422 7380
7423 7381
7424 7382
7425 7383
7426 7384
7427 7385
7428 7386
7429 7387
7430 7388
7431 7389
7432 7390
7433 7391
7434 7392
7435 7393
7436 7394
7437 7395
7438 7396
7439 7397
7440 7398
7441 7399
7442 7400
7443 7401
7444 7402
7445 7403
7446 7404
7447 7405
7448 7406
7449 7407
7450 7408
7451 7409
7452 7410
7453 7411
7454 7412
7455 7413
7456 7414
7457 7415
7458 7416
7459 7417
7460 7418
7461 7419
7462 7420
7463 7421
7464 7422
7465 7423
7466 7424
7467 7425
7468 7426
7469 7427
7470 7428
7471 7429
7472 7430
7473 7431
7474 7432
7475 7433
7476 7434
7477 7435
7478 7436
7479 7437
7480 7438
7481 7439
7482 7440
7483 7441
7484 7442
7485 7443
7486 7444
7487 7445
7488 7446
7489 7447
7490 7448
7491 7449
7492 7450
7493 7451
7494 7452
7495 7453
7496 7454
7497 7455
7498 7456
7499 7457
7500 7458
7501 7459
7502 7460
7503 7461
7504 7462
7505 7463
7506 7464
7507 7466
7508 7465
7509 7467
7510 7468
7511 7469
7512 7470
7513 7471
7514 7472
7515 7473
7516 7474
7517 7475
7518 7476
7519 7477
7520 7478
7521 7479
7522 7480
7523 7481
7524 7482
7525 7483
7526 7484
7527 7485
7528 7486
7529 7487
7530 7488
7531 7489
7532 7490
7533 7491
7534 7492
7535 7493
7536 7494
7537 7495
7538 7496
7539 7497
7540 7498
7541 7499
7542 7500
7543 7501
7544 7502
7545 7503
7546 7504
7547 7505
7548 7507
7549 7508
7550 7510
7551 7511
7552 7512
7553 7514
7554 7515
7555 7516
7556 7517
7557 7518
7558 7519
7559 7520
7560 7521
7561 7522
7562 7523
7563 7524
7564 7525
7565 7526
7566 7527
7567 7528
7568 7529
7569 7530
7570 7531
7571 7532
7572 7533
7573 7534
7574 7535
7575 7536
7576 7537
7577 7538
7578 7539
7579 7540
7580 7541
7581 7542
7582 7543
7583 7544
7584 7545
7585 7546
7586 7547
7587 7548
7588 7549
7589 7550
7590 7551
7591 7552
7592 7553
7593 7554
7594 7555
7595 7556
7596 7557
7597 7558
7598 7559
7599 7560
7600 7561
7601 7566
7602 7565
7603 7564
7604 7563
7605 7562
7606 7567
7607 7568
7608 7569
7609 7570
7610 7571
7611 7572
7612 7573
7613 7574
7614 7575
7615 7576
7616 7577
7617 7578
7618 7579
7619 7580
7620 7581
7621 7582
7622 7583
7623 7584
7624 7585
7625 7587
7626 7586
7627 7588
7628 7589
7629 7590
7630 7591
7631 7592
7632 7593
7633 7594
7634 7596
7635 7595
7636 7597
7637 7598
7638 7599
7639 7600
7640 7601
7641 7602
7642 7603
7643 7604
7644 7605
7645 7606
7646 7607
7647 7608
7648 7610
7649 7611
7650 7612
7651 7613
7652 7614
7653 7615
7654 7616
7655 7617
7656 7618
7657 7619
7658 7620
7659 7621
7660 7623
7661 7622
7662 7624
7663 7625
7664 7626
7665 7627
7666 7628
7667 7629
7668 7630
7669 7631
7670 7632
7671 7634
7672 7633
7673 7635
7674 7644
7675 7643
7676 7641
7677 7640
7678 7639
7679 7637
7680 7636
7681 7929
7682 7928
7683 7645
7684 7646
7685 7647
7686 7653
7687 7652
7688 7651
7689 7650
7690 7649
7691 7648
7692 7654
7693 7655
7694 7657
7695 7658
7696 7656
7697 7659
7698 7660
7699 7661
7700 7662
7701 7665
7702 7666
7703 7667
7704 7668
7705 7669
7706 7670
7707 7671
7708 7672
7709 7673
7710 7674
7711 7675
7712 7676
7713 7677
7714 7678
7715 7679
7716 7680
7717 7681
7718 7683
7719 7682
7720 7686
7721 7685
7722 7687
7723 7688
7724 7689
7725 7690
7726 7691
7727 7692
7728 7693
7729 7694
7730 7695
7731 7696
7732 7697
7733 7698
7734 7699
7735 7700
7736 7701
7737 7702
7738 7703
7739 7704
7740 7705
7741 7706
7742 7707
7743 7708
7744 7709
7745 7710
7746 7711
7747 7712
7748 7713
7749 7714
7750 7715
7751 7716
7752 7717
7753 7718
7754 7719
7755 7720
7756 7721
7757 7722
7758 7723
7759 7724
7760 7725
7761 7726
7762 7727
7763 7728
7764 7729
7765 7730
7766 7731
7767 7732
7768 7733
7769 7734
7770 7735
7771 7736
7772 7737
7773 7738
7774 7739
7775 7741
7776 7740
7777 7742
7778 7743
7779 7744
7780 7745
7781 7746
7782 7747
7783 7748
7784 7749
7785 7750
7786 7751
7787 7753
7788 7752
7789 7754
7790 7755
7791 7756
7792 7757
7793 7758
7794 7759
7795 7760
7796 7761
7797 7762
7798 7763
7799 7764
7800 7765
7801 7766
7802 7767
7803 7768
7804 7770
7805 7777
7806 7776
7807 7775
7808 7774
7809 7773
7810 7772
7811 7771
7812 7769
7813 7778
7814 7779
7815 7780
7816 7781
7817 7783
7818 7782
7819 7784
7820 7785
7821 7786
7822 7793
7823 7792
7824 7791
7825 7790
7826 7788
7827 7787
7828 7794
7829 7795
7830 7796
7831 7797
7832 7798
7833 7799
7834 7800
7835 7801
7836 7802
7837 7803
7838 7804
7839 7805
7840 7806
7841 7807
7842 7808
7843 7809
7844 7810
7845 7811
7846 7812
7847 7813
7848 7814
7849 7815
7850 7816
7851 7817
7852 7818
7853 7819
7854 7820
7855 7821
7856 7822
7857 7823
7858 7824
7859 7825
7860 7827
7861 7826
7862 7828
7863 7829
7864 7830
7865 7831
7866 7832
7867 7834
7868 7833
7869 7835
7870 7836
7871 7837
7872 7838
7873 7839
7874 7840
7875 7841
7876 7842
7877 7843
7878 7844
7879 7845
7880 7846
7881 7847
7882 7848
7883 7849
7884 7850
7885 7852
7886 7851
7887 7853
7888 7854
7889 7855
7890 7856
7891 7857
7892 7858
7893 7859
7894 7860
7895 7861
7896 7862
7897 7863
7898 7864
7899 7865
7900 7866
7901 7867
7902 7868
7903 7869
7904 7871
7905 7870
7906 7872
7907 7873
7908 7874
7909 7875
7910 7876
7911 7877
7912 7878
7913 7879
7914 7880
7915 7881
7916 7882
7917 7883
7918 7884
7919 7885
7920 7886
7921 7887
7922 7888
7923 7889
7924 7890
7925 7891
7926 7892
7927 7893
7928 7894
7929 7895
7930 7897
7931 7896
7932 7898
7933 7899
7934 7900
7935 7901
7936 7902
7937 7903
7938 7904
7939 7905
7940 7906
7941 7907
7942 7908
7943 7909
7944 7910
7945 7911
7946 7912
7947 7913
7948 7914
7949 7915
7950 7916
7951 7917
7952 7918
7953 7919
7954 7920
7955 7921
7956 7922
7957 7923
7958 7924
7959 7925
7960 7926
7961 7927
7962 7930
7963 7931
7964 7932
7965 7933
7966 7934
7967 7935
7968 7936
7969 7937
7970 7938
7971 7939
7972 7940
7973 7941
7974 7942
7975 7943
7976 7944
7977 7945
7978 7946
7979 7947
7980 7948
7981 7949
7982 7950
7983 7951
7984 7952
7985 7953
7986 7954
7987 7955
7988 7956
7989 7957
7990 7958
7991 7959
7992 7960
7993 7961
7994 7962
7995 7963
7996 7964
7997 7965
7998 7966
7999 7967
8000 7968
8001 7969
8002 7970
8003 7971
8004 7972
8005 7973
8006 7974
8007 7975
8008 7976
8009 7977
8010 7978
8011 7979
8012 7980
8013 7981
8014 7982
8015 7983
8016 7984
8017 7985
8018 7986
8019 7987
8020 7988
8021 7989
8022 7990
8023 7991
8024 7992
8025 7993
8026 7994
8027 7995
8028 7996
8029 7997
8030 7998
8031 7999
8032 8000
8033 8001
8034 8002
8035 8003
8036 8004
8037 8005
8038 8006
8039 8007
8040 8008
8041 8009
8042 8010
8043 8011
8044 8012
8045 8013
8046 8014
8047 8015
8048 8016
8049 8017
8050 8018
8051 8019
8052 8020
8053 8021
8054 8022
8055 8023
8056 8024
8057 8025
8058 8026
8059 8027
8060 8028
8061 8029
8062 8030
8063 8031
8064 8032
8065 8034
8066 8035
8067 8036
8068 8037
8069 8038
8070 8039
8071 8040
8072 8041
8073 8043
8074 8042
8075 8044
8076 8045
8077 8046
8078 8047
8079 8048
8080 8049
8081 8050
8082 8051
8083 8052
8084 8053
8085 8054
8086 8055
8087 8056
8088 8057
8089 8058
8090 8060
8091 8059
8092 8061
8093 8062
8094 8063
8095 8064
8096 8065
8097 8066
8098 8067
8099 8068
8100 8069
8101 8070
8102 8071
8103 8072
8104 8073
8105 8075
8106 8074
8107 8076
8108 8077
8109 8078
8110 8079
8111 8080
8112 8081
8113 8082
8114 8083
8115 8084
8116 8085
8117 8086
8118 8087
8119 8090
8120 8091
8121 8092
8122 8093
8123 8094
8124 8095
8125 8096
8126 8098
8127 8102
8128 8101
8129 8100
8130 8099
8131 8097
8132 8103
8133 8104
8134 8105
8135 8106
8136 8107
8137 8108
8138 8109
8139 8110
8140 8111
8141 8112
8142 8113
8143 8114
8144 8115
8145 8116
8146 8117
8147 8118
8148 8119
8149 8120
8150 8121
8151 8122
8152 8123
8153 8124
8154 8125
8155 8126
8156 8127
8157 8128
8158 8129
8159 8130
8160 8131
8161 8132
8162 8133
8163 8134
8164 8135
8165 8136
8166 8137
8167 8139
8168 8138
8169 8141
8170 8151
8171 8150
8172 8149
8173 8148
8174 8147
8175 8146
8176 8145
8177 8144
8178 8143
8179 8142
8180 8140
8181 9155
8182 8152
8183 8153
8184 8154
8185 8155
8186 8156
8187 8157
8188 8158
8189 8159
8190 8160
8191 8161
8192 8162
8193 8163
8194 8164
8195 8165
8196 8166
8197 8167
8198 8168
8199 8169
8200 8170
8201 8171
8202 8172
8203 8173
8204 8175
8205 8174
8206 8176
8207 8177
8208 8178
8209 8179
8210 8180
8211 8181
8212 8182
8213 8183
8214 8184
8215 8185
8216 8186
8217 8187
8218 8188
8219 8189
8220 8190
8221 8191
8222 8192
8223 8193
8224 8194
8225 8195
8226 8196
8227 8197
8228 8198
8229 8199
8230 8200
8231 8201
8232 8202
8233 8203
8234 8204
8235 8205
8236 8206
8237 8207
8238 8208
8239 8209
8240 8210
8241 8211
8242 8212
8243 8213
8244 8214
8245 8215
8246 8216
8247 8217
8248 8218
8249 8219
8250 8220
8251 8221
8252 8222
8253 8223
8254 8224
8255 8225
8256 8226
8257 8228
8258 8229
8259 8230
8260 8231
8261 8232
8262 8233
8263 8234
8264 8235
8265 8236
8266 8237
8267 8238
8268 8239
8269 8240
8270 8241
8271 8242
8272 8243
8273 8244
8274 8245
8275 8246
8276 8247
8277 8248
8278 8249
8279 8251
8280 8250
8281 8252
8282 8253
8283 8254
8284 8255
8285 8256
8286 8257
8287 8258
8288 8259
8289 8260
8290 8261
8291 8262
8292 8263
8293 8264
8294 8265
8295 8266
8296 8268
8297 8269
8298 8270
8299 8271
8300 8272
8301 8273
8302 8274
8303 8275
8304 8276
8305 8277
8306 8278
8307 8279
8308 8280
8309 8281
8310 8282
8311 8283
8312 8284
8313 8285
8314 8286
8315 8287
8316 8288
8317 8289
8318 8290
8319 8291
8320 8292
8321 8293
8322 8294
8323 8295
8324 8296
8325 8297
8326 8298
8327 8299
8328 8300
8329 8301
8330 8302
8331 8303
8332 8304
8333 8305
8334 8306
8335 8307
8336 8308
8337 8309
8338 8310
8339 8311
8340 8312
8341 8313
8342 8314
8343 8315
8344 8316
8345 8317
8346 8318
8347 8319
8348 8320
8349 8321
8350 8322
8351 8323
8352 8324
8353 8325
8354 8326
8355 8327
8356 8328
8357 8329
8358 8330
8359 8331
8360 8332
8361 8333
8362 8335
8363 8336
8364 8337
8365 8338
8366 8339
8367 8340
8368 8341
8369 8342
8370 8343
8371 8344
8372 8345
8373 8346
8374 8347
8375 8348
8376 8349
8377 8350
8378 8353
8379 8352
8380 8351
8381 8354
8382 8355
8383 8356
8384 8357
8385 8358
8386 8359
8387 8360
8388 8361
8389 8362
8390 8363
8391 8364
8392 8365
8393 8366
8394 8367
8395 8368
8396 8369
8397 8370
8398 8371
8399 8372
8400 8373
8401 8374
8402 8375
8403 8376
8404 8377
8405 8378
8406 8379
8407 8380
8408 8381
8409 8382
8410 8383
8411 8384
8412 8385
8413 8386
8414 8387
8415 8388
8416 8389
8417 8390
8418 8391
8419 8392
8420 8393
8421 8394
8422 8395
8423 8396
8424 8397
8425 8398
8426 8399
8427 8400
8428 8401
8429 8402
8430 8403
8431 8404
8432 8405
8433 8406
8434 8407
8435 8408
8436 8409
8437 8410
8438 8411
8439 8412
8440 8413
8441 8414
8442 8415
8443 8416
8444 8417
8445 8418
8446 8419
8447 8420
8448 8421
8449 8422
8450 8423
8451 8424
8452 8425
8453 8426
8454 8427
8455 8428
8456 8429
8457 8430
8458 8431
8459 8432
8460 8433
8461 8434
8462 8435
8463 8436
8464 8437
8465 8438
8466 8439
8467 8440
8468 8441
8469 8442
8470 8443
8471 8444
8472 8445
8473 8446
8474 8447
8475 8448
8476 8449
8477 8450
8478 8451
8479 8452
8480 8453
8481 8454
8482 8455
8483 8456
8484 8457
8485 8458
8486 8459
8487 8460
8488 8461
8489 8462
8490 8463
8491 8464
8492 8465
8493 9053
8494 8466
8495 8467
8496 8468
8497 8469
8498 8470
8499 8471
8500 8472
8501 8473
8502 8474
8503 8475
8504 8476
8505 8477
8506 8478
8507 8479
8508 8480
8509 8481
8510 8482
8511 8483
8512 8484
8513 8485
8514 8486
8515 8487
8516 8488
8517 8489
8518 8490
8519 8491
8520 8492
8521 8493
8522 8494
8523 8495
8524 8496
8525 8497
8526 8498
8527 8499
8528 8500
8529 8501
8530 8502
8531 8503
8532 8504
8533 8505
8534 8506
8535 8507
8536 8508
8537 8509
8538 8510
8539 8511
8540 8512
8541 8513
8542 8514
8543 8515
8544 8516
8545 8517
8546 8518
8547 8519
8548 8520
8549 8521
8550 8522
8551 8523
8552 8524
8553 8525
8554 8526
8555 8527
8556 8528
8557 8529
8558 8530
8559 8531
8560 8532
8561 8538
8562 8537
8563 8536
8564 8535
8565 8534
8566 8533
8567 9127
8568 8539
8569 8540
8570 8541
8571 8542
8572 8543
8573 8544
8574 8545
8575 8546
8576 8547
8577 8548
8578 8549
8579 8550
8580 8551
8581 8552
8582 8553
8583 8554
8584 8555
8585 8556
8586 8557
8587 8558
8588 8559
8589 9307
8590 8975
8591 8563
8592 8564
8593 8565
8594 8566
8595 8567
8596 8568
8597 8569
8598 8570
8599 8571
8600 8572
8601 8573
8602 8574
8603 8575
8604 8576
8605 8577
8606 8578
8607 8579
8608 8580
8609 8581
8610 8582
8611 8583
8612 8584
8613 8585
8614 8586
8615 8587
8616 8588
8617 8589
8618 8590
8619 8591
8620 8592
8621 8593
8622 8594
8623 8595
8624 8596
8625 8597
8626 8598
8627 8599
8628 8600
8629 8601
8630 8602
8631 8603
8632 8604
8633 8605
8634 8606
8635 8607
8636 8608
8637 8609
8638 8610
8639 8611
8640 8612
8641 8613
8642 8614
8643 8615
8644 8617
8645 8644
8646 8643
8647 8642
8648 8641
8649 8640
8650 8639
8651 8638
8652 8637
8653 8636
8654 8635
8655 8634
8656 8633
8657 8632
8658 8631
8659 8630
8660 8629
8661 8628
8662 8627
8663 8626
8664 8625
8665 8624
8666 8623
8667 8622
8668 8621
8669 8620
8670 8618
8671 8616
8672 8645
8673 8646
8674 8647
8675 8648
8676 8649
8677 8650
8678 8651
8679 8652
8680 8653
8681 8654
8682 8655
8683 8656
8684 8657
8685 8658
8686 8659
8687 8660
8688 8662
8689 8661
8690 8663
8691 8664
8692 8665
8693 8666
8694 8667
8695 8668
8696 8669
8697 8670
8698 8671
8699 8672
8700 8673
8701 8674
8702 8675
8703 8676
8704 8678
8705 8679
8706 8680
8707 8681
8708 8682
8709 8683
8710 8684
8711 8685
8712 8686
8713 8687
8714 8688
8715 8689
8716 8690
8717 8691
8718 8692
8719 8693
8720 8694
8721 8695
8722 8696
8723 8697
8724 8698
8725 8700
8726 8701
8727 8699
8728 8702
8729 8703
8730 8704
8731 8705
8732 8706
8733 8707
8734 8708
8735 8710
8736 8709
8737 8711
8738 8712
8739 8713
8740 8714
8741 8715
8742 8716
8743 8717
8744 8718
8745 8720
8746 8719
8747 8721
8748 8722
8749 8723
8750 8724
8751 8726
8752 8725
8753 8727
8754 8728
8755 8729
8756 8730
8757 8731
8758 8732
8759 8733
8760 8734
8761 8735
8762 8736
8763 8737
8764 8738
8765 8739
8766 8740
8767 8741
8768 8742
8769 8743
8770 8744
8771 8746
8772 8745
8773 8747
8774 8748
8775 8749
8776 8750
8777 8751
8778 8752
8779 8753
8780 8754
8781 8755
8782 8756
8783 8757
8784 8758
8785 8759
8786 8760
8787 8761
8788 8762
8789 8763
8790 8764
8791 8765
8792 8766
8793 8767
8794 8768
8795 8769
8796 8770
8797 8771
8798 8772
8799 8773
8800 8774
8801 8775
8802 8776
8803 8777
8804 8778
8805 8779
8806 8780
8807 8781
8808 8782
8809 8783
8810 8784
8811 8785
8812 8786
8813 8787
8814 8788
8815 8789
8816 8790
8817 8791
8818 8792
8819 8793
8820 8794
8821 8795
8822 8796
8823 8798
8824 8799
8825 8800
8826 8801
8827 8802
8828 8803
8829 8804
8830 8805
8831 8806
8832 8807
8833 8808
8834 8809
8835 8810
8836 8811
8837 8812
8838 8813
8839 8814
8840 8815
8841 8816
8842 8817
8843 8818
8844 8819
8845 8820
8846 8821
8847 8822
8848 8823
8849 8824
8850 8825
8851 8826
8852 8827
8853 8828
8854 8829
8855 8830
8856 8831
8857 8832
8858 8833
8859 8834
8860 8835
8861 8836
8862 8837
8863 8838
8864 8839
8865 8840
8866 8841
8867 8842
8868 8843
8869 8844
8870 8845
8871 9426
8872 8846
8873 8847
8874 8848
8875 8849
8876 8850
8877 8851
8878 8852
8879 8853
8880 8854
8881 8855
8882 8856
8883 8857
8884 8858
8885 8859
8886 8860
8887 8861
8888 8862
8889 8864
8890 8863
8891 8865
8892 8866
8893 8867
8894 8868
8895 8869
8896 8870
8897 8871
8898 8872
8899 8873
8900 8874
8901 8875
8902 8876
8903 8877
8904 8878
8905 8879
8906 8880
8907 8881
8908 8882
8909 8884
8910 8883
8911 8885
8912 8886
8913 8887
8914 8888
8915 8889
8916 8890
8917 8891
8918 8892
8919 8893
8920 8894
8921 8895
8922 8896
8923 8897
8924 8898
8925 8899
8926 8900
8927 8901
8928 8902
8929 8903
8930 8904
8931 8905
8932 8906
8933 8907
8934 8908
8935 8909
8936 8910
8937 8911
8938 8912
8939 8913
8940 8914
8941 8915
8942 8916
8943 8917
8944 8918
8945 8919
8946 8920
8947 8921
8948 8922
8949 8923
8950 8924
8951 8925
8952 8926
8953 8927
8954 8928
8955 8930
8956 8929
8957 8931
8958 8932
8959 8933
8960 8934
8961 8935
8962 8936
8963 8937
8964 8938
8965 8939
8966 8940
8967 8941
8968 8942
8969 8943
8970 8944
8971 8945
8972 8946
8973 8947
8974 8948
8975 8949
8976 8950
8977 8951
8978 8952
8979 8953
8980 8954
8981 8955
8982 8956
8983 8957
8984 8958
8985 8959
8986 8960
8987 8961
8988 8962
8989 8963
8990 8964
8991 8965
8992 8966
8993 8967
8994 8968
8995 8974
8996 8972
8997 8971
8998 8970
8999 8969
9000 8973
9001 9029
9002 9311
9003 9310
9004 9309
9005 9308
9006 9306
9007 9305
9008 9304
9009 9302
9010 9301
9011 9300
9012 8976
9013 8977
9014 8980
9015 8981
9016 8982
9017 8983
9018 8984
9019 8986
9020 8985
9021 8987
9022 8988
9023 8989
9024 8990
9025 8991
9026 8992
9027 8993
9028 8994
9029 8995
9030 8996
9031 8997
9032 8998
9033 8999
9034 9000
9035 9001
9036 9002
9037 9003
9038 9004
9039 9005
9040 9006
9041 9007
9042 9008
9043 9009
9044 9010
9045 9011
9046 9012
9047 9013
9048 9014
9049 9015
9050 9016
9051 9017
9052 9018
9053 9019
9054 9020
9055 9021
9056 9022
9057 9023
9058 9024
9059 9025
9060 9026
9061 9027
9062 9028
9063 9030
9064 9031
9065 9032
9066 9033
9067 9034
9068 9035
9069 9036
9070 9037
9071 9038
9072 9039
9073 9040
9074 9041
9075 9042
9076 9043
9077 9044
9078 9045
9079 9046
9080 9047
9081 9048
9082 9049
9083 9050
9084 9051
9085 9052
9086 9054
9087 9055
9088 9056
9089 9057
9090 9058
9091 9059
9092 9060
9093 9061
9094 9062
9095 9063
9096 9064
9097 9065
9098 9066
9099 9067
9100 9068
9101 9069
9102 9070
9103 9071
9104 9072
9105 9073
9106 9074
9107 9075
9108 9076
9109 9081
9110 9082
9111 9083
9112 9084
9113 9085
9114 9087
9115 9086
9116 9088
9117 9089
9118 9090
9119 9091
9120 9092
9121 9093
9122 9094
9123 9095
9124 9096
9125 9097
9126 9098
9127 9099
9128 9100
9129 9101
9130 9102
9131 9103
9132 9104
9133 9105
9134 9106
9135 9108
9136 9107
9137 9109
9138 9110
9139 9111
9140 9112
9141 9113
9142 9114
9143 9115
9144 9116
9145 9117
9146 9118
9147 9119
9148 9120
9149 9121
9150 9122
9151 9123
9152 9124
9153 9125
9154 9126
9155 9128
9156 9129
9157 9130
9158 9131
9159 9132
9160 9133
9161 9134
9162 9135
9163 9136
9164 9137
9165 9138
9166 9144
9167 9139
9168 9140
9169 9141
9170 9142
9171 9143
9172 9145
9173 9146
9174 9147
9175 9148
9176 9149
9177 9150
9178 9151
9179 9152
9180 9153
9181 9154
9182 9156
9183 9157
9184 9158
9185 9159
9186 9160
9187 9161
9188 9162
9189 9163
9190 9164
9191 9165
9192 9166
9193 9167
9194 9168
9195 9169
9196 9170
9197 9171
9198 9172
9199 9173
9200 9174
9201 9175
9202 9176
9203 9177
9204 9178
9205 9179
9206 9180
9207 9181
9208 9182
9209 9183
9210 9184
9211 9185
9212 9186
9213 9187
9214 9188
9215 9190
9216 9191
9217 9192
9218 9193
9219 9194
9220 9195
9221 9196
9222 9197
9223 9198
9224 9199
9225 9200
9226 9201
9227 9202
9228 9203
9229 9204
9230 9205
9231 9206
9232 9207
9233 9208
9234 9210
9235 9211
9236 9212
9237 9213
9238 9214
9239 9215
9240 9216
9241 9217
9242 9218
9243 9219
9244 9220
9245 9221
9246 9222
9247 9223
9248 9225
9249 9224
9250 9226
9251 9227
9252 9228
9253 9251
9254 9250
9255 9249
9256 9248
9257 9247
9258 9246
9259 9245
9260 9244
9261 9243
9262 9242
9263 9241
9264 9240
9265 9239
9266 9238
9267 9237
9268 9236
9269 9235
9270 9234
9271 9233
9272 9232
9273 9231
9274 9230
9275 9229
9276 9266
9277 9265
9278 9264
9279 9263
9280 9262
9281 9252
9282 9253
9283 9254
9284 9255
9285 9256
9286 9257
9287 9258
9288 9259
9289 9260
9290 9261
9291 9267
9292 9268
9293 9269
9294 9270
9295 9271
9296 9272
9297 9273
9298 9274
9299 9275
9300 9276
9301 9277
9302 9278
9303 9279
9304 9280
9305 9283
9306 9282
9307 9281
9308 9285
9309 9286
9310 9287
9311 9288
9312 9289
9313 9290
9314 9291
9315 9292
9316 9293
9317 9295
9318 9294
9319 9296
9320 9297
9321 9298
9322 9299
9323 9312
9324 9313
9325 9314
9326 9315
9327 9316
9328 9317
9329 9318
9330 9319
9331 9320
9332 9321
9333 9322
9334 9323
9335 9324
9336 9325
9337 9327
9338 9328
9339 9329
9340 9330
9341 9331
9342 9332
9343 9333
9344 9334
9345 9335
9346 9336
9347 9338
9348 9337
9349 9339
9350 9340
9351 9341
9352 9342
9353 9343
9354 9344
9355 9345
9356 9346
9357 9347
9358 9348
9359 9349
9360 9350
9361 9351
9362 9352
9363 9353
9364 9354
9365 9355
9366 9356
9367 9357
9368 9358
9369 9359
9370 9360
9371 9361
9372 9362
9373 9363
9374 9364
9375 9365
9376 9366
9377 9367
9378 9368
9379 9369
9380 9370
9381 9371
9382 9372
9383 9373
9384 9374
9385 9375
9386 9376
9387 9377
9388 9378
9389 9383
9390 9381
9391 9380
9392 9379
9393 9384
9394 9385
9395 9386
9396 9387
9397 9388
9398 9389
9399 9390
9400 9391
9401 9392
9402 9393
9403 9394
9404 9395
9405 9396
9406 9397
9407 9398
9408 9401
9409 9407
9410 9408
9411 9409
9412 9410
9413 9411
9414 9412
9415 9413
9416 9414
9417 9415
9418 9416
9419 9417
9420 9418
9421 9419
9422 9420
9423 9421
9424 9422
9425 9423
9426 9424
9427 9425
9428 9427
9429 9428
9430 9429
9431 9430
9432 9431
9433 9432
9434 9433
9435 9434
9436 9435
9437 9436
9438 9437
9439 9438
9440 9439
9441 9440
9442 9441
9443 9442
9444 9443
9445 9444
9446 9452
9447 9451
9448 9450
9449 9448
9450 9447
9451 9446
9452 9445
9453 9453
9454 9454
9455 9455
9456 9456
9457 9457
9458 9458
9459 9459
9460 9460
9461 9461
9462 9462
9463 9463
9464 9464
9465 9465
9466 9466
9467 9467
9468 9468
9469 9469
9470 9470
9471 9471
9472 9472
9473 9473
9474 9474
9475 9475
9476 9476
9477 9483
9478 9482
9479 9481
9480 9480
9481 9479
9482 9478
9483 9477
9484 9484
9485 9485
9486 9486
9487 9487
9488 9488
9489 9489
9490 9490
9491 9491
9492 9492
9493 9493
9494 9494
9495 9495
