0 1
1 0
2 2
3 3
4 4
5 5
6 6
7 7
8 8
9 9
10 10
11 456
12 361
13 258
14 12
15 11
16 13
17 14
18 15
19 16
20 17
21 18
22 19
23 20
24 21
25 22
26 23
27 24
28 25
29 531
30 26
31 27
32 28
33 29
34 8027
35 8026
36 7465
37 223
38 30
39 31
40 32
41 33
42 4204
43 4203
44 34
45 35
46 36
47 37
48 38
49 39
50 40
51 41
52 42
53 43
54 44
55 45
56 46
57 47
58 48
59 49
60 50
61 51
62 52
63 53
64 54
65 55
66 56
67 57
68 58
69 60
70 59
71 61
72 62
73 63
74 64
75 65
76 66
77 67
78 68
79 69
80 70
81 71
82 72
83 73
84 74
85 75
86 76
87 77
88 78
89 79
90 80
91 81
92 82
93 83
94 84
95 85
96 86
97 87
98 88
99 89
100 90
101 91
102 92
103 97
104 93
105 94
106 95
107 96
108 98
109 100
110 99
111 101
112 102
113 103
114 105
115 104
116 106
117 107
118 108
119 109
120 110
121 111
122 112
123 113
124 114
125 115
126 116
127 117
128 118
129 119
130 120
131 121
132 122
133 123
134 124
135 125
136 126
137 127
138 128
139 129
140 130
141 131
142 132
143 133
144 134
145 135
146 136
147 137
148 138
149 139
150 141
151 140
152 142
153 143
154 144
155 145
156 146
157 147
158 148
159 149
160 150
161 151
162 152
163 153
164 154
165 155
166 156
167 157
168 158
169 159
170 161
171 160
172 162
173 163
174 164
175 165
176 166
177 167
178 169
179 168
180 170
181 171
182 172
183 173
184 174
185 175
186 176
187 177
188 178
189 179
190 180
191 181
192 182
193 183
194 184
195 185
196 186
197 187
198 188
199 189
200 190
201 191
202 192
203 193
204 194
205 195
206 196
207 197
208 198
209 199
210 200
211 201
212 202
213 203
214 204
215 205
216 206
217 207
218 208
219 209
220 210
221 211
222 212
223 213
224 214
225 215
226 216
227 217
228 218
229 219
230 220
231 221
232 222
233 224
234 225
235 226
236 227
237 228
238 229
239 230
240 231
241 232
242 233
243 234
244 457
245 235
246 237
247 236
248 8957
249 238
250 239
251 240
252 242
253 241
254 243
255 244
256 245
257 246
258 247
259 248
260 249
261 250
262 251
263 252
264 253
265 254
266 255
267 256
268 257
269 259
270 260
271 261
272 262
273 263
274 264
275 265
276 266
277 267
278 268
279 269
280 270
281 271
282 272
283 274
284 273
285 275
286 276
287 277
288 279
289 281
290 280
291 278
292 5591
293 282
294 283
295 284
296 285
297 286
298 287
299 288
300 289
301 290
302 291
303 292
304 293
305 294
306 295
307 296
308 298
309 297
310 299
311 300
312 302
313 301
314 303
315 304
316 305
317 306
318 307
319 308
320 309
321 310
322 311
323 312
324 7979
325 313
326 314
327 315
328 316
329 317
330 1325
331 591
332 318
333 319
334 320
335 321
336 322
337 323
338 324
339 325
340 326
341 327
342 328
343 329
344 330
345 331
346 332
347 333
348 334
349 335
350 337
351 336
352 338
353 339
354 341
355 340
356 343
357 342
358 344
359 345
360 346
361 347
362 348
363 349
364 350
365 351
366 353
367 352
368 354
369 355
370 356
371 358
372 357
373 359
374 360
375 362
376 363
377 364
378 366
379 365
380 367
381 368
382 369
383 370
384 371
385 372
386 374
387 373
388 375
389 376
390 377
391 379
392 388
393 387
394 386
395 385
396 384
397 383
398 382
399 381
400 380
401 378
402 5916
403 6960
404 1801
405 686
406 551
407 389
408 390
409 391
410 392
411 393
412 394
413 395
414 396
415 397
416 398
417 399
418 400
419 401
420 402
421 404
422 403
423 405
424 406
425 407
426 408
427 409
428 410
429 411
430 413
431 412
432 414
433 415
434 416
435 417
436 418
437 419
438 420
439 421
440 422
441 423
442 424
443 425
444 426
445 427
446 428
447 429
448 430
449 431
450 432
451 433
452 434
453 435
454 436
455 437
456 439
457 438
458 440
459 441
460 442
461 443
462 447
463 446
464 444
465 445
466 448
467 449
468 450
469 451
470 452
471 453
472 454
473 455
474 458
475 459
476 460
477 461
478 462
479 463
480 464
481 465
482 466
483 467
484 468
485 469
486 470
487 471
488 472
489 473
490 475
491 474
492 476
493 477
494 478
495 480
496 479
497 481
498 482
499 483
500 484
501 485
502 486
503 487
504 488
505 489
506 490
507 491
508 492
509 493
510 494
511 495
512 496
513 497
514 498
515 499
516 500
517 501
518 502
519 503
520 504
521 505
522 506
523 507
524 508
525 509
526 510
527 511
528 513
529 512
530 515
531 514
532 516
533 517
534 518
535 519
536 520
537 521
538 522
539 523
540 524
541 525
542 527
543 526
544 528
545 529
546 530
547 532
548 533
549 534
550 535
551 536
552 538
553 537
554 539
555 540
556 541
557 542
558 543
559 544
560 545
561 546
562 547
563 548
564 549
565 550
566 552
567 553
568 554
569 555
570 556
571 557
572 558
573 559
574 560
575 561
576 562
577 563
578 564
579 565
580 566
581 567
582 568
583 569
584 570
585 571
586 572
587 573
588 574
589 576
590 575
591 578
592 577
593 579
594 580
595 581
596 582
597 583
598 584
599 585
600 586
601 587
602 588
603 589
604 590
605 592
606 593
607 594
608 595
609 596
610 597
611 598
612 599
613 600
614 601
615 603
616 602
617 604
618 605
619 606
620 607
621 608
622 610
623 609
624 611
625 612
626 613
627 614
628 615
629 616
630 617
631 619
632 618
633 620
634 621
635 622
636 623
637 624
638 625
639 626
640 627
641 628
642 629
643 630
644 631
645 632
646 633
647 634
648 635
649 636
650 637
651 638
652 639
653 640
654 641
655 642
656 643
657 645
658 644
659 646
660 647
661 648
662 649
663 650
664 651
665 652
666 653
667 654
668 655
669 656
670 658
671 657
672 659
673 660
674 662
675 661
676 663
677 664
678 4468
679 665
680 666
681 667
682 668
683 669
684 670
685 671
686 672
687 673
688 674
689 675
690 676
691 677
692 678
693 679
694 680
695 681
696 683
697 682
698 684
699 685
700 687
701 688
702 689
703 690
704 691
705 692
706 693
707 694
708 695
709 696
710 697
711 698
712 699
713 700
714 701
715 702
716 703
717 704
718 705
719 706
720 708
721 707
722 709
723 710
724 711
725 712
726 714
727 713
728 1036
729 715
730 716
731 717
732 718
733 719
734 720
735 721
736 722
737 723
738 724
739 725
740 726
741 727
742 729
743 728
744 730
745 731
746 733
747 734
748 732
749 735
750 736
751 737
752 738
753 739
754 741
755 740
756 742
757 743
758 744
759 745
760 2703
761 747
762 746
763 748
764 749
765 750
766 751
767 752
768 753
769 754
770 756
771 755
772 3937
773 757
774 758
775 759
776 760
777 761
778 762
779 763
780 764
781 765
782 766
783 767
784 768
785 769
786 770
787 772
788 771
789 773
790 774
791 775
792 776
793 777
794 778
795 779
796 781
797 780
798 782
799 783
800 785
801 787
802 786
803 784
804 788
805 789
806 790
807 792
808 791
809 793
810 794
811 795
812 796
813 797
814 798
815 799
816 800
817 801
818 802
819 803
820 804
821 805
822 806
823 807
824 808
825 810
826 809
827 811
828 812
829 813
830 814
831 815
832 816
833 817
834 818
835 819
836 820
837 822
838 821
839 823
840 824
841 825
842 826
843 828
844 827
845 829
846 830
847 831
848 832
849 833
850 834
851 835
852 836
853 837
854 838
855 839
856 841
857 840
858 842
859 843
860 844
861 845
862 846
863 847
864 848
865 849
866 850
867 851
868 852
869 853
870 854
871 855
872 856
873 858
874 857
875 2076
876 859
877 860
878 861
879 862
880 864
881 863
882 865
883 866
884 867
885 868
886 869
887 870
888 871
889 872
890 873
891 874
892 875
893 876
894 877
895 878
896 879
897 880
898 881
899 882
900 883
901 884
902 885
903 886
904 887
905 888
906 889
907 890
908 891
909 892
910 893
911 894
912 895
913 896
914 897
915 898
916 899
917 900
918 901
919 902
920 903
921 904
922 905
923 906
924 907
925 908
926 909
927 910
928 911
929 912
930 913
931 914
932 916
933 915
934 917
935 918
936 922
937 921
938 919
939 920
940 923
941 924
942 925
943 926
944 928
945 927
946 929
947 930
948 932
949 931
950 933
951 934
952 935
953 936
954 937
955 938
956 939
957 940
958 941
959 942
960 943
961 946
962 945
963 944
964 947
965 948
966 950
967 949
968 951
969 952
970 953
971 954
972 955
973 956
974 957
975 958
976 959
977 960
978 961
979 962
980 963
981 964
982 965
983 1596
984 967
985 966
986 968
987 969
988 970
989 971
990 972
991 973
992 974
993 975
994 976
995 978
996 977
997 979
998 980
999 981
1000 1319
1001 982
1002 983
1003 984
1004 985
1005 988
1006 987
1007 986
1008 989
1009 990
1010 991
1011 992
1012 993
1013 994
1014 995
1015 996
1016 997
1017 998
1018 999
1019 1000
1020 1001
1021 1002
1022 1003
1023 1004
1024 1005
1025 1006
1026 1007
1027 1008
1028 1009
1029 1010
1030 1011
1031 1012
1032 1013
1033 1014
1034 1015
1035 1016
1036 1017
1037 1018
1038 1019
1039 1020
1040 1021
1041 1022
1042 1023
1043 1025
1044 1024
1045 1027
1046 1026
1047 1028
1048 1029
1049 1030
1050 1031
1051 1032
1052 1033
1053 1034
1054 1035
1055 1037
1056 1038
1057 1039
1058 1040
1059 1041
1060 1042
1061 1043
1062 1044
1063 1045
1064 1047
1065 1051
1066 1050
1067 1049
1068 1048
1069 1046
1070 1052
1071 1053
1072 1054
1073 1055
1074 1056
1075 1057
1076 1058
1077 1059
1078 1060
1079 1061
1080 1062
1081 1063
1082 1064
1083 1065
1084 1066
1085 1067
1086 1068
1087 1069
1088 1070
1089 1071
1090 1072
1091 1073
1092 1074
1093 1075
1094 1076
1095 1077
1096 1078
1097 1079
1098 1080
1099 1081
1100 1082
1101 1083
1102 1084
1103 1085
1104 1086
1105 1087
1106 1088
1107 1089
1108 1090
1109 1091
1110 1092
1111 1093
1112 1094
1113 1095
1114 1096
1115 1097
1116 1098
1117 1099
1118 1100
1119 1101
1120 1103
1121 1104
1122 1102
1123 1106
1124 1105
1125 1107
1126 1108
1127 1109
1128 1110
1129 1111
1130 1112
1131 1113
1132 1114
1133 1115
1134 1116
1135 1117
1136 1118
1137 1119
1138 1120
1139 1121
1140 1123
1141 1124
1142 1122
1143 1125
1144 1126
1145 1127
1146 1128
1147 1129
1148 1131
1149 1133
1150 1132
1151 1130
1152 1134
1153 1136
1154 1135
1155 1137
1156 1138
1157 1139
1158 1140
1159 1141
1160 1142
1161 1143
1162 1144
1163 1145
1164 1146
1165 1147
1166 1148
1167 1149
1168 1151
1169 1150
1170 1152
1171 1153
1172 1154
1173 1155
1174 1156
1175 1157
1176 1158
1177 1159
1178 1160
1179 1161
1180 1162
1181 1163
1182 1164
1183 1165
1184 1166
1185 1168
1186 1167
1187 1169
1188 1170
1189 1171
1190 1172
1191 1173
1192 1174
1193 1175
1194 1176
1195 1177
1196 1178
1197 1179
1198 1180
1199 1181
1200 1182
1201 1184
1202 1183
1203 1185
1204 1187
1205 1186
1206 1188
1207 1189
1208 1190
1209 1191
1210 1192
1211 1193
1212 1194
1213 1195
1214 1196
1215 1197
1216 1198
1217 1199
1218 1200
1219 1201
1220 1202
1221 1203
1222 1204
1223 1205
1224 1206
1225 1207
1226 1208
1227 1209
1228 1210
1229 1211
1230 1212
1231 1214
1232 1213
1233 1215
1234 1216
1235 1217
1236 1218
1237 1219
1238 1220
1239 1221
1240 1222
1241 1223
1242 1224
1243 1225
1244 1226
1245 1227
1246 1228
1247 1229
1248 1230
1249 1231
1250 1232
1251 1233
1252 1234
1253 1235
1254 1236
1255 1237
1256 1238
1257 1239
1258 1240
1259 1241
1260 1243
1261 1242
1262 1244
1263 1245
1264 1246
1265 1247
1266 1248
1267 1249
1268 1250
1269 1251
1270 1252
1271 1253
1272 1254
1273 1255
1274 1256
1275 1257
1276 1258
1277 1259
1278 1260
1279 1261
1280 1262
1281 1263
1282 1264
1283 1266
1284 1265
1285 1267
1286 1268
1287 1269
1288 1270
1289 1271
1290 1272
1291 1273
1292 1275
1293 1274
1294 1276
1295 1277
1296 1278
1297 1279
1298 1280
1299 1281
1300 1282
1301 1283
1302 1284
1303 1285
1304 1286
1305 1288
1306 1289
1307 1287
1308 1290
1309 1291
1310 1292
1311 1293
1312 1294
1313 1295
1314 1296
1315 1297
1316 1298
1317 1299
1318 1300
1319 1301
1320 1302
1321 1303
1322 1304
1323 1305
1324 1306
1325 1307
1326 1308
1327 1310
1328 1309
1329 1311
1330 1313
1331 1312
1332 1314
1333 1315
1334 1316
1335 1318
1336 1317
1337 1320
1338 1321
1339 1322
1340 1323
1341 1324
1342 1326
1343 1328
1344 1327
1345 1329
1346 1330
1347 1331
1348 1332
1349 1333
1350 1334
1351 1335
1352 1336
1353 1337
1354 1338
1355 1339
1356 1340
1357 1341
1358 1342
1359 1343
1360 1344
1361 1345
1362 1346
1363 1347
1364 1348
1365 1349
1366 1350
1367 1351
1368 1352
1369 1353
1370 1354
1371 1355
1372 1356
1373 1357
1374 1358
1375 1360
1376 1359
1377 1361
1378 1362
1379 1363
1380 1364
1381 1365
1382 1366
1383 1367
1384 1368
1385 1369
1386 1370
1387 1371
1388 1373
1389 1372
1390 1374
1391 1375
1392 1376
1393 1377
1394 1378
1395 1379
1396 1380
1397 1381
1398 1382
1399 1383
1400 1384
1401 1385
1402 1386
1403 1387
1404 1388
1405 1389
1406 1390
1407 1391
1408 1392
1409 1393
1410 1394
1411 1395
1412 1396
1413 1397
1414 1398
1415 1399
1416 1400
1417 1401
1418 1402
1419 1403
1420 1404
1421 1405
1422 1407
1423 1406
1424 1408
1425 1409
1426 1410
1427 1411
1428 1412
1429 1413
1430 1414
1431 1415
1432 1416
1433 1418
1434 1417
1435 1419
1436 1420
1437 1421
1438 1422
1439 1423
1440 1424
1441 1426
1442 1425
1443 1427
1444 1428
1445 1429
1446 1430
1447 1431
1448 1432
1449 1433
1450 1434
1451 1435
1452 1436
1453 1437
1454 1438
1455 1439
1456 1440
1457 1441
1458 1445
1459 1444
1460 1443
1461 1442
1462 1446
1463 1447
1464 1449
1465 1448
1466 1450
1467 1451
1468 5631
1469 5630
1470 4914
1471 1452
1472 1453
1473 1454
1474 1455
1475 1457
1476 1456
1477 1825
1478 1458
1479 1459
1480 1460
1481 1461
1482 1462
1483 7367
1484 1463
1485 1464
1486 1465
1487 1466
1488 1467
1489 1468
1490 1469
1491 1470
1492 1471
1493 1472
1494 1473
1495 1475
1496 1474
1497 1476
1498 1477
1499 1478
1500 1479
1501 1480
1502 1481
1503 1482
1504 1483
1505 1484
1506 1485
1507 1487
1508 1486
1509 1488
1510 1489
1511 1491
1512 1490
1513 1492
1514 1493
1515 1494
1516 1495
1517 1496
1518 1497
1519 1498
1520 1499
1521 1500
1522 1501
1523 1502
1524 1503
1525 1504
1526 1505
1527 1506
1528 1507
1529 1508
1530 1509
1531 1510
1532 1511
1533 1512
1534 1513
1535 1514
1536 1515
1537 1516
1538 1517
1539 1518
1540 1519
1541 1520
1542 1521
1543 1522
1544 1523
1545 1524
1546 1525
1547 1526
1548 1528
1549 1527
1550 1529
1551 1530
1552 1531
1553 1532
1554 1533
1555 1534
1556 1535
1557 1536
1558 1537
1559 1538
1560 1540
1561 1539
1562 1541
1563 1542
1564 1543
1565 1544
1566 1545
1567 1546
1568 1547
1569 1548
1570 1549
1571 1550
1572 1551
1573 1552
1574 1553
1575 1554
1576 1555
1577 1556
1578 1557
1579 1558
1580 1559
1581 1560
1582 1561
1583 1562
1584 1563
1585 1565
1586 1564
1587 1566
1588 1567
1589 1569
1590 1568
1591 1570
1592 1571
1593 1572
1594 1573
1595 1574
1596 1575
1597 1576
1598 1577
1599 1578
1600 1580
1601 1581
1602 1579
1603 1582
1604 1583
1605 1584
1606 1585
1607 1586
1608 1587
1609 1588
1610 1589
1611 1590
1612 1591
1613 1592
1614 1593
1615 1594
1616 1595
1617 1597
1618 1598
1619 1599
1620 1600
1621 1601
1622 1602
1623 1604
1624 1603
1625 1605
1626 1606
1627 1607
1628 1608
1629 1609
1630 1610
1631 1611
1632 1612
1633 1613
1634 1614
1635 1615
1636 1616
1637 1617
1638 1618
1639 1619
1640 1620
1641 1621
1642 1622
1643 1623
1644 1624
1645 1625
1646 1626
1647 1627
1648 1628
1649 1629
1650 1630
1651 1631
1652 1632
1653 1633
1654 1634
1655 1635
1656 1636
1657 1637
1658 1638
1659 1639
1660 1640
1661 1641
1662 1642
1663 1643
1664 1644
1665 1645
1666 1646
1667 1647
1668 1648
1669 1649
1670 1650
1671 1651
1672 1653
1673 1652
1674 1654
1675 1655
1676 1656
1677 1658
1678 1659
1679 1657
1680 1661
1681 1660
1682 1662
1683 1663
1684 1664
1685 1665
1686 1666
1687 1667
1688 1668
1689 1669
1690 1670
1691 1672
1692 1671
1693 1673
1694 1675
1695 1674
1696 1676
1697 1677
1698 1678
1699 1680
1700 1682
1701 1681
1702 1679
1703 1683
1704 1684
1705 1686
1706 1688
1707 1687
1708 1685
1709 1689
1710 1690
1711 1691
1712 1692
1713 1693
1714 1694
1715 1695
1716 1696
1717 1697
1718 1698
1719 1699
1720 1700
1721 1701
1722 1702
1723 1703
1724 1704
1725 1705
1726 1707
1727 1706
1728 1708
1729 1709
1730 1710
1731 1711
1732 1712
1733 1713
1734 1714
1735 1715
1736 1716
1737 1717
1738 1719
1739 1718
1740 1721
1741 1720
1742 1722
1743 1724
1744 1725
1745 1723
1746 1727
1747 1726
1748 1728
1749 1729
1750 1730
1751 1733
1752 1732
1753 1731
1754 1734
1755 1735
1756 1736
1757 1737
1758 1738
1759 1739
1760 1740
1761 1742
1762 1741
1763 1743
1764 1744
1765 1745
1766 1746
1767 1747
1768 1748
1769 1749
1770 1750
1771 1751
1772 1752
1773 1753
1774 1754
1775 1755
1776 1756
1777 1757
1778 1758
1779 1759
1780 1760
1781 1761
1782 1762
1783 1763
1784 1764
1785 1765
1786 1766
1787 1767
1788 1768
1789 1769
1790 1770
1791 1771
1792 1772
1793 1773
1794 1774
1795 1775
1796 1776
1797 1777
1798 1778
1799 1780
1800 1779
1801 1781
1802 1782
1803 1783
1804 1784
1805 1785
1806 1786
1807 1788
1808 1787
1809 1789
1810 1790
1811 1791
1812 1792
1813 1793
1814 1794
1815 1795
1816 1796
1817 1797
1818 1798
1819 1799
1820 1800
1821 1802
1822 1803
1823 1804
1824 1805
1825 1806
1826 1807
1827 1808
1828 1809
1829 1810
1830 1812
1831 1811
1832 1813
1833 1814
1834 1815
1835 1816
1836 1817
1837 1818
1838 1819
1839 1820
1840 1821
1841 1823
1842 1822
1843 9068
1844 9067
1845 9066
1846 9065
1847 8673
1848 5518
1849 4210
1850 3754
1851 3172
1852 1943
1853 1824
1854 1826
1855 1827
1856 1828
1857 1829
1858 1830
1859 1831
1860 1832
1861 1833
1862 1834
1863 1835
1864 1836
1865 1837
1866 1838
1867 1839
1868 1840
1869 1842
1870 1841
1871 1843
1872 1844
1873 1845
1874 1846
1875 1847
1876 1848
1877 1849
1878 1850
1879 1851
1880 1852
1881 1854
1882 1853
1883 1855
1884 1856
1885 1857
1886 1858
1887 1859
1888 1860
1889 1861
1890 1862
1891 1864
1892 1863
1893 1865
1894 1866
1895 1867
1896 1868
1897 1869
1898 1870
1899 1871
1900 1872
1901 1874
1902 1873
1903 1875
1904 1876
1905 1877
1906 1878
1907 1879
1908 1880
1909 1881
1910 1882
1911 1883
1912 1884
1913 1885
1914 1886
1915 1887
1916 1888
1917 1889
1918 1890
1919 1891
1920 1892
1921 1893
1922 1894
1923 1895
1924 1896
1925 1897
1926 1898
1927 1899
1928 1900
1929 1901
1930 1902
1931 1903
1932 1904
1933 1905
1934 1906
1935 1907
1936 1908
1937 1909
1938 1910
1939 1911
1940 1912
1941 1913
1942 1914
1943 1915
1944 1916
1945 1917
1946 1918
1947 1919
1948 1920
1949 1921
1950 1922
1951 1923
1952 1925
1953 1924
1954 1926
1955 1928
1956 1927
1957 1929
1958 1930
1959 1931
1960 1932
1961 1933
1962 1935
1963 1934
1964 1936
1965 1937
1966 1938
1967 1939
1968 1940
1969 1941
1970 1942
1971 1944
1972 1945
1973 1946
1974 1947
1975 1948
1976 1949
1977 1950
1978 1951
1979 1952
1980 1953
1981 1954
1982 1955
1983 1956
1984 1957
1985 1958
1986 1959
1987 1960
1988 1961
1989 1962
1990 1963
1991 1965
1992 1964
1993 1966
1994 1967
1995 1968
1996 1969
1997 1970
1998 1971
1999 1972
2000 1973
2001 1974
2002 1975
2003 1976
2004 1977
2005 1978
2006 1982
2007 1981
2008 1980
2009 1979
2010 5603
2011 1983
2012 1984
2013 1985
2014 1986
2015 1987
2016 1988
2017 1989
2018 1990
2019 1991
2020 1992
2021 1993
2022 1994
2023 1995
2024 1997
2025 1996
2026 1998
2027 1999
2028 2000
2029 2001
2030 2002
2031 2003
2032 2004
2033 2005
2034 2007
2035 2006
2036 2008
2037 2009
2038 2010
2039 2011
2040 2012
2041 2013
2042 2014
2043 2015
2044 2016
2045 2017
2046 2018
2047 2019
2048 2020
2049 2021
2050 2022
2051 2023
2052 2024
2053 2025
2054 2026
2055 2027
2056 2028
2057 2029
2058 2030
2059 2032
2060 2031
2061 2033
2062 2034
2063 2035
2064 2036
2065 2037
2066 2038
2067 2039
2068 2040
2069 2041
2070 2042
2071 2043
2072 2044
2073 2045
2074 2046
2075 2047
2076 2048
2077 2049
2078 2050
2079 2051
2080 2052
2081 2053
2082 2055
2083 2056
2084 2054
2085 4250
2086 2057
2087 2058
2088 2059
2089 2060
2090 2061
2091 2062
2092 2063
2093 2064
2094 2065
2095 2066
2096 2067
2097 2068
2098 2069
2099 2070
2100 2071
2101 2072
2102 2073
2103 2074
2104 2075
2105 2077
2106 2078
2107 2079
2108 2080
2109 2081
2110 2082
2111 2084
2112 2083
2113 2085
2114 2087
2115 2086
2116 2088
2117 2090
2118 2089
2119 2091
2120 2092
2121 2093
2122 2095
2123 2096
2124 2094
2125 2097
2126 2098
2127 2099
2128 2100
2129 2101
2130 2102
2131 2104
2132 2103
2133 2105
2134 2106
2135 2107
2136 2109
2137 2108
2138 2110
2139 2111
2140 2112
2141 2113
2142 2114
2143 2116
2144 2115
2145 2117
2146 2118
2147 2119
2148 2120
2149 2121
2150 2122
2151 2123
2152 2124
2153 2125
2154 2126
2155 2128
2156 2127
2157 2129
2158 2130
2159 2132
2160 2131
2161 2133
2162 2134
2163 2135
2164 2136
2165 2137
2166 2138
2167 2139
2168 2140
2169 2141
2170 2142
2171 2143
2172 2144
2173 2149
2174 2148
2175 2147
2176 2146
2177 2145
2178 2150
2179 2151
2180 2152
2181 2153
2182 2154
2183 2155
2184 2156
2185 2157
2186 2158
2187 2159
2188 2160
2189 2161
2190 2162
2191 2163
2192 2164
2193 2165
2194 2166
2195 2167
2196 2168
2197 2169
2198 2174
2199 2173
2200 2172
2201 2171
2202 2170
2203 2175
2204 2177
2205 2176
2206 2178
2207 2179
2208 2180
2209 2181
2210 2182
2211 2183
2212 2184
2213 2185
2214 2186
2215 2187
2216 2188
2217 2189
2218 2190
2219 2191
2220 2192
2221 2193
2222 2194
2223 2195
2224 2196
2225 2197
2226 2198
2227 2199
2228 2200
2229 2201
2230 2202
2231 2203
2232 2205
2233 2204
2234 2206
2235 2207
2236 2208
2237 2209
2238 2210
2239 2211
2240 2212
2241 2213
2242 2214
2243 2215
2244 2216
2245 2217
2246 2218
2247 2219
2248 2220
2249 2221
2250 2222
2251 2223
2252 2224
2253 2226
2254 2225
2255 2227
2256 2228
2257 2229
2258 2230
2259 2231
2260 2232
2261 2233
2262 2234
2263 2235
2264 2236
2265 2237
2266 2238
2267 2239
2268 2240
2269 2241
2270 2242
2271 2244
2272 2243
2273 2245
2274 2246
2275 2247
2276 2248
2277 2250
2278 2249
2279 2251
2280 2252
2281 2253
2282 2254
2283 2255
2284 2256
2285 2257
2286 2258
2287 2259
2288 2261
2289 2260
2290 2262
2291 2263
2292 2264
2293 2265
2294 2266
2295 2267
2296 2268
2297 2269
2298 2270
2299 2271
2300 2272
2301 2273
2302 2275
2303 2274
2304 2276
2305 2277
2306 2278
2307 2279
2308 2280
2309 2281
2310 2282
2311 2283
2312 2284
2313 2285
2314 2286
2315 2287
2316 2288
2317 2289
2318 2290
2319 2291
2320 2292
2321 2293
2322 5612
2323 2294
2324 2295
2325 2296
2326 2297
2327 2298
2328 2299
2329 2300
2330 2301
2331 2302
2332 2303
2333 2304
2334 2305
2335 2631
2336 2306
2337 2307
2338 2308
2339 2309
2340 2310
2341 2311
2342 2312
2343 2313
2344 2314
2345 2315
2346 2316
2347 2317
2348 2318
2349 2319
2350 2320
2351 2321
2352 2322
2353 2323
2354 2324
2355 2325
2356 2326
2357 2327
2358 2328
2359 2330
2360 2329
2361 2331
2362 2332
2363 2333
2364 2334
2365 2335
2366 2336
2367 2337
2368 2338
2369 2339
2370 2340
2371 2341
2372 2342
2373 2343
2374 2344
2375 2345
2376 2346
2377 2347
2378 2348
2379 2349
2380 2350
2381 2351
2382 2352
2383 2353
2384 2354
2385 2355
2386 2356
2387 2357
2388 2358
2389 2359
2390 2360
2391 2361
2392 2362
2393 2363
2394 2364
2395 2365
2396 2366
2397 2367
2398 2368
2399 2369
2400 2370
2401 2371
2402 2372
2403 2373
2404 2374
2405 2376
2406 2375
2407 2377
2408 2378
2409 2379
2410 2380
2411 2381
2412 2382
2413 2384
2414 2383
2415 2385
2416 2386
2417 2387
2418 2389
2419 2388
2420 2390
2421 2391
2422 2392
2423 2393
2424 2394
2425 2395
2426 2396
2427 2397
2428 2398
2429 2399
2430 2400
2431 2401
2432 2402
2433 2403
2434 2404
2435 2405
2436 2406
2437 2407
2438 2408
2439 2409
2440 2410
2441 2411
2442 2412
2443 2413
2444 2414
2445 2415
2446 2416
2447 2417
2448 2418
2449 2419
2450 2420
2451 2421
2452 2422
2453 2423
2454 2424
2455 2425
2456 2426
2457 2427
2458 2428
2459 2429
2460 2431
2461 2430
2462 2432
2463 2433
2464 2434
2465 2435
2466 2436
2467 2437
2468 2438
2469 2439
2470 2440
2471 2442
2472 2441
2473 2443
2474 2445
2475 2444
2476 2446
2477 2447
2478 2448
2479 2449
2480 2451
2481 2450
2482 2452
2483 2453
2484 2454
2485 2455
2486 2456
2487 2457
2488 2458
2489 2459
2490 2460
2491 2461
2492 2462
2493 2463
2494 2464
2495 2576
2496 2465
2497 2466
2498 2468
2499 2467
2500 2470
2501 2469
2502 2471
2503 2473
2504 2472
2505 2475
2506 2474
2507 2476
2508 2477
2509 2478
2510 2479
2511 2480
2512 2481
2513 2482
2514 2483
2515 2484
2516 2485
2517 2486
2518 2488
2519 2487
2520 2489
2521 2490
2522 2491
2523 2492
2524 2493
2525 2494
2526 2495
2527 2496
2528 2497
2529 2498
2530 2499
2531 2500
2532 2501
2533 2502
2534 2503
2535 2504
2536 2505
2537 2506
2538 2507
2539 2508
2540 2509
2541 2510
2542 2511
2543 2513
2544 2512
2545 2514
2546 2515
2547 2516
2548 2517
2549 2518
2550 2519
2551 2520
2552 2521
2553 2522
2554 2523
2555 2524
2556 2525
2557 2527
2558 2526
2559 2528
2560 2529
2561 2530
2562 2531
2563 2532
2564 2533
2565 2534
2566 2535
2567 2536
2568 2537
2569 2538
2570 2539
2571 2540
2572 2541
2573 2542
2574 2543
2575 2544
2576 2545
2577 2546
2578 2547
2579 2548
2580 2549
2581 2550
2582 2551
2583 2552
2584 2553
2585 2554
2586 2555
2587 2556
2588 2557
2589 2558
2590 2559
2591 2560
2592 2561
2593 2562
2594 2563
2595 2564
2596 2565
2597 2566
2598 2567
2599 2568
2600 2569
2601 2570
2602 2571
2603 2572
2604 2573
2605 2574
2606 2575
2607 2577
2608 2578
2609 2579
2610 2581
2611 2580
2612 2582
2613 2583
2614 2584
2615 2585
2616 2586
2617 2587
2618 2588
2619 2590
2620 2589
2621 2592
2622 2591
2623 2593
2624 2594
2625 2596
2626 2595
2627 2597
2628 2598
2629 2599
2630 2600
2631 2601
2632 2602
2633 2603
2634 2604
2635 2605
2636 2606
2637 2607
2638 2608
2639 2609
2640 3005
2641 2610
2642 2611
2643 2612
2644 2613
2645 2614
2646 2615
2647 2616
2648 2618
2649 2617
2650 2619
2651 2620
2652 2622
2653 2621
2654 2623
2655 2624
2656 2625
2657 2626
2658 2627
2659 2628
2660 2629
2661 2630
2662 7716
2663 2632
2664 2633
2665 2634
2666 2636
2667 2635
2668 2637
2669 2638
2670 2639
2671 2640
2672 2641
2673 2642
2674 2644
2675 2643
2676 2645
2677 2646
2678 2647
2679 2648
2680 2649
2681 2650
2682 2651
2683 2652
2684 2653
2685 2654
2686 2655
2687 2656
2688 2657
2689 2658
2690 2659
2691 2660
2692 2661
2693 2662
2694 2663
2695 2664
2696 2665
2697 2666
2698 2667
2699 2668
2700 2669
2701 2670
2702 2671
2703 2672
2704 2673
2705 2674
2706 2676
2707 2675
2708 2677
2709 2678
2710 2679
2711 2680
2712 2681
2713 2682
2714 2683
2715 2684
2716 2685
2717 2686
2718 2687
2719 2688
2720 2689
2721 2690
2722 2691
2723 2692
2724 2693
2725 2694
2726 2695
2727 2696
2728 2697
2729 2699
2730 2698
2731 2700
2732 2701
2733 2702
2734 2705
2735 2704
2736 2706
2737 2707
2738 2708
2739 2709
2740 2710
2741 2711
2742 2712
2743 2713
2744 2714
2745 2715
2746 2716
2747 2717
2748 2718
2749 2719
2750 2720
2751 2721
2752 2722
2753 2723
2754 2724
2755 2725
2756 2726
2757 2727
2758 2728
2759 2729
2760 2730
2761 2731
2762 2733
2763 2734
2764 2732
2765 2736
2766 2735
2767 2737
2768 2738
2769 2739
2770 2740
2771 2741
2772 2742
2773 2743
2774 2744
2775 2745
2776 2746
2777 2747
2778 2748
2779 2749
2780 2750
2781 2751
2782 2752
2783 2753
2784 2754
2785 2755
2786 2757
2787 2756
2788 2758
2789 2759
2790 2760
2791 2761
2792 2762
2793 2763
2794 2764
2795 2765
2796 2766
2797 2767
2798 2769
2799 2768
2800 2770
2801 2771
2802 2772
2803 2774
2804 2773
2805 2775
2806 2776
2807 2777
2808 2778
2809 2779
2810 2780
2811 2781
2812 2782
2813 2783
2814 2784
2815 2785
2816 2786
2817 2788
2818 2787
2819 2789
2820 2790
2821 2791
2822 2792
2823 2793
2824 2794
2825 2796
2826 2795
2827 2797
2828 2798
2829 2799
2830 2800
2831 2801
2832 2802
2833 2803
2834 2804
2835 2805
2836 2806
2837 2807
2838 2808
2839 2809
2840 2810
2841 2811
2842 2812
2843 2813
2844 2814
2845 2815
2846 2816
2847 2817
2848 2818
2849 2819
2850 2820
2851 2821
2852 2822
2853 2823
2854 2824
2855 2825
2856 2826
2857 2827
2858 2828
2859 2829
2860 2830
2861 2831
2862 8554
2863 2832
2864 2834
2865 2833
2866 6048
2867 6047
2868 6032
2869 4603
2870 2835
2871 2836
2872 2837
2873 2838
2874 2839
2875 2840
2876 2841
2877 2842
2878 2843
2879 2844
2880 2846
2881 2845
2882 2847
2883 2848
2884 2849
2885 2850
2886 2851
2887 2852
2888 2853
2889 2855
2890 2854
2891 2856
2892 2857
2893 2858
2894 2859
2895 2860
2896 2861
2897 2862
2898 2863
2899 2864
2900 2865
2901 2866
2902 2867
2903 2868
2904 2869
2905 2870
2906 2871
2907 2872
2908 2873
2909 2874
2910 2875
2911 2876
2912 2877
2913 2878
2914 2879
2915 2880
2916 2881
2917 2882
2918 2883
2919 2884
2920 2885
2921 2886
2922 2887
2923 2888
2924 2889
2925 2890
2926 2892
2927 2891
2928 2893
2929 2894
2930 2895
2931 2896
2932 2897
2933 2898
2934 2899
2935 2900
2936 2901
2937 2902
2938 2903
2939 2904
2940 2905
2941 2906
2942 2907
2943 2908
2944 2909
2945 2910
2946 2911
2947 2913
2948 2912
2949 2914
2950 2916
2951 2915
2952 2917
2953 2918
2954 2919
2955 2920
2956 2921
2957 2922
2958 2923
2959 2924
2960 2925
2961 2926
2962 2927
2963 2928
2964 2929
2965 2930
2966 2931
2967 2933
2968 2932
2969 2934
2970 2935
2971 2936
2972 2937
2973 2938
2974 2939
2975 2940
2976 2941
2977 2942
2978 2943
2979 2944
2980 2945
2981 2946
2982 2947
2983 2948
2984 2949
2985 2950
2986 2951
2987 2952
2988 2953
2989 2954
2990 2955
2991 2957
2992 2956
2993 2958
2994 2959
2995 2960
2996 2961
2997 2962
2998 2963
2999 2964
3000 2965
3001 2966
3002 2967
3003 2968
3004 2969
3005 2970
3006 2972
3007 2971
3008 2973
3009 2974
3010 2975
3011 2976
3012 2977
3013 2978
3014 2979
3015 2980
3016 2981
3017 2982
3018 2983
3019 2984
3020 2985
3021 2987
3022 2986
3023 2988
3024 2990
3025 2989
3026 2991
3027 2992
3028 2993
3029 2994
3030 2995
3031 2996
3032 2997
3033 2998
3034 3000
3035 2999
3036 3001
3037 3002
3038 3003
3039 3004
3040 3007
3041 3006
3042 3008
3043 3009
3044 3011
3045 3010
3046 3012
3047 3014
3048 3013
3049 3015
3050 3016
3051 3017
3052 3018
3053 3019
3054 3020
3055 3021
3056 3022
3057 3023
3058 3024
3059 3026
3060 3025
3061 3027
3062 3028
3063 3029
3064 3030
3065 3031
3066 3032
3067 3033
3068 3034
3069 3035
3070 3036
3071 3037
3072 3038
3073 3040
3074 3039
3075 3041
3076 3042
3077 3043
3078 3044
3079 3045
3080 3046
3081 3047
3082 3049
3083 3051
3084 3050
3085 3048
3086 3052
3087 3053
3088 3055
3089 3054
3090 3056
3091 3057
3092 3058
3093 3059
3094 3060
3095 3061
3096 3062
3097 8954
3098 6947
3099 6946
3100 3063
3101 3064
3102 3065
3103 3066
3104 3067
3105 3068
3106 3069
3107 3071
3108 3070
3109 3072
3110 3073
3111 3074
3112 3075
3113 3076
3114 3077
3115 3078
3116 3079
3117 3080
3118 3081
3119 3082
3120 3083
3121 3084
3122 3085
3123 3086
3124 3087
3125 3088
3126 3089
3127 3090
3128 3091
3129 3092
3130 3093
3131 3094
3132 3095
3133 3096
3134 3097
3135 3099
3136 3098
3137 3100
3138 3101
3139 3102
3140 3103
3141 3104
3142 3105
3143 3106
3144 3107
3145 3108
3146 3109
3147 3111
3148 3110
3149 3112
3150 3113
3151 3114
3152 3115
3153 3117
3154 3118
3155 3116
3156 3119
3157 3120
3158 3121
3159 3122
3160 3123
3161 3124
3162 3125
3163 3126
3164 3127
3165 3128
3166 3129
3167 3131
3168 3130
3169 3132
3170 3133
3171 3134
3172 3135
3173 3137
3174 3136
3175 3139
3176 3138
3177 3140
3178 3141
3179 3142
3180 3143
3181 3144
3182 3145
3183 3146
3184 3147
3185 3148
3186 3149
3187 3150
3188 3151
3189 3152
3190 3153
3191 3154
3192 3155
3193 3156
3194 3157
3195 3158
3196 3159
3197 3160
3198 3161
3199 3162
3200 3163
3201 3164
3202 3165
3203 3166
3204 3167
3205 3168
3206 3169
3207 3170
3208 3171
3209 3173
3210 3174
3211 3175
3212 3176
3213 3177
3214 3178
3215 3179
3216 3180
3217 3181
3218 3182
3219 3183
3220 3184
3221 3186
3222 3185
3223 3187
3224 3188
3225 3189
3226 3190
3227 3191
3228 3193
3229 3194
3230 3192
3231 3195
3232 3196
3233 3197
3234 3199
3235 3198
3236 3200
3237 3201
3238 3202
3239 3203
3240 3204
3241 3205
3242 3207
3243 3206
3244 3208
3245 3210
3246 3209
3247 3211
3248 3212
3249 3213
3250 3214
3251 3215
3252 3216
3253 3217
3254 3218
3255 3219
3256 3220
3257 3221
3258 3222
3259 3223
3260 3224
3261 3225
3262 3226
3263 3228
3264 3227
3265 3229
3266 3230
3267 3231
3268 3232
3269 3233
3270 3234
3271 3235
3272 3236
3273 3237
3274 3238
3275 3240
3276 3241
3277 3239
3278 3242
3279 3243
3280 3244
3281 3245
3282 3246
3283 3247
3284 3248
3285 3250
3286 3249
3287 3251
3288 3252
3289 3253
3290 3254
3291 3256
3292 3261
3293 3260
3294 3259
3295 3258
3296 3257
3297 3255
3298 5650
3299 3262
3300 3263
3301 3264
3302 3265
3303 3266
3304 3267
3305 3269
3306 3268
3307 3270
3308 3271
3309 3272
3310 3273
3311 3274
3312 3275
3313 3276
3314 3277
3315 3278
3316 3279
3317 3280
3318 3281
3319 3282
3320 3283
3321 3284
3322 3285
3323 3286
3324 3287
3325 3288
3326 3289
3327 3290
3328 3291
3329 3292
3330 3293
3331 3294
3332 3295
3333 3296
3334 3297
3335 3298
3336 3299
3337 3300
3338 3301
3339 3302
3340 3303
3341 3304
3342 3305
3343 3306
3344 3307
3345 3308
3346 3309
3347 3310
3348 3311
3349 3312
3350 3313
3351 3314
3352 3315
3353 3316
3354 3318
3355 3319
3356 3317
3357 3320
3358 3321
3359 3323
3360 3324
3361 3322
3362 3325
3363 3326
3364 3327
3365 3328
3366 3329
3367 9082
3368 3330
3369 3331
3370 3332
3371 3333
3372 3334
3373 3335
3374 3336
3375 3337
3376 3338
3377 3339
3378 3340
3379 3341
3380 3343
3381 3342
3382 3344
3383 3345
3384 3346
3385 3347
3386 3348
3387 3350
3388 3349
3389 3351
3390 3352
3391 3353
3392 3354
3393 3355
3394 3356
3395 3357
3396 3359
3397 3358
3398 3361
3399 3360
3400 3362
3401 3363
3402 3364
3403 3365
3404 3366
3405 3367
3406 3368
3407 3369
3408 3370
3409 3372
3410 3371
3411 3373
3412 3374
3413 3375
3414 3376
3415 3377
3416 3378
3417 3379
3418 3380
3419 3381
3420 3382
3421 3383
3422 3384
3423 3385
3424 3386
3425 3387
3426 3388
3427 3389
3428 3391
3429 3390
3430 3392
3431 3393
3432 3395
3433 3394
3434 3396
3435 3397
3436 3398
3437 3399
3438 3400
3439 3401
3440 3402
3441 3403
3442 3404
3443 3405
3444 3406
3445 3407
3446 3408
3447 3413
3448 3412
3449 3411
3450 3410
3451 3409
3452 3414
3453 3415
3454 3416
3455 3417
3456 3418
3457 3420
3458 3419
3459 3421
3460 3422
3461 3423
3462 3424
3463 3425
3464 3426
3465 3427
3466 3428
3467 3429
3468 3430
3469 3432
3470 3431
3471 3434
3472 3433
3473 3435
3474 3436
3475 3437
3476 3438
3477 3439
3478 3441
3479 3440
3480 3442
3481 3443
3482 3444
3483 3445
3484 3446
3485 3447
3486 3448
3487 3449
3488 3450
3489 3451
3490 3452
3491 3453
3492 3455
3493 3454
3494 3456
3495 3457
3496 3458
3497 3459
3498 3460
3499 3461
3500 3462
3501 3464
3502 3465
3503 3463
3504 3466
3505 3467
3506 3468
3507 3469
3508 3470
3509 3471
3510 3472
3511 3473
3512 3474
3513 3475
3514 3476
3515 3477
3516 3479
3517 3478
3518 3481
3519 3480
3520 3482
3521 3483
3522 3484
3523 3485
3524 3486
3525 3487
3526 3488
3527 3489
3528 3490
3529 3491
3530 3492
3531 3493
3532 3495
3533 3494
3534 3496
3535 3497
3536 3498
3537 3500
3538 3499
3539 3501
3540 3502
3541 3503
3542 3504
3543 3505
3544 3506
3545 3507
3546 3508
3547 3509
3548 3510
3549 3511
3550 3512
3551 3513
3552 3514
3553 3515
3554 3516
3555 3517
3556 3518
3557 3519
3558 3520
3559 3521
3560 3522
3561 3523
3562 3525
3563 3524
3564 3526
3565 3527
3566 3528
3567 3529
3568 3530
3569 3531
3570 3532
3571 3533
3572 3534
3573 3535
3574 3536
3575 3537
3576 3539
3577 3538
3578 3540
3579 3541
3580 3542
3581 3543
3582 3544
3583 3545
3584 3546
3585 3547
3586 3548
3587 3549
3588 3550
3589 3551
3590 3552
3591 3553
3592 3554
3593 3556
3594 3557
3595 3555
3596 3559
3597 3558
3598 3560
3599 3561
3600 3562
3601 3563
3602 3564
3603 3565
3604 3567
3605 3569
3606 3568
3607 3566
3608 3571
3609 3570
3610 3572
3611 3574
3612 3573
3613 3575
3614 3578
3615 3577
3616 3576
3617 3580
3618 3579
3619 3581
3620 3583
3621 3582
3622 3585
3623 3586
3624 3584
3625 3587
3626 3588
3627 3589
3628 3590
3629 3591
3630 3592
3631 3593
3632 3594
3633 3595
3634 3596
3635 3597
3636 3598
3637 3599
3638 3600
3639 3601
3640 3602
3641 3603
3642 3604
3643 3605
3644 3606
3645 3607
3646 3608
3647 3609
3648 3610
3649 3611
3650 3612
3651 3614
3652 3616
3653 3615
3654 3613
3655 3617
3656 3618
3657 3619
3658 3620
3659 3621
3660 3622
3661 3623
3662 3624
3663 3625
3664 3626
3665 3627
3666 3629
3667 3628
3668 3630
3669 3631
3670 3632
3671 3633
3672 3634
3673 3635
3674 3636
3675 3637
3676 3638
3677 3639
3678 3640
3679 3642
3680 3641
3681 3643
3682 3645
3683 3644
3684 3646
3685 3647
3686 3648
3687 3649
3688 3650
3689 3651
3690 3652
3691 3653
3692 3654
3693 3655
3694 3656
3695 3657
3696 3658
3697 3659
3698 3660
3699 3661
3700 3662
3701 3663
3702 3664
3703 3665
3704 3666
3705 3667
3706 3668
3707 3669
3708 3670
3709 3671
3710 3672
3711 3674
3712 3673
3713 3675
3714 3676
3715 3677
3716 3678
3717 3679
3718 3680
3719 3681
3720 3682
3721 3683
3722 3684
3723 3685
3724 3687
3725 3686
3726 3689
3727 3688
3728 3690
3729 3691
3730 3692
3731 3693
3732 3694
3733 3695
3734 3696
3735 3697
3736 3698
3737 3699
3738 3700
3739 3701
3740 3702
3741 3703
3742 3704
3743 3706
3744 3712
3745 3711
3746 3710
3747 3709
3748 3708
3749 3707
3750 3705
3751 3713
3752 3714
3753 3715
3754 3716
3755 3717
3756 3718
3757 3719
3758 3720
3759 3722
3760 3721
3761 3723
3762 3724
3763 3725
3764 3726
3765 3727
3766 3728
3767 3729
3768 3730
3769 3731
3770 3732
3771 3734
3772 3733
3773 3735
3774 3736
3775 3737
3776 3738
3777 3739
3778 3740
3779 3741
3780 3742
3781 3743
3782 3744
3783 3745
3784 3746
3785 3747
3786 3748
3787 3749
3788 3750
3789 3751
3790 3753
3791 3752
3792 3755
3793 3756
3794 3757
3795 3758
3796 3759
3797 3760
3798 3761
3799 3763
3800 3762
3801 3765
3802 3764
3803 3766
3804 3767
3805 3768
3806 3769
3807 3770
3808 3771
3809 3772
3810 3773
3811 3774
3812 3775
3813 3776
3814 3777
3815 3778
3816 3779
3817 3780
3818 3781
3819 3782
3820 3783
3821 3784
3822 3785
3823 3786
3824 3787
3825 3788
3826 3789
3827 3790
3828 3791
3829 3793
3830 3792
3831 3794
3832 3795
3833 3796
3834 3797
3835 3798
3836 3799
3837 3800
3838 3801
3839 3802
3840 3803
3841 5441
3842 3804
3843 3805
3844 3806
3845 3807
3846 3809
3847 3808
3848 3810
3849 3811
3850 3812
3851 3813
3852 3814
3853 3815
3854 3816
3855 3817
3856 3818
3857 3819
3858 3820
3859 3821
3860 3822
3861 3823
3862 3824
3863 3825
3864 3826
3865 3827
3866 3828
3867 3829
3868 3830
3869 3831
3870 3832
3871 3833
3872 3835
3873 3834
3874 3836
3875 3837
3876 3838
3877 3839
3878 3841
3879 3840
3880 3842
3881 3843
3882 3844
3883 3845
3884 3846
3885 3847
3886 3848
3887 3849
3888 3850
3889 3851
3890 3852
3891 3853
3892 3854
3893 3855
3894 3856
3895 3857
3896 3858
3897 3859
3898 3860
3899 3861
3900 3862
3901 3863
3902 3864
3903 3865
3904 3866
3905 3867
3906 3869
3907 3868
3908 3870
3909 3871
3910 3873
3911 3872
3912 3874
3913 3875
3914 3876
3915 3877
3916 3878
3917 3879
3918 3880
3919 3881
3920 3882
3921 3883
3922 3884
3923 3885
3924 3886
3925 3887
3926 3888
3927 3889
3928 3890
3929 3891
3930 3892
3931 3893
3932 3894
3933 3895
3934 3896
3935 3897
3936 3898
3937 3899
3938 3900
3939 3901
3940 3902
3941 3903
3942 3905
3943 3904
3944 3906
3945 3907
3946 3909
3947 3908
3948 3910
3949 3911
3950 3912
3951 3913
3952 3914
3953 3915
3954 3917
3955 3916
3956 3918
3957 3919
3958 3920
3959 3922
3960 3921
3961 3923
3962 3924
3963 3925
3964 3926
3965 3928
3966 3927
3967 3929
3968 3930
3969 3931
3970 3932
3971 3933
3972 3934
3973 3935
3974 3936
3975 3938
3976 3939
3977 3940
3978 3941
3979 3942
3980 3943
3981 3944
3982 3945
3983 3946
3984 3948
3985 3947
3986 3949
3987 3950
3988 3951
3989 3952
3990 3953
3991 3954
3992 3955
3993 3956
3994 3957
3995 3959
3996 3958
3997 3960
3998 3961
3999 3962
4000 3963
4001 3964
4002 3965
4003 3966
4004 3967
4005 3968
4006 3969
4007 3970
4008 3971
4009 3972
4010 3973
4011 3974
4012 3975
4013 3976
4014 3977
4015 3978
4016 3980
4017 3979
4018 3981
4019 3982
4020 3983
4021 3984
4022 3985
4023 3987
4024 3986
4025 3988
4026 3989
4027 3990
4028 3991
4029 3992
4030 3993
4031 3994
4032 3995
4033 3996
4034 3998
4035 3999
4036 3997
4037 4000
4038 4001
4039 4002
4040 4003
4041 4004
4042 4005
4043 4006
4044 4007
4045 4008
4046 4009
4047 4010
4048 4011
4049 4012
4050 4013
4051 4014
4052 4015
4053 4016
4054 4017
4055 4018
4056 4019
4057 4020
4058 4021
4059 4022
4060 4023
4061 4024
4062 4025
4063 4026
4064 4027
4065 4029
4066 4028
4067 4030
4068 4031
4069 4032
4070 4033
4071 4035
4072 4034
4073 4036
4074 4037
4075 4038
4076 4039
4077 4040
4078 4041
4079 4042
4080 4044
4081 4043
4082 4045
4083 4046
4084 4048
4085 4047
4086 4049
4087 4050
4088 4051
4089 4052
4090 4053
4091 4054
4092 4055
4093 4056
4094 4057
4095 4058
4096 4059
4097 4060
4098 4061
4099 4062
4100 4063
4101 4064
4102 4065
4103 4066
4104 4067
4105 4068
4106 4069
4107 4070
4108 4071
4109 4072
4110 4073
4111 4074
4112 4075
4113 4076
4114 4077
4115 4078
4116 4079
4117 4080
4118 4081
4119 4082
4120 4083
4121 4084
4122 4086
4123 4085
4124 4087
4125 4088
4126 4089
4127 4091
4128 4090
4129 4092
4130 4093
4131 4095
4132 4094
4133 4096
4134 4097
4135 4098
4136 4099
4137 4100
4138 4101
4139 4102
4140 4103
4141 4104
4142 4105
4143 4106
4144 4107
4145 4108
4146 4109
4147 4110
4148 4111
4149 4112
4150 4113
4151 4114
4152 4115
4153 4116
4154 4117
4155 4119
4156 4118
4157 4120
4158 4121
4159 4122
4160 4123
4161 4124
4162 4125
4163 4126
4164 4127
4165 4128
4166 4129
4167 4130
4168 4131
4169 4132
4170 4134
4171 4133
4172 4135
4173 4136
4174 4137
4175 4138
4176 4139
4177 4140
4178 4141
4179 4142
4180 4143
4181 4145
4182 4144
4183 4146
4184 4148
4185 4147
4186 4149
4187 4150
4188 4151
4189 4152
4190 4153
4191 4154
4192 4155
4193 4156
4194 4157
4195 4158
4196 4159
4197 4160
4198 4161
4199 4163
4200 4162
4201 4164
4202 4165
4203 4166
4204 4167
4205 4168
4206 4169
4207 4170
4208 4264
4209 4171
4210 4172
4211 4173
4212 4174
4213 4175
4214 4176
4215 4177
4216 4179
4217 4178
4218 4180
4219 4182
4220 4181
4221 4183
4222 4184
4223 4185
4224 4186
4225 4187
4226 4188
4227 4190
4228 4189
4229 4191
4230 4192
4231 4193
4232 4194
4233 4195
4234 4196
4235 4197
4236 4198
4237 4199
4238 4201
4239 4200
4240 4202
4241 4205
4242 4206
4243 4207
4244 4208
4245 4209
4246 4211
4247 4212
4248 4213
4249 4214
4250 4215
4251 4216
4252 4217
4253 4218
4254 4219
4255 4220
4256 4221
4257 4223
4258 4222
4259 4224
4260 4225
4261 4226
4262 4227
4263 4228
4264 4229
4265 4230
4266 4231
4267 4232
4268 4233
4269 4234
4270 4235
4271 4236
4272 4238
4273 4237
4274 4239
4275 4240
4276 4241
4277 4242
4278 4243
4279 4244
4280 4245
4281 4246
4282 4247
4283 4248
4284 4249
4285 4251
4286 4253
4287 4252
4288 4254
4289 4255
4290 4256
4291 4257
4292 4258
4293 4259
4294 4260
4295 4262
4296 4263
4297 4261
4298 4265
4299 4266
4300 4267
4301 4268
4302 4269
4303 4270
4304 4271
4305 4272
4306 4273
4307 4274
4308 4275
4309 4276
4310 4277
4311 4278
4312 4279
4313 4280
4314 4282
4315 4281
4316 4283
4317 4284
4318 4285
4319 4286
4320 4287
4321 4288
4322 4289
4323 4290
4324 4291
4325 4292
4326 4293
4327 4294
4328 4295
4329 4296
4330 4297
4331 4298
4332 4299
4333 4300
4334 4301
4335 4302
4336 4303
4337 4304
4338 4305
4339 4306
4340 4308
4341 4307
4342 4309
4343 4310
4344 4311
4345 4312
4346 4313
4347 4314
4348 4315
4349 4316
4350 4317
4351 4318
4352 4319
4353 4320
4354 4321
4355 4322
4356 4323
4357 4324
4358 4325
4359 4326
4360 4327
4361 4328
4362 4329
4363 4330
4364 4331
4365 4332
4366 4333
4367 4334
4368 4335
4369 4337
4370 4336
4371 4338
4372 4339
4373 4340
4374 4341
4375 4342
4376 4343
4377 4344
4378 4345
4379 4346
4380 4347
4381 4348
4382 4350
4383 4351
4384 4349
4385 4352
4386 4353
4387 4354
4388 4355
4389 4357
4390 4356
4391 4358
4392 4359
4393 4360
4394 4361
4395 4362
4396 4363
4397 4364
4398 4365
4399 4366
4400 4367
4401 4368
4402 4369
4403 4370
4404 4371
4405 4372
4406 4373
4407 4374
4408 4375
4409 4376
4410 4377
4411 4378
4412 4379
4413 4380
4414 4381
4415 4382
4416 4383
4417 4384
4418 4385
4419 4386
4420 4387
4421 4388
4422 4389
4423 4390
4424 4391
4425 4392
4426 4393
4427 4394
4428 4395
4429 4396
4430 4397
4431 4398
4432 4399
4433 4400
4434 4401
4435 4402
4436 4403
4437 4404
4438 4405
4439 4407
4440 4406
4441 4408
4442 4409
4443 4410
4444 4411
4445 4412
4446 4413
4447 4414
4448 4415
4449 4417
4450 4416
4451 4418
4452 4419
4453 4421
4454 4420
4455 4422
4456 4423
4457 4424
4458 4425
4459 4426
4460 4427
4461 4428
4462 4429
4463 4430
4464 4431
4465 4432
4466 4433
4467 4434
4468 4435
4469 4436
4470 4437
4471 4438
4472 4439
4473 4440
4474 4441
4475 4442
4476 4443
4477 4444
4478 4445
4479 4447
4480 4446
4481 4448
4482 4449
4483 4450
4484 4451
4485 4452
4486 4453
4487 4454
4488 4456
4489 4455
4490 4457
4491 4458
4492 4459
4493 4460
4494 4461
4495 4462
4496 4463
4497 4464
4498 4465
4499 4466
4500 4467
4501 4469
4502 4470
4503 4472
4504 4471
4505 4473
4506 4474
4507 4475
4508 4476
4509 4477
4510 4478
4511 4479
4512 4480
4513 4481
4514 4482
4515 4483
4516 4484
4517 4485
4518 4486
4519 4487
4520 4488
4521 4489
4522 4490
4523 4491
4524 4492
4525 4493
4526 4494
4527 4495
4528 4496
4529 4497
4530 4498
4531 4499
4532 4500
4533 4501
4534 4502
4535 4503
4536 4504
4537 4505
4538 4506
4539 4507
4540 4508
4541 4509
4542 4510
4543 4511
4544 4512
4545 4513
4546 4514
4547 4515
4548 4516
4549 4517
4550 4518
4551 4519
4552 4520
4553 4521
4554 4522
4555 4523
4556 4525
4557 4524
4558 4526
4559 4527
4560 4528
4561 4530
4562 4529
4563 4531
4564 4532
4565 4533
4566 4534
4567 4535
4568 4536
4569 4537
4570 4538
4571 4539
4572 4540
4573 4541
4574 4542
4575 4543
4576 4544
4577 4545
4578 4546
4579 4547
4580 4548
4581 4549
4582 4550
4583 4551
4584 4552
4585 4553
4586 4554
4587 4555
4588 4557
4589 4558
4590 4556
4591 4559
4592 4560
4593 4561
4594 4562
4595 4563
4596 4564
4597 4565
4598 4566
4599 4568
4600 4567
4601 4569
4602 4570
4603 4572
4604 4571
4605 4573
4606 4574
4607 4575
4608 4576
4609 4577
4610 4578
4611 4579
4612 4580
4613 4582
4614 4581
4615 4583
4616 4584
4617 4585
4618 4586
4619 4587
4620 4588
4621 4589
4622 4590
4623 4591
4624 4592
4625 4593
4626 4594
4627 4595
4628 4596
4629 4597
4630 4598
4631 4599
4632 4600
4633 4601
4634 4602
4635 6033
4636 4604
4637 4605
4638 4606
4639 4607
4640 4608
4641 4609
4642 4610
4643 4611
4644 4612
4645 4613
4646 4614
4647 4615
4648 4616
4649 4617
4650 4618
4651 4619
4652 4620
4653 4621
4654 4622
4655 4624
4656 4623
4657 4625
4658 4626
4659 4628
4660 4627
4661 4629
4662 4630
4663 4631
4664 4632
4665 4633
4666 4634
4667 4635
4668 4636
4669 4637
4670 4638
4671 4639
4672 4640
4673 4641
4674 4642
4675 4643
4676 4644
4677 4645
4678 4646
4679 4647
4680 4648
4681 4649
4682 4650
4683 4651
4684 4652
4685 4653
4686 4655
4687 4654
4688 4656
4689 4657
4690 4659
4691 4658
4692 4660
4693 4661
4694 4662
4695 4663
4696 4664
4697 4665
4698 4666
4699 4667
4700 4668
4701 4669
4702 4670
4703 4672
4704 4671
4705 4673
4706 4674
4707 4675
4708 4676
4709 4677
4710 4678
4711 4679
4712 4680
4713 4681
4714 4682
4715 4683
4716 4684
4717 4685
4718 4686
4719 4687
4720 4688
4721 4689
4722 4690
4723 4691
4724 4692
4725 4693
4726 4694
4727 4695
4728 4696
4729 4697
4730 4698
4731 4699
4732 4700
4733 4701
4734 4702
4735 4703
4736 4704
4737 4705
4738 4706
4739 4707
4740 4708
4741 4709
4742 4710
4743 4711
4744 4712
4745 4713
4746 4714
4747 4715
4748 4716
4749 4717
4750 4718
4751 4719
4752 4720
4753 4721
4754 4722
4755 4723
4756 4724
4757 4725
4758 4726
4759 4727
4760 4728
4761 4729
4762 4730
4763 4731
4764 4732
4765 4733
4766 4734
4767 4736
4768 4735
4769 4737
4770 4738
4771 4739
4772 4740
4773 4741
4774 4742
4775 4744
4776 4743
4777 4745
4778 4746
4779 4747
4780 4748
4781 4749
4782 4750
4783 4751
4784 4752
4785 4753
4786 4754
4787 4755
4788 4756
4789 4757
4790 4758
4791 4759
4792 4760
4793 4761
4794 4762
4795 4763
4796 4764
4797 4765
4798 4766
4799 4767
4800 4768
4801 4769
4802 4770
4803 4771
4804 4772
4805 4773
4806 4774
4807 4775
4808 4776
4809 4777
4810 4778
4811 4780
4812 4779
4813 4781
4814 4784
4815 4783
4816 4782
4817 4785
4818 4786
4819 4787
4820 4788
4821 4789
4822 4790
4823 4791
4824 4793
4825 4792
4826 4794
4827 4795
4828 4796
4829 4797
4830 4798
4831 4799
4832 4800
4833 4801
4834 4802
4835 4803
4836 4804
4837 4805
4838 4806
4839 4807
4840 4808
4841 4809
4842 4810
4843 4811
4844 4812
4845 4813
4846 4814
4847 4815
4848 4816
4849 4818
4850 4817
4851 4819
4852 4820
4853 4821
4854 4822
4855 4823
4856 4824
4857 4825
4858 4826
4859 4827
4860 4828
4861 4829
4862 4830
4863 4831
4864 4832
4865 4833
4866 4834
4867 4835
4868 4836
4869 4837
4870 4838
4871 4839
4872 4840
4873 4841
4874 4842
4875 4843
4876 4844
4877 4845
4878 4846
4879 4847
4880 4848
4881 4849
4882 4850
4883 4851
4884 4852
4885 4853
4886 4854
4887 4855
4888 4856
4889 4857
4890 4858
4891 4859
4892 4860
4893 4861
4894 4862
4895 4863
4896 4864
4897 4865
4898 4866
4899 4867
4900 4868
4901 4869
4902 4870
4903 4871
4904 4872
4905 4873
4906 4874
4907 4875
4908 4876
4909 4877
4910 4878
4911 4879
4912 4880
4913 4881
4914 4882
4915 4883
4916 4884
4917 4885
4918 4886
4919 4887
4920 4888
4921 4889
4922 4890
4923 4891
4924 4892
4925 4893
4926 4894
4927 4895
4928 4896
4929 4897
4930 4898
4931 4899
4932 4900
4933 4901
4934 4902
4935 4903
4936 4904
4937 4905
4938 4906
4939 4907
4940 4908
4941 4909
4942 4910
4943 4911
4944 4912
4945 4913
4946 4915
4947 4916
4948 4917
4949 4919
4950 4918
4951 4921
4952 4920
4953 4922
4954 4923
4955 4924
4956 4925
4957 4926
4958 4927
4959 4928
4960 4929
4961 4930
4962 4931
4963 4932
4964 4933
4965 4934
4966 4935
4967 4936
4968 4937
4969 4938
4970 4939
4971 4940
4972 4941
4973 4942
4974 4943
4975 4944
4976 4945
4977 4947
4978 4946
4979 4948
4980 4949
4981 4950
4982 4951
4983 4952
4984 4953
4985 4954
4986 4955
4987 4956
4988 4957
4989 4958
4990 4959
4991 4960
4992 4962
4993 4961
4994 4963
4995 4964
4996 4965
4997 4966
4998 4967
4999 4968
5000 4969
5001 4970
5002 4971
5003 4972
5004 4973
5005 4974
5006 4975
5007 4976
5008 4977
5009 4978
5010 4979
5011 4980
5012 4981
5013 4982
5014 4983
5015 4985
5016 4984
5017 4986
5018 4987
5019 4988
5020 4990
5021 4989
5022 4991
5023 4992
5024 4993
5025 4994
5026 4995
5027 4996
5028 4997
5029 4998
5030 5000
5031 4999
5032 5001
5033 5002
5034 5003
5035 5004
5036 5005
5037 5006
5038 5007
5039 5008
5040 5009
5041 5011
5042 5010
5043 5012
5044 5013
5045 5014
5046 5015
5047 5016
5048 5017
5049 5019
5050 5018
5051 5020
5052 5021
5053 5022
5054 5023
5055 5024
5056 5025
5057 5026
5058 5027
5059 5028
5060 5029
5061 5030
5062 5031
5063 5032
5064 5033
5065 5035
5066 5036
5067 5034
5068 5037
5069 5038
5070 5039
5071 5040
5072 5041
5073 5043
5074 5042
5075 5044
5076 5045
5077 5046
5078 5047
5079 5048
5080 5049
5081 5050
5082 5052
5083 5051
5084 5053
5085 5054
5086 5055
5087 5056
5088 5057
5089 5058
5090 5059
5091 5060
5092 5061
5093 5062
5094 5063
5095 5064
5096 5065
5097 5066
5098 5067
5099 5068
5100 5070
5101 5069
5102 5071
5103 5072
5104 5073
5105 5074
5106 5075
5107 5076
5108 5077
5109 5078
5110 5079
5111 5080
5112 5081
5113 5082
5114 5083
5115 5084
5116 5085
5117 5086
5118 5087
5119 5088
5120 5089
5121 5090
5122 5091
5123 5092
5124 5094
5125 5093
5126 5096
5127 5095
5128 5097
5129 5098
5130 5099
5131 5100
5132 5101
5133 5102
5134 5103
5135 5104
5136 5105
5137 5106
5138 5107
5139 5108
5140 5109
5141 5110
5142 5111
5143 5112
5144 5113
5145 5114
5146 5115
5147 5116
5148 5117
5149 5118
5150 5119
5151 5120
5152 5121
5153 5122
5154 5123
5155 5124
5156 5125
5157 5126
5158 5127
5159 5128
5160 5129
5161 5130
5162 5131
5163 5132
5164 5133
5165 5134
5166 5135
5167 5136
5168 5137
5169 5138
5170 5139
5171 5140
5172 5141
5173 5142
5174 5143
5175 5144
5176 5145
5177 5146
5178 5147
5179 5148
5180 5149
5181 5150
5182 5151
5183 5152
5184 5153
5185 5154
5186 5155
5187 5156
5188 5157
5189 5158
5190 5159
5191 5160
5192 5161
5193 5162
5194 5163
5195 5164
5196 5165
5197 5166
5198 5167
5199 5168
5200 5169
5201 5170
5202 5171
5203 5172
5204 5173
5205 5175
5206 5174
5207 5176
5208 5177
5209 5178
5210 5179
5211 5180
5212 5181
5213 5183
5214 5182
5215 5184
5216 5185
5217 5187
5218 5186
5219 5188
5220 5189
5221 5190
5222 5191
5223 5192
5224 5193
5225 5194
5226 5195
5227 5196
5228 5197
5229 5198
5230 5200
5231 5199
5232 5201
5233 5202
5234 5203
5235 5204
5236 5205
5237 5206
5238 5207
5239 5209
5240 5208
5241 5210
5242 5211
5243 5212
5244 5214
5245 5213
5246 5215
5247 5216
5248 5217
5249 5218
5250 5219
5251 5220
5252 5221
5253 5222
5254 5223
5255 5224
5256 5225
5257 5226
5258 5227
5259 5228
5260 5229
5261 5230
5262 5231
5263 5232
5264 5234
5265 5233
5266 5235
5267 5236
5268 5238
5269 5237
5270 5239
5271 5240
5272 5241
5273 5242
5274 5243
5275 5244
5276 5245
5277 5246
5278 5247
5279 5248
5280 5249
5281 5250
5282 5251
5283 5252
5284 5253
5285 5254
5286 5255
5287 5256
5288 5257
5289 5258
5290 5259
5291 5261
5292 5262
5293 5260
5294 5263
5295 5264
5296 5265
5297 5266
5298 5267
5299 5268
5300 5270
5301 5269
5302 5271
5303 5272
5304 5273
5305 5274
5306 5275
5307 5276
5308 5277
5309 5278
5310 5279
5311 5280
5312 5281
5313 5282
5314 5283
5315 5284
5316 5285
5317 5286
5318 5287
5319 5288
5320 5289
5321 5290
5322 5291
5323 5292
5324 5293
5325 5294
5326 5295
5327 5296
5328 5297
5329 5298
5330 5299
5331 5300
5332 5301
5333 5302
5334 5304
5335 5303
5336 5306
5337 5305
5338 5307
5339 5308
5340 5309
5341 5310
5342 5311
5343 5312
5344 5313
5345 5314
5346 5315
5347 5316
5348 5317
5349 5318
5350 5319
5351 5320
5352 5321
5353 5322
5354 5323
5355 5324
5356 5325
5357 5326
5358 5327
5359 5328
5360 5329
5361 5331
5362 5330
5363 5332
5364 5333
5365 5335
5366 5334
5367 5336
5368 5337
5369 5338
5370 5339
5371 5340
5372 5341
5373 5342
5374 5343
5375 5344
5376 5345
5377 5346
5378 5347
5379 5348
5380 5349
5381 5350
5382 5351
5383 5352
5384 5353
5385 5354
5386 5355
5387 5356
5388 5357
5389 5358
5390 5359
5391 5360
5392 5361
5393 5362
5394 5363
5395 5364
5396 5365
5397 5366
5398 5368
5399 5367
5400 5369
5401 5370
5402 5371
5403 5373
5404 5372
5405 5374
5406 5375
5407 5376
5408 5377
5409 5378
5410 5379
5411 5380
5412 5381
5413 5382
5414 5383
5415 5384
5416 5385
5417 5386
5418 5387
5419 5388
5420 5389
5421 5390
5422 5391
5423 5392
5424 5393
5425 5394
5426 5395
5427 5396
5428 5397
5429 5398
5430 5399
5431 5401
5432 5400
5433 5402
5434 5403
5435 5404
5436 5405
5437 5406
5438 5407
5439 5408
5440 5410
5441 5409
5442 5411
5443 5412
5444 5413
5445 5414
5446 5415
5447 5416
5448 5417
5449 5418
5450 5419
5451 5420
5452 5421
5453 5422
5454 5423
5455 5424
5456 5425
5457 5426
5458 5427
5459 5428
5460 5429
5461 5430
5462 7871
5463 7870
5464 5431
5465 5432
5466 5433
5467 5434
5468 5435
5469 5436
5470 5437
5471 5438
5472 5439
5473 5440
5474 5442
5475 5443
5476 5444
5477 5445
5478 5446
5479 5447
5480 5448
5481 5449
5482 5450
5483 5451
5484 5452
5485 5453
5486 5454
5487 5455
5488 5456
5489 5458
5490 5457
5491 5459
5492 5460
5493 5461
5494 5462
5495 5464
5496 5466
5497 5465
5498 5463
5499 5467
5500 5468
5501 5469
5502 5470
5503 5471
5504 5472
5505 5473
5506 5474
5507 5475
5508 5476
5509 5477
5510 5478
5511 5479
5512 5480
5513 5481
5514 5483
5515 5482
5516 5484
5517 5485
5518 5486
5519 5487
5520 5488
5521 5489
5522 5490
5523 5491
5524 5492
5525 5493
5526 5494
5527 5495
5528 5496
5529 5497
5530 5498
5531 5499
5532 5500
5533 5501
5534 5502
5535 5503
5536 5504
5537 5505
5538 5506
5539 5507
5540 5508
5541 5510
5542 5509
5543 5511
5544 5512
5545 5513
5546 5514
5547 5515
5548 5516
5549 5517
5550 5519
5551 5521
5552 5520
5553 5522
5554 5523
5555 5524
5556 5525
5557 5526
5558 5527
5559 5528
5560 5529
5561 5530
5562 5531
5563 5532
5564 5533
5565 5534
5566 5535
5567 5536
5568 5537
5569 5538
5570 5540
5571 5539
5572 5541
5573 5542
5574 5543
5575 5544
5576 5545
5577 5546
5578 5547
5579 5548
5580 5550
5581 5549
5582 5551
5583 5552
5584 5553
5585 5554
5586 5555
5587 5556
5588 5557
5589 5558
5590 5559
5591 5560
5592 5561
5593 5562
5594 5563
5595 5564
5596 5565
5597 5566
5598 5567
5599 5569
5600 5568
5601 5570
5602 5571
5603 5572
5604 5573
5605 5574
5606 5575
5607 5576
5608 5577
5609 5578
5610 5579
5611 5580
5612 5581
5613 5582
5614 5583
5615 5584
5616 5585
5617 5587
5618 5586
5619 5588
5620 5589
5621 5590
5622 5592
5623 5593
5624 5594
5625 5595
5626 5596
5627 5597
5628 5598
5629 5599
5630 5600
5631 5601
5632 5602
5633 5604
5634 5605
5635 5606
5636 5607
5637 5608
5638 5609
5639 5610
5640 5611
5641 5613
5642 5614
5643 5615
5644 5616
5645 5617
5646 5618
5647 5619
5648 5620
5649 5621
5650 5622
5651 5623
5652 5624
5653 5625
5654 5626
5655 5627
5656 5628
5657 5629
5658 5632
5659 5633
5660 5634
5661 5635
5662 5636
5663 5637
5664 5638
5665 5639
5666 5640
5667 5641
5668 5642
5669 5644
5670 5643
5671 5645
5672 5646
5673 5647
5674 5648
5675 5649
5676 8387
5677 5652
5678 5651
5679 5653
5680 5654
5681 5656
5682 5655
5683 5657
5684 5658
5685 5659
5686 5660
5687 5662
5688 5661
5689 5663
5690 5664
5691 5665
5692 5666
5693 5667
5694 5668
5695 5669
5696 5670
5697 5671
5698 5672
5699 5673
5700 5674
5701 5675
5702 5676
5703 5677
5704 5678
5705 5679
5706 5681
5707 5680
5708 5682
5709 5683
5710 5684
5711 5686
5712 5685
5713 5688
5714 5687
5715 5689
5716 5690
5717 5691
5718 5693
5719 5692
5720 5695
5721 5694
5722 5696
5723 5697
5724 5698
5725 5699
5726 5700
5727 5701
5728 5702
5729 5703
5730 5704
5731 5705
5732 5707
5733 5706
5734 5708
5735 5709
5736 5710
5737 5711
5738 5712
5739 5713
5740 5714
5741 5715
5742 5716
5743 5717
5744 5718
5745 5719
5746 5720
5747 5721
5748 5722
5749 5723
5750 5724
5751 5725
5752 5726
5753 5727
5754 5728
5755 5729
5756 5730
5757 5731
5758 5732
5759 5733
5760 5734
5761 5735
5762 5736
5763 5737
5764 5738
5765 5739
5766 5740
5767 5741
5768 5742
5769 5743
5770 5744
5771 5746
5772 5745
5773 5747
5774 5748
5775 5757
5776 5756
5777 5755
5778 5754
5779 5753
5780 5752
5781 5751
5782 5750
5783 5749
5784 5758
5785 5759
5786 5760
5787 5762
5788 5761
5789 5763
5790 5764
5791 5765
5792 5766
5793 5767
5794 5768
5795 5770
5796 5769
5797 5771
5798 5772
5799 5774
5800 5773
5801 5775
5802 5776
5803 5777
5804 5778
5805 5779
5806 5780
5807 5781
5808 5782
5809 5783
5810 5784
5811 5785
5812 5786
5813 5787
5814 5788
5815 5789
5816 5790
5817 5791
5818 5792
5819 5793
5820 5794
5821 5795
5822 5796
5823 5797
5824 5798
5825 5799
5826 5800
5827 5801
5828 5802
5829 5803
5830 5804
5831 5805
5832 5806
5833 5807
5834 5809
5835 5808
5836 5810
5837 5811
5838 5812
5839 5813
5840 5814
5841 5816
5842 5815
5843 5818
5844 5817
5845 5819
5846 5821
5847 5820
5848 5823
5849 5822
5850 5824
5851 5825
5852 5826
5853 5827
5854 5828
5855 5829
5856 5830
5857 5831
5858 5832
5859 5833
5860 5834
5861 5835
5862 5836
5863 5837
5864 5838
5865 5839
5866 5840
5867 5841
5868 5842
5869 5843
5870 5844
5871 5845
5872 5846
5873 5847
5874 5848
5875 5849
5876 5850
5877 5851
5878 5852
5879 5854
5880 5856
5881 5855
5882 5853
5883 5857
5884 5858
5885 5859
5886 5860
5887 5861
5888 5863
5889 5862
5890 5864
5891 5865
5892 5866
5893 5867
5894 5868
5895 5869
5896 5870
5897 5871
5898 5872
5899 5873
5900 5875
5901 5874
5902 5876
5903 5877
5904 5878
5905 5879
5906 5880
5907 5881
5908 5882
5909 5884
5910 5883
5911 5885
5912 5886
5913 5887
5914 5888
5915 5889
5916 5890
5917 5891
5918 5892
5919 5893
5920 5894
5921 5895
5922 5896
5923 5897
5924 5898
5925 5899
5926 5901
5927 5900
5928 5902
5929 5903
5930 5904
5931 5905
5932 5906
5933 5908
5934 5907
5935 5909
5936 5910
5937 5911
5938 5912
5939 5914
5940 5913
5941 5915
5942 5917
5943 5918
5944 5919
5945 5920
5946 5921
5947 5922
5948 5923
5949 5924
5950 5925
5951 5926
5952 5927
5953 5928
5954 5930
5955 5929
5956 5931
5957 5932
5958 5933
5959 5935
5960 5934
5961 5936
5962 5937
5963 5938
5964 5939
5965 5940
5966 5941
5967 5942
5968 5943
5969 5944
5970 5945
5971 5947
5972 5946
5973 5948
5974 5949
5975 5950
5976 5951
5977 5952
5978 5953
5979 5954
5980 5955
5981 5956
5982 5958
5983 5957
5984 5959
5985 5960
5986 5961
5987 5962
5988 5964
5989 5963
5990 5965
5991 5966
5992 5967
5993 5968
5994 5969
5995 5970
5996 5971
5997 5972
5998 5973
5999 5974
6000 5975
6001 5976
6002 5977
6003 5978
6004 5979
6005 5981
6006 5980
6007 5982
6008 5983
6009 5984
6010 5985
6011 5986
6012 5987
6013 5988
6014 5989
6015 5990
6016 5991
6017 5992
6018 5993
6019 5994
6020 5995
6021 5996
6022 5997
6023 5998
6024 5999
6025 6000
6026 6001
6027 6002
6028 6003
6029 6004
6030 6005
6031 6006
6032 6007
6033 6009
6034 6008
6035 6010
6036 6011
6037 6012
6038 6013
6039 6014
6040 6015
6041 6016
6042 6017
6043 6018
6044 6019
6045 6020
6046 6021
6047 6022
6048 6023
6049 6024
6050 6025
6051 6026
6052 6027
6053 6028
6054 6029
6055 6030
6056 6031
6057 8833
6058 8742
6059 8741
6060 8145
6061 6034
6062 6035
6063 6036
6064 6037
6065 6038
6066 6039
6067 6040
6068 6041
6069 6043
6070 6042
6071 6045
6072 6044
6073 6046
6074 6049
6075 6050
6076 6051
6077 6052
6078 6053
6079 6054
6080 6055
6081 6056
6082 6058
6083 6057
6084 6059
6085 6060
6086 6061
6087 6062
6088 6063
6089 6064
6090 6065
6091 6066
6092 6067
6093 6068
6094 6069
6095 6070
6096 6071
6097 6072
6098 6073
6099 6074
6100 6075
6101 6076
6102 6078
6103 6077
6104 6080
6105 6079
6106 6081
6107 6082
6108 6083
6109 6084
6110 6085
6111 6086
6112 6088
6113 6087
6114 6089
6115 6090
6116 6091
6117 6092
6118 6093
6119 6094
6120 6096
6121 6095
6122 6097
6123 6098
6124 6099
6125 6100
6126 6101
6127 6102
6128 6104
6129 6103
6130 6105
6131 6107
6132 6106
6133 6108
6134 6109
6135 6117
6136 6116
6137 6115
6138 6114
6139 6113
6140 6112
6141 6111
6142 6110
6143 6118
6144 6119
6145 6120
6146 6121
6147 6122
6148 6123
6149 6124
6150 6126
6151 6125
6152 6127
6153 6128
6154 6129
6155 6130
6156 6132
6157 6133
6158 6131
6159 6134
6160 6135
6161 6136
6162 6137
6163 6138
6164 6139
6165 6140
6166 6141
6167 6142
6168 6143
6169 6144
6170 6145
6171 6146
6172 6147
6173 6148
6174 6149
6175 6150
6176 6151
6177 6152
6178 6153
6179 6155
6180 6154
6181 6156
6182 6157
6183 6158
6184 6159
6185 6160
6186 6161
6187 6177
6188 6176
6189 6162
6190 6163
6191 6165
6192 6164
6193 6166
6194 6167
6195 6168
6196 6169
6197 6170
6198 6171
6199 6172
6200 6173
6201 6174
6202 6175
6203 6178
6204 6180
6205 6179
6206 6181
6207 6182
6208 6183
6209 6184
6210 8987
6211 6185
6212 6186
6213 6188
6214 6187
6215 6189
6216 6190
6217 6191
6218 6193
6219 6192
6220 6195
6221 6194
6222 6196
6223 6197
6224 6198
6225 6199
6226 6200
6227 6201
6228 6202
6229 6203
6230 6204
6231 6205
6232 6206
6233 6207
6234 6208
6235 6210
6236 6209
6237 6211
6238 6212
6239 6213
6240 6214
6241 6215
6242 6216
6243 6217
6244 6218
6245 6219
6246 6220
6247 6221
6248 6222
6249 6223
6250 6224
6251 6225
6252 6226
6253 6227
6254 6228
6255 6229
6256 6230
6257 6232
6258 6231
6259 6233
6260 6234
6261 6235
6262 6236
6263 6237
6264 6238
6265 6240
6266 6239
6267 6241
6268 6242
6269 6243
6270 6244
6271 6245
6272 6246
6273 6247
6274 6248
6275 6249
6276 6251
6277 6250
6278 6252
6279 6253
6280 6254
6281 6255
6282 6256
6283 6257
6284 6258
6285 6259
6286 6260
6287 6261
6288 6262
6289 6263
6290 6264
6291 6265
6292 6266
6293 6268
6294 6267
6295 6269
6296 6270
6297 6272
6298 6271
6299 6273
6300 6274
6301 6276
6302 6275
6303 6277
6304 6278
6305 6280
6306 6282
6307 6281
6308 6279
6309 6284
6310 6283
6311 6285
6312 6286
6313 6287
6314 6288
6315 6289
6316 6290
6317 6291
6318 6292
6319 6293
6320 6294
6321 6295
6322 6296
6323 6297
6324 6298
6325 6299
6326 6300
6327 6301
6328 6302
6329 6303
6330 6304
6331 6305
6332 6306
6333 6307
6334 6308
6335 6309
6336 6310
6337 6311
6338 6312
6339 6313
6340 6314
6341 6315
6342 6316
6343 6317
6344 6318
6345 6320
6346 6319
6347 6321
6348 6322
6349 6323
6350 6324
6351 6325
6352 6326
6353 6328
6354 6327
6355 6330
6356 6329
6357 6331
6358 6332
6359 6333
6360 6334
6361 6335
6362 6336
6363 6337
6364 6338
6365 6339
6366 6340
6367 6341
6368 6343
6369 6342
6370 6344
6371 6346
6372 6345
6373 6347
6374 6348
6375 6349
6376 6350
6377 6351
6378 6352
6379 6353
6380 6354
6381 6355
6382 6356
6383 6357
6384 6358
6385 6360
6386 6359
6387 6361
6388 6362
6389 6363
6390 6364
6391 6365
6392 6367
6393 6366
6394 6369
6395 6368
6396 6370
6397 6371
6398 6372
6399 6373
6400 6374
6401 6376
6402 6375
6403 6377
6404 6378
6405 6379
6406 6381
6407 6380
6408 6382
6409 6383
6410 6384
6411 6385
6412 6386
6413 6387
6414 6388
6415 6389
6416 6390
6417 6391
6418 6392
6419 6393
6420 6394
6421 6395
6422 6396
6423 6397
6424 6399
6425 6398
6426 8522
6427 8521
6428 8520
6429 6400
6430 6401
6431 6402
6432 6404
6433 6403
6434 6405
6435 6406
6436 6407
6437 6408
6438 6410
6439 6409
6440 6412
6441 6411
6442 6413
6443 6414
6444 6415
6445 6416
6446 6417
6447 6418
6448 6419
6449 6421
6450 6420
6451 6422
6452 6423
6453 6424
6454 6425
6455 6426
6456 6427
6457 6428
6458 6429
6459 6430
6460 6431
6461 6432
6462 6433
6463 6434
6464 6436
6465 6437
6466 6435
6467 6438
6468 6439
6469 6440
6470 6441
6471 6443
6472 6442
6473 6445
6474 6444
6475 6446
6476 6447
6477 6448
6478 6449
6479 6450
6480 6451
6481 6452
6482 6453
6483 6455
6484 6454
6485 6456
6486 6457
6487 6458
6488 6459
6489 6460
6490 6461
6491 6462
6492 6463
6493 6464
6494 6465
6495 6466
6496 6468
6497 6467
6498 6470
6499 6563
6500 6469
6501 6472
6502 6471
6503 6473
6504 6474
6505 6476
6506 6475
6507 6477
6508 6478
6509 6479
6510 6480
6511 6481
6512 6482
6513 6483
6514 6484
6515 6485
6516 6486
6517 6487
6518 6488
6519 6489
6520 6490
6521 6491
6522 6492
6523 6493
6524 6494
6525 6495
6526 6496
6527 6497
6528 6498
6529 6499
6530 6500
6531 6501
6532 6502
6533 6503
6534 6504
6535 6505
6536 6507
6537 6506
6538 6508
6539 6509
6540 6510
6541 6511
6542 6512
6543 6513
6544 6514
6545 6516
6546 6515
6547 6517
6548 6518
6549 6519
6550 6520
6551 6521
6552 6522
6553 6523
6554 6524
6555 6525
6556 6526
6557 6527
6558 6528
6559 6529
6560 6530
6561 6531
6562 6532
6563 6533
6564 6534
6565 6535
6566 6536
6567 6537
6568 6538
6569 6539
6570 6540
6571 6541
6572 6542
6573 6544
6574 6543
6575 6545
6576 6547
6577 6546
6578 6548
6579 6549
6580 6550
6581 6551
6582 6552
6583 6553
6584 6554
6585 6555
6586 6556
6587 6557
6588 6558
6589 6559
6590 6560
6591 6561
6592 6562
6593 8727
6594 6564
6595 6565
6596 6566
6597 6567
6598 6568
6599 6569
6600 6570
6601 6572
6602 6571
6603 6573
6604 6574
6605 6575
6606 6576
6607 6577
6608 6578
6609 6579
6610 6580
6611 6582
6612 6581
6613 6583
6614 6584
6615 6585
6616 6586
6617 6587
6618 6588
6619 6589
6620 6590
6621 6591
6622 6593
6623 6592
6624 6594
6625 6595
6626 6596
6627 6597
6628 6598
6629 6600
6630 6599
6631 6601
6632 6603
6633 6604
6634 6602
6635 6605
6636 6606
6637 6607
6638 6608
6639 6609
6640 6610
6641 6611
6642 6612
6643 6613
6644 6614
6645 6616
6646 6615
6647 6617
6648 6618
6649 6619
6650 6620
6651 6621
6652 6622
6653 6623
6654 6624
6655 6625
6656 6626
6657 6627
6658 6628
6659 6629
6660 6630
6661 6631
6662 6632
6663 6633
6664 6634
6665 6635
6666 6636
6667 6637
6668 6638
6669 6639
6670 6640
6671 6641
6672 6642
6673 6643
6674 6644
6675 6645
6676 6646
6677 6647
6678 6648
6679 6649
6680 6651
6681 6650
6682 6652
6683 6653
6684 6655
6685 6654
6686 6656
6687 6657
6688 6658
6689 6659
6690 6660
6691 6661
6692 6662
6693 6663
6694 6664
6695 6665
6696 6666
6697 6667
6698 6668
6699 6669
6700 6671
6701 6670
6702 6672
6703 6673
6704 6674
6705 6675
6706 6676
6707 6677
6708 6678
6709 6680
6710 6679
6711 6681
6712 6682
6713 6683
6714 6684
6715 6686
6716 6685
6717 6688
6718 6687
6719 6689
6720 6690
6721 6691
6722 6692
6723 6693
6724 6694
6725 6695
6726 6696
6727 6697
6728 6698
6729 6699
6730 6700
6731 6702
6732 6701
6733 6704
6734 6703
6735 6705
6736 6706
6737 6707
6738 6708
6739 6709
6740 6710
6741 6711
6742 6712
6743 6713
6744 6714
6745 6715
6746 6716
6747 6717
6748 6719
6749 6718
6750 6720
6751 6722
6752 6721
6753 6723
6754 6724
6755 6725
6756 6726
6757 6727
6758 6728
6759 6729
6760 6730
6761 6731
6762 6732
6763 6733
6764 6734
6765 6735
6766 6736
6767 6737
6768 6738
6769 6739
6770 6740
6771 6741
6772 6742
6773 6743
6774 6744
6775 6745
6776 6746
6777 6747
6778 6748
6779 6749
6780 6750
6781 6751
6782 6752
6783 6753
6784 6754
6785 6755
6786 6756
6787 6757
6788 6758
6789 6759
6790 6760
6791 6761
6792 6762
6793 6763
6794 6764
6795 6765
6796 6766
6797 6767
6798 6768
6799 6769
6800 6770
6801 6771
6802 6773
6803 6774
6804 6772
6805 6775
6806 6776
6807 6777
6808 6778
6809 6779
6810 6781
6811 6780
6812 6782
6813 6783
6814 6784
6815 6785
6816 6786
6817 6787
6818 6788
6819 6789
6820 6790
6821 6791
6822 6792
6823 6793
6824 6794
6825 6795
6826 6796
6827 6798
6828 6797
6829 6799
6830 6800
6831 6801
6832 6802
6833 6803
6834 6804
6835 6805
6836 6806
6837 6807
6838 6808
6839 6809
6840 6810
6841 6811
6842 6812
6843 6813
6844 6814
6845 6815
6846 6816
6847 6817
6848 6818
6849 6820
6850 6819
6851 6821
6852 6822
6853 6823
6854 6824
6855 6825
6856 6827
6857 6826
6858 6828
6859 6829
6860 6830
6861 6831
6862 6832
6863 6833
6864 6834
6865 6835
6866 6836
6867 6837
6868 6838
6869 6839
6870 6840
6871 6841
6872 6842
6873 6843
6874 6844
6875 6845
6876 6846
6877 6847
6878 6848
6879 6849
6880 6850
6881 6851
6882 6852
6883 6853
6884 6855
6885 6854
6886 6856
6887 6857
6888 6859
6889 6858
6890 6860
6891 6861
6892 6862
6893 6863
6894 6864
6895 6865
6896 6866
6897 6867
6898 6868
6899 6869
6900 6870
6901 6871
6902 6872
6903 6873
6904 6874
6905 6875
6906 6876
6907 6877
6908 6878
6909 6879
6910 6880
6911 6881
6912 6882
6913 6883
6914 6884
6915 6885
6916 6886
6917 6887
6918 6888
6919 6889
6920 6890
6921 6891
6922 6892
6923 6893
6924 6894
6925 6895
6926 6896
6927 6897
6928 6898
6929 6899
6930 6900
6931 6901
6932 6903
6933 6902
6934 6904
6935 6905
6936 6906
6937 6907
6938 6908
6939 6909
6940 6910
6941 6911
6942 6912
6943 6913
6944 6914
6945 6915
6946 6916
6947 6917
6948 6918
6949 6919
6950 6920
6951 6921
6952 6922
6953 6923
6954 6924
6955 6925
6956 6926
6957 6927
6958 6928
6959 6929
6960 6930
6961 6932
6962 6931
6963 6933
6964 6935
6965 6934
6966 6936
6967 6937
6968 6938
6969 6940
6970 6939
6971 6941
6972 6942
6973 6943
6974 6944
6975 6945
6976 6948
6977 6949
6978 6950
6979 6951
6980 6952
6981 6954
6982 6953
6983 6956
6984 6955
6985 6957
6986 6958
6987 6959
6988 6961
6989 6963
6990 6962
6991 6964
6992 6965
6993 6966
6994 6967
6995 6968
6996 6969
6997 6971
6998 6970
6999 6972
7000 6973
7001 6974
7002 6975
7003 6976
7004 6977
7005 6978
7006 6979
7007 6980
7008 6981
7009 6982
7010 6983
7011 6984
7012 6985
7013 6987
7014 6986
7015 6988
7016 6989
7017 6990
7018 6991
7019 6992
7020 6993
7021 6994
7022 6995
7023 6996
7024 6998
7025 6997
7026 6999
7027 7000
7028 7002
7029 7001
7030 7003
7031 7004
7032 7006
7033 7005
7034 7007
7035 7008
7036 7009
7037 7010
7038 7011
7039 7012
7040 7013
7041 7014
7042 7015
7043 7016
7044 7017
7045 7018
7046 7019
7047 7020
7048 7021
7049 7022
7050 7023
7051 7024
7052 7025
7053 7026
7054 7027
7055 7028
7056 7030
7057 7029
7058 7031
7059 7032
7060 7033
7061 7034
7062 7035
7063 7036
7064 7037
7065 7038
7066 7039
7067 7040
7068 7041
7069 7042
7070 7043
7071 7044
7072 7045
7073 7046
7074 7047
7075 7048
7076 7049
7077 7050
7078 7051
7079 7052
7080 7053
7081 7054
7082 7055
7083 7056
7084 7057
7085 7058
7086 7059
7087 7060
7088 7061
7089 7062
7090 7063
7091 7064
7092 7065
7093 7066
7094 7067
7095 7068
7096 7069
7097 7070
7098 7071
7099 7072
7100 7073
7101 7074
7102 7075
7103 7076
7104 7077
7105 7078
7106 7079
7107 7080
7108 7081
7109 7082
7110 7083
7111 7084
7112 7085
7113 7086
7114 7088
7115 7087
7116 7090
7117 7089
7118 7091
7119 7092
7120 7093
7121 7094
7122 7095
7123 7096
7124 7098
7125 7097
7126 7099
7127 7100
7128 7101
7129 7102
7130 7103
7131 7104
7132 7105
7133 7106
7134 7107
7135 7108
7136 7109
7137 7110
7138 7111
7139 7112
7140 7113
7141 7115
7142 7114
7143 7116
7144 7117
7145 7118
7146 7119
7147 7120
7148 7121
7149 7122
7150 7123
7151 7124
7152 7125
7153 7126
7154 7127
7155 7128
7156 7129
7157 7130
7158 7131
7159 7132
7160 7133
7161 7134
7162 7135
7163 7136
7164 7137
7165 7138
7166 7139
7167 7140
7168 7141
7169 7142
7170 7143
7171 7144
7172 7145
7173 7146
7174 7147
7175 7148
7176 7149
7177 7150
7178 7151
7179 7152
7180 7153
7181 7154
7182 7155
7183 7156
7184 7157
7185 7158
7186 7160
7187 7159
7188 7161
7189 7162
7190 7163
7191 7164
7192 7165
7193 7166
7194 7167
7195 7168
7196 7169
7197 7170
7198 7171
7199 7173
7200 7172
7201 7174
7202 7175
7203 7176
7204 7177
7205 7178
7206 7179
7207 7180
7208 7181
7209 7182
7210 7183
7211 7184
7212 7185
7213 7186
7214 7187
7215 7188
7216 7189
7217 7190
7218 7191
7219 7193
7220 7192
7221 7194
7222 7195
7223 7196
7224 7197
7225 7198
7226 7199
7227 7200
7228 7201
7229 7202
7230 7203
7231 7207
7232 7206
7233 7205
7234 7204
7235 7208
7236 7210
7237 7209
7238 7211
7239 7212
7240 7213
7241 7214
7242 7215
7243 7216
7244 7217
7245 7218
7246 7219
7247 7220
7248 7221
7249 7222
7250 7223
7251 7224
7252 7225
7253 7226
7254 7227
7255 7228
7256 7229
7257 7231
7258 7230
7259 7232
7260 7233
7261 7234
7262 7235
7263 7236
7264 7237
7265 7238
7266 7239
7267 7240
7268 7241
7269 7242
7270 7243
7271 7244
7272 7245
7273 7246
7274 7247
7275 7248
7276 7249
7277 7250
7278 7251
7279 7252
7280 7253
7281 7254
7282 7255
7283 7256
7284 7257
7285 7258
7286 7259
7287 7261
7288 7260
7289 7262
7290 7263
7291 7264
7292 7265
7293 7266
7294 7267
7295 7268
7296 7269
7297 7270
7298 7271
7299 7272
7300 7273
7301 7274
7302 7275
7303 7276
7304 7277
7305 7278
7306 7279
7307 7280
7308 7281
7309 7282
7310 7283
7311 7286
7312 7285
7313 7284
7314 7287
7315 7288
7316 7289
7317 7290
7318 7291
7319 7292
7320 7293
7321 7294
7322 7295
7323 7296
7324 7297
7325 7298
7326 7299
7327 7300
7328 7301
7329 7302
7330 7303
7331 7304
7332 7306
7333 7305
7334 7307
7335 7308
7336 7310
7337 7309
7338 7311
7339 7312
7340 7313
7341 7315
7342 7314
7343 7316
7344 7317
7345 7318
7346 7319
7347 7320
7348 7321
7349 7322
7350 7323
7351 7324
7352 7325
7353 7326
7354 7327
7355 7328
7356 7329
7357 7330
7358 7331
7359 7332
7360 7333
7361 7334
7362 7335
7363 7336
7364 7338
7365 7337
7366 7339
7367 7340
7368 7341
7369 7342
7370 7343
7371 7344
7372 7345
7373 7346
7374 7347
7375 7348
7376 7349
7377 7351
7378 7350
7379 7352
7380 7353
7381 7354
7382 7355
7383 7356
7384 7368
7385 7366
7386 7365
7387 7364
7388 7363
7389 7362
7390 7361
7391 7360
7392 7359
7393 7358
7394 7357
7395 7369
7396 7370
7397 7371
7398 7372
7399 7373
7400 7374
7401 7375
7402 7376
7403 7377
7404 7378
7405 7379
7406 7380
7407 7381
7408 7382
7409 7383
7410 7384
7411 7385
7412 7386
7413 7387
7414 7388
7415 7389
7416 7390
7417 7391
7418 7392
7419 7393
7420 7394
7421 7395
7422 7396
7423 7397
7424 7398
7425 7399
7426 7400
7427 7402
7428 7401
7429 7403
7430 7404
7431 7405
7432 7406
7433 7407
7434 7408
7435 7409
7436 7410
7437 7411
7438 9115
7439 9114
7440 9113
7441 9112
7442 8894
7443 7412
7444 7413
7445 7414
7446 7415
7447 7416
7448 7417
7449 7418
7450 7419
7451 7420
7452 7422
7453 7421
7454 7423
7455 7424
7456 7425
7457 7427
7458 7426
7459 7428
7460 7429
7461 7430
7462 7431
7463 7432
7464 7433
7465 7434
7466 7435
7467 7436
7468 7437
7469 7438
7470 7439
7471 7440
7472 7441
7473 7442
7474 7443
7475 7444
7476 7445
7477 7447
7478 7446
7479 7448
7480 7449
7481 7450
7482 7451
7483 7452
7484 7453
7485 7455
7486 7454
7487 7456
7488 7457
7489 7458
7490 7459
7491 7461
7492 7460
7493 7462
7494 7463
7495 7464
7496 7466
7497 7467
7498 7468
7499 7469
7500 7470
7501 7471
7502 7472
7503 7474
7504 7473
7505 7475
7506 7476
7507 7477
7508 7478
7509 7479
7510 7480
7511 7482
7512 7481
7513 7483
7514 7484
7515 7485
7516 7486
7517 7488
7518 7487
7519 7489
7520 7490
7521 7491
7522 7492
7523 7493
7524 7494
7525 7495
7526 7496
7527 7497
7528 7498
7529 7499
7530 7500
7531 7501
7532 7502
7533 7503
7534 7504
7535 7505
7536 7506
7537 7507
7538 7508
7539 7509
7540 7510
7541 7511
7542 7512
7543 7513
7544 7514
7545 7515
7546 7516
7547 7517
7548 7519
7549 7518
7550 7520
7551 7521
7552 7522
7553 7523
7554 7524
7555 7525
7556 7526
7557 7527
7558 7528
7559 7529
7560 7530
7561 7532
7562 7531
7563 7534
7564 7533
7565 7535
7566 7536
7567 7537
7568 7538
7569 7539
7570 7540
7571 7541
7572 7542
7573 7543
7574 7544
7575 7545
7576 7546
7577 7547
7578 7548
7579 7549
7580 7550
7581 7551
7582 7552
7583 7553
7584 7554
7585 7556
7586 7555
7587 7557
7588 7558
7589 7559
7590 7560
7591 7561
7592 7562
7593 7563
7594 7565
7595 7564
7596 7566
7597 7567
7598 7568
7599 7569
7600 7570
7601 7571
7602 7572
7603 7573
7604 7574
7605 7575
7606 7576
7607 7577
7608 7578
7609 7579
7610 7580
7611 7581
7612 7583
7613 7582
7614 7584
7615 7585
7616 7586
7617 7587
7618 7588
7619 7589
7620 7590
7621 7591
7622 7592
7623 7593
7624 7594
7625 7595
7626 7596
7627 7597
7628 7598
7629 7599
7630 7600
7631 7601
7632 7602
7633 7603
7634 7604
7635 7605
7636 7606
7637 7607
7638 7608
7639 7609
7640 7610
7641 7611
7642 7612
7643 7613
7644 7614
7645 7615
7646 7616
7647 7617
7648 7618
7649 7619
7650 7620
7651 7621
7652 7622
7653 7623
7654 7625
7655 7624
7656 7626
7657 7628
7658 7627
7659 7629
7660 7630
7661 7631
7662 7632
7663 7633
7664 7634
7665 7635
7666 7636
7667 7637
7668 7638
7669 7639
7670 7640
7671 7641
7672 7642
7673 7643
7674 7644
7675 7645
7676 7646
7677 7647
7678 7648
7679 7649
7680 7650
7681 7651
7682 7652
7683 7653
7684 7654
7685 7655
7686 7656
7687 7657
7688 7658
7689 7659
7690 7660
7691 7662
7692 7661
7693 7663
7694 7664
7695 7665
7696 7666
7697 7667
7698 7668
7699 7669
7700 7670
7701 7671
7702 7672
7703 7673
7704 7674
7705 7676
7706 7675
7707 7677
7708 7678
7709 7679
7710 7680
7711 7681
7712 7683
7713 7682
7714 7684
7715 7685
7716 7686
7717 7687
7718 7688
7719 7689
7720 7691
7721 7690
7722 7692
7723 7693
7724 7694
7725 7695
7726 7696
7727 7697
7728 7698
7729 7699
7730 7700
7731 7701
7732 7702
7733 7703
7734 7704
7735 7705
7736 7706
7737 7707
7738 7708
7739 7709
7740 7710
7741 7711
7742 7713
7743 7712
7744 7714
7745 7715
7746 7717
7747 7718
7748 7719
7749 7720
7750 7721
7751 7722
7752 7723
7753 7724
7754 7725
7755 7726
7756 7727
7757 7728
7758 7729
7759 7730
7760 7732
7761 7731
7762 7733
7763 7734
7764 7735
7765 7736
7766 7737
7767 7738
7768 7740
7769 7739
7770 7741
7771 7742
7772 7743
7773 7744
7774 7745
7775 7914
7776 7746
7777 7747
7778 7748
7779 7749
7780 7750
7781 7751
7782 7752
7783 7753
7784 7754
7785 7755
7786 7756
7787 7757
7788 7758
7789 7759
7790 7760
7791 7762
7792 7761
7793 7763
7794 7764
7795 7765
7796 7766
7797 7767
7798 7768
7799 7769
7800 7771
7801 7770
7802 7772
7803 7773
7804 7774
7805 7775
7806 7776
7807 7777
7808 7778
7809 7779
7810 7780
7811 7781
7812 7782
7813 7783
7814 7785
7815 7789
7816 7788
7817 7787
7818 7786
7819 7784
7820 7790
7821 7791
7822 7792
7823 7793
7824 7794
7825 7795
7826 7796
7827 7797
7828 7798
7829 7799
7830 7800
7831 7802
7832 7801
7833 7803
7834 7804
7835 7805
7836 7806
7837 7807
7838 7808
7839 7809
7840 7810
7841 7811
7842 7812
7843 7813
7844 7814
7845 7816
7846 7815
7847 7818
7848 7817
7849 7819
7850 7820
7851 7821
7852 7822
7853 7823
7854 7824
7855 7825
7856 7826
7857 7827
7858 7828
7859 7830
7860 7829
7861 7831
7862 7832
7863 7833
7864 7834
7865 7835
7866 7836
7867 7837
7868 7838
7869 7839
7870 7840
7871 7841
7872 7842
7873 7843
7874 7844
7875 7845
7876 7846
7877 7847
7878 7848
7879 7849
7880 7850
7881 7851
7882 7852
7883 7854
7884 7853
7885 7855
7886 7856
7887 7857
7888 7858
7889 7859
7890 7860
7891 7861
7892 7862
7893 7863
7894 7865
7895 7864
7896 7866
7897 7867
7898 7868
7899 7869
7900 7873
7901 7872
7902 7874
7903 7875
7904 7876
7905 7877
7906 7878
7907 7879
7908 7881
7909 7880
7910 7882
7911 7883
7912 7885
7913 7884
7914 7886
7915 7887
7916 7888
7917 7889
7918 7890
7919 7891
7920 7892
7921 7893
7922 7894
7923 7895
7924 7896
7925 7898
7926 7897
7927 7899
7928 7900
7929 7901
7930 7902
7931 7903
7932 7904
7933 7905
7934 7906
7935 7907
7936 7908
7937 7909
7938 7910
7939 7911
7940 7912
7941 7913
7942 7915
7943 7917
7944 7916
7945 7918
7946 7920
7947 7921
7948 7919
7949 7922
7950 7923
7951 7924
7952 7925
7953 7926
7954 7927
7955 7928
7956 7929
7957 7930
7958 7931
7959 7932
7960 7933
7961 7934
7962 7936
7963 7935
7964 7937
7965 7938
7966 7939
7967 7940
7968 7941
7969 7942
7970 7943
7971 7944
7972 7945
7973 7946
7974 7947
7975 7948
7976 7949
7977 7950
7978 7951
7979 7952
7980 7953
7981 7954
7982 7955
7983 7956
7984 7957
7985 7958
7986 7959
7987 7960
7988 7961
7989 7962
7990 7963
7991 7964
7992 7965
7993 7966
7994 7967
7995 7968
7996 7969
7997 7970
7998 7971
7999 7972
8000 7973
8001 7974
8002 7975
8003 7976
8004 7977
8005 7978
8006 7980
8007 7981
8008 7982
8009 7983
8010 7984
8011 7985
8012 7986
8013 7987
8014 7988
8015 7989
8016 7990
8017 7991
8018 7992
8019 7993
8020 7994
8021 7995
8022 7996
8023 7997
8024 7998
8025 7999
8026 8000
8027 8001
8028 8002
8029 8003
8030 8004
8031 8005
8032 8006
8033 8007
8034 8008
8035 8009
8036 8010
8037 8011
8038 8012
8039 8013
8040 8014
8041 8015
8042 8016
8043 8017
8044 8018
8045 8019
8046 8020
8047 8021
8048 8022
8049 8023
8050 8024
8051 8025
8052 8028
8053 8029
8054 8030
8055 8031
8056 8032
8057 8033
8058 8034
8059 8035
8060 8036
8061 8037
8062 8038
8063 8039
8064 8040
8065 8041
8066 8042
8067 8043
8068 8044
8069 8045
8070 8046
8071 8047
8072 8048
8073 8049
8074 8050
8075 8051
8076 8052
8077 8053
8078 8054
8079 8055
8080 8056
8081 8057
8082 8058
8083 8059
8084 8061
8085 8060
8086 8062
8087 8063
8088 8064
8089 8065
8090 8066
8091 8067
8092 8068
8093 8069
8094 8070
8095 8071
8096 8072
8097 8073
8098 8074
8099 8075
8100 8077
8101 8076
8102 8078
8103 8079
8104 8080
8105 8083
8106 8082
8107 8081
8108 8084
8109 8085
8110 8086
8111 8087
8112 8088
8113 8089
8114 8090
8115 8091
8116 8092
8117 8093
8118 8094
8119 8095
8120 8096
8121 8097
8122 8099
8123 8098
8124 8100
8125 8101
8126 8102
8127 8103
8128 8104
8129 8105
8130 8106
8131 8108
8132 8107
8133 8110
8134 8109
8135 8111
8136 8112
8137 8114
8138 8117
8139 8116
8140 8115
8141 8113
8142 8118
8143 8119
8144 8120
8145 8121
8146 8122
8147 8123
8148 8124
8149 8125
8150 8126
8151 8128
8152 8127
8153 8129
8154 8130
8155 8131
8156 8132
8157 8133
8158 8134
8159 8136
8160 8135
8161 8137
8162 8138
8163 8139
8164 8140
8165 8141
8166 8143
8167 8142
8168 8144
8169 8146
8170 8147
8171 8148
8172 8149
8173 8150
8174 8151
8175 8152
8176 8153
8177 8154
8178 8155
8179 8156
8180 8157
8181 8158
8182 8159
8183 8160
8184 8161
8185 8162
8186 8163
8187 8164
8188 8165
8189 8166
8190 8167
8191 8169
8192 8168
8193 8170
8194 8171
8195 8172
8196 8173
8197 8174
8198 8175
8199 8176
8200 8177
8201 8179
8202 8178
8203 8180
8204 8181
8205 8182
8206 8183
8207 8184
8208 8185
8209 8186
8210 8187
8211 8189
8212 8188
8213 8190
8214 8191
8215 8192
8216 8193
8217 8194
8218 8195
8219 8196
8220 8197
8221 8199
8222 8198
8223 8200
8224 8201
8225 8202
8226 8203
8227 8204
8228 8205
8229 8206
8230 8207
8231 8209
8232 8208
8233 8210
8234 8211
8235 8212
8236 8213
8237 8214
8238 8215
8239 8216
8240 8217
8241 8218
8242 8219
8243 8220
8244 8221
8245 8222
8246 8223
8247 8224
8248 8225
8249 8226
8250 8227
8251 8228
8252 8229
8253 8230
8254 8231
8255 8232
8256 8233
8257 8234
8258 8235
8259 8236
8260 8237
8261 8238
8262 8239
8263 8240
8264 8241
8265 8242
8266 8243
8267 8244
8268 8245
8269 8246
8270 8247
8271 8248
8272 8249
8273 8250
8274 8251
8275 8252
8276 8253
8277 8254
8278 8255
8279 8256
8280 8257
8281 8258
8282 8259
8283 8261
8284 8260
8285 8262
8286 8263
8287 8264
8288 8265
8289 8266
8290 8267
8291 8268
8292 8269
8293 8270
8294 8271
8295 8272
8296 8273
8297 8274
8298 8275
8299 8276
8300 8277
8301 8278
8302 8280
8303 8279
8304 8281
8305 8282
8306 8283
8307 8284
8308 8285
8309 8286
8310 8287
8311 8288
8312 8289
8313 8290
8314 8291
8315 8292
8316 8293
8317 8294
8318 8295
8319 8296
8320 8297
8321 8299
8322 8298
8323 8300
8324 8301
8325 8302
8326 8303
8327 8304
8328 8305
8329 8307
8330 8306
8331 8308
8332 8309
8333 8310
8334 8311
8335 8313
8336 8312
8337 8314
8338 8315
8339 8316
8340 8317
8341 8318
8342 8319
8343 8320
8344 8321
8345 8322
8346 8323
8347 8324
8348 8325
8349 8326
8350 8327
8351 8328
8352 8329
8353 8330
8354 8331
8355 8332
8356 8333
8357 8334
8358 8336
8359 8335
8360 8337
8361 8338
8362 8339
8363 8340
8364 8341
8365 8342
8366 8343
8367 8344
8368 8345
8369 8346
8370 8347
8371 8348
8372 8349
8373 8350
8374 8351
8375 8352
8376 8354
8377 8353
8378 8355
8379 8356
8380 8357
8381 8358
8382 8359
8383 8360
8384 8361
8385 8362
8386 8363
8387 8364
8388 8365
8389 8366
8390 8367
8391 8368
8392 8369
8393 8370
8394 8371
8395 8372
8396 8373
8397 8374
8398 8375
8399 8376
8400 8377
8401 8378
8402 8379
8403 8381
8404 8380
8405 8382
8406 8383
8407 8385
8408 8384
8409 8386
8410 8388
8411 8389
8412 8390
8413 8391
8414 8392
8415 8393
8416 8394
8417 8395
8418 8396
8419 8397
8420 8398
8421 8399
8422 8400
8423 8401
8424 8402
8425 8403
8426 8404
8427 8405
8428 8406
8429 8407
8430 8408
8431 8409
8432 8410
8433 8411
8434 8412
8435 8413
8436 8414
8437 8415
8438 8416
8439 8417
8440 8418
8441 8419
8442 8420
8443 8421
8444 8422
8445 8423
8446 8425
8447 8426
8448 8424
8449 8427
8450 8428
8451 8429
8452 8430
8453 8431
8454 8432
8455 8435
8456 8434
8457 8433
8458 8436
8459 8437
8460 8439
8461 8438
8462 8440
8463 8441
8464 8442
8465 8443
8466 8444
8467 8445
8468 8446
8469 8447
8470 8448
8471 8450
8472 8449
8473 8451
8474 8452
8475 8453
8476 8454
8477 8455
8478 8456
8479 8457
8480 8458
8481 8459
8482 8460
8483 8462
8484 8461
8485 8463
8486 8464
8487 8465
8488 8466
8489 8468
8490 8467
8491 8469
8492 8470
8493 8471
8494 8472
8495 8473
8496 8474
8497 8475
8498 8477
8499 8476
8500 8479
8501 8478
8502 8480
8503 8481
8504 8482
8505 8483
8506 8484
8507 8485
8508 8486
8509 8487
8510 8488
8511 8489
8512 8490
8513 8491
8514 8492
8515 8493
8516 8494
8517 8495
8518 8497
8519 8496
8520 8498
8521 8499
8522 8500
8523 8501
8524 8502
8525 8504
8526 8503
8527 8505
8528 8506
8529 8507
8530 8508
8531 8509
8532 8510
8533 8511
8534 8512
8535 8513
8536 8514
8537 8515
8538 8516
8539 8517
8540 8518
8541 8519
8542 8523
8543 8524
8544 8525
8545 8526
8546 8527
8547 8528
8548 8529
8549 8530
8550 8531
8551 8532
8552 8533
8553 8534
8554 8535
8555 8537
8556 8536
8557 8538
8558 8539
8559 8540
8560 8541
8561 8542
8562 8543
8563 8544
8564 8545
8565 8546
8566 8547
8567 8548
8568 8549
8569 8550
8570 8551
8571 8553
8572 8552
8573 8555
8574 8556
8575 8557
8576 8558
8577 8560
8578 8559
8579 8561
8580 8562
8581 8563
8582 8564
8583 8565
8584 8567
8585 8566
8586 8569
8587 8568
8588 8570
8589 8572
8590 8571
8591 8573
8592 8575
8593 8574
8594 8576
8595 8577
8596 8578
8597 8579
8598 8580
8599 8582
8600 8581
8601 8583
8602 8585
8603 8584
8604 8586
8605 8587
8606 8588
8607 8589
8608 8591
8609 8590
8610 8592
8611 8593
8612 8594
8613 8595
8614 8596
8615 8597
8616 8598
8617 8599
8618 8600
8619 8602
8620 8601
8621 8603
8622 8604
8623 8605
8624 8606
8625 8607
8626 8608
8627 8609
8628 8610
8629 8611
8630 8612
8631 8615
8632 8614
8633 8613
8634 8616
8635 8617
8636 8618
8637 8620
8638 8619
8639 8621
8640 8622
8641 8623
8642 8624
8643 8625
8644 8626
8645 8627
8646 8628
8647 8629
8648 8630
8649 8631
8650 8632
8651 8633
8652 8634
8653 8636
8654 8635
8655 8637
8656 8638
8657 8639
8658 8640
8659 8641
8660 8642
8661 8643
8662 8644
8663 8645
8664 8646
8665 8647
8666 8648
8667 8649
8668 8650
8669 8651
8670 8652
8671 8653
8672 8654
8673 8655
8674 8656
8675 8657
8676 8658
8677 8659
8678 8660
8679 8661
8680 8662
8681 8663
8682 8664
8683 8665
8684 8666
8685 8667
8686 8668
8687 8669
8688 8671
8689 8670
8690 8672
8691 8674
8692 8676
8693 8675
8694 8677
8695 8678
8696 8679
8697 8680
8698 8681
8699 8682
8700 8683
8701 8684
8702 8685
8703 8686
8704 8687
8705 8688
8706 8689
8707 8690
8708 8691
8709 8692
8710 8693
8711 8694
8712 8695
8713 8697
8714 8696
8715 8698
8716 8699
8717 8700
8718 8701
8719 8702
8720 8703
8721 8704
8722 8705
8723 8707
8724 8706
8725 8708
8726 8709
8727 8711
8728 8710
8729 8712
8730 8713
8731 8714
8732 8715
8733 8716
8734 8717
8735 8718
8736 8719
8737 8720
8738 8721
8739 8722
8740 8723
8741 8724
8742 8725
8743 8726
8744 8728
8745 8729
8746 8730
8747 8731
8748 8732
8749 8733
8750 8735
8751 8734
8752 8736
8753 8738
8754 8737
8755 8740
8756 8739
8757 8744
8758 8743
8759 8746
8760 8745
8761 8747
8762 8748
8763 8750
8764 8749
8765 8751
8766 8753
8767 8752
8768 8754
8769 8755
8770 8756
8771 8757
8772 8758
8773 8759
8774 8761
8775 8760
8776 8762
8777 8763
8778 8764
8779 8765
8780 8766
8781 8767
8782 8768
8783 8769
8784 8770
8785 8771
8786 8772
8787 8774
8788 8773
8789 8775
8790 8776
8791 8777
8792 8778
8793 8779
8794 8781
8795 8780
8796 8782
8797 8783
8798 8784
8799 8785
8800 8786
8801 8787
8802 8788
8803 8789
8804 8790
8805 8791
8806 8792
8807 8793
8808 8794
8809 8795
8810 8796
8811 8797
8812 8798
8813 8799
8814 8800
8815 8801
8816 8802
8817 8803
8818 8804
8819 8805
8820 8806
8821 8807
8822 8808
8823 8809
8824 8810
8825 8811
8826 8812
8827 8813
8828 8814
8829 8816
8830 8815
8831 8817
8832 8818
8833 8819
8834 8820
8835 8821
8836 8822
8837 8823
8838 8824
8839 8825
8840 8826
8841 8827
8842 8828
8843 8829
8844 8830
8845 8831
8846 8832
8847 8834
8848 8835
8849 8837
8850 8836
8851 8838
8852 8839
8853 8840
8854 8841
8855 8842
8856 8843
8857 8844
8858 8845
8859 8846
8860 8847
8861 8848
8862 8849
8863 8850
8864 8852
8865 8851
8866 8853
8867 8854
8868 8856
8869 8855
8870 8857
8871 8858
8872 8859
8873 8860
8874 8861
8875 8862
8876 8863
8877 8864
8878 8865
8879 8867
8880 8866
8881 8868
8882 8869
8883 8870
8884 8871
8885 8872
8886 8873
8887 8874
8888 8875
8889 8876
8890 8877
8891 8878
8892 8879
8893 8880
8894 8881
8895 8882
8896 8883
8897 8884
8898 8885
8899 8886
8900 8887
8901 8888
8902 8889
8903 8890
8904 8891
8905 8892
8906 8893
8907 8895
8908 8896
8909 8897
8910 8898
8911 8899
8912 8900
8913 8901
8914 8902
8915 8904
8916 8903
8917 8905
8918 8906
8919 8907
8920 8908
8921 8909
8922 8910
8923 8911
8924 8912
8925 8913
8926 8914
8927 8916
8928 8915
8929 8917
8930 8923
8931 8922
8932 8921
8933 8920
8934 8919
8935 8918
8936 8924
8937 8925
8938 8926
8939 8927
8940 8928
8941 8929
8942 8930
8943 8931
8944 8932
8945 8934
8946 8933
8947 8935
8948 8936
8949 8937
8950 8938
8951 8939
8952 8940
8953 8941
8954 8942
8955 8943
8956 8945
8957 8944
8958 8946
8959 8947
8960 8948
8961 8949
8962 8950
8963 8951
8964 8952
8965 8953
8966 8956
8967 8955
8968 8958
8969 8959
8970 8960
8971 8961
8972 8962
8973 8963
8974 8964
8975 8965
8976 8966
8977 8967
8978 8968
8979 8969
8980 8970
8981 8971
8982 8972
8983 8973
8984 8974
8985 8975
8986 8976
8987 8977
8988 8978
8989 8979
8990 8980
8991 8981
8992 8982
8993 8983
8994 8984
8995 8985
8996 8986
8997 8988
8998 8989
8999 8990
9000 8991
9001 8992
9002 8993
9003 8994
9004 8995
9005 8996
9006 8997
9007 8998
9008 8999
9009 9000
9010 9001
9011 9002
9012 9003
9013 9004
9014 9005
9015 9006
9016 9007
9017 9008
9018 9009
9019 9010
9020 9011
9021 9012
9022 9013
9023 9014
9024 9015
9025 9016
9026 9017
9027 9018
9028 9019
9029 9020
9030 9021
9031 9022
9032 9024
9033 9023
9034 9025
9035 9026
9036 9027
9037 9028
9038 9030
9039 9029
9040 9031
9041 9032
9042 9033
9043 9034
9044 9035
9045 9036
9046 9037
9047 9038
9048 9039
9049 9040
9050 9041
9051 9042
9052 9043
9053 9044
9054 9045
9055 9046
9056 9047
9057 9048
9058 9049
9059 9050
9060 9051
9061 9053
9062 9052
9063 9054
9064 9055
9065 9056
9066 9057
9067 9058
9068 9059
9069 9060
9070 9061
9071 9062
9072 9063
9073 9064
9074 9069
9075 9070
9076 9071
9077 9072
9078 9074
9079 9073
9080 9075
9081 9077
9082 9076
9083 9078
9084 9079
9085 9080
9086 9081
9087 9083
9088 9084
9089 9085
9090 9086
9091 9087
9092 9088
9093 9089
9094 9090
9095 9091
9096 9092
9097 9093
9098 9095
9099 9094
9100 9096
9101 9097
9102 9098
9103 9099
9104 9100
9105 9101
9106 9102
9107 9103
9108 9108
9109 9107
9110 9106
9111 9105
9112 9104
9113 9109
9114 9110
9115 9111
9116 9116
9117 9117
9118 9118
9119 9119
9120 9120
9121 9121
9122 9132
9123 9131
9124 9130
9125 9129
9126 9128
9127 9127
9128 9126
9129 9125
9130 9124
9131 9123
9132 9122
9133 9133
9134 9134
