0 0
1 1
2 2
3 3
4 3616
5 2069
6 1548
7 1216
8 977
9 884
10 808
11 512
12 253
13 98
14 89
15 33
16 31
17 5
18 4
19 3279
20 310
21 286
22 283
23 60
24 56
25 54
26 29
27 20
28 7
29 6
30 157
31 45
32 8
33 9
34 846
35 40
36 10
37 11
38 2065
39 2034
40 2033
41 2000
42 1332
43 1056
44 189
45 164
46 163
47 145
48 106
49 68
50 12
51 13
52 14
53 15
54 16
55 17
56 3135
57 1148
58 657
59 226
60 47
61 18
62 19
63 2367
64 2092
65 965
66 336
67 121
68 21
69 22
70 23
71 3991
72 3906
73 3476
74 3312
75 2251
76 2197
77 1885
78 1800
79 1729
80 1550
81 1446
82 1153
83 782
84 667
85 592
86 578
87 532
88 505
89 471
90 243
91 176
92 111
93 88
94 80
95 50
96 48
97 43
98 32
99 24
100 25
101 4128
102 4127
103 1830
104 1478
105 1076
106 681
107 534
108 497
109 414
110 136
111 130
112 39
113 26
114 27
115 2874
116 28
117 4083
118 3917
119 3824
120 2577
121 2346
122 1971
123 1897
124 1881
125 1822
126 1783
127 1758
128 1487
129 1389
130 980
131 328
132 93
133 30
134 4129
135 3983
136 3353
137 3163
138 2972
139 2608
140 2578
141 2422
142 2188
143 1393
144 1265
145 1119
146 1111
147 625
148 526
149 525
150 510
151 504
152 458
153 345
154 316
155 218
156 217
157 197
158 196
159 186
160 185
161 3889
162 2921
163 199
164 34
165 35
166 36
167 37
168 2461
169 2290
170 2289
171 2288
172 453
173 288
174 38
175 3992
176 2541
177 1206
178 1192
179 719
180 41
181 42
182 3447
183 3446
184 3445
185 3326
186 2425
187 2296
188 1721
189 1414
190 1188
191 410
192 359
193 170
194 44
195 46
196 2303
197 2183
198 1720
199 1632
200 1326
201 958
202 769
203 395
204 324
205 161
206 113
207 49
208 2220
209 51
210 52
211 478
212 219
213 53
214 3946
215 3940
216 3930
217 3903
218 3902
219 3901
220 3704
221 3438
222 3379
223 2737
224 2736
225 2734
226 2733
227 2732
228 2731
229 2730
230 2729
231 2728
232 2727
233 2726
234 2725
235 2724
236 2723
237 2722
238 2721
239 2720
240 2719
241 2718
242 2717
243 2716
244 2715
245 2714
246 2713
247 2712
248 2009
249 1057
250 943
251 791
252 303
253 86
254 76
255 55
256 3829
257 3175
258 2913
259 2362
260 2326
261 1547
262 1493
263 1029
264 703
265 675
266 511
267 57
268 58
269 4033
270 59
271 4084
272 4025
273 3984
274 3828
275 3437
276 3436
277 3378
278 3377
279 3376
280 3375
281 3374
282 3373
283 3372
284 3371
285 3370
286 3369
287 3368
288 3367
289 3366
290 3365
291 3168
292 2964
293 2633
294 2551
295 2501
296 2488
297 1737
298 1625
299 1496
300 1480
301 1479
302 1470
303 1363
304 1002
305 957
306 956
307 955
308 954
309 953
310 952
311 951
312 950
313 949
314 948
315 947
316 946
317 945
318 766
319 654
320 565
321 536
322 459
323 446
324 273
325 223
326 207
327 61
328 62
329 63
330 64
331 65
332 66
333 67
334 69
335 70
336 71
337 4098
338 72
339 73
340 74
341 75
342 77
343 78
344 79
345 3975
346 3949
347 3895
348 3894
349 3754
350 3443
351 3216
352 1892
353 1876
354 1015
355 760
356 672
357 81
358 82
359 2990
360 83
361 84
362 85
363 87
364 3905
365 3904
366 1650
367 1028
368 631
369 420
370 3839
371 3756
372 2527
373 2246
374 2162
375 2161
376 2160
377 2159
378 90
379 91
380 92
381 94
382 95
383 139
384 96
385 97
386 3482
387 3481
388 2884
389 2521
390 1776
391 777
392 99
393 100
394 101
395 102
396 103
397 104
398 105
399 107
400 108
401 109
402 2380
403 110
404 4093
405 3755
406 781
407 637
408 112
409 216
410 114
411 115
412 116
413 117
414 118
415 120
416 119
417 3396
418 3395
419 3288
420 3061
421 122
422 123
423 124
424 125
425 126
426 127
427 1160
428 1003
429 128
430 129
431 4158
432 4157
433 131
434 132
435 133
436 134
437 135
438 3211
439 2486
440 2223
441 1396
442 666
443 137
444 138
445 140
446 141
447 142
448 143
449 144
450 3271
451 146
452 147
453 148
454 149
455 150
456 151
457 152
458 153
459 154
460 155
461 156
462 158
463 160
464 159
465 162
466 165
467 166
468 167
469 168
470 4130
471 3982
472 3822
473 3537
474 2918
475 2566
476 2565
477 2564
478 2563
479 2562
480 2561
481 2560
482 2559
483 2558
484 2557
485 2556
486 2555
487 2554
488 1894
489 1893
490 1622
491 1321
492 690
493 169
494 1426
495 171
496 172
497 173
498 174
499 175
500 4011
501 4009
502 3772
503 3771
504 3770
505 3769
506 3768
507 3767
508 3766
509 3765
510 3764
511 3763
512 3762
513 3761
514 3760
515 3759
516 3758
517 3757
518 3753
519 3752
520 3751
521 3750
522 3749
523 3589
524 3501
525 3227
526 3132
527 2901
528 2133
529 1884
530 928
531 617
532 177
533 178
534 179
535 180
536 181
537 182
538 183
539 184
540 3808
541 3380
542 2083
543 1772
544 255
545 187
546 188
547 923
548 190
549 191
550 192
551 193
552 194
553 195
554 198
555 200
556 201
557 202
558 203
559 204
560 205
561 206
562 4038
563 4037
564 3950
565 3278
566 208
567 209
568 210
569 215
570 214
571 213
572 211
573 212
574 220
575 221
576 222
577 3670
578 224
579 225
580 4050
581 4049
582 3685
583 1526
584 227
585 228
586 229
587 230
588 231
589 232
590 233
591 234
592 235
593 236
594 237
595 238
596 239
597 240
598 241
599 242
600 2043
601 244
602 245
603 246
604 247
605 248
606 249
607 250
608 251
609 252
610 4091
611 3804
612 3782
613 3200
614 3092
615 1882
616 982
617 254
618 2775
619 256
620 257
621 258
622 259
623 260
624 261
625 271
626 270
627 269
628 268
629 267
630 266
631 265
632 264
633 263
634 262
635 272
636 3592
637 3591
638 3590
639 3588
640 3221
641 2420
642 274
643 275
644 276
645 277
646 278
647 279
648 280
649 281
650 282
651 284
652 285
653 287
654 289
655 290
656 291
657 292
658 293
659 294
660 295
661 296
662 297
663 298
664 299
665 300
666 301
667 302
668 3802
669 1871
670 304
671 306
672 305
673 307
674 308
675 309
676 3737
677 3618
678 2471
679 311
680 312
681 313
682 314
683 315
684 317
685 318
686 319
687 320
688 321
689 322
690 323
691 2372
692 416
693 325
694 326
695 327
696 329
697 330
698 331
699 332
700 333
701 334
702 335
703 3673
704 3329
705 1611
706 1610
707 337
708 338
709 339
710 340
711 341
712 342
713 343
714 344
715 346
716 347
717 348
718 349
719 350
720 351
721 352
722 353
723 354
724 355
725 356
726 357
727 358
728 360
729 361
730 362
731 363
732 364
733 365
734 366
735 367
736 368
737 369
738 370
739 371
740 372
741 373
742 374
743 375
744 376
745 377
746 378
747 379
748 380
749 381
750 382
751 383
752 384
753 385
754 386
755 387
756 388
757 389
758 390
759 391
760 392
761 393
762 394
763 396
764 397
765 398
766 399
767 400
768 401
769 402
770 403
771 404
772 405
773 406
774 407
775 409
776 408
777 411
778 412
779 413
780 415
781 417
782 418
783 419
784 3694
785 421
786 422
787 423
788 424
789 425
790 427
791 426
792 428
793 429
794 430
795 431
796 432
797 433
798 434
799 435
800 436
801 437
802 438
803 439
804 440
805 441
806 442
807 443
808 444
809 445
810 447
811 448
812 449
813 450
814 451
815 452
816 454
817 455
818 456
819 457
820 460
821 461
822 462
823 463
824 464
825 465
826 466
827 467
828 468
829 469
830 470
831 3185
832 3183
833 3129
834 2898
835 2882
836 472
837 473
838 474
839 475
840 476
841 477
842 479
843 480
844 481
845 482
846 483
847 484
848 485
849 486
850 487
851 488
852 489
853 490
854 491
855 492
856 493
857 494
858 495
859 496
860 3072
861 1139
862 3838
863 3060
864 541
865 498
866 499
867 500
868 501
869 502
870 503
871 3602
872 1392
873 506
874 507
875 508
876 509
877 1455
878 513
879 514
880 515
881 516
882 517
883 518
884 519
885 520
886 521
887 522
888 524
889 523
890 4068
891 4051
892 4048
893 3947
894 3246
895 2580
896 2579
897 2421
898 1899
899 527
900 528
901 529
902 530
903 533
904 531
905 4156
906 4000
907 3034
908 3033
909 1472
910 1096
911 1095
912 861
913 2634
914 2632
915 535
916 537
917 538
918 539
919 540
920 542
921 543
922 544
923 545
924 546
925 547
926 548
927 549
928 550
929 551
930 552
931 553
932 554
933 555
934 556
935 557
936 558
937 559
938 560
939 561
940 562
941 563
942 564
943 566
944 567
945 568
946 569
947 570
948 571
949 572
950 573
951 574
952 575
953 576
954 577
955 579
956 580
957 581
958 582
959 584
960 583
961 585
962 586
963 587
964 588
965 589
966 590
967 591
968 593
969 594
970 595
971 596
972 597
973 598
974 599
975 600
976 601
977 602
978 603
979 604
980 605
981 606
982 607
983 608
984 609
985 610
986 611
987 612
988 613
989 614
990 615
991 616
992 2776
993 2773
994 2772
995 618
996 619
997 620
998 621
999 622
1000 623
1001 624
1002 626
1003 627
1004 629
1005 628
1006 630
1007 3788
1008 632
1009 633
1010 634
1011 635
1012 636
1013 638
1014 639
1015 640
1016 641
1017 642
1018 643
1019 644
1020 645
1021 646
1022 647
1023 648
1024 649
1025 650
1026 651
1027 652
1028 653
1029 655
1030 656
1031 4070
1032 4014
1033 4013
1034 4012
1035 840
1036 658
1037 659
1038 660
1039 661
1040 662
1041 663
1042 664
1043 665
1044 1732
1045 3290
1046 2213
1047 1640
1048 1594
1049 1438
1050 668
1051 669
1052 670
1053 671
1054 673
1055 674
1056 676
1057 677
1058 678
1059 679
1060 680
1061 3145
1062 3144
1063 3143
1064 3142
1065 3141
1066 3140
1067 3139
1068 682
1069 683
1070 684
1071 685
1072 686
1073 687
1074 689
1075 688
1076 3222
1077 691
1078 692
1079 693
1080 694
1081 695
1082 696
1083 697
1084 698
1085 699
1086 700
1087 701
1088 702
1089 3693
1090 3692
1091 2738
1092 2445
1093 704
1094 705
1095 706
1096 707
1097 708
1098 709
1099 710
1100 711
1101 712
1102 713
1103 714
1104 715
1105 716
1106 717
1107 718
1108 720
1109 721
1110 722
1111 723
1112 724
1113 725
1114 726
1115 727
1116 728
1117 729
1118 730
1119 731
1120 732
1121 733
1122 734
1123 735
1124 736
1125 737
1126 738
1127 739
1128 740
1129 741
1130 742
1131 743
1132 744
1133 745
1134 746
1135 747
1136 748
1137 749
1138 750
1139 751
1140 752
1141 753
1142 754
1143 755
1144 756
1145 757
1146 758
1147 759
1148 761
1149 762
1150 763
1151 764
1152 765
1153 767
1154 768
1155 1468
1156 1042
1157 770
1158 771
1159 772
1160 773
1161 774
1162 775
1163 776
1164 778
1165 779
1166 780
1167 4042
1168 3945
1169 3944
1170 3841
1171 3837
1172 3836
1173 2904
1174 2903
1175 2902
1176 2900
1177 2899
1178 2897
1179 2896
1180 2895
1181 2894
1182 2893
1183 2892
1184 2891
1185 2890
1186 2889
1187 2888
1188 2887
1189 2886
1190 2885
1191 2883
1192 2881
1193 2880
1194 2879
1195 2878
1196 2877
1197 2876
1198 2875
1199 2873
1200 2872
1201 2871
1202 2870
1203 2869
1204 2868
1205 2867
1206 2866
1207 2865
1208 2864
1209 2863
1210 1666
1211 783
1212 784
1213 785
1214 786
1215 787
1216 788
1217 789
1218 790
1219 792
1220 793
1221 794
1222 795
1223 796
1224 797
1225 798
1226 799
1227 800
1228 801
1229 802
1230 803
1231 804
1232 805
1233 806
1234 807
1235 3451
1236 809
1237 810
1238 811
1239 812
1240 813
1241 814
1242 815
1243 816
1244 817
1245 818
1246 819
1247 820
1248 821
1249 823
1250 822
1251 824
1252 825
1253 826
1254 827
1255 828
1256 829
1257 830
1258 831
1259 832
1260 833
1261 834
1262 835
1263 836
1264 837
1265 838
1266 839
1267 841
1268 842
1269 843
1270 3953
1271 844
1272 845
1273 847
1274 848
1275 849
1276 850
1277 851
1278 852
1279 853
1280 854
1281 855
1282 856
1283 857
1284 858
1285 859
1286 860
1287 862
1288 863
1289 864
1290 865
1291 866
1292 867
1293 868
1294 869
1295 870
1296 871
1297 872
1298 873
1299 874
1300 875
1301 876
1302 877
1303 878
1304 879
1305 880
1306 881
1307 882
1308 883
1309 885
1310 886
1311 887
1312 888
1313 889
1314 890
1315 891
1316 892
1317 893
1318 894
1319 895
1320 896
1321 897
1322 898
1323 899
1324 2245
1325 900
1326 901
1327 902
1328 903
1329 904
1330 905
1331 906
1332 907
1333 908
1334 909
1335 910
1336 911
1337 912
1338 913
1339 914
1340 917
1341 916
1342 915
1343 918
1344 919
1345 920
1346 921
1347 922
1348 924
1349 925
1350 926
1351 927
1352 929
1353 930
1354 931
1355 932
1356 933
1357 934
1358 935
1359 936
1360 937
1361 938
1362 939
1363 940
1364 941
1365 942
1366 4159
1367 4146
1368 3559
1369 3169
1370 944
1371 2454
1372 959
1373 960
1374 961
1375 962
1376 963
1377 964
1378 966
1379 967
1380 968
1381 969
1382 970
1383 971
1384 972
1385 973
1386 974
1387 975
1388 976
1389 978
1390 979
1391 981
1392 3999
1393 983
1394 984
1395 985
1396 986
1397 987
1398 988
1399 989
1400 990
1401 991
1402 992
1403 993
1404 994
1405 995
1406 996
1407 997
1408 998
1409 999
1410 1000
1411 1001
1412 3035
1413 1004
1414 1005
1415 1006
1416 1007
1417 1008
1418 1009
1419 1010
1420 1011
1421 1012
1422 1013
1423 1014
1424 1016
1425 1017
1426 1018
1427 1019
1428 1020
1429 1021
1430 1022
1431 1023
1432 1024
1433 1025
1434 1026
1435 1027
1436 3292
1437 1030
1438 1031
1439 1032
1440 1033
1441 1034
1442 1035
1443 1036
1444 1037
1445 1038
1446 1039
1447 1040
1448 1041
1449 1043
1450 1044
1451 1045
1452 1046
1453 1047
1454 1048
1455 1049
1456 1050
1457 1051
1458 1052
1459 1053
1460 1054
1461 1055
1462 1185
1463 1058
1464 1059
1465 1060
1466 1061
1467 1062
1468 1063
1469 2735
1470 1064
1471 1065
1472 1066
1473 1067
1474 1068
1475 1069
1476 1070
1477 1071
1478 1072
1479 1073
1480 1074
1481 1075
1482 1100
1483 1077
1484 1078
1485 1079
1486 1080
1487 1081
1488 1082
1489 1083
1490 1084
1491 1085
1492 1086
1493 1087
1494 1088
1495 1089
1496 1090
1497 1091
1498 1092
1499 1093
1500 1094
1501 1097
1502 1098
1503 1099
1504 1101
1505 3703
1506 1102
1507 1103
1508 1104
1509 1105
1510 1106
1511 1108
1512 1107
1513 1109
1514 1110
1515 1112
1516 1113
1517 1114
1518 1115
1519 1116
1520 1117
1521 1118
1522 3291
1523 1120
1524 1121
1525 1122
1526 1123
1527 1124
1528 1125
1529 1126
1530 1127
1531 1128
1532 1129
1533 1130
1534 1131
1535 1132
1536 1133
1537 1134
1538 1135
1539 1136
1540 1137
1541 1138
1542 1140
1543 1142
1544 1141
1545 1143
1546 1144
1547 1145
1548 1146
1549 1147
1550 1149
1551 1150
1552 1151
1553 1152
1554 4114
1555 3969
1556 3943
1557 2487
1558 1469
1559 1154
1560 1155
1561 1156
1562 1157
1563 1158
1564 1159
1565 1161
1566 1162
1567 1163
1568 1164
1569 1165
1570 1166
1571 1167
1572 1168
1573 1169
1574 1170
1575 1171
1576 1172
1577 1173
1578 1174
1579 1175
1580 1176
1581 1177
1582 1178
1583 1179
1584 1180
1585 1181
1586 1182
1587 1183
1588 1184
1589 1186
1590 1187
1591 3954
1592 3952
1593 3951
1594 3948
1595 3942
1596 3941
1597 3915
1598 3827
1599 3633
1600 3454
1601 3401
1602 3289
1603 3212
1604 3186
1605 3184
1606 3182
1607 3181
1608 3180
1609 3179
1610 3178
1611 3177
1612 3176
1613 3174
1614 3173
1615 3172
1616 3171
1617 3170
1618 3167
1619 3166
1620 3165
1621 3164
1622 3162
1623 3161
1624 3160
1625 3159
1626 3158
1627 3157
1628 3156
1629 3155
1630 3154
1631 3153
1632 3152
1633 3151
1634 3150
1635 3149
1636 3148
1637 3029
1638 3019
1639 3016
1640 2747
1641 2520
1642 2345
1643 2171
1644 1520
1645 1323
1646 1189
1647 1190
1648 1191
1649 1193
1650 1194
1651 1195
1652 1196
1653 1197
1654 1198
1655 1199
1656 1200
1657 1201
1658 1202
1659 1203
1660 1204
1661 1205
1662 1207
1663 1208
1664 1209
1665 1210
1666 1211
1667 1212
1668 1213
1669 1214
1670 1215
1671 1217
1672 1218
1673 1219
1674 1220
1675 1221
1676 1222
1677 1223
1678 1224
1679 1225
1680 1226
1681 1227
1682 1228
1683 1229
1684 1230
1685 1231
1686 1232
1687 1233
1688 1234
1689 1235
1690 1236
1691 1237
1692 1238
1693 1239
1694 1241
1695 1240
1696 1242
1697 1243
1698 1244
1699 1245
1700 1246
1701 1247
1702 1248
1703 1249
1704 1250
1705 1251
1706 1252
1707 1253
1708 1254
1709 1255
1710 1256
1711 1257
1712 1258
1713 1259
1714 1260
1715 1261
1716 1262
1717 1263
1718 1264
1719 1439
1720 1266
1721 1267
1722 1268
1723 1269
1724 1270
1725 1271
1726 1272
1727 1273
1728 1274
1729 1275
1730 1276
1731 1277
1732 1278
1733 1279
1734 1280
1735 1281
1736 1282
1737 1283
1738 1284
1739 1285
1740 1286
1741 1287
1742 1288
1743 1289
1744 1291
1745 1290
1746 1292
1747 1293
1748 1294
1749 1295
1750 1296
1751 1297
1752 1298
1753 1299
1754 1300
1755 1301
1756 1302
1757 1303
1758 1304
1759 1305
1760 1306
1761 1307
1762 1308
1763 1309
1764 1310
1765 1311
1766 1312
1767 1313
1768 1314
1769 1315
1770 1316
1771 1317
1772 1318
1773 1319
1774 1320
1775 1322
1776 1324
1777 1325
1778 1327
1779 1329
1780 1328
1781 1330
1782 1331
1783 1333
1784 1334
1785 1335
1786 1336
1787 1337
1788 1338
1789 1339
1790 1340
1791 1341
1792 1342
1793 1343
1794 1344
1795 1345
1796 1346
1797 1347
1798 1348
1799 1349
1800 1350
1801 1351
1802 1352
1803 1353
1804 1354
1805 1355
1806 1356
1807 1357
1808 1358
1809 1359
1810 1360
1811 1361
1812 1362
1813 1364
1814 1366
1815 1365
1816 1367
1817 1368
1818 1369
1819 1370
1820 1371
1821 1372
1822 1373
1823 1374
1824 1375
1825 1376
1826 1377
1827 1378
1828 1379
1829 1380
1830 1381
1831 1382
1832 1383
1833 1384
1834 1385
1835 1386
1836 1387
1837 1388
1838 1390
1839 1391
1840 1394
1841 1395
1842 1397
1843 1398
1844 1399
1845 1401
1846 1400
1847 1402
1848 1403
1849 1404
1850 1405
1851 1406
1852 1407
1853 1408
1854 1409
1855 1410
1856 1411
1857 1412
1858 1413
1859 1415
1860 1416
1861 1417
1862 1418
1863 1419
1864 1420
1865 1421
1866 1422
1867 1423
1868 1424
1869 1425
1870 1738
1871 1427
1872 1428
1873 1429
1874 1430
1875 1431
1876 1432
1877 1433
1878 1434
1879 1435
1880 1436
1881 1437
1882 1440
1883 1441
1884 1442
1885 1443
1886 1444
1887 1445
1888 1447
1889 1448
1890 1449
1891 1450
1892 1451
1893 1452
1894 1453
1895 1454
1896 1456
1897 1457
1898 1458
1899 1459
1900 1460
1901 1461
1902 1462
1903 1463
1904 1464
1905 1465
1906 1466
1907 1467
1908 1471
1909 3674
1910 3672
1911 1473
1912 1474
1913 1475
1914 1476
1915 1477
1916 3819
1917 3818
1918 3817
1919 3816
1920 3815
1921 1606
1922 1481
1923 1482
1924 1483
1925 1484
1926 1485
1927 1486
1928 1488
1929 1489
1930 1490
1931 1491
1932 1492
1933 1494
1934 1495
1935 1497
1936 1498
1937 1499
1938 1500
1939 1501
1940 1503
1941 1502
1942 1504
1943 1505
1944 1506
1945 1507
1946 1508
1947 1509
1948 1510
1949 1511
1950 1512
1951 1513
1952 1514
1953 1515
1954 1516
1955 1517
1956 1518
1957 1519
1958 1521
1959 1522
1960 1523
1961 1524
1962 1525
1963 1527
1964 1528
1965 1529
1966 1530
1967 1531
1968 1532
1969 1533
1970 1534
1971 1536
1972 1535
1973 1537
1974 1538
1975 1539
1976 1540
1977 1541
1978 1542
1979 1543
1980 1544
1981 1545
1982 1546
1983 1549
1984 1551
1985 1552
1986 1553
1987 1554
1988 1555
1989 1556
1990 1557
1991 1558
1992 1559
1993 1560
1994 1561
1995 1562
1996 1563
1997 1564
1998 1565
1999 1566
2000 1567
2001 1568
2002 1569
2003 1570
2004 1571
2005 1572
2006 1573
2007 1574
2008 1575
2009 1576
2010 1577
2011 1578
2012 1579
2013 1580
2014 1581
2015 1582
2016 1583
2017 1584
2018 1585
2019 1586
2020 1587
2021 1588
2022 1589
2023 1590
2024 1591
2025 1592
2026 1593
2027 1595
2028 1596
2029 1597
2030 1598
2031 1599
2032 1600
2033 1601
2034 1602
2035 1603
2036 1604
2037 1605
2038 1607
2039 3346
2040 1608
2041 1609
2042 1612
2043 1613
2044 1614
2045 1615
2046 1616
2047 1617
2048 1618
2049 1621
2050 1620
2051 1619
2052 1623
2053 1624
2054 1626
2055 1627
2056 1628
2057 1629
2058 1630
2059 1631
2060 1633
2061 1634
2062 1635
2063 1636
2064 1637
2065 1638
2066 1639
2067 1641
2068 1642
2069 1643
2070 1644
2071 1645
2072 1646
2073 1647
2074 1648
2075 1649
2076 3821
2077 3820
2078 3340
2079 3229
2080 1651
2081 1652
2082 1653
2083 1654
2084 1655
2085 1656
2086 1657
2087 1658
2088 1659
2089 1660
2090 1661
2091 1662
2092 1663
2093 1664
2094 1665
2095 3840
2096 1889
2097 1669
2098 1668
2099 1667
2100 1670
2101 1671
2102 1672
2103 1673
2104 1674
2105 1675
2106 1676
2107 1677
2108 1678
2109 1679
2110 1680
2111 1681
2112 1682
2113 1683
2114 1684
2115 1685
2116 1686
2117 1687
2118 1688
2119 1689
2120 1690
2121 1691
2122 1692
2123 1693
2124 1694
2125 1695
2126 1696
2127 1697
2128 1698
2129 1699
2130 1700
2131 1701
2132 1702
2133 1703
2134 1704
2135 1705
2136 1706
2137 1707
2138 1708
2139 1709
2140 1710
2141 1711
2142 1712
2143 1713
2144 1714
2145 1715
2146 1716
2147 1717
2148 1718
2149 1719
2150 1722
2151 1723
2152 1724
2153 1725
2154 1726
2155 1727
2156 1728
2157 1730
2158 1731
2159 1733
2160 1734
2161 1735
2162 1736
2163 4145
2164 4144
2165 4143
2166 4010
2167 3912
2168 1739
2169 1740
2170 1741
2171 1742
2172 1743
2173 1744
2174 1745
2175 1746
2176 1747
2177 1748
2178 1749
2179 1750
2180 1751
2181 1752
2182 1753
2183 1754
2184 1755
2185 1756
2186 1757
2187 1759
2188 1760
2189 1761
2190 1762
2191 1763
2192 1764
2193 1765
2194 1766
2195 1767
2196 1768
2197 1769
2198 1770
2199 1771
2200 1773
2201 1774
2202 1775
2203 1777
2204 1778
2205 1779
2206 1780
2207 1781
2208 1782
2209 1784
2210 1785
2211 1786
2212 1787
2213 1788
2214 1789
2215 1790
2216 1791
2217 1792
2218 1793
2219 1794
2220 1795
2221 1796
2222 1797
2223 1798
2224 1799
2225 1801
2226 1802
2227 1803
2228 1804
2229 1805
2230 1806
2231 1807
2232 1808
2233 1809
2234 1810
2235 1811
2236 1812
2237 1813
2238 1814
2239 1815
2240 1816
2241 1817
2242 1818
2243 1819
2244 1820
2245 1821
2246 1823
2247 1824
2248 1825
2249 1826
2250 1827
2251 1828
2252 1829
2253 1831
2254 1832
2255 1833
2256 1834
2257 1835
2258 1836
2259 1837
2260 1838
2261 1839
2262 1840
2263 1841
2264 1842
2265 1843
2266 1844
2267 1845
2268 1846
2269 1847
2270 1848
2271 1849
2272 1850
2273 1851
2274 1852
2275 1853
2276 1854
2277 1855
2278 1856
2279 1857
2280 1858
2281 1859
2282 1860
2283 1861
2284 1862
2285 1863
2286 1864
2287 1865
2288 1866
2289 1867
2290 1868
2291 1869
2292 1870
2293 1872
2294 1873
2295 1874
2296 3981
2297 1875
2298 1877
2299 1878
2300 1879
2301 1880
2302 1883
2303 1886
2304 1887
2305 1888
2306 1890
2307 1891
2308 1895
2309 1896
2310 1898
2311 1900
2312 1901
2313 1902
2314 1903
2315 1904
2316 1905
2317 1906
2318 1907
2319 1908
2320 1909
2321 1910
2322 1911
2323 1912
2324 1913
2325 1914
2326 1915
2327 1916
2328 1917
2329 1918
2330 1920
2331 1919
2332 1921
2333 1922
2334 1923
2335 1924
2336 1925
2337 1926
2338 1927
2339 1928
2340 1929
2341 1930
2342 1931
2343 1932
2344 1933
2345 1934
2346 1935
2347 1936
2348 1937
2349 1938
2350 1939
2351 1940
2352 1941
2353 1942
2354 1943
2355 1944
2356 1945
2357 1946
2358 1947
2359 1948
2360 1949
2361 1950
2362 1951
2363 1952
2364 1953
2365 1954
2366 1955
2367 1956
2368 1957
2369 1958
2370 1959
2371 1960
2372 1961
2373 1962
2374 1963
2375 1964
2376 1965
2377 1966
2378 1967
2379 1968
2380 1969
2381 1970
2382 1972
2383 1973
2384 1974
2385 1975
2386 1976
2387 1977
2388 1978
2389 1979
2390 1980
2391 1981
2392 1982
2393 1983
2394 1984
2395 1985
2396 1986
2397 1987
2398 1988
2399 1989
2400 1990
2401 1991
2402 1992
2403 1993
2404 1994
2405 1995
2406 1996
2407 1997
2408 1998
2409 1999
2410 2001
2411 2002
2412 2003
2413 2004
2414 2005
2415 2006
2416 2007
2417 2008
2418 2010
2419 2011
2420 2012
2421 2013
2422 2014
2423 2015
2424 2016
2425 2017
2426 2018
2427 2019
2428 2020
2429 2021
2430 2022
2431 2023
2432 2024
2433 2025
2434 2026
2435 2027
2436 2028
2437 2029
2438 2030
2439 2031
2440 2032
2441 2035
2442 2036
2443 2037
2444 2038
2445 2039
2446 2040
2447 2041
2448 2042
2449 2044
2450 2045
2451 2046
2452 2047
2453 2048
2454 2049
2455 2050
2456 2051
2457 2052
2458 2053
2459 2054
2460 2055
2461 2056
2462 2057
2463 2058
2464 2059
2465 2060
2466 2061
2467 2062
2468 2063
2469 2064
2470 2066
2471 2067
2472 2068
2473 3998
2474 3997
2475 3220
2476 3133
2477 2070
2478 2071
2479 2072
2480 2073
2481 2074
2482 2075
2483 2076
2484 2077
2485 2078
2486 2079
2487 2080
2488 2081
2489 2082
2490 2084
2491 2085
2492 2086
2493 2087
2494 2088
2495 2089
2496 2090
2497 2091
2498 2093
2499 2094
2500 2095
2501 2096
2502 2097
2503 2098
2504 2099
2505 2100
2506 2101
2507 2102
2508 2103
2509 2104
2510 2105
2511 2106
2512 2107
2513 2108
2514 2109
2515 2110
2516 2111
2517 2112
2518 2113
2519 2114
2520 2115
2521 2116
2522 2117
2523 2118
2524 2119
2525 2120
2526 2121
2527 2122
2528 2123
2529 2124
2530 2125
2531 2126
2532 2127
2533 2128
2534 2129
2535 2130
2536 2131
2537 2132
2538 2134
2539 2135
2540 2136
2541 2137
2542 2138
2543 2139
2544 2141
2545 2140
2546 2142
2547 2143
2548 2144
2549 2145
2550 2146
2551 2147
2552 2148
2553 2149
2554 2150
2555 2151
2556 2152
2557 2153
2558 2154
2559 2155
2560 2156
2561 2157
2562 2158
2563 2163
2564 2164
2565 2165
2566 2166
2567 2167
2568 2170
2569 2169
2570 2168
2571 2173
2572 2172
2573 2174
2574 2175
2575 2176
2576 2177
2577 2178
2578 2179
2579 2180
2580 2181
2581 2182
2582 3358
2583 3357
2584 3277
2585 3276
2586 3275
2587 2184
2588 2185
2589 2186
2590 2187
2591 3138
2592 2189
2593 2190
2594 2191
2595 2192
2596 2193
2597 2194
2598 2195
2599 2196
2600 2198
2601 2199
2602 2200
2603 2201
2604 2202
2605 2203
2606 2204
2607 2205
2608 2206
2609 2207
2610 2208
2611 2209
2612 2210
2613 2211
2614 2212
2615 2214
2616 2215
2617 2216
2618 2217
2619 2218
2620 2219
2621 4121
2622 2221
2623 2222
2624 2224
2625 2225
2626 2226
2627 2227
2628 2228
2629 2229
2630 2230
2631 2231
2632 2232
2633 2233
2634 2234
2635 2235
2636 2236
2637 2237
2638 2238
2639 2239
2640 2240
2641 2241
2642 2242
2643 2243
2644 2244
2645 2247
2646 2248
2647 2249
2648 2250
2649 2252
2650 2253
2651 2254
2652 2255
2653 2256
2654 2257
2655 2258
2656 2259
2657 2260
2658 2261
2659 2350
2660 2262
2661 2263
2662 2264
2663 2265
2664 2266
2665 2267
2666 2268
2667 2269
2668 2270
2669 2271
2670 2272
2671 2273
2672 2274
2673 2275
2674 2276
2675 2277
2676 2278
2677 2279
2678 2280
2679 2281
2680 2282
2681 2283
2682 2284
2683 2285
2684 2286
2685 2287
2686 2291
2687 2292
2688 2293
2689 2294
2690 2295
2691 2297
2692 2298
2693 2299
2694 2300
2695 2301
2696 2302
2697 2304
2698 2305
2699 2306
2700 2307
2701 2308
2702 2309
2703 2310
2704 2311
2705 2312
2706 2313
2707 2314
2708 2315
2709 2316
2710 2317
2711 2318
2712 2319
2713 2320
2714 2321
2715 2322
2716 2323
2717 2324
2718 2325
2719 2327
2720 2328
2721 2329
2722 2330
2723 2331
2724 2332
2725 2333
2726 2334
2727 2335
2728 2336
2729 2337
2730 2338
2731 2339
2732 2340
2733 2341
2734 2342
2735 2343
2736 2344
2737 2347
2738 2348
2739 2349
2740 2351
2741 2352
2742 2353
2743 2354
2744 2355
2745 2356
2746 2357
2747 2358
2748 2359
2749 2360
2750 2361
2751 2363
2752 2364
2753 2365
2754 2366
2755 2368
2756 2369
2757 2370
2758 2371
2759 2373
2760 2374
2761 2375
2762 2376
2763 2377
2764 2378
2765 2379
2766 2381
2767 2382
2768 2383
2769 2384
2770 2385
2771 2386
2772 2387
2773 2388
2774 2389
2775 2390
2776 2391
2777 2392
2778 2393
2779 2394
2780 2395
2781 2396
2782 2397
2783 2398
2784 2399
2785 2400
2786 2401
2787 2402
2788 2403
2789 2404
2790 2405
2791 2406
2792 2407
2793 2408
2794 2409
2795 2410
2796 2411
2797 2412
2798 2413
2799 2414
2800 2415
2801 2416
2802 2417
2803 2418
2804 2419
2805 2423
2806 2424
2807 2426
2808 2427
2809 2428
2810 2429
2811 2430
2812 2431
2813 2432
2814 2433
2815 2434
2816 2435
2817 2436
2818 2437
2819 2438
2820 2439
2821 2440
2822 2441
2823 2442
2824 2443
2825 2444
2826 2447
2827 2446
2828 2448
2829 2449
2830 2450
2831 2451
2832 2452
2833 2453
2834 2455
2835 2456
2836 2457
2837 2458
2838 2459
2839 2460
2840 2462
2841 2463
2842 2464
2843 2465
2844 2466
2845 2467
2846 2468
2847 2469
2848 2470
2849 2472
2850 2473
2851 2474
2852 2475
2853 2476
2854 2477
2855 2478
2856 2479
2857 2480
2858 2481
2859 2482
2860 2483
2861 2484
2862 2485
2863 3324
2864 2489
2865 2490
2866 2491
2867 2492
2868 2493
2869 2494
2870 2495
2871 2496
2872 2497
2873 2498
2874 2499
2875 2500
2876 2502
2877 2503
2878 2504
2879 2505
2880 2506
2881 2507
2882 2508
2883 2509
2884 2510
2885 2511
2886 2512
2887 2513
2888 2514
2889 2515
2890 2516
2891 2517
2892 2518
2893 2519
2894 2587
2895 2522
2896 2523
2897 2524
2898 2525
2899 2526
2900 2528
2901 2529
2902 2530
2903 2531
2904 2532
2905 2533
2906 2534
2907 2535
2908 2536
2909 2537
2910 2538
2911 2539
2912 2540
2913 2542
2914 2543
2915 2544
2916 2545
2917 2546
2918 2547
2919 2548
2920 2549
2921 2550
2922 2552
2923 2553
2924 2567
2925 2568
2926 2569
2927 2570
2928 2571
2929 2572
2930 2573
2931 2574
2932 2575
2933 2576
2934 3450
2935 2613
2936 2581
2937 2582
2938 2583
2939 2584
2940 2585
2941 2586
2942 2588
2943 2589
2944 2590
2945 2591
2946 2592
2947 2593
2948 2594
2949 2595
2950 2596
2951 2597
2952 2598
2953 2599
2954 2600
2955 2601
2956 2602
2957 2603
2958 2604
2959 2605
2960 2606
2961 2607
2962 2609
2963 2610
2964 2611
2965 2612
2966 2614
2967 2615
2968 2616
2969 2617
2970 2618
2971 2619
2972 2620
2973 2621
2974 2622
2975 2623
2976 2624
2977 2625
2978 2626
2979 2627
2980 2628
2981 2629
2982 2630
2983 2631
2984 3825
2985 2635
2986 2636
2987 2637
2988 2638
2989 2639
2990 2640
2991 2641
2992 2642
2993 2643
2994 2644
2995 2645
2996 2646
2997 2647
2998 2648
2999 2649
3000 2650
3001 2651
3002 2652
3003 2653
3004 2654
3005 2655
3006 2656
3007 2657
3008 2658
3009 2659
3010 2660
3011 2661
3012 2662
3013 2663
3014 2664
3015 2665
3016 2666
3017 2667
3018 2668
3019 2669
3020 2670
3021 2671
3022 2672
3023 2673
3024 2674
3025 2675
3026 2676
3027 2677
3028 2678
3029 2679
3030 2680
3031 2681
3032 2682
3033 2683
3034 2684
3035 2685
3036 2686
3037 2687
3038 2688
3039 2689
3040 2690
3041 2691
3042 2692
3043 2693
3044 2694
3045 2695
3046 2696
3047 2697
3048 2698
3049 2699
3050 2700
3051 2701
3052 2702
3053 2703
3054 2704
3055 2705
3056 2706
3057 2707
3058 2708
3059 2709
3060 2710
3061 2711
3062 2739
3063 2740
3064 2741
3065 2742
3066 2743
3067 2744
3068 2745
3069 2746
3070 2748
3071 2749
3072 2750
3073 2751
3074 2752
3075 2753
3076 2754
3077 2755
3078 2756
3079 2757
3080 2758
3081 2759
3082 2760
3083 2761
3084 2762
3085 2763
3086 2764
3087 2765
3088 2766
3089 2767
3090 2768
3091 2769
3092 2770
3093 2771
3094 2774
3095 2777
3096 2778
3097 2779
3098 2780
3099 2781
3100 2782
3101 2783
3102 2784
3103 2785
3104 2786
3105 2787
3106 2788
3107 2789
3108 2790
3109 2791
3110 2792
3111 2793
3112 2794
3113 2795
3114 2796
3115 2797
3116 2798
3117 2799
3118 2800
3119 2801
3120 2802
3121 2803
3122 2804
3123 2805
3124 2806
3125 2807
3126 2808
3127 2809
3128 2810
3129 2811
3130 2812
3131 2813
3132 2814
3133 2815
3134 2816
3135 2817
3136 2818
3137 2819
3138 2820
3139 2821
3140 2822
3141 2823
3142 2824
3143 2825
3144 2826
3145 2827
3146 2828
3147 2829
3148 2830
3149 2831
3150 2832
3151 2833
3152 2834
3153 2835
3154 2836
3155 2837
3156 2838
3157 2839
3158 2840
3159 2841
3160 2842
3161 2843
3162 2844
3163 2845
3164 2846
3165 2847
3166 2848
3167 2849
3168 2850
3169 2851
3170 2852
3171 2853
3172 2854
3173 2855
3174 2856
3175 2857
3176 2858
3177 2859
3178 2860
3179 2861
3180 2862
3181 3724
3182 3723
3183 2905
3184 2907
3185 2906
3186 2908
3187 2909
3188 2910
3189 2911
3190 2912
3191 2915
3192 2914
3193 2916
3194 2917
3195 2919
3196 2920
3197 3826
3198 2927
3199 2926
3200 2925
3201 2924
3202 2923
3203 2922
3204 2928
3205 2929
3206 2930
3207 2931
3208 2932
3209 2933
3210 2934
3211 2935
3212 2936
3213 2937
3214 2938
3215 2939
3216 2940
3217 2941
3218 2942
3219 2943
3220 2944
3221 2945
3222 2946
3223 2947
3224 2948
3225 2949
3226 2950
3227 2951
3228 2952
3229 2953
3230 2954
3231 2955
3232 2956
3233 2957
3234 2958
3235 2959
3236 2960
3237 2961
3238 2962
3239 2963
3240 2965
3241 2966
3242 2967
3243 2968
3244 2969
3245 2970
3246 2971
3247 3487
3248 3486
3249 2973
3250 2974
3251 2975
3252 2976
3253 2977
3254 2978
3255 2979
3256 2980
3257 2981
3258 2982
3259 2983
3260 2984
3261 2985
3262 2986
3263 2987
3264 2988
3265 2989
3266 3147
3267 2992
3268 2991
3269 2993
3270 2994
3271 2995
3272 2996
3273 2997
3274 2998
3275 2999
3276 3000
3277 3001
3278 3002
3279 3003
3280 3004
3281 3005
3282 3006
3283 3007
3284 3008
3285 3009
3286 3010
3287 3011
3288 3012
3289 3013
3290 3014
3291 3015
3292 3017
3293 3018
3294 3020
3295 3021
3296 3022
3297 3023
3298 3024
3299 3025
3300 3026
3301 3027
3302 3028
3303 3030
3304 3031
3305 3032
3306 3036
3307 3037
3308 3039
3309 3038
3310 3040
3311 3041
3312 3042
3313 3043
3314 3044
3315 3045
3316 3046
3317 3047
3318 3048
3319 3049
3320 3050
3321 3051
3322 3052
3323 3053
3324 3054
3325 3055
3326 3056
3327 3057
3328 3058
3329 3059
3330 3062
3331 3063
3332 3064
3333 3065
3334 3066
3335 3067
3336 3068
3337 3069
3338 3070
3339 3071
3340 3073
3341 3074
3342 3075
3343 3076
3344 3077
3345 3078
3346 3079
3347 3080
3348 3081
3349 3082
3350 3083
3351 3084
3352 3085
3353 3086
3354 3087
3355 3088
3356 3089
3357 3090
3358 3091
3359 3093
3360 3094
3361 3095
3362 3096
3363 3097
3364 3098
3365 3099
3366 3100
3367 3101
3368 3102
3369 3103
3370 3104
3371 3105
3372 3106
3373 3107
3374 3108
3375 3109
3376 3110
3377 3111
3378 3112
3379 3113
3380 3114
3381 3115
3382 3116
3383 3117
3384 3118
3385 3119
3386 3120
3387 3121
3388 3122
3389 3123
3390 3124
3391 3125
3392 3126
3393 3127
3394 3128
3395 3130
3396 3131
3397 3146
3398 3137
3399 3136
3400 3134
3401 3187
3402 3188
3403 3189
3404 3190
3405 3191
3406 3192
3407 3193
3408 3194
3409 3195
3410 3196
3411 3197
3412 3198
3413 3199
3414 3201
3415 3202
3416 3203
3417 3204
3418 3205
3419 3206
3420 3207
3421 3208
3422 3209
3423 3210
3424 3213
3425 3214
3426 3215
3427 3217
3428 3219
3429 3218
3430 3223
3431 3224
3432 3225
3433 3226
3434 3228
3435 3230
3436 3231
3437 3232
3438 3233
3439 3234
3440 3235
3441 3236
3442 3237
3443 3238
3444 3239
3445 3240
3446 3241
3447 3242
3448 3243
3449 3244
3450 3245
3451 3247
3452 3248
3453 3249
3454 3250
3455 3251
3456 3252
3457 3253
3458 3254
3459 3255
3460 3256
3461 3257
3462 3258
3463 3259
3464 3260
3465 3261
3466 3262
3467 3263
3468 3264
3469 3265
3470 3266
3471 3267
3472 3268
3473 3269
3474 3270
3475 3272
3476 3273
3477 3274
3478 3280
3479 3281
3480 3282
3481 3283
3482 3284
3483 3285
3484 3286
3485 3287
3486 3293
3487 3294
3488 3295
3489 3296
3490 3297
3491 3298
3492 3299
3493 3301
3494 3300
3495 3302
3496 3303
3497 3304
3498 3305
3499 3306
3500 3307
3501 3308
3502 3309
3503 3310
3504 3311
3505 3313
3506 3314
3507 3315
3508 3316
3509 3317
3510 3318
3511 3319
3512 3320
3513 3321
3514 3322
3515 3323
3516 3325
3517 3327
3518 3328
3519 3330
3520 3331
3521 3332
3522 3333
3523 3334
3524 3335
3525 3336
3526 3337
3527 3338
3528 3339
3529 3341
3530 3342
3531 3343
3532 3344
3533 3345
3534 3347
3535 3348
3536 3349
3537 3350
3538 3351
3539 3352
3540 3354
3541 3355
3542 3356
3543 3359
3544 3361
3545 3360
3546 3362
3547 3363
3548 3364
3549 3381
3550 3382
3551 3383
3552 3384
3553 3385
3554 3386
3555 3387
3556 3388
3557 3389
3558 3390
3559 3391
3560 3392
3561 3393
3562 3394
3563 3397
3564 3398
3565 3399
3566 3400
3567 3402
3568 3403
3569 3404
3570 3405
3571 3406
3572 3407
3573 3408
3574 3409
3575 3410
3576 3411
3577 3412
3578 3413
3579 3414
3580 3415
3581 3416
3582 3417
3583 3418
3584 3419
3585 3420
3586 3421
3587 3422
3588 3423
3589 3424
3590 3425
3591 3426
3592 3427
3593 3428
3594 3429
3595 3430
3596 3431
3597 3432
3598 3433
3599 3434
3600 3435
3601 3439
3602 3440
3603 3441
3604 3442
3605 3444
3606 3448
3607 3449
3608 3452
3609 3453
3610 4031
3611 3455
3612 3456
3613 3457
3614 3458
3615 3459
3616 3460
3617 3461
3618 3462
3619 3463
3620 3465
3621 3464
3622 3466
3623 3467
3624 3468
3625 3469
3626 3470
3627 3471
3628 3472
3629 3473
3630 3474
3631 3475
3632 3477
3633 3478
3634 3479
3635 3480
3636 3483
3637 3484
3638 3485
3639 3488
3640 3489
3641 3490
3642 3491
3643 3492
3644 3493
3645 3494
3646 3495
3647 3496
3648 3497
3649 3498
3650 3499
3651 3500
3652 3502
3653 3503
3654 3504
3655 3505
3656 3506
3657 3507
3658 3508
3659 3510
3660 3509
3661 3511
3662 3512
3663 3513
3664 3514
3665 3515
3666 3516
3667 3517
3668 3518
3669 3519
3670 3520
3671 3521
3672 3522
3673 3523
3674 3524
3675 3525
3676 3526
3677 3527
3678 3528
3679 3529
3680 3530
3681 3531
3682 3532
3683 3533
3684 3534
3685 3535
3686 3536
3687 3538
3688 3539
3689 3540
3690 3541
3691 3542
3692 3543
3693 3544
3694 3545
3695 3546
3696 3547
3697 3548
3698 3549
3699 3550
3700 3551
3701 3552
3702 3553
3703 3554
3704 3555
3705 3556
3706 3557
3707 3558
3708 3560
3709 3562
3710 3561
3711 3563
3712 3564
3713 3565
3714 3566
3715 3567
3716 3568
3717 3569
3718 3570
3719 3571
3720 3572
3721 3573
3722 3574
3723 3575
3724 3576
3725 3577
3726 3578
3727 3579
3728 3580
3729 3581
3730 3582
3731 3583
3732 3584
3733 3585
3734 3586
3735 3587
3736 3593
3737 3594
3738 3595
3739 3596
3740 3597
3741 3598
3742 3599
3743 3600
3744 3601
3745 3603
3746 3604
3747 3605
3748 3606
3749 3607
3750 3608
3751 3609
3752 3610
3753 3611
3754 3612
3755 3613
3756 3614
3757 3615
3758 3617
3759 3619
3760 3620
3761 3621
3762 3622
3763 3623
3764 3624
3765 3625
3766 3663
3767 3662
3768 3661
3769 3660
3770 3659
3771 3658
3772 3657
3773 3656
3774 3655
3775 3654
3776 3653
3777 3652
3778 3651
3779 3650
3780 3649
3781 3648
3782 3647
3783 3646
3784 3645
3785 3644
3786 3643
3787 3642
3788 3641
3789 3640
3790 3639
3791 3638
3792 3637
3793 3636
3794 3635
3795 3632
3796 3631
3797 3630
3798 3629
3799 3628
3800 3627
3801 3626
3802 3634
3803 3664
3804 3665
3805 3666
3806 3667
3807 3668
3808 3669
3809 3671
3810 3675
3811 3676
3812 3677
3813 3678
3814 3679
3815 3680
3816 3681
3817 3682
3818 3683
3819 3684
3820 3686
3821 3687
3822 3688
3823 3689
3824 3690
3825 3691
3826 3695
3827 3696
3828 3697
3829 3698
3830 3699
3831 3700
3832 3701
3833 3970
3834 3702
3835 3705
3836 3706
3837 3707
3838 3708
3839 3709
3840 3710
3841 3711
3842 3712
3843 3713
3844 3714
3845 3715
3846 3716
3847 3717
3848 3718
3849 3719
3850 3721
3851 3720
3852 3722
3853 3725
3854 3726
3855 3727
3856 3728
3857 3729
3858 3730
3859 3731
3860 3732
3861 3733
3862 3734
3863 3735
3864 3736
3865 3738
3866 3739
3867 3740
3868 3741
3869 3742
3870 3743
3871 3744
3872 3745
3873 3746
3874 3747
3875 3748
3876 3773
3877 3774
3878 3775
3879 3776
3880 3777
3881 3778
3882 3779
3883 3781
3884 3780
3885 3783
3886 3784
3887 3785
3888 3787
3889 3786
3890 3789
3891 3790
3892 3792
3893 3791
3894 3793
3895 3794
3896 3795
3897 3796
3898 3797
3899 3798
3900 3799
3901 3800
3902 3801
3903 3803
3904 3805
3905 3806
3906 3807
3907 3809
3908 3810
3909 3811
3910 3812
3911 3813
3912 3814
3913 3823
3914 3830
3915 3831
3916 3832
3917 3833
3918 3834
3919 3835
3920 3842
3921 3843
3922 3844
3923 3845
3924 3846
3925 3847
3926 3848
3927 3849
3928 3850
3929 3851
3930 3852
3931 3853
3932 3854
3933 3855
3934 3856
3935 3857
3936 3858
3937 3859
3938 3860
3939 3861
3940 3862
3941 3863
3942 3864
3943 3865
3944 3866
3945 3867
3946 3868
3947 3869
3948 3870
3949 3871
3950 3872
3951 3873
3952 3874
3953 3875
3954 3876
3955 3877
3956 3878
3957 3879
3958 3880
3959 3881
3960 3882
3961 3883
3962 3884
3963 3885
3964 3886
3965 3887
3966 3888
3967 3890
3968 3891
3969 3892
3970 3893
3971 3896
3972 3897
3973 3898
3974 3900
3975 3899
3976 3907
3977 3908
3978 3909
3979 3910
3980 3911
3981 3913
3982 3914
3983 3916
3984 3918
3985 3919
3986 3920
3987 3921
3988 3922
3989 3923
3990 3924
3991 3925
3992 3926
3993 3927
3994 3928
3995 3929
3996 3931
3997 3932
3998 3933
3999 3934
4000 3935
4001 3936
4002 3937
4003 3938
4004 3939
4005 4079
4006 4078
4007 4077
4008 4076
4009 4075
4010 4074
4011 4073
4012 3955
4013 3956
4014 3957
4015 3958
4016 3959
4017 3960
4018 3961
4019 3962
4020 3963
4021 3964
4022 3965
4023 3966
4024 3967
4025 3968
4026 3971
4027 3972
4028 3973
4029 3974
4030 3976
4031 3977
4032 3978
4033 3979
4034 3980
4035 3985
4036 3986
4037 3987
4038 3988
4039 3989
4040 3990
4041 3993
4042 3994
4043 3995
4044 3996
4045 4001
4046 4002
4047 4003
4048 4004
4049 4005
4050 4006
4051 4008
4052 4007
4053 4015
4054 4016
4055 4017
4056 4018
4057 4019
4058 4020
4059 4021
4060 4022
4061 4023
4062 4024
4063 4026
4064 4027
4065 4028
4066 4029
4067 4030
4068 4032
4069 4034
4070 4035
4071 4036
4072 4039
4073 4040
4074 4041
4075 4043
4076 4044
4077 4045
4078 4046
4079 4047
4080 4052
4081 4053
4082 4054
4083 4055
4084 4056
4085 4057
4086 4058
4087 4059
4088 4060
4089 4061
4090 4062
4091 4063
4092 4064
4093 4065
4094 4066
4095 4067
4096 4069
4097 4071
4098 4072
4099 4080
4100 4081
4101 4082
4102 4085
4103 4086
4104 4087
4105 4088
4106 4089
4107 4090
4108 4092
4109 4094
4110 4095
4111 4096
4112 4097
4113 4099
4114 4100
4115 4101
4116 4102
4117 4103
4118 4104
4119 4105
4120 4106
4121 4107
4122 4108
4123 4109
4124 4110
4125 4111
4126 4112
4127 4113
4128 4115
4129 4116
4130 4117
4131 4118
4132 4119
4133 4120
4134 4122
4135 4123
4136 4124
4137 4125
4138 4126
4139 4131
4140 4132
4141 4133
4142 4134
4143 4135
4144 4136
4145 4137
4146 4138
4147 4139
4148 4140
4149 4141
4150 4142
4151 4147
4152 4148
4153 4149
4154 4150
4155 4151
4156 4152
4157 4153
4158 4154
4159 4155
4160 4160
4161 4161
4162 4162
4163 4163
4164 4164
4165 4165
4166 4166
4167 4167
4168 4168
4169 4169
4170 4170
