0 0
1 4
2 3
3 2
4 1
5 3814
6 3813
7 3357
8 652
9 519
10 518
11 517
12 516
13 424
14 135
15 134
16 34
17 13
18 7
19 5932
20 5931
21 5930
22 5929
23 5927
24 5713
25 1884
26 1283
27 1095
28 16
29 5
30 6
31 8
32 9
33 10
34 11
35 12
36 14
37 15
38 17
39 18
40 19
41 20
42 21
43 22
44 23
45 24
46 25
47 26
48 27
49 28
50 31
51 30
52 29
53 32
54 35
55 33
56 105
57 36
58 37
59 38
60 39
61 40
62 41
63 42
64 43
65 44
66 45
67 46
68 47
69 48
70 49
71 50
72 51
73 52
74 53
75 54
76 55
77 56
78 57
79 59
80 58
81 60
82 61
83 62
84 63
85 64
86 65
87 66
88 67
89 68
90 69
91 70
92 71
93 72
94 73
95 74
96 75
97 76
98 77
99 78
100 79
101 80
102 82
103 81
104 83
105 84
106 85
107 86
108 87
109 88
110 89
111 90
112 91
113 93
114 92
115 94
116 95
117 96
118 97
119 98
120 1723
121 99
122 100
123 101
124 102
125 103
126 5719
127 104
128 106
129 107
130 108
131 109
132 110
133 111
134 112
135 113
136 115
137 114
138 116
139 117
140 118
141 119
142 120
143 121
144 122
145 123
146 124
147 125
148 126
149 127
150 128
151 129
152 130
153 131
154 132
155 133
156 136
157 137
158 138
159 139
160 140
161 141
162 142
163 143
164 144
165 145
166 146
167 147
168 148
169 149
170 151
171 150
172 152
173 153
174 154
175 155
176 156
177 157
178 158
179 159
180 160
181 161
182 162
183 163
184 164
185 165
186 166
187 167
188 168
189 169
190 170
191 171
192 172
193 173
194 174
195 175
196 176
197 177
198 178
199 179
200 180
201 181
202 182
203 183
204 184
205 185
206 186
207 187
208 188
209 189
210 434
211 190
212 191
213 192
214 193
215 194
216 195
217 196
218 197
219 198
220 199
221 200
222 201
223 202
224 203
225 204
226 6416
227 205
228 207
229 206
230 208
231 209
232 210
233 211
234 212
235 213
236 214
237 6721
238 6716
239 6715
240 4952
241 3944
242 1701
243 1617
244 1616
245 1371
246 927
247 760
248 755
249 751
250 750
251 749
252 320
253 307
254 216
255 215
256 217
257 218
258 219
259 220
260 221
261 222
262 223
263 224
264 225
265 226
266 227
267 228
268 229
269 230
270 231
271 232
272 233
273 3104
274 234
275 235
276 236
277 237
278 238
279 239
280 240
281 241
282 242
283 243
284 244
285 245
286 246
287 247
288 248
289 3451
290 3279
291 3278
292 249
293 250
294 251
295 252
296 253
297 256
298 255
299 254
300 353
301 352
302 257
303 258
304 259
305 260
306 261
307 262
308 263
309 264
310 266
311 265
312 267
313 268
314 269
315 270
316 271
317 272
318 273
319 274
320 275
321 276
322 277
323 278
324 279
325 280
326 281
327 282
328 283
329 284
330 285
331 286
332 287
333 288
334 289
335 290
336 291
337 292
338 293
339 294
340 295
341 297
342 296
343 298
344 299
345 300
346 301
347 302
348 461
349 460
350 459
351 458
352 304
353 303
354 305
355 306
356 308
357 309
358 310
359 311
360 312
361 314
362 313
363 315
364 316
365 317
366 318
367 319
368 3507
369 3506
370 3505
371 3504
372 2713
373 321
374 322
375 324
376 323
377 325
378 326
379 327
380 328
381 329
382 330
383 331
384 332
385 333
386 334
387 335
388 336
389 337
390 338
391 339
392 340
393 341
394 342
395 343
396 344
397 346
398 345
399 347
400 348
401 350
402 349
403 351
404 355
405 354
406 356
407 357
408 358
409 359
410 360
411 361
412 362
413 363
414 364
415 365
416 366
417 367
418 368
419 391
420 390
421 389
422 388
423 387
424 386
425 385
426 384
427 383
428 382
429 381
430 380
431 379
432 378
433 377
434 376
435 375
436 374
437 373
438 372
439 371
440 370
441 369
442 2342
443 392
444 393
445 394
446 395
447 396
448 397
449 398
450 399
451 400
452 401
453 402
454 403
455 404
456 410
457 409
458 408
459 407
460 406
461 405
462 411
463 412
464 413
465 414
466 415
467 416
468 417
469 418
470 419
471 420
472 421
473 422
474 423
475 425
476 426
477 427
478 430
479 429
480 428
481 431
482 432
483 433
484 435
485 436
486 437
487 438
488 439
489 440
490 443
491 441
492 442
493 444
494 445
495 446
496 447
497 448
498 449
499 450
500 451
501 754
502 752
503 452
504 453
505 454
506 455
507 456
508 457
509 462
510 463
511 464
512 465
513 466
514 467
515 468
516 469
517 474
518 473
519 472
520 471
521 470
522 1231
523 475
524 476
525 477
526 478
527 479
528 480
529 481
530 482
531 484
532 483
533 485
534 486
535 487
536 488
537 489
538 500
539 499
540 498
541 497
542 496
543 495
544 494
545 493
546 492
547 491
548 490
549 501
550 502
551 503
552 504
553 505
554 507
555 506
556 508
557 509
558 510
559 511
560 512
561 513
562 514
563 515
564 520
565 521
566 522
567 523
568 524
569 525
570 526
571 527
572 528
573 529
574 530
575 531
576 532
577 533
578 534
579 536
580 535
581 537
582 538
583 539
584 540
585 541
586 542
587 543
588 544
589 545
590 546
591 547
592 548
593 549
594 550
595 551
596 552
597 553
598 554
599 4250
600 557
601 556
602 555
603 558
604 559
605 560
606 561
607 563
608 562
609 565
610 564
611 566
612 567
613 568
614 569
615 570
616 571
617 572
618 573
619 574
620 575
621 576
622 577
623 578
624 579
625 580
626 581
627 582
628 583
629 584
630 585
631 586
632 587
633 588
634 589
635 590
636 591
637 592
638 593
639 594
640 595
641 596
642 597
643 598
644 599
645 600
646 5537
647 5536
648 5317
649 601
650 602
651 606
652 605
653 604
654 603
655 5781
656 5780
657 5779
658 5028
659 1113
660 1259
661 1258
662 1257
663 607
664 608
665 609
666 610
667 611
668 612
669 613
670 614
671 615
672 616
673 617
674 618
675 620
676 619
677 621
678 622
679 624
680 623
681 625
682 626
683 627
684 628
685 629
686 630
687 631
688 632
689 633
690 634
691 635
692 636
693 637
694 638
695 639
696 640
697 641
698 642
699 643
700 644
701 645
702 646
703 647
704 648
705 649
706 650
707 651
708 653
709 655
710 654
711 656
712 657
713 658
714 659
715 660
716 661
717 662
718 663
719 664
720 665
721 666
722 667
723 668
724 669
725 670
726 671
727 672
728 673
729 674
730 675
731 676
732 677
733 678
734 679
735 680
736 681
737 682
738 683
739 684
740 685
741 686
742 687
743 688
744 689
745 690
746 691
747 692
748 693
749 694
750 695
751 696
752 697
753 698
754 699
755 700
756 702
757 701
758 703
759 704
760 705
761 706
762 713
763 712
764 711
765 710
766 709
767 708
768 707
769 714
770 715
771 716
772 717
773 718
774 719
775 720
776 721
777 722
778 723
779 724
780 725
781 726
782 727
783 728
784 729
785 730
786 731
787 732
788 733
789 734
790 735
791 736
792 737
793 739
794 738
795 740
796 741
797 742
798 743
799 744
800 761
801 759
802 758
803 757
804 756
805 753
806 748
807 747
808 746
809 745
810 2035
811 914
812 1757
813 1491
814 762
815 763
816 764
817 765
818 766
819 767
820 769
821 768
822 770
823 771
824 772
825 773
826 774
827 775
828 776
829 777
830 778
831 779
832 780
833 781
834 782
835 783
836 784
837 786
838 785
839 787
840 788
841 789
842 790
843 791
844 792
845 793
846 794
847 795
848 796
849 797
850 798
851 799
852 800
853 801
854 802
855 803
856 804
857 805
858 806
859 807
860 808
861 809
862 810
863 811
864 815
865 814
866 813
867 812
868 1744
869 1743
870 1742
871 1741
872 816
873 817
874 818
875 819
876 820
877 821
878 822
879 823
880 824
881 825
882 826
883 827
884 828
885 829
886 830
887 831
888 832
889 835
890 833
891 834
892 836
893 837
894 838
895 839
896 840
897 841
898 842
899 843
900 844
901 845
902 846
903 847
904 848
905 849
906 850
907 851
908 853
909 852
910 854
911 856
912 855
913 857
914 858
915 859
916 860
917 861
918 862
919 863
920 864
921 865
922 866
923 867
924 868
925 869
926 870
927 871
928 872
929 873
930 874
931 875
932 876
933 877
934 878
935 879
936 880
937 881
938 882
939 883
940 884
941 885
942 886
943 887
944 888
945 889
946 890
947 891
948 892
949 896
950 895
951 894
952 893
953 897
954 898
955 899
956 900
957 901
958 902
959 903
960 904
961 905
962 906
963 907
964 908
965 1681
966 909
967 911
968 910
969 912
970 913
971 915
972 916
973 917
974 918
975 920
976 919
977 921
978 922
979 924
980 923
981 1817
982 925
983 926
984 2413
985 928
986 929
987 930
988 931
989 932
990 933
991 934
992 935
993 936
994 937
995 938
996 939
997 940
998 941
999 942
1000 943
1001 944
1002 952
1003 951
1004 950
1005 949
1006 948
1007 947
1008 946
1009 945
1010 953
1011 958
1012 957
1013 956
1014 955
1015 954
1016 959
1017 960
1018 961
1019 962
1020 963
1021 964
1022 965
1023 966
1024 967
1025 968
1026 969
1027 970
1028 971
1029 972
1030 973
1031 975
1032 974
1033 2084
1034 976
1035 977
1036 978
1037 979
1038 980
1039 981
1040 982
1041 983
1042 988
1043 987
1044 986
1045 985
1046 984
1047 989
1048 990
1049 991
1050 992
1051 993
1052 994
1053 995
1054 996
1055 997
1056 998
1057 999
1058 1000
1059 1001
1060 1002
1061 1003
1062 1004
1063 1005
1064 1006
1065 1007
1066 1008
1067 1009
1068 1010
1069 1011
1070 1012
1071 1013
1072 1014
1073 1015
1074 1016
1075 1017
1076 1018
1077 1019
1078 1020
1079 1021
1080 1022
1081 1023
1082 1024
1083 1025
1084 1026
1085 1027
1086 1028
1087 1029
1088 1030
1089 1031
1090 1032
1091 1033
1092 1034
1093 1035
1094 1036
1095 1037
1096 1038
1097 5667
1098 5666
1099 5665
1100 3528
1101 1039
1102 1040
1103 1041
1104 1042
1105 1043
1106 1044
1107 1045
1108 1046
1109 1047
1110 1048
1111 1049
1112 1050
1113 1051
1114 1052
1115 1053
1116 1054
1117 1055
1118 1056
1119 1057
1120 1058
1121 1059
1122 1060
1123 1061
1124 1062
1125 1063
1126 1064
1127 1065
1128 1075
1129 1074
1130 1073
1131 1072
1132 1071
1133 1070
1134 1069
1135 1068
1136 1067
1137 1066
1138 1076
1139 1077
1140 1078
1141 1079
1142 1080
1143 1081
1144 1082
1145 1083
1146 1084
1147 1085
1148 1086
1149 1087
1150 1088
1151 1089
1152 1090
1153 1091
1154 1092
1155 1093
1156 1094
1157 1096
1158 1097
1159 1098
1160 1099
1161 1100
1162 1101
1163 1102
1164 1103
1165 1104
1166 1105
1167 1106
1168 1107
1169 1115
1170 1114
1171 1112
1172 1111
1173 1110
1174 1109
1175 1108
1176 1116
1177 1117
1178 1118
1179 1119
1180 1120
1181 1121
1182 1122
1183 1123
1184 1124
1185 1125
1186 1126
1187 1127
1188 1128
1189 1129
1190 1130
1191 1131
1192 1132
1193 1133
1194 1136
1195 1135
1196 1134
1197 1137
1198 1138
1199 1139
1200 1140
1201 1141
1202 1142
1203 1143
1204 1144
1205 1145
1206 1146
1207 1147
1208 1148
1209 1149
1210 1150
1211 1151
1212 1152
1213 1154
1214 1153
1215 1155
1216 1156
1217 1157
1218 1158
1219 1159
1220 1160
1221 1161
1222 1163
1223 1162
1224 1164
1225 1165
1226 1166
1227 1167
1228 1168
1229 1169
1230 1170
1231 1171
1232 1172
1233 1173
1234 1174
1235 1175
1236 1176
1237 1177
1238 1178
1239 1179
1240 1180
1241 1181
1242 1182
1243 1183
1244 1184
1245 1185
1246 1186
1247 1187
1248 1188
1249 1189
1250 1191
1251 1190
1252 1192
1253 1193
1254 1194
1255 1195
1256 1196
1257 1197
1258 1198
1259 1199
1260 1200
1261 1201
1262 1202
1263 1203
1264 1204
1265 1205
1266 1207
1267 1206
1268 1208
1269 1209
1270 1210
1271 1211
1272 1212
1273 1213
1274 1214
1275 1215
1276 1217
1277 1216
1278 1218
1279 1219
1280 1220
1281 1221
1282 1222
1283 1223
1284 1224
1285 1225
1286 1226
1287 1227
1288 1228
1289 1229
1290 1230
1291 6033
1292 1232
1293 1233
1294 1234
1295 1235
1296 1236
1297 1237
1298 1238
1299 1239
1300 1240
1301 1242
1302 1241
1303 1243
1304 1244
1305 1245
1306 1246
1307 5821
1308 1247
1309 1248
1310 1249
1311 1250
1312 1251
1313 1252
1314 1253
1315 1254
1316 1256
1317 1255
1318 1260
1319 1261
1320 1262
1321 1263
1322 3788
1323 1264
1324 1265
1325 1266
1326 1267
1327 1268
1328 1269
1329 1271
1330 1270
1331 1272
1332 1273
1333 1274
1334 1275
1335 1276
1336 1277
1337 1279
1338 1278
1339 3433
1340 1280
1341 1281
1342 1282
1343 1284
1344 1286
1345 1285
1346 1287
1347 1288
1348 1289
1349 1290
1350 1291
1351 1292
1352 1293
1353 1307
1354 1306
1355 1305
1356 1304
1357 1303
1358 1302
1359 1301
1360 1300
1361 1299
1362 1298
1363 1297
1364 1296
1365 1295
1366 1294
1367 1308
1368 1309
1369 1310
1370 1311
1371 1312
1372 1313
1373 3193
1374 1314
1375 1315
1376 1316
1377 1317
1378 1318
1379 1319
1380 1320
1381 1321
1382 1322
1383 1323
1384 1324
1385 1325
1386 1326
1387 1327
1388 1328
1389 1330
1390 1329
1391 1331
1392 1332
1393 1333
1394 1334
1395 1335
1396 1336
1397 1337
1398 1338
1399 1339
1400 1340
1401 1341
1402 1342
1403 1343
1404 1344
1405 1345
1406 1346
1407 1347
1408 1348
1409 1349
1410 1350
1411 1351
1412 1352
1413 1353
1414 1354
1415 1355
1416 1356
1417 1357
1418 1358
1419 1359
1420 1360
1421 1361
1422 1362
1423 1363
1424 1364
1425 1365
1426 1366
1427 1367
1428 1368
1429 1369
1430 1370
1431 1372
1432 1373
1433 1374
1434 1375
1435 1376
1436 1377
1437 1378
1438 1380
1439 5657
1440 5655
1441 1379
1442 1381
1443 1382
1444 1384
1445 1383
1446 1385
1447 1386
1448 1387
1449 1388
1450 1389
1451 1390
1452 1391
1453 1392
1454 1393
1455 1394
1456 1395
1457 1396
1458 1397
1459 1398
1460 1399
1461 1400
1462 1401
1463 1402
1464 1403
1465 1404
1466 1405
1467 1406
1468 1407
1469 1408
1470 3519
1471 1409
1472 1410
1473 1411
1474 1412
1475 1413
1476 1414
1477 1415
1478 1416
1479 1417
1480 1418
1481 1419
1482 1421
1483 1420
1484 1422
1485 1423
1486 1424
1487 1425
1488 1426
1489 1427
1490 1428
1491 1429
1492 1430
1493 1432
1494 1431
1495 1433
1496 1434
1497 1435
1498 1436
1499 1437
1500 1438
1501 1439
1502 1440
1503 1441
1504 1442
1505 1443
1506 1444
1507 1445
1508 1446
1509 1447
1510 1448
1511 1449
1512 1450
1513 1451
1514 1452
1515 1453
1516 1454
1517 1455
1518 1456
1519 1457
1520 1458
1521 1459
1522 1460
1523 1461
1524 1462
1525 1463
1526 1464
1527 1465
1528 1466
1529 1467
1530 1468
1531 1469
1532 1470
1533 1471
1534 1472
1535 1473
1536 1474
1537 1475
1538 1476
1539 1477
1540 1478
1541 1479
1542 1480
1543 1483
1544 1482
1545 1481
1546 1484
1547 1485
1548 1486
1549 1487
1550 1488
1551 1489
1552 2194
1553 1490
1554 1492
1555 1493
1556 1494
1557 1495
1558 1496
1559 1497
1560 1498
1561 1499
1562 1500
1563 1501
1564 1502
1565 1503
1566 1504
1567 1505
1568 1506
1569 1507
1570 1508
1571 1509
1572 1510
1573 1511
1574 1512
1575 1514
1576 1513
1577 1515
1578 1516
1579 1517
1580 1518
1581 1519
1582 1520
1583 1521
1584 1522
1585 1523
1586 1524
1587 1525
1588 1526
1589 1527
1590 1528
1591 1529
1592 1530
1593 1531
1594 1532
1595 1533
1596 1534
1597 1535
1598 1536
1599 1537
1600 1538
1601 1539
1602 1541
1603 1540
1604 1542
1605 1543
1606 1544
1607 1545
1608 1546
1609 1547
1610 1548
1611 1549
1612 1550
1613 1551
1614 1552
1615 1553
1616 1554
1617 1555
1618 1556
1619 1557
1620 1558
1621 1559
1622 1560
1623 1561
1624 1562
1625 1563
1626 1564
1627 1565
1628 1566
1629 1567
1630 1568
1631 1569
1632 1570
1633 1571
1634 1573
1635 1572
1636 1574
1637 1576
1638 1575
1639 1577
1640 1578
1641 1579
1642 1580
1643 1581
1644 1582
1645 1583
1646 1584
1647 1585
1648 1586
1649 1587
1650 1588
1651 1589
1652 1590
1653 1591
1654 1592
1655 1593
1656 1594
1657 1595
1658 1596
1659 1597
1660 1598
1661 1600
1662 1599
1663 1601
1664 1602
1665 1603
1666 1604
1667 1605
1668 1606
1669 1607
1670 1673
1671 1672
1672 1671
1673 1669
1674 1610
1675 1609
1676 1608
1677 1612
1678 1611
1679 1613
1680 1614
1681 1615
1682 2483
1683 1618
1684 1619
1685 1620
1686 1621
1687 1623
1688 1622
1689 1624
1690 1625
1691 1626
1692 1627
1693 1628
1694 1629
1695 1630
1696 1631
1697 1632
1698 1633
1699 1634
1700 1635
1701 1636
1702 1637
1703 1638
1704 1639
1705 1640
1706 1641
1707 1642
1708 1643
1709 1644
1710 1646
1711 1645
1712 1647
1713 1648
1714 1649
1715 1650
1716 1651
1717 1652
1718 1653
1719 1654
1720 1655
1721 1656
1722 1657
1723 1658
1724 1659
1725 1660
1726 1661
1727 1662
1728 1663
1729 1664
1730 1665
1731 1666
1732 1667
1733 1668
1734 1670
1735 2160
1736 1674
1737 1675
1738 1676
1739 1677
1740 1678
1741 1679
1742 1680
1743 1683
1744 1682
1745 1684
1746 1685
1747 1686
1748 1687
1749 1688
1750 1689
1751 1690
1752 1691
1753 1692
1754 1693
1755 1694
1756 1695
1757 1696
1758 1697
1759 1698
1760 1699
1761 1700
1762 1702
1763 1704
1764 1703
1765 1706
1766 1705
1767 1707
1768 1708
1769 1709
1770 1710
1771 1711
1772 1712
1773 1715
1774 1714
1775 1713
1776 1716
1777 1717
1778 1718
1779 1719
1780 1720
1781 1721
1782 1722
1783 1724
1784 1725
1785 1726
1786 1727
1787 1728
1788 1729
1789 1730
1790 1731
1791 1732
1792 1733
1793 1734
1794 1735
1795 1736
1796 1737
1797 1738
1798 1739
1799 1740
1800 4476
1801 4475
1802 4474
1803 4473
1804 2733
1805 1745
1806 1746
1807 1747
1808 1748
1809 1749
1810 1750
1811 1751
1812 1752
1813 1753
1814 1754
1815 1755
1816 1756
1817 1758
1818 1759
1819 1760
1820 1761
1821 1762
1822 1763
1823 1764
1824 1765
1825 1766
1826 1767
1827 2484
1828 1768
1829 1769
1830 1770
1831 1771
1832 1772
1833 1773
1834 1774
1835 1775
1836 1776
1837 1777
1838 1778
1839 1779
1840 1780
1841 1781
1842 1782
1843 1783
1844 1784
1845 1785
1846 1786
1847 1787
1848 1788
1849 1789
1850 1790
1851 1791
1852 1792
1853 1793
1854 1794
1855 1795
1856 1796
1857 1799
1858 1798
1859 1797
1860 1800
1861 1801
1862 1802
1863 1803
1864 1804
1865 1805
1866 1806
1867 1807
1868 1808
1869 1809
1870 1810
1871 1811
1872 1812
1873 1813
1874 1814
1875 1815
1876 1816
1877 1818
1878 1819
1879 1820
1880 1821
1881 1822
1882 1823
1883 1824
1884 1825
1885 1826
1886 1827
1887 1828
1888 1829
1889 1830
1890 1831
1891 1832
1892 1834
1893 1833
1894 1835
1895 1836
1896 1837
1897 1838
1898 1839
1899 1840
1900 1841
1901 1842
1902 1843
1903 1844
1904 1845
1905 1846
1906 1847
1907 1849
1908 1848
1909 1850
1910 1851
1911 1852
1912 1853
1913 1854
1914 3245
1915 1855
1916 1856
1917 1857
1918 1858
1919 1859
1920 1860
1921 1861
1922 1862
1923 1863
1924 5266
1925 2276
1926 1864
1927 1865
1928 1866
1929 1867
1930 1868
1931 1869
1932 1870
1933 1875
1934 1874
1935 1873
1936 1872
1937 1871
1938 1876
1939 1877
1940 1878
1941 1879
1942 1880
1943 1881
1944 1882
1945 1883
1946 1885
1947 1886
1948 1887
1949 1888
1950 1889
1951 1890
1952 1892
1953 1891
1954 1893
1955 1894
1956 1895
1957 1896
1958 1897
1959 1898
1960 1899
1961 1900
1962 1901
1963 1902
1964 1903
1965 1904
1966 1905
1967 1906
1968 1907
1969 1908
1970 1909
1971 1910
1972 1911
1973 1912
1974 1913
1975 1914
1976 1915
1977 1916
1978 1917
1979 1918
1980 1919
1981 1920
1982 1921
1983 1922
1984 1923
1985 1924
1986 1925
1987 1927
1988 1926
1989 1928
1990 1929
1991 1930
1992 1931
1993 1932
1994 1933
1995 1934
1996 1935
1997 1936
1998 1937
1999 1938
2000 1939
2001 1940
2002 1942
2003 1941
2004 1943
2005 1944
2006 1945
2007 1946
2008 1947
2009 1948
2010 1949
2011 1950
2012 1951
2013 1952
2014 1953
2015 1954
2016 1955
2017 1956
2018 1957
2019 1958
2020 1959
2021 1961
2022 1960
2023 1962
2024 1963
2025 1964
2026 1965
2027 1966
2028 1967
2029 1968
2030 1969
2031 1970
2032 1971
2033 1972
2034 1973
2035 1974
2036 1975
2037 1976
2038 6465
2039 2481
2040 1977
2041 1978
2042 1979
2043 1980
2044 1981
2045 1982
2046 1983
2047 1984
2048 1985
2049 1986
2050 1987
2051 1988
2052 1989
2053 1990
2054 1991
2055 1992
2056 1993
2057 1994
2058 1995
2059 1996
2060 1997
2061 1998
2062 1999
2063 2000
2064 2001
2065 2002
2066 2003
2067 2004
2068 2006
2069 2005
2070 2007
2071 2008
2072 2009
2073 2010
2074 2011
2075 2012
2076 2013
2077 2014
2078 2015
2079 2017
2080 2016
2081 2019
2082 2018
2083 2020
2084 2021
2085 2022
2086 3606
2087 3605
2088 3604
2089 3603
2090 3602
2091 3601
2092 3600
2093 3599
2094 3598
2095 3597
2096 3596
2097 3595
2098 3594
2099 3593
2100 3592
2101 3591
2102 3590
2103 3589
2104 3588
2105 3587
2106 3416
2107 2023
2108 2024
2109 2025
2110 2026
2111 2027
2112 2028
2113 2029
2114 2030
2115 2031
2116 2032
2117 2033
2118 2034
2119 2036
2120 2037
2121 2038
2122 2039
2123 2040
2124 2041
2125 2042
2126 2043
2127 2044
2128 2045
2129 2046
2130 2047
2131 2048
2132 2049
2133 2050
2134 2051
2135 2052
2136 2053
2137 2054
2138 2752
2139 2055
2140 2056
2141 2057
2142 2058
2143 2059
2144 2060
2145 2061
2146 2062
2147 2063
2148 2065
2149 2064
2150 6109
2151 6107
2152 4417
2153 3435
2154 2066
2155 2067
2156 2069
2157 2068
2158 2070
2159 2071
2160 2072
2161 2073
2162 2074
2163 2075
2164 2076
2165 2077
2166 2078
2167 2079
2168 2080
2169 2082
2170 5214
2171 5213
2172 3418
2173 3417
2174 3415
2175 3414
2176 3413
2177 3412
2178 2735
2179 2734
2180 2479
2181 2081
2182 2083
2183 2085
2184 2086
2185 2087
2186 2088
2187 2089
2188 2090
2189 2091
2190 2092
2191 2093
2192 2094
2193 2096
2194 2095
2195 2097
2196 2098
2197 2099
2198 2100
2199 2101
2200 2102
2201 2103
2202 2104
2203 2105
2204 2106
2205 2107
2206 2108
2207 2109
2208 2110
2209 2111
2210 2112
2211 2113
2212 2114
2213 2115
2214 2117
2215 2116
2216 2118
2217 2119
2218 2120
2219 2121
2220 2122
2221 2124
2222 2123
2223 2125
2224 2126
2225 2127
2226 2128
2227 2129
2228 2130
2229 2131
2230 2132
2231 2133
2232 2134
2233 2135
2234 2136
2235 2137
2236 2138
2237 2139
2238 2140
2239 2141
2240 2142
2241 2143
2242 2144
2243 2145
2244 2146
2245 2147
2246 2148
2247 2149
2248 2150
2249 2151
2250 2152
2251 2153
2252 2154
2253 2155
2254 2156
2255 2157
2256 2158
2257 2159
2258 2161
2259 2162
2260 2163
2261 2164
2262 2165
2263 2166
2264 2167
2265 2168
2266 2169
2267 2170
2268 2171
2269 2172
2270 2173
2271 2174
2272 2175
2273 2176
2274 2177
2275 2178
2276 2179
2277 2180
2278 2181
2279 2182
2280 2183
2281 2184
2282 2185
2283 2186
2284 2187
2285 2188
2286 2189
2287 2190
2288 2191
2289 2192
2290 2193
2291 2195
2292 2196
2293 2197
2294 2198
2295 2199
2296 2200
2297 2201
2298 2203
2299 2202
2300 2204
2301 2205
2302 2206
2303 2207
2304 2208
2305 2209
2306 2210
2307 2211
2308 2212
2309 2213
2310 2214
2311 2215
2312 2216
2313 2217
2314 2218
2315 4323
2316 2219
2317 2220
2318 2221
2319 2222
2320 2228
2321 2227
2322 2226
2323 2225
2324 2224
2325 2223
2326 3396
2327 3395
2328 3394
2329 4956
2330 5044
2331 2229
2332 2230
2333 2231
2334 2232
2335 2233
2336 2234
2337 2235
2338 2236
2339 2237
2340 2238
2341 2239
2342 2240
2343 2241
2344 2242
2345 2243
2346 2244
2347 2245
2348 2246
2349 2247
2350 2248
2351 2249
2352 2250
2353 2251
2354 2252
2355 2253
2356 2254
2357 2255
2358 2256
2359 2257
2360 2258
2361 2259
2362 2260
2363 2261
2364 2262
2365 2263
2366 2264
2367 2265
2368 2266
2369 2267
2370 2268
2371 2269
2372 2270
2373 2271
2374 2272
2375 2273
2376 2274
2377 2275
2378 2277
2379 2278
2380 2279
2381 2280
2382 2281
2383 2282
2384 2283
2385 2284
2386 2285
2387 2286
2388 2287
2389 2288
2390 2289
2391 2290
2392 2291
2393 2292
2394 2293
2395 2294
2396 2295
2397 2296
2398 2297
2399 2298
2400 2299
2401 2300
2402 2301
2403 2302
2404 2303
2405 2304
2406 2306
2407 2305
2408 2307
2409 2308
2410 2309
2411 2310
2412 2311
2413 2312
2414 2313
2415 2314
2416 2315
2417 2317
2418 2316
2419 2318
2420 2319
2421 2320
2422 2321
2423 2322
2424 2323
2425 2324
2426 2325
2427 2326
2428 2327
2429 2328
2430 2329
2431 2330
2432 2331
2433 2332
2434 2333
2435 2334
2436 2335
2437 2336
2438 2337
2439 2338
2440 2339
2441 2340
2442 2341
2443 2343
2444 2344
2445 2345
2446 2346
2447 2347
2448 2348
2449 2349
2450 2350
2451 2351
2452 2352
2453 2353
2454 2354
2455 2355
2456 2356
2457 2357
2458 2358
2459 2359
2460 2360
2461 2361
2462 2362
2463 2531
2464 2364
2465 2363
2466 2365
2467 2366
2468 2367
2469 2368
2470 2369
2471 2370
2472 2371
2473 2372
2474 2373
2475 2374
2476 2375
2477 2376
2478 2377
2479 2378
2480 2379
2481 2380
2482 2381
2483 2382
2484 2383
2485 2384
2486 2385
2487 2386
2488 2387
2489 2389
2490 2388
2491 2390
2492 2391
2493 2392
2494 2394
2495 2393
2496 2395
2497 2396
2498 2397
2499 2398
2500 2399
2501 2400
2502 2401
2503 2402
2504 2403
2505 2404
2506 2405
2507 2406
2508 2407
2509 2408
2510 2409
2511 2410
2512 2411
2513 2412
2514 6309
2515 2414
2516 2415
2517 5226
2518 2416
2519 2417
2520 2418
2521 2419
2522 2420
2523 2421
2524 2422
2525 2423
2526 2424
2527 2425
2528 2426
2529 2427
2530 2428
2531 2429
2532 2430
2533 2431
2534 2432
2535 2433
2536 2434
2537 2435
2538 2436
2539 2437
2540 2438
2541 2439
2542 2440
2543 2441
2544 2442
2545 2443
2546 2444
2547 2445
2548 2446
2549 2447
2550 2448
2551 2449
2552 2450
2553 2451
2554 2452
2555 2453
2556 2454
2557 2455
2558 2456
2559 2457
2560 2458
2561 2459
2562 2460
2563 2462
2564 2461
2565 2463
2566 2464
2567 2465
2568 2466
2569 2467
2570 2468
2571 2469
2572 2470
2573 2471
2574 2473
2575 2472
2576 2474
2577 2475
2578 2476
2579 2477
2580 2478
2581 2480
2582 2487
2583 2486
2584 2485
2585 2482
2586 3259
2587 2488
2588 2490
2589 2489
2590 2491
2591 2492
2592 2493
2593 2494
2594 2495
2595 2496
2596 2497
2597 2498
2598 2499
2599 2500
2600 2501
2601 2502
2602 2503
2603 2504
2604 2505
2605 2506
2606 2507
2607 2508
2608 2509
2609 2510
2610 2511
2611 4772
2612 2512
2613 2513
2614 2514
2615 2515
2616 2516
2617 2517
2618 2518
2619 2519
2620 2520
2621 2522
2622 2521
2623 2523
2624 2524
2625 2525
2626 2526
2627 2527
2628 2528
2629 2529
2630 2530
2631 2532
2632 2533
2633 2534
2634 2535
2635 2550
2636 2536
2637 2537
2638 2538
2639 2539
2640 2540
2641 2541
2642 2542
2643 2543
2644 2544
2645 2545
2646 2546
2647 2547
2648 2548
2649 2549
2650 2551
2651 2552
2652 2553
2653 2554
2654 2555
2655 2556
2656 2557
2657 2558
2658 2559
2659 2560
2660 2561
2661 2562
2662 2563
2663 2564
2664 2565
2665 2566
2666 2567
2667 2568
2668 2569
2669 2570
2670 2571
2671 2572
2672 2573
2673 2574
2674 2575
2675 2576
2676 2579
2677 2578
2678 2577
2679 2580
2680 2581
2681 2582
2682 2583
2683 2584
2684 2585
2685 2586
2686 2588
2687 2587
2688 2589
2689 2591
2690 2590
2691 2592
2692 2593
2693 2594
2694 2595
2695 2596
2696 2597
2697 2598
2698 2599
2699 2600
2700 2601
2701 2602
2702 2603
2703 2604
2704 2605
2705 2606
2706 2607
2707 2608
2708 2609
2709 2610
2710 2611
2711 2612
2712 2613
2713 2614
2714 2615
2715 2616
2716 2618
2717 2617
2718 2619
2719 2620
2720 2621
2721 2622
2722 2623
2723 2624
2724 2625
2725 2627
2726 2626
2727 2628
2728 2629
2729 2630
2730 2632
2731 2631
2732 2633
2733 2634
2734 2635
2735 2636
2736 2637
2737 2638
2738 2639
2739 2640
2740 2641
2741 2642
2742 2644
2743 2643
2744 2645
2745 2646
2746 5836
2747 4743
2748 2647
2749 2648
2750 2649
2751 2650
2752 2651
2753 2652
2754 2653
2755 2655
2756 2654
2757 2656
2758 2657
2759 2658
2760 2659
2761 2660
2762 2661
2763 2662
2764 2663
2765 2664
2766 2665
2767 2666
2768 2667
2769 2668
2770 2669
2771 2670
2772 2671
2773 2672
2774 2673
2775 2674
2776 2675
2777 2677
2778 2676
2779 2678
2780 2679
2781 2680
2782 2681
2783 2682
2784 2683
2785 2684
2786 2685
2787 2686
2788 2687
2789 2688
2790 2689
2791 2690
2792 2691
2793 2692
2794 2693
2795 2694
2796 2695
2797 2696
2798 2697
2799 2698
2800 2699
2801 2700
2802 2701
2803 2702
2804 2703
2805 2704
2806 2705
2807 2706
2808 2707
2809 2708
2810 2709
2811 2710
2812 2711
2813 2712
2814 2714
2815 2716
2816 2715
2817 2717
2818 2718
2819 2719
2820 2720
2821 2721
2822 2722
2823 2723
2824 2724
2825 2725
2826 2726
2827 2727
2828 2728
2829 2729
2830 2730
2831 2731
2832 2732
2833 2736
2834 2737
2835 2738
2836 2739
2837 2740
2838 2741
2839 2742
2840 2743
2841 2744
2842 2745
2843 2746
2844 2747
2845 2748
2846 2749
2847 2750
2848 2751
2849 2753
2850 2754
2851 2755
2852 2756
2853 2757
2854 2758
2855 2759
2856 2760
2857 2761
2858 2762
2859 2763
2860 2764
2861 2765
2862 2766
2863 2767
2864 2768
2865 2769
2866 2770
2867 2771
2868 2772
2869 2773
2870 2774
2871 2775
2872 2776
2873 2777
2874 2778
2875 2779
2876 2780
2877 2781
2878 2782
2879 2783
2880 2785
2881 2788
2882 2787
2883 2786
2884 2784
2885 2789
2886 2790
2887 2791
2888 2792
2889 2793
2890 2794
2891 2795
2892 2796
2893 2797
2894 2798
2895 2799
2896 2800
2897 2801
2898 2802
2899 2803
2900 2804
2901 2805
2902 2806
2903 2807
2904 2808
2905 2809
2906 2810
2907 2811
2908 2812
2909 2813
2910 2814
2911 2815
2912 2816
2913 2817
2914 2818
2915 2819
2916 2820
2917 2821
2918 2822
2919 2823
2920 2824
2921 2825
2922 2826
2923 2827
2924 2828
2925 2829
2926 2830
2927 2831
2928 2832
2929 2833
2930 2834
2931 2835
2932 2836
2933 2837
2934 2838
2935 2839
2936 2840
2937 2841
2938 2842
2939 2843
2940 2844
2941 2845
2942 2846
2943 2847
2944 2848
2945 2849
2946 2850
2947 2851
2948 2852
2949 2853
2950 2854
2951 2855
2952 2856
2953 2857
2954 2858
2955 2859
2956 2860
2957 2864
2958 2863
2959 2862
2960 2861
2961 2865
2962 2866
2963 2867
2964 2868
2965 2869
2966 2870
2967 2871
2968 2872
2969 2873
2970 2874
2971 2875
2972 2876
2973 2877
2974 2878
2975 2879
2976 2880
2977 5651
2978 2881
2979 2882
2980 2883
2981 2885
2982 2884
2983 2886
2984 2887
2985 2888
2986 2889
2987 2890
2988 2891
2989 2892
2990 2893
2991 2894
2992 2895
2993 2896
2994 2897
2995 2898
2996 2899
2997 2900
2998 2901
2999 2902
3000 2903
3001 2904
3002 2905
3003 2906
3004 2907
3005 2908
3006 2909
3007 2910
3008 2911
3009 2912
3010 2913
3011 2914
3012 2915
3013 2916
3014 2917
3015 2918
3016 2919
3017 2920
3018 2921
3019 2922
3020 2923
3021 2924
3022 2925
3023 2926
3024 2927
3025 2928
3026 2929
3027 2930
3028 2931
3029 2932
3030 2933
3031 2934
3032 2935
3033 2936
3034 5201
3035 2937
3036 2938
3037 2939
3038 2940
3039 2941
3040 2942
3041 2943
3042 2944
3043 2945
3044 2946
3045 2947
3046 2948
3047 2949
3048 2950
3049 2951
3050 2952
3051 2953
3052 2954
3053 2955
3054 2956
3055 2957
3056 2958
3057 2959
3058 2960
3059 2961
3060 2962
3061 2963
3062 2964
3063 2965
3064 2967
3065 2966
3066 2968
3067 2969
3068 2970
3069 2971
3070 2972
3071 2973
3072 2974
3073 2975
3074 2976
3075 2977
3076 2978
3077 2979
3078 2980
3079 2981
3080 2982
3081 2983
3082 2984
3083 2986
3084 2985
3085 2987
3086 2988
3087 2989
3088 2990
3089 2991
3090 2992
3091 2993
3092 3660
3093 2994
3094 2995
3095 2996
3096 2997
3097 2998
3098 2999
3099 3000
3100 3001
3101 3002
3102 3003
3103 3004
3104 3005
3105 3006
3106 3007
3107 3009
3108 3008
3109 3010
3110 3011
3111 3012
3112 3013
3113 3014
3114 3015
3115 3016
3116 3017
3117 3018
3118 3019
3119 3020
3120 3021
3121 3022
3122 3024
3123 3023
3124 3025
3125 3026
3126 3027
3127 3029
3128 3028
3129 4185
3130 3030
3131 3031
3132 3032
3133 3033
3134 3034
3135 3035
3136 3036
3137 3037
3138 3038
3139 3039
3140 3040
3141 3041
3142 3042
3143 3043
3144 3044
3145 3045
3146 3046
3147 3047
3148 3048
3149 3049
3150 3050
3151 3051
3152 3053
3153 3052
3154 3054
3155 3055
3156 3056
3157 3057
3158 3058
3159 3059
3160 3060
3161 3061
3162 3062
3163 3063
3164 3064
3165 3065
3166 3066
3167 3067
3168 3068
3169 3069
3170 3070
3171 3071
3172 3072
3173 3073
3174 3074
3175 3075
3176 3076
3177 3077
3178 3078
3179 3079
3180 3080
3181 3081
3182 3082
3183 3083
3184 3084
3185 3085
3186 3086
3187 3087
3188 3088
3189 3089
3190 3091
3191 3090
3192 3092
3193 3093
3194 3095
3195 3094
3196 3096
3197 3097
3198 3098
3199 3099
3200 3100
3201 3101
3202 3102
3203 3103
3204 3105
3205 3106
3206 3107
3207 3108
3208 3109
3209 3110
3210 3111
3211 3112
3212 3113
3213 3114
3214 3115
3215 3116
3216 3117
3217 4173
3218 4172
3219 3118
3220 3119
3221 3120
3222 3121
3223 3122
3224 3123
3225 3124
3226 3125
3227 3126
3228 3127
3229 3128
3230 3129
3231 3130
3232 3131
3233 3132
3234 3133
3235 3134
3236 3135
3237 3136
3238 3137
3239 3138
3240 3139
3241 3140
3242 3141
3243 3142
3244 3143
3245 3144
3246 3145
3247 3146
3248 3147
3249 3148
3250 3149
3251 3150
3252 3151
3253 3152
3254 3153
3255 3154
3256 3155
3257 3156
3258 3157
3259 3158
3260 3159
3261 3160
3262 3161
3263 3162
3264 3163
3265 3164
3266 3165
3267 3166
3268 3167
3269 3168
3270 3169
3271 3170
3272 3171
3273 3172
3274 3173
3275 3174
3276 3175
3277 3176
3278 3177
3279 3178
3280 3179
3281 3180
3282 3181
3283 3182
3284 3183
3285 3184
3286 3185
3287 3186
3288 3187
3289 3188
3290 3189
3291 3190
3292 3191
3293 3192
3294 3194
3295 3195
3296 3196
3297 3197
3298 3198
3299 3199
3300 3200
3301 3201
3302 3202
3303 3203
3304 3204
3305 3205
3306 3206
3307 3207
3308 3208
3309 3209
3310 3210
3311 3211
3312 3212
3313 3213
3314 3215
3315 3214
3316 3216
3317 3217
3318 3222
3319 3221
3320 3220
3321 3219
3322 3218
3323 3223
3324 3224
3325 3225
3326 3226
3327 3227
3328 3228
3329 3229
3330 3230
3331 3231
3332 3232
3333 3233
3334 3234
3335 3236
3336 3235
3337 3237
3338 3238
3339 3239
3340 3240
3341 3241
3342 3243
3343 3242
3344 3244
3345 3246
3346 3247
3347 3248
3348 3249
3349 3250
3350 3251
3351 3252
3352 3253
3353 3254
3354 3255
3355 3256
3356 3257
3357 3258
3358 3260
3359 3261
3360 3262
3361 3263
3362 3264
3363 3265
3364 3266
3365 3267
3366 3268
3367 3269
3368 3270
3369 3271
3370 3272
3371 3273
3372 3274
3373 3275
3374 3276
3375 3277
3376 3280
3377 3281
3378 3282
3379 3283
3380 3284
3381 3285
3382 3286
3383 3287
3384 3288
3385 3289
3386 3290
3387 3291
3388 3292
3389 3293
3390 3294
3391 3295
3392 3296
3393 3297
3394 3298
3395 3299
3396 3300
3397 3301
3398 3302
3399 3303
3400 3304
3401 3305
3402 3306
3403 3307
3404 3308
3405 3309
3406 3310
3407 3311
3408 3312
3409 3313
3410 3314
3411 3315
3412 3316
3413 3317
3414 3318
3415 3319
3416 3320
3417 3321
3418 3322
3419 3323
3420 3324
3421 3325
3422 3326
3423 3327
3424 3328
3425 3329
3426 3330
3427 3331
3428 3332
3429 3333
3430 3334
3431 3335
3432 3336
3433 3337
3434 3338
3435 3339
3436 3340
3437 3341
3438 3343
3439 3342
3440 3344
3441 3345
3442 3346
3443 3347
3444 3348
3445 3349
3446 3350
3447 3351
3448 3352
3449 3353
3450 3354
3451 3355
3452 3356
3453 3358
3454 3359
3455 3360
3456 3361
3457 3362
3458 3364
3459 3363
3460 3365
3461 3366
3462 3367
3463 3368
3464 3369
3465 3370
3466 3371
3467 3372
3468 3373
3469 3374
3470 3375
3471 3376
3472 3377
3473 3378
3474 3379
3475 3380
3476 3388
3477 3387
3478 3386
3479 3385
3480 3384
3481 3383
3482 3382
3483 3381
3484 5840
3485 3389
3486 3390
3487 3391
3488 3392
3489 3393
3490 3397
3491 3398
3492 3399
3493 3400
3494 3402
3495 3401
3496 3403
3497 3404
3498 3405
3499 3406
3500 3407
3501 3408
3502 3409
3503 3410
3504 3411
3505 3419
3506 3420
3507 3421
3508 3422
3509 3423
3510 3424
3511 3425
3512 3426
3513 3427
3514 3428
3515 3429
3516 3430
3517 3431
3518 3432
3519 3434
3520 3436
3521 3437
3522 3438
3523 3439
3524 3440
3525 3441
3526 3442
3527 3443
3528 3444
3529 3445
3530 3446
3531 3447
3532 3448
3533 3449
3534 3450
3535 3452
3536 3453
3537 3454
3538 3455
3539 3456
3540 3458
3541 3457
3542 3459
3543 3460
3544 3461
3545 3462
3546 3463
3547 3464
3548 3465
3549 3466
3550 3467
3551 3468
3552 3469
3553 3470
3554 3471
3555 3472
3556 3473
3557 3474
3558 3475
3559 3476
3560 3477
3561 3478
3562 3479
3563 3480
3564 3481
3565 3483
3566 3482
3567 3484
3568 3485
3569 3486
3570 3487
3571 3490
3572 3489
3573 3488
3574 3491
3575 3492
3576 3493
3577 3494
3578 3496
3579 3495
3580 3497
3581 3498
3582 3499
3583 3500
3584 3502
3585 3501
3586 3503
3587 3508
3588 3509
3589 3510
3590 3511
3591 3512
3592 3513
3593 3514
3594 3515
3595 3516
3596 3517
3597 3518
3598 3520
3599 3521
3600 3522
3601 3523
3602 5420
3603 3524
3604 3525
3605 3526
3606 3527
3607 3529
3608 3530
3609 3533
3610 3532
3611 3531
3612 4960
3613 3534
3614 3535
3615 3536
3616 3537
3617 3538
3618 3539
3619 3721
3620 3540
3621 3541
3622 3542
3623 3543
3624 3544
3625 3545
3626 3546
3627 3547
3628 3549
3629 3548
3630 3550
3631 3551
3632 3552
3633 3553
3634 3554
3635 3555
3636 3556
3637 3557
3638 3558
3639 3559
3640 3560
3641 3561
3642 3562
3643 3563
3644 3564
3645 3565
3646 3566
3647 3567
3648 3568
3649 3569
3650 3570
3651 3571
3652 3572
3653 3573
3654 3574
3655 3576
3656 3575
3657 3577
3658 3578
3659 3579
3660 3580
3661 3581
3662 3582
3663 3583
3664 3584
3665 3585
3666 3586
3667 4260
3668 4758
3669 4757
3670 6435
3671 6434
3672 5852
3673 3607
3674 3608
3675 3609
3676 3610
3677 3611
3678 3613
3679 3612
3680 3614
3681 3615
3682 3616
3683 3617
3684 3618
3685 3619
3686 3620
3687 3621
3688 3622
3689 3623
3690 3625
3691 3624
3692 3626
3693 3636
3694 3635
3695 3634
3696 3633
3697 3632
3698 3631
3699 3630
3700 3629
3701 3628
3702 3627
3703 3638
3704 3637
3705 3639
3706 3640
3707 3641
3708 3642
3709 3643
3710 3644
3711 3645
3712 3646
3713 3647
3714 3648
3715 3649
3716 3650
3717 3651
3718 3652
3719 3653
3720 3654
3721 3655
3722 3656
3723 3657
3724 3658
3725 3659
3726 3661
3727 3662
3728 3663
3729 3664
3730 3665
3731 3666
3732 3667
3733 3668
3734 3670
3735 3671
3736 3669
3737 3672
3738 3673
3739 3674
3740 3675
3741 3676
3742 3677
3743 3678
3744 3679
3745 3680
3746 3681
3747 3682
3748 3683
3749 3684
3750 3685
3751 3686
3752 3687
3753 3688
3754 3689
3755 3690
3756 3691
3757 3692
3758 3693
3759 3694
3760 3695
3761 3696
3762 3697
3763 3698
3764 3699
3765 3700
3766 3701
3767 3702
3768 3703
3769 3704
3770 3705
3771 3706
3772 3707
3773 3708
3774 3709
3775 3710
3776 3711
3777 3712
3778 3713
3779 3714
3780 3715
3781 3716
3782 3717
3783 3718
3784 3719
3785 4847
3786 4832
3787 3720
3788 3722
3789 3723
3790 3724
3791 3730
3792 3729
3793 3728
3794 3727
3795 3726
3796 3725
3797 3731
3798 3732
3799 3733
3800 3734
3801 3735
3802 3736
3803 3737
3804 3738
3805 3739
3806 3740
3807 3741
3808 3742
3809 3743
3810 3744
3811 3745
3812 3746
3813 3748
3814 3747
3815 3749
3816 3750
3817 3751
3818 3752
3819 3753
3820 3754
3821 3755
3822 3756
3823 3758
3824 3757
3825 3759
3826 3760
3827 3761
3828 3762
3829 3763
3830 4838
3831 3764
3832 3765
3833 3767
3834 3766
3835 3768
3836 3774
3837 3773
3838 3772
3839 3771
3840 3770
3841 3769
3842 3775
3843 3776
3844 3777
3845 3778
3846 3779
3847 3781
3848 3780
3849 3782
3850 3783
3851 3784
3852 3785
3853 3786
3854 3787
3855 3789
3856 3790
3857 3791
3858 3792
3859 3793
3860 3794
3861 3795
3862 3796
3863 3797
3864 3798
3865 3799
3866 3800
3867 3801
3868 3802
3869 3803
3870 3804
3871 3805
3872 3806
3873 3807
3874 3808
3875 3809
3876 3810
3877 3811
3878 3812
3879 3815
3880 3816
3881 3817
3882 3818
3883 3819
3884 3820
3885 3821
3886 3822
3887 3823
3888 3824
3889 3825
3890 3826
3891 3827
3892 3828
3893 3829
3894 3830
3895 3831
3896 3832
3897 3833
3898 3834
3899 3835
3900 3836
3901 3837
3902 3838
3903 3839
3904 3840
3905 3841
3906 3842
3907 3843
3908 3844
3909 3845
3910 3846
3911 3847
3912 3848
3913 3849
3914 3850
3915 3851
3916 3852
3917 3853
3918 3854
3919 3855
3920 3856
3921 3857
3922 3858
3923 3859
3924 3860
3925 3861
3926 3862
3927 3863
3928 3864
3929 3865
3930 3866
3931 3867
3932 3868
3933 3869
3934 3870
3935 3871
3936 3872
3937 3873
3938 3874
3939 3875
3940 3876
3941 3877
3942 3878
3943 3879
3944 3880
3945 3881
3946 3882
3947 3883
3948 3884
3949 3885
3950 3886
3951 3887
3952 3888
3953 3889
3954 3890
3955 3891
3956 3892
3957 3893
3958 3894
3959 3895
3960 3896
3961 3897
3962 3898
3963 3899
3964 3900
3965 3901
3966 3902
3967 3903
3968 3904
3969 3905
3970 3906
3971 3907
3972 3908
3973 3909
3974 3910
3975 3911
3976 3912
3977 3913
3978 3914
3979 3915
3980 3916
3981 3917
3982 3918
3983 3919
3984 3920
3985 3921
3986 3922
3987 3923
3988 3924
3989 3925
3990 3926
3991 3927
3992 3928
3993 3929
3994 3930
3995 3931
3996 3932
3997 3933
3998 3934
3999 3935
4000 3936
4001 3937
4002 3938
4003 3939
4004 3940
4005 3941
4006 3942
4007 3943
4008 3945
4009 3946
4010 3947
4011 3948
4012 3949
4013 3950
4014 3951
4015 3952
4016 3953
4017 3954
4018 3955
4019 3956
4020 3957
4021 3958
4022 3959
4023 3960
4024 3961
4025 3962
4026 3963
4027 3964
4028 3965
4029 3967
4030 3966
4031 3968
4032 3969
4033 3970
4034 3971
4035 3973
4036 3972
4037 3974
4038 3975
4039 3977
4040 3976
4041 3978
4042 3979
4043 3980
4044 3981
4045 3982
4046 3983
4047 3984
4048 3986
4049 3985
4050 3987
4051 3988
4052 3989
4053 3990
4054 3991
4055 3992
4056 3993
4057 3994
4058 3995
4059 3996
4060 3997
4061 3998
4062 3999
4063 4000
4064 4001
4065 4002
4066 4003
4067 4004
4068 4005
4069 4007
4070 4006
4071 4008
4072 4009
4073 4010
4074 4011
4075 4012
4076 4013
4077 4014
4078 4015
4079 4016
4080 4017
4081 4018
4082 4019
4083 4020
4084 4021
4085 4022
4086 5168
4087 4023
4088 4024
4089 4025
4090 4026
4091 4027
4092 4028
4093 4029
4094 4030
4095 4031
4096 4032
4097 4033
4098 4034
4099 4036
4100 4035
4101 4038
4102 4037
4103 4039
4104 4040
4105 4041
4106 4042
4107 4043
4108 4044
4109 4045
4110 4046
4111 4048
4112 4047
4113 4049
4114 4050
4115 4051
4116 4052
4117 4053
4118 4054
4119 4055
4120 4056
4121 4057
4122 4058
4123 4059
4124 4060
4125 4061
4126 4062
4127 4063
4128 4064
4129 4065
4130 4066
4131 4067
4132 4068
4133 4069
4134 4070
4135 4072
4136 4071
4137 4073
4138 4074
4139 4075
4140 4076
4141 4077
4142 4078
4143 4079
4144 4080
4145 4081
4146 4082
4147 4083
4148 4084
4149 4085
4150 4086
4151 4087
4152 4088
4153 4089
4154 4090
4155 4092
4156 4091
4157 4093
4158 4094
4159 4095
4160 4096
4161 4098
4162 4097
4163 4099
4164 4101
4165 4100
4166 4102
4167 4103
4168 4104
4169 4105
4170 4106
4171 4107
4172 4108
4173 4109
4174 4110
4175 4111
4176 4112
4177 4113
4178 4114
4179 4115
4180 4116
4181 4117
4182 4118
4183 4120
4184 4119
4185 4121
4186 4122
4187 4123
4188 4124
4189 4125
4190 4126
4191 4127
4192 4128
4193 4129
4194 4130
4195 4137
4196 4136
4197 4135
4198 4134
4199 4133
4200 4132
4201 4131
4202 6343
4203 6342
4204 6341
4205 4138
4206 4139
4207 4140
4208 4141
4209 4142
4210 4143
4211 4144
4212 4145
4213 4146
4214 4147
4215 4148
4216 4149
4217 4151
4218 4150
4219 4152
4220 4153
4221 4154
4222 4155
4223 4156
4224 4157
4225 4158
4226 4159
4227 4160
4228 4161
4229 4162
4230 4163
4231 4164
4232 4165
4233 4166
4234 4167
4235 4168
4236 4169
4237 4170
4238 4171
4239 4174
4240 4176
4241 4177
4242 4175
4243 4178
4244 4179
4245 4180
4246 4181
4247 4183
4248 4182
4249 4184
4250 4186
4251 4187
4252 4188
4253 4189
4254 4191
4255 4190
4256 4192
4257 4193
4258 4194
4259 4195
4260 4196
4261 4197
4262 4198
4263 4199
4264 4200
4265 4202
4266 4201
4267 4203
4268 4204
4269 4205
4270 4206
4271 4207
4272 4208
4273 4211
4274 4209
4275 4210
4276 4215
4277 4214
4278 4213
4279 4212
4280 4216
4281 4217
4282 4218
4283 4219
4284 4220
4285 4221
4286 4223
4287 4222
4288 4224
4289 4225
4290 4226
4291 4227
4292 4228
4293 4229
4294 4231
4295 4230
4296 4232
4297 4233
4298 4234
4299 4235
4300 4236
4301 4237
4302 4238
4303 4239
4304 4240
4305 4241
4306 4242
4307 4243
4308 4244
4309 4245
4310 4246
4311 4247
4312 4248
4313 4249
4314 4251
4315 4252
4316 4253
4317 4254
4318 4255
4319 4257
4320 4256
4321 4258
4322 4259
4323 5583
4324 4261
4325 4262
4326 4263
4327 4264
4328 4265
4329 4266
4330 4267
4331 4268
4332 4269
4333 4270
4334 4271
4335 4272
4336 4273
4337 4274
4338 4275
4339 4276
4340 4277
4341 4278
4342 4279
4343 4280
4344 4281
4345 4282
4346 4283
4347 4284
4348 4285
4349 4286
4350 4288
4351 4287
4352 4289
4353 4290
4354 4291
4355 4292
4356 4293
4357 4294
4358 4295
4359 4296
4360 4297
4361 4298
4362 6165
4363 6164
4364 6163
4365 4299
4366 4300
4367 4301
4368 4302
4369 4303
4370 4304
4371 4306
4372 4305
4373 4307
4374 4308
4375 4309
4376 4311
4377 4310
4378 4312
4379 4313
4380 4314
4381 4315
4382 4316
4383 4317
4384 4318
4385 4319
4386 4320
4387 4321
4388 4322
4389 4325
4390 4324
4391 4326
4392 4327
4393 4328
4394 4329
4395 4330
4396 4331
4397 4332
4398 4333
4399 4334
4400 4335
4401 4336
4402 4337
4403 4338
4404 4339
4405 4340
4406 4341
4407 4342
4408 4343
4409 4344
4410 4346
4411 4345
4412 4347
4413 4348
4414 4349
4415 4350
4416 4352
4417 4351
4418 4353
4419 4354
4420 4356
4421 4355
4422 4357
4423 4358
4424 4359
4425 4360
4426 4361
4427 4362
4428 4363
4429 4364
4430 4365
4431 4366
4432 4367
4433 4368
4434 4369
4435 4370
4436 4371
4437 4372
4438 4373
4439 4374
4440 4375
4441 4376
4442 4377
4443 4378
4444 4379
4445 4380
4446 4381
4447 4382
4448 4383
4449 4384
4450 4385
4451 4386
4452 4387
4453 4388
4454 4389
4455 4390
4456 4391
4457 4392
4458 4394
4459 4393
4460 4395
4461 4396
4462 4397
4463 4398
4464 4399
4465 4400
4466 4401
4467 4479
4468 4402
4469 4403
4470 4404
4471 4405
4472 4406
4473 4407
4474 4408
4475 4409
4476 4410
4477 4412
4478 4411
4479 4413
4480 4414
4481 4415
4482 4416
4483 4418
4484 4419
4485 4420
4486 4421
4487 4422
4488 4423
4489 4424
4490 4425
4491 4427
4492 4426
4493 4428
4494 4429
4495 4430
4496 4431
4497 4432
4498 4433
4499 4434
4500 4435
4501 4436
4502 4437
4503 4438
4504 4439
4505 4441
4506 4440
4507 4442
4508 4443
4509 4444
4510 4445
4511 4446
4512 4447
4513 4448
4514 4449
4515 4450
4516 4451
4517 4452
4518 4453
4519 4454
4520 4455
4521 4456
4522 4457
4523 4458
4524 4459
4525 4460
4526 4461
4527 4462
4528 4464
4529 4463
4530 4466
4531 4465
4532 4467
4533 4468
4534 4469
4535 4472
4536 4471
4537 4470
4538 4477
4539 4478
4540 4480
4541 4481
4542 4482
4543 4483
4544 4484
4545 4485
4546 4486
4547 4487
4548 4488
4549 4489
4550 4490
4551 4491
4552 4492
4553 4493
4554 4494
4555 4495
4556 4756
4557 4496
4558 4497
4559 4498
4560 4499
4561 4500
4562 4501
4563 4502
4564 4503
4565 4504
4566 4505
4567 4506
4568 4512
4569 4511
4570 4510
4571 4509
4572 4508
4573 4507
4574 5056
4575 5055
4576 4513
4577 4514
4578 4515
4579 4516
4580 4517
4581 4518
4582 4519
4583 4520
4584 5445
4585 5444
4586 4540
4587 4521
4588 4522
4589 4523
4590 4524
4591 4525
4592 4526
4593 4527
4594 4528
4595 4530
4596 4529
4597 4531
4598 4532
4599 4533
4600 4534
4601 4535
4602 4536
4603 4537
4604 4538
4605 4539
4606 4541
4607 4542
4608 4543
4609 4544
4610 4545
4611 4546
4612 4547
4613 4548
4614 4549
4615 4550
4616 4551
4617 4552
4618 4553
4619 4554
4620 4555
4621 4556
4622 4557
4623 4558
4624 4560
4625 4559
4626 4561
4627 4566
4628 4565
4629 4564
4630 4563
4631 4562
4632 4569
4633 4568
4634 4567
4635 4570
4636 4571
4637 4572
4638 4573
4639 4574
4640 4575
4641 4576
4642 4577
4643 4578
4644 4579
4645 4580
4646 4582
4647 4583
4648 4581
4649 5381
4650 5000
4651 4584
4652 4585
4653 4586
4654 4587
4655 4588
4656 4589
4657 4590
4658 4591
4659 4592
4660 4593
4661 4594
4662 4595
4663 4596
4664 4597
4665 4598
4666 4599
4667 4600
4668 4601
4669 4602
4670 4603
4671 4604
4672 4605
4673 4606
4674 4607
4675 4609
4676 4608
4677 4611
4678 4610
4679 4612
4680 4613
4681 4618
4682 4617
4683 4616
4684 4615
4685 4614
4686 4619
4687 4620
4688 4621
4689 4622
4690 4623
4691 4624
4692 4625
4693 4626
4694 4627
4695 4628
4696 4629
4697 4631
4698 4630
4699 4632
4700 4633
4701 4634
4702 4635
4703 4636
4704 4637
4705 4638
4706 4639
4707 4641
4708 4640
4709 4642
4710 4643
4711 4644
4712 4645
4713 4646
4714 4647
4715 4648
4716 4649
4717 4650
4718 4651
4719 4652
4720 4654
4721 4653
4722 4655
4723 4656
4724 4657
4725 4658
4726 4659
4727 4660
4728 4661
4729 4662
4730 4663
4731 4664
4732 4665
4733 4666
4734 4667
4735 4668
4736 4669
4737 4670
4738 4671
4739 4672
4740 4673
4741 4674
4742 4675
4743 4676
4744 4677
4745 4678
4746 4679
4747 4680
4748 4682
4749 4681
4750 4683
4751 4684
4752 4685
4753 4686
4754 4687
4755 4688
4756 4689
4757 4690
4758 4691
4759 4692
4760 4693
4761 4694
4762 4975
4763 4695
4764 4696
4765 4698
4766 4697
4767 4699
4768 4700
4769 4701
4770 4702
4771 4703
4772 4704
4773 4705
4774 4706
4775 4707
4776 4708
4777 4709
4778 4710
4779 4711
4780 4712
4781 4713
4782 4714
4783 4715
4784 4716
4785 4717
4786 5188
4787 4718
4788 4719
4789 4720
4790 4721
4791 4722
4792 4723
4793 4724
4794 4725
4795 4726
4796 4727
4797 4728
4798 4729
4799 4730
4800 4731
4801 4732
4802 4749
4803 4748
4804 4747
4805 4746
4806 4745
4807 4744
4808 4742
4809 4741
4810 4740
4811 4739
4812 4738
4813 4737
4814 4736
4815 4735
4816 4734
4817 4733
4818 4750
4819 4751
4820 4752
4821 4753
4822 4754
4823 4755
4824 4759
4825 4760
4826 4761
4827 4762
4828 4763
4829 4764
4830 4765
4831 4766
4832 4769
4833 4768
4834 4767
4835 4770
4836 4771
4837 4773
4838 4774
4839 4775
4840 4776
4841 4777
4842 4778
4843 4779
4844 4780
4845 4781
4846 4782
4847 4784
4848 4783
4849 4786
4850 4785
4851 4787
4852 4788
4853 4789
4854 4790
4855 4791
4856 4792
4857 4793
4858 4794
4859 4795
4860 4796
4861 4798
4862 4797
4863 4799
4864 4800
4865 4801
4866 4802
4867 4803
4868 4804
4869 4805
4870 4806
4871 4807
4872 4808
4873 4809
4874 4810
4875 4811
4876 4812
4877 4813
4878 4814
4879 4815
4880 4816
4881 4817
4882 4818
4883 4819
4884 5525
4885 4820
4886 4821
4887 4822
4888 4823
4889 4824
4890 4825
4891 4826
4892 4827
4893 4828
4894 4829
4895 4830
4896 4831
4897 4833
4898 4834
4899 4835
4900 4836
4901 4837
4902 4839
4903 4840
4904 4841
4905 4842
4906 4843
4907 4844
4908 4845
4909 4846
4910 4848
4911 4849
4912 4850
4913 4851
4914 4852
4915 4853
4916 4854
4917 4855
4918 4856
4919 4857
4920 4858
4921 4859
4922 4860
4923 4861
4924 4862
4925 4863
4926 4864
4927 4865
4928 4866
4929 4867
4930 4868
4931 4869
4932 4871
4933 4870
4934 4872
4935 4873
4936 4874
4937 4875
4938 4876
4939 4877
4940 4878
4941 4879
4942 4880
4943 4881
4944 4882
4945 4883
4946 4884
4947 4885
4948 4886
4949 4887
4950 4888
4951 4889
4952 4890
4953 4892
4954 4891
4955 4893
4956 4894
4957 4895
4958 4897
4959 4896
4960 4899
4961 4898
4962 4900
4963 4901
4964 4902
4965 4903
4966 4904
4967 4905
4968 4906
4969 4907
4970 4908
4971 4909
4972 4910
4973 4912
4974 4911
4975 4914
4976 4915
4977 4913
4978 4916
4979 4917
4980 4918
4981 4919
4982 4920
4983 4921
4984 6412
4985 4922
4986 4923
4987 4924
4988 4925
4989 4926
4990 4927
4991 4928
4992 4929
4993 4930
4994 4932
4995 4931
4996 4933
4997 4934
4998 4935
4999 4936
5000 4937
5001 4938
5002 4939
5003 4947
5004 4946
5005 4945
5006 4944
5007 4943
5008 4942
5009 4941
5010 4940
5011 4948
5012 4949
5013 4950
5014 4951
5015 4953
5016 4954
5017 4955
5018 4957
5019 4959
5020 4958
5021 4961
5022 4963
5023 4962
5024 4964
5025 4965
5026 4966
5027 4967
5028 4968
5029 4969
5030 4970
5031 4971
5032 4972
5033 4973
5034 4974
5035 4976
5036 4977
5037 4979
5038 4978
5039 4980
5040 4981
5041 4982
5042 4983
5043 4984
5044 4985
5045 4986
5046 4987
5047 4988
5048 4989
5049 4990
5050 4991
5051 4993
5052 4992
5053 4994
5054 4995
5055 4996
5056 4997
5057 4998
5058 4999
5059 5001
5060 5002
5061 5003
5062 5004
5063 5005
5064 5006
5065 5007
5066 5008
5067 5009
5068 5010
5069 5011
5070 5012
5071 5013
5072 5014
5073 5015
5074 5016
5075 5018
5076 5017
5077 5019
5078 5020
5079 5021
5080 5022
5081 5023
5082 5024
5083 5025
5084 5026
5085 5027
5086 5029
5087 5030
5088 5031
5089 5032
5090 5033
5091 5034
5092 5035
5093 5036
5094 5037
5095 5038
5096 5039
5097 5040
5098 5041
5099 5042
5100 5043
5101 5045
5102 5046
5103 5047
5104 5048
5105 5050
5106 5049
5107 5051
5108 5053
5109 5052
5110 5054
5111 5057
5112 5058
5113 5059
5114 5060
5115 5061
5116 5062
5117 5063
5118 5064
5119 5065
5120 5066
5121 5067
5122 5068
5123 5069
5124 5070
5125 5071
5126 5072
5127 5073
5128 5074
5129 5075
5130 5076
5131 5077
5132 5078
5133 5079
5134 5080
5135 5081
5136 5082
5137 5083
5138 5084
5139 5085
5140 5086
5141 5087
5142 5088
5143 5089
5144 5090
5145 5091
5146 5092
5147 5093
5148 5094
5149 5095
5150 5096
5151 5097
5152 5098
5153 5099
5154 5100
5155 5101
5156 5102
5157 5103
5158 5104
5159 5106
5160 5105
5161 5107
5162 5108
5163 5109
5164 5110
5165 5111
5166 5112
5167 5113
5168 5114
5169 5115
5170 5116
5171 5117
5172 5118
5173 5119
5174 5120
5175 5121
5176 5122
5177 5123
5178 5127
5179 5126
5180 5125
5181 5124
5182 5128
5183 5129
5184 5130
5185 5131
5186 5132
5187 5133
5188 5135
5189 5134
5190 5136
5191 5137
5192 5141
5193 5140
5194 5139
5195 5138
5196 5142
5197 5143
5198 5144
5199 5145
5200 5146
5201 5147
5202 5148
5203 5149
5204 5150
5205 5151
5206 5152
5207 5153
5208 5154
5209 5155
5210 5156
5211 5157
5212 5158
5213 5159
5214 5160
5215 5161
5216 5162
5217 5163
5218 5164
5219 5165
5220 5166
5221 5167
5222 5169
5223 5170
5224 5171
5225 5172
5226 5173
5227 5174
5228 5175
5229 5176
5230 5177
5231 5178
5232 5179
5233 5180
5234 5181
5235 5194
5236 5193
5237 5182
5238 5183
5239 5184
5240 5185
5241 5186
5242 5187
5243 5906
5244 5905
5245 5189
5246 5190
5247 5191
5248 5192
5249 5195
5250 5196
5251 5197
5252 5198
5253 5199
5254 5200
5255 5202
5256 5203
5257 5204
5258 5205
5259 5206
5260 5209
5261 5208
5262 5207
5263 5210
5264 5212
5265 5211
5266 5215
5267 5216
5268 5217
5269 5219
5270 5218
5271 5220
5272 5221
5273 5222
5274 5223
5275 5224
5276 5225
5277 5227
5278 5228
5279 5229
5280 5230
5281 5231
5282 5232
5283 5233
5284 5234
5285 5236
5286 5235
5287 5237
5288 5238
5289 5239
5290 5240
5291 5241
5292 5242
5293 5243
5294 5244
5295 5245
5296 5247
5297 5246
5298 5248
5299 5249
5300 5250
5301 5251
5302 5252
5303 5253
5304 5892
5305 5891
5306 5890
5307 5254
5308 5255
5309 5256
5310 5259
5311 5258
5312 5257
5313 5260
5314 5261
5315 5262
5316 5263
5317 5264
5318 5265
5319 5267
5320 5268
5321 5269
5322 5270
5323 5271
5324 5272
5325 5273
5326 5274
5327 5275
5328 5276
5329 5277
5330 5278
5331 5279
5332 5280
5333 5281
5334 5282
5335 5283
5336 5284
5337 5285
5338 5286
5339 5287
5340 5289
5341 5288
5342 5290
5343 5291
5344 5292
5345 5293
5346 5294
5347 5295
5348 5296
5349 5297
5350 5298
5351 5299
5352 5300
5353 5301
5354 5302
5355 5303
5356 5304
5357 5305
5358 5306
5359 5307
5360 5308
5361 5309
5362 5310
5363 5311
5364 5312
5365 5313
5366 5315
5367 5314
5368 5316
5369 5318
5370 5319
5371 5320
5372 5321
5373 5322
5374 5323
5375 5324
5376 5325
5377 5326
5378 5327
5379 5328
5380 5329
5381 5330
5382 5331
5383 5332
5384 5333
5385 5334
5386 5335
5387 5336
5388 5337
5389 5338
5390 5339
5391 5340
5392 5341
5393 5342
5394 5343
5395 5344
5396 5345
5397 5347
5398 5348
5399 5346
5400 5349
5401 5350
5402 5351
5403 5352
5404 5353
5405 5355
5406 5354
5407 5356
5408 5357
5409 5358
5410 5359
5411 5360
5412 5361
5413 5362
5414 5363
5415 5364
5416 5365
5417 5366
5418 5367
5419 5368
5420 5369
5421 5370
5422 5371
5423 5372
5424 5373
5425 5374
5426 5375
5427 5377
5428 5376
5429 5378
5430 5379
5431 5380
5432 5382
5433 5383
5434 5384
5435 5385
5436 5386
5437 5387
5438 5388
5439 5389
5440 5390
5441 5391
5442 5392
5443 5393
5444 5394
5445 5395
5446 5396
5447 5397
5448 5398
5449 5399
5450 5400
5451 5401
5452 5402
5453 5403
5454 5404
5455 5405
5456 5406
5457 5407
5458 5408
5459 5409
5460 5411
5461 5410
5462 5412
5463 5413
5464 5414
5465 5415
5466 5416
5467 5417
5468 5418
5469 5419
5470 5421
5471 5422
5472 5425
5473 5424
5474 5423
5475 5426
5476 5427
5477 5428
5478 5430
5479 5700
5480 5429
5481 5431
5482 5432
5483 5433
5484 5434
5485 5435
5486 5436
5487 5437
5488 5438
5489 5439
5490 5442
5491 5440
5492 5441
5493 5443
5494 5446
5495 5447
5496 5448
5497 5449
5498 5451
5499 5450
5500 5452
5501 5453
5502 5454
5503 5455
5504 5456
5505 5457
5506 5458
5507 5459
5508 5460
5509 5461
5510 5462
5511 5463
5512 5464
5513 5465
5514 5466
5515 5467
5516 5468
5517 5469
5518 5470
5519 5471
5520 5472
5521 5473
5522 5474
5523 5475
5524 5476
5525 5477
5526 5478
5527 5479
5528 5480
5529 5481
5530 5482
5531 5483
5532 5484
5533 5485
5534 5486
5535 5488
5536 5487
5537 5489
5538 5490
5539 5491
5540 5492
5541 5494
5542 5493
5543 5495
5544 5496
5545 5497
5546 5498
5547 5499
5548 5500
5549 5501
5550 5502
5551 5503
5552 5504
5553 5505
5554 5506
5555 5507
5556 5514
5557 5513
5558 5512
5559 5511
5560 5510
5561 5509
5562 5508
5563 5515
5564 5516
5565 5517
5566 5518
5567 5519
5568 5520
5569 5521
5570 5522
5571 5523
5572 5524
5573 5526
5574 5528
5575 5527
5576 5529
5577 5530
5578 5531
5579 5532
5580 5851
5581 5850
5582 5849
5583 5848
5584 5847
5585 5846
5586 5845
5587 5844
5588 5843
5589 5842
5590 5841
5591 5839
5592 5838
5593 5837
5594 5533
5595 5534
5596 5535
5597 5538
5598 5539
5599 5541
5600 5540
5601 5542
5602 5543
5603 5545
5604 5547
5605 5546
5606 5544
5607 5548
5608 5549
5609 5551
5610 5550
5611 5552
5612 5553
5613 5554
5614 5555
5615 5557
5616 5556
5617 5558
5618 5559
5619 5560
5620 5561
5621 5562
5622 5563
5623 5569
5624 5568
5625 5567
5626 5566
5627 5565
5628 5564
5629 5570
5630 5571
5631 5572
5632 5573
5633 5574
5634 5576
5635 5577
5636 5575
5637 5579
5638 5578
5639 5580
5640 5581
5641 5582
5642 5584
5643 5585
5644 5586
5645 5587
5646 5588
5647 5589
5648 5590
5649 5591
5650 5592
5651 5593
5652 5594
5653 5595
5654 5596
5655 5597
5656 5598
5657 5600
5658 5599
5659 5601
5660 5602
5661 5603
5662 5604
5663 5605
5664 5606
5665 5607
5666 5609
5667 5608
5668 5610
5669 5611
5670 5612
5671 5613
5672 5614
5673 5615
5674 5616
5675 5617
5676 5618
5677 5619
5678 5623
5679 5622
5680 5621
5681 5620
5682 5624
5683 5625
5684 5626
5685 5627
5686 5628
5687 5629
5688 5630
5689 5631
5690 5632
5691 5633
5692 5634
5693 5635
5694 5636
5695 5637
5696 5638
5697 5639
5698 5640
5699 5641
5700 5642
5701 5643
5702 5644
5703 5645
5704 5646
5705 5647
5706 5648
5707 5649
5708 5650
5709 5652
5710 5653
5711 5654
5712 5656
5713 5658
5714 5659
5715 5660
5716 5661
5717 5662
5718 5663
5719 5664
5720 5668
5721 5669
5722 5670
5723 5671
5724 5672
5725 5673
5726 5674
5727 5675
5728 5676
5729 5677
5730 5678
5731 5679
5732 5680
5733 5681
5734 5682
5735 5683
5736 5684
5737 5685
5738 5686
5739 5687
5740 5688
5741 5689
5742 5690
5743 5691
5744 5692
5745 5693
5746 5694
5747 5695
5748 5696
5749 5697
5750 5698
5751 5699
5752 5701
5753 5702
5754 5703
5755 5704
5756 5705
5757 5706
5758 5707
5759 5708
5760 5709
5761 5710
5762 5711
5763 5712
5764 5715
5765 5714
5766 5716
5767 5717
5768 5718
5769 5720
5770 5721
5771 5722
5772 5723
5773 5724
5774 5725
5775 5726
5776 5727
5777 5728
5778 5729
5779 5730
5780 5731
5781 5732
5782 5733
5783 5734
5784 5735
5785 5736
5786 5737
5787 5738
5788 5739
5789 5740
5790 5741
5791 5742
5792 5743
5793 5744
5794 5745
5795 5746
5796 5747
5797 5748
5798 5749
5799 5750
5800 5751
5801 5752
5802 5753
5803 5754
5804 5755
5805 5756
5806 5757
5807 5758
5808 5759
5809 5760
5810 5761
5811 5762
5812 5763
5813 5764
5814 5765
5815 5767
5816 5766
5817 5768
5818 5769
5819 5770
5820 5771
5821 5772
5822 5773
5823 5774
5824 5775
5825 5776
5826 5777
5827 5778
5828 5782
5829 5783
5830 5784
5831 5785
5832 5786
5833 5787
5834 5788
5835 5789
5836 5790
5837 5791
5838 5792
5839 5793
5840 5794
5841 5795
5842 5798
5843 5797
5844 5796
5845 5799
5846 5800
5847 5801
5848 5802
5849 5803
5850 5805
5851 5804
5852 5806
5853 5807
5854 5808
5855 5809
5856 5810
5857 5811
5858 5812
5859 5813
5860 5814
5861 5815
5862 5816
5863 5817
5864 5818
5865 5819
5866 5822
5867 5820
5868 6534
5869 6533
5870 6523
5871 5823
5872 5824
5873 5825
5874 5826
5875 5827
5876 5828
5877 5829
5878 5830
5879 5831
5880 5832
5881 5833
5882 5835
5883 5834
5884 5853
5885 5854
5886 5855
5887 5856
5888 5857
5889 5858
5890 5859
5891 5860
5892 5861
5893 5862
5894 5863
5895 5864
5896 5865
5897 5866
5898 5867
5899 5868
5900 5869
5901 5870
5902 5871
5903 5872
5904 5873
5905 5874
5906 5875
5907 5876
5908 5877
5909 5878
5910 5879
5911 5880
5912 5881
5913 5882
5914 5883
5915 5884
5916 5885
5917 5886
5918 5887
5919 5888
5920 5889
5921 5893
5922 5894
5923 5895
5924 5896
5925 5897
5926 5898
5927 5899
5928 5900
5929 5901
5930 5902
5931 5904
5932 5903
5933 5907
5934 5908
5935 5909
5936 5910
5937 5911
5938 5912
5939 5913
5940 5914
5941 5915
5942 5916
5943 5917
5944 5918
5945 5919
5946 5920
5947 5921
5948 5922
5949 5923
5950 5924
5951 5925
5952 5926
5953 5928
5954 5933
5955 5934
5956 5935
5957 5936
5958 5937
5959 5939
5960 5938
5961 5940
5962 5941
5963 5942
5964 5943
5965 5944
5966 5945
5967 5946
5968 5947
5969 5948
5970 5949
5971 5950
5972 5951
5973 5952
5974 5953
5975 5954
5976 5955
5977 5956
5978 5957
5979 5958
5980 5959
5981 5960
5982 5961
5983 5962
5984 5963
5985 5964
5986 5966
5987 5965
5988 5967
5989 5970
5990 5969
5991 5968
5992 5971
5993 5973
5994 5972
5995 5974
5996 5975
5997 5976
5998 5977
5999 5978
6000 5979
6001 5980
6002 5981
6003 5982
6004 5983
6005 5984
6006 5985
6007 5986
6008 5987
6009 5988
6010 5989
6011 5990
6012 5991
6013 5992
6014 5993
6015 5994
6016 5995
6017 5996
6018 5997
6019 5998
6020 5999
6021 6000
6022 6001
6023 6002
6024 6003
6025 6004
6026 6005
6027 6007
6028 6006
6029 6008
6030 6009
6031 6010
6032 6012
6033 6011
6034 6013
6035 6014
6036 6015
6037 6016
6038 6017
6039 6018
6040 6019
6041 6020
6042 6021
6043 6022
6044 6023
6045 6024
6046 6025
6047 6026
6048 6027
6049 6028
6050 6029
6051 6030
6052 6031
6053 6032
6054 6034
6055 6037
6056 6036
6057 6035
6058 6038
6059 6040
6060 6039
6061 6042
6062 6041
6063 6043
6064 6044
6065 6045
6066 6046
6067 6047
6068 6048
6069 6049
6070 6050
6071 6051
6072 6052
6073 6053
6074 6055
6075 6054
6076 6056
6077 6057
6078 6058
6079 6059
6080 6060
6081 6061
6082 6062
6083 6063
6084 6064
6085 6065
6086 6066
6087 6067
6088 6068
6089 6069
6090 6070
6091 6071
6092 6072
6093 6073
6094 6074
6095 6075
6096 6076
6097 6077
6098 6078
6099 6079
6100 6080
6101 6081
6102 6082
6103 6083
6104 6084
6105 6085
6106 6086
6107 6087
6108 6088
6109 6089
6110 6090
6111 6091
6112 6092
6113 6093
6114 6094
6115 6096
6116 6095
6117 6097
6118 6098
6119 6099
6120 6100
6121 6101
6122 6102
6123 6103
6124 6104
6125 6105
6126 6106
6127 6108
6128 6110
6129 6111
6130 6112
6131 6113
6132 6115
6133 6114
6134 6116
6135 6117
6136 6118
6137 6119
6138 6120
6139 6121
6140 6122
6141 6123
6142 6124
6143 6125
6144 6127
6145 6126
6146 6128
6147 6129
6148 6130
6149 6131
6150 6132
6151 6133
6152 6134
6153 6135
6154 6136
6155 6137
6156 6138
6157 6139
6158 6140
6159 6141
6160 6142
6161 6143
6162 6144
6163 6145
6164 6146
6165 6147
6166 6148
6167 6149
6168 6150
6169 6151
6170 6154
6171 6153
6172 6152
6173 6155
6174 6156
6175 6157
6176 6158
6177 6159
6178 6160
6179 6161
6180 6162
6181 6166
6182 6167
6183 6168
6184 6169
6185 6171
6186 6170
6187 6172
6188 6173
6189 6175
6190 6174
6191 6177
6192 6176
6193 6178
6194 6179
6195 6180
6196 6181
6197 6182
6198 6183
6199 6184
6200 6185
6201 6186
6202 6187
6203 6188
6204 6189
6205 6190
6206 6193
6207 6192
6208 6191
6209 6194
6210 6195
6211 6196
6212 6197
6213 6198
6214 6199
6215 6200
6216 6201
6217 6202
6218 6203
6219 6204
6220 6205
6221 6206
6222 6207
6223 6208
6224 6209
6225 6210
6226 6211
6227 6212
6228 6213
6229 6214
6230 6215
6231 6216
6232 6217
6233 6218
6234 6219
6235 6220
6236 6225
6237 6224
6238 6223
6239 6222
6240 6221
6241 6226
6242 6227
6243 6228
6244 6229
6245 6230
6246 6232
6247 6231
6248 6233
6249 6234
6250 6235
6251 6236
6252 6237
6253 6238
6254 6239
6255 6240
6256 6241
6257 6243
6258 6242
6259 6244
6260 6245
6261 6246
6262 6247
6263 6248
6264 6249
6265 6250
6266 6251
6267 6252
6268 6254
6269 6253
6270 6256
6271 6255
6272 6257
6273 6258
6274 6259
6275 6260
6276 6261
6277 6262
6278 6263
6279 6264
6280 6265
6281 6268
6282 6267
6283 6266
6284 6269
6285 6270
6286 6271
6287 6272
6288 6273
6289 6274
6290 6276
6291 6275
6292 6277
6293 6278
6294 6279
6295 6280
6296 6281
6297 6282
6298 6283
6299 6284
6300 6285
6301 6286
6302 6287
6303 6288
6304 6289
6305 6290
6306 6291
6307 6292
6308 6293
6309 6294
6310 6295
6311 6296
6312 6297
6313 6298
6314 6299
6315 6300
6316 6301
6317 6302
6318 6304
6319 6303
6320 6305
6321 6306
6322 6307
6323 6308
6324 6310
6325 6311
6326 6312
6327 6314
6328 6313
6329 6316
6330 6315
6331 6317
6332 6318
6333 6319
6334 6320
6335 6321
6336 6322
6337 6323
6338 6325
6339 6324
6340 6326
6341 6327
6342 6328
6343 6329
6344 6330
6345 6331
6346 6332
6347 6333
6348 6334
6349 6335
6350 6336
6351 6337
6352 6338
6353 6339
6354 6340
6355 6344
6356 6346
6357 6345
6358 6347
6359 6348
6360 6349
6361 6350
6362 6351
6363 6353
6364 6352
6365 6354
6366 6355
6367 6356
6368 6357
6369 6358
6370 6359
6371 6360
6372 6361
6373 6362
6374 6363
6375 6364
6376 6365
6377 6366
6378 6367
6379 6369
6380 6368
6381 6370
6382 6371
6383 6372
6384 6373
6385 6374
6386 6375
6387 6376
6388 6377
6389 6378
6390 6379
6391 6380
6392 6381
6393 6383
6394 6382
6395 6384
6396 6385
6397 6386
6398 6387
6399 6388
6400 6389
6401 6390
6402 6391
6403 6392
6404 6393
6405 6394
6406 6396
6407 6395
6408 6397
6409 6398
6410 6399
6411 6400
6412 6401
6413 6402
6414 6403
6415 6405
6416 6404
6417 6406
6418 6407
6419 6408
6420 6409
6421 6410
6422 6411
6423 6413
6424 6414
6425 6415
6426 6417
6427 6418
6428 6419
6429 6420
6430 6421
6431 6422
6432 6423
6433 6424
6434 6426
6435 6425
6436 6427
6437 6428
6438 6429
6439 6430
6440 6431
6441 6432
6442 6433
6443 6436
6444 6437
6445 6439
6446 6438
6447 6440
6448 6441
6449 6442
6450 6443
6451 6445
6452 6444
6453 6446
6454 6447
6455 6448
6456 6450
6457 6449
6458 6451
6459 6452
6460 6453
6461 6454
6462 6455
6463 6456
6464 6457
6465 6458
6466 6459
6467 6461
6468 6460
6469 6462
6470 6463
6471 6464
6472 6466
6473 6467
6474 6468
6475 6469
6476 6470
6477 6471
6478 6472
6479 6473
6480 6474
6481 6475
6482 6476
6483 6477
6484 6478
6485 6479
6486 6480
6487 6481
6488 6482
6489 6483
6490 6484
6491 6487
6492 6485
6493 6486
6494 6489
6495 6488
6496 6490
6497 6491
6498 6493
6499 6492
6500 6494
6501 6495
6502 6496
6503 6497
6504 6498
6505 6499
6506 6500
6507 6502
6508 6501
6509 6503
6510 6504
6511 6505
6512 6506
6513 6507
6514 6509
6515 6508
6516 6510
6517 6511
6518 6512
6519 6514
6520 6513
6521 6515
6522 6516
6523 6517
6524 6522
6525 6521
6526 6520
6527 6519
6528 6518
6529 6524
6530 6525
6531 6526
6532 6527
6533 6528
6534 6529
6535 6530
6536 6531
6537 6532
6538 6535
6539 6536
6540 6537
6541 6538
6542 6539
6543 6540
6544 6541
6545 6542
6546 6543
6547 6544
6548 6545
6549 6546
6550 6547
6551 6548
6552 6549
6553 6550
6554 6551
6555 6553
6556 6552
6557 6554
6558 6556
6559 6555
6560 6557
6561 6558
6562 6559
6563 6560
6564 6561
6565 6562
6566 6565
6567 6564
6568 6563
6569 6566
6570 6567
6571 6568
6572 6569
6573 6570
6574 6571
6575 6572
6576 6573
6577 6574
6578 6575
6579 6576
6580 6577
6581 6578
6582 6579
6583 6580
6584 6581
6585 6582
6586 6583
6587 6584
6588 6585
6589 6586
6590 6587
6591 6588
6592 6589
6593 6590
6594 6591
6595 6592
6596 6597
6597 6596
6598 6595
6599 6594
6600 6593
6601 6598
6602 6599
6603 6600
6604 6601
6605 6602
6606 6603
6607 6604
6608 6605
6609 6606
6610 6607
6611 6608
6612 6610
6613 6609
6614 6611
6615 6612
6616 6613
6617 6614
6618 6615
6619 6616
6620 6617
6621 6618
6622 6619
6623 6620
6624 6621
6625 6622
6626 6623
6627 6624
6628 6625
6629 6626
6630 6627
6631 6635
6632 6634
6633 6633
6634 6632
6635 6631
6636 6630
6637 6629
6638 6628
6639 6636
6640 6637
6641 6638
6642 6639
6643 6640
6644 6641
6645 6642
6646 6643
6647 6644
6648 6645
6649 6646
6650 6647
6651 6648
6652 6649
6653 6650
6654 6651
6655 6652
6656 6653
6657 6655
6658 6654
6659 6657
6660 6656
6661 6658
6662 6659
6663 6660
6664 6661
6665 6662
6666 6663
6667 6664
6668 6665
6669 6666
6670 6667
6671 6668
6672 6669
6673 6677
6674 6676
6675 6675
6676 6674
6677 6673
6678 6672
6679 6671
6680 6670
6681 6679
6682 6678
6683 6680
6684 6681
6685 6682
6686 6683
6687 6684
6688 6685
6689 6688
6690 6687
6691 6686
6692 6689
6693 6690
6694 6691
6695 6692
6696 6694
6697 6693
6698 6695
6699 6696
6700 6697
6701 6698
6702 6699
6703 6700
6704 6701
6705 6702
6706 6703
6707 6706
6708 6704
6709 6705
6710 6707
6711 6708
6712 6710
6713 6709
6714 6712
6715 6711
6716 6713
6717 6714
6718 6720
6719 6719
6720 6718
6721 6717
6722 6722
6723 6723
6724 6724
6725 6728
6726 6727
6727 6726
6728 6725
6729 6729
6730 6730
6731 6731
6732 6732
6733 6733
6734 6734
6735 6735
6736 6736
6737 6737
6738 6738
6739 6739
6740 6740
6741 6741
6742 6742
6743 6743
6744 6744
6745 6746
6746 6745
6747 6747
6748 6748
6749 6749
6750 6750
6751 6751
6752 6752
6753 6753
6754 6755
6755 6754
6756 6756
6757 6757
6758 6758
6759 6759
6760 6760
6761 6761
6762 6762
6763 6763
6764 6764
6765 6765
6766 6766
6767 6767
6768 6769
6769 6768
6770 6770
6771 6771
6772 6773
6773 6772
6774 6774
6775 6775
6776 6776
6777 6777
6778 6781
6779 6780
6780 6779
6781 6778
6782 6782
6783 6783
6784 6784
6785 6785
6786 6786
6787 6798
6788 6797
6789 6796
6790 6795
6791 6794
6792 6793
6793 6792
6794 6791
6795 6790
6796 6789
6797 6788
6798 6787
6799 6799
6800 6800
6801 6801
6802 6802
6803 6803
6804 6804
6805 6805
6806 6806
6807 6807
6808 6808
6809 6809
6810 6810
6811 6811
6812 6812
6813 6813
6814 6814
6815 6815
6816 6816
6817 6817
6818 6818
6819 6819
6820 6820
