0 0
1 1
2 2
3 3
4 4
5 5
6 6
7 7
8 8
9 9
10 10
11 11
12 12
13 221
14 13
15 14
16 15
17 19
18 18
19 17
20 16
21 21
22 22
23 20
24 23
25 27
26 26
27 25
28 24
29 28
30 29
31 30
32 31
33 32
34 33
35 34
36 39
37 38
38 37
39 36
40 35
41 2855
42 2854
43 2853
44 2222
45 1703
46 652
47 40
48 51
49 50
50 49
51 48
52 47
53 46
54 45
55 44
56 43
57 41
58 42
59 52
60 68
61 53
62 54
63 56
64 55
65 57
66 58
67 59
68 60
69 61
70 62
71 63
72 65
73 64
74 67
75 66
76 142
77 69
78 70
79 72
80 71
81 73
82 74
83 75
84 76
85 3017
86 3016
87 2417
88 77
89 78
90 79
91 81
92 80
93 82
94 83
95 84
96 85
97 86
98 87
99 88
100 89
101 90
102 91
103 92
104 93
105 94
106 95
107 2357
108 97
109 96
110 98
111 99
112 100
113 104
114 103
115 102
116 101
117 105
118 107
119 109
120 108
121 106
122 110
123 111
124 112
125 113
126 114
127 115
128 116
129 117
130 118
131 119
132 121
133 120
134 122
135 123
136 125
137 124
138 126
139 128
140 127
141 129
142 131
143 130
144 132
145 133
146 135
147 136
148 134
149 137
150 138
151 140
152 139
153 141
154 143
155 148
156 147
157 146
158 145
159 144
160 3477
161 3476
162 3475
163 3474
164 3473
165 3472
166 3471
167 3470
168 3469
169 3468
170 3266
171 299
172 149
173 150
174 151
175 152
176 202
177 201
178 200
179 199
180 198
181 197
182 196
183 195
184 194
185 193
186 192
187 191
188 190
189 189
190 188
191 187
192 186
193 185
194 184
195 183
196 182
197 181
198 180
199 179
200 178
201 177
202 176
203 175
204 174
205 173
206 172
207 171
208 170
209 169
210 168
211 167
212 166
213 165
214 164
215 163
216 162
217 161
218 160
219 159
220 158
221 157
222 156
223 155
224 154
225 153
226 203
227 204
228 205
229 206
230 207
231 211
232 210
233 209
234 208
235 213
236 212
237 214
238 215
239 216
240 217
241 218
242 220
243 219
244 222
245 223
246 224
247 225
248 226
249 228
250 229
251 227
252 230
253 231
254 233
255 232
256 234
257 235
258 236
259 3210
260 2704
261 2703
262 1944
263 1841
264 767
265 766
266 449
267 237
268 238
269 239
270 240
271 241
272 242
273 243
274 244
275 245
276 246
277 247
278 251
279 250
280 249
281 248
282 252
283 253
284 254
285 255
286 256
287 257
288 258
289 259
290 260
291 261
292 262
293 263
294 264
295 266
296 265
297 267
298 268
299 270
300 269
301 271
302 272
303 273
304 274
305 3288
306 3287
307 2106
308 1917
309 276
310 277
311 275
312 279
313 278
314 281
315 280
316 282
317 283
318 285
319 284
320 286
321 287
322 1620
323 1619
324 289
325 288
326 291
327 290
328 292
329 293
330 294
331 295
332 296
333 297
334 298
335 302
336 301
337 300
338 303
339 305
340 304
341 306
342 307
343 308
344 310
345 312
346 311
347 309
348 313
349 315
350 314
351 316
352 317
353 318
354 319
355 320
356 322
357 321
358 1822
359 452
360 451
361 323
362 325
363 324
364 326
365 327
366 328
367 329
368 330
369 332
370 331
371 333
372 334
373 335
374 336
375 337
376 338
377 339
378 340
379 341
380 343
381 342
382 344
383 345
384 346
385 347
386 349
387 348
388 350
389 352
390 351
391 353
392 354
393 355
394 356
395 357
396 358
397 360
398 362
399 361
400 359
401 363
402 364
403 365
404 366
405 2152
406 367
407 368
408 369
409 370
410 371
411 372
412 373
413 374
414 376
415 375
416 377
417 379
418 378
419 380
420 381
421 2621
422 382
423 383
424 385
425 384
426 386
427 387
428 389
429 388
430 390
431 391
432 394
433 393
434 392
435 396
436 395
437 397
438 423
439 422
440 398
441 399
442 400
443 401
444 406
445 405
446 404
447 403
448 402
449 407
450 408
451 410
452 409
453 411
454 414
455 413
456 412
457 415
458 417
459 416
460 418
461 419
462 420
463 1934
464 1786
465 1111
466 421
467 424
468 425
469 426
470 660
471 427
472 428
473 429
474 430
475 431
476 432
477 433
478 435
479 434
480 436
481 437
482 438
483 439
484 440
485 441
486 443
487 442
488 444
489 445
490 447
491 446
492 448
493 1438
494 456
495 450
496 453
497 454
498 455
499 3462
500 3421
501 3412
502 3331
503 3330
504 3271
505 3270
506 3228
507 3222
508 3173
509 3119
510 3075
511 2841
512 2799
513 2523
514 2453
515 2208
516 2117
517 2112
518 2107
519 1999
520 1084
521 1070
522 1066
523 955
524 917
525 901
526 541
527 473
528 472
529 471
530 470
531 469
532 468
533 467
534 466
535 465
536 464
537 463
538 462
539 461
540 460
541 459
542 458
543 457
544 3223
545 3074
546 2118
547 1892
548 1433
549 2111
550 2054
551 1985
552 2895
553 474
554 475
555 476
556 478
557 479
558 477
559 480
560 481
561 482
562 483
563 484
564 485
565 486
566 488
567 487
568 489
569 496
570 495
571 494
572 493
573 492
574 491
575 490
576 497
577 502
578 501
579 500
580 499
581 498
582 503
583 504
584 505
585 506
586 507
587 508
588 2084
589 511
590 510
591 509
592 512
593 516
594 515
595 514
596 513
597 517
598 518
599 519
600 520
601 521
602 522
603 523
604 524
605 525
606 526
607 527
608 528
609 529
610 530
611 540
612 539
613 538
614 537
615 536
616 535
617 534
618 533
619 532
620 531
621 542
622 543
623 544
624 546
625 548
626 547
627 545
628 549
629 550
630 552
631 551
632 553
633 554
634 556
635 555
636 557
637 558
638 559
639 1425
640 560
641 561
642 562
643 563
644 565
645 564
646 566
647 567
648 568
649 569
650 570
651 571
652 572
653 573
654 574
655 575
656 576
657 577
658 578
659 624
660 623
661 622
662 621
663 620
664 619
665 618
666 617
667 616
668 615
669 614
670 613
671 612
672 611
673 610
674 609
675 608
676 607
677 606
678 605
679 604
680 603
681 602
682 601
683 600
684 599
685 598
686 597
687 596
688 595
689 594
690 593
691 592
692 591
693 590
694 589
695 588
696 587
697 586
698 585
699 584
700 583
701 582
702 581
703 580
704 579
705 625
706 632
707 631
708 630
709 629
710 628
711 627
712 626
713 633
714 635
715 636
716 634
717 637
718 638
719 639
720 640
721 641
722 642
723 2450
724 2449
725 2448
726 2447
727 2446
728 2445
729 2444
730 2443
731 1417
732 643
733 644
734 645
735 646
736 648
737 650
738 649
739 647
740 651
741 653
742 655
743 654
744 656
745 657
746 658
747 659
748 661
749 662
750 663
751 666
752 665
753 664
754 2173
755 2172
756 2171
757 2170
758 2169
759 2168
760 2167
761 2166
762 1905
763 667
764 669
765 668
766 3517
767 670
768 671
769 672
770 674
771 673
772 675
773 677
774 676
775 678
776 679
777 680
778 683
779 682
780 681
781 684
782 686
783 685
784 687
785 688
786 690
787 691
788 689
789 692
790 693
791 694
792 696
793 695
794 2998
795 2997
796 2996
797 2995
798 2994
799 2993
800 1928
801 697
802 698
803 699
804 700
805 702
806 701
807 703
808 704
809 706
810 707
811 705
812 709
813 708
814 710
815 711
816 712
817 714
818 715
819 713
820 716
821 717
822 718
823 720
824 719
825 721
826 722
827 723
828 724
829 725
830 726
831 727
832 728
833 729
834 730
835 731
836 732
837 734
838 735
839 733
840 736
841 737
842 739
843 741
844 740
845 738
846 743
847 742
848 744
849 746
850 745
851 747
852 748
853 750
854 749
855 751
856 752
857 753
858 754
859 755
860 756
861 757
862 759
863 758
864 760
865 761
866 762
867 763
868 764
869 765
870 2161
871 1885
872 1788
873 768
874 769
875 886
876 771
877 773
878 772
879 770
880 775
881 774
882 776
883 777
884 778
885 779
886 780
887 781
888 782
889 783
890 784
891 785
892 786
893 787
894 788
895 789
896 790
897 791
898 792
899 793
900 794
901 795
902 796
903 797
904 799
905 798
906 800
907 802
908 801
909 803
910 804
911 805
912 807
913 806
914 891
915 808
916 809
917 810
918 811
919 812
920 813
921 815
922 814
923 816
924 817
925 818
926 819
927 820
928 821
929 822
930 823
931 824
932 825
933 826
934 828
935 827
936 829
937 830
938 831
939 832
940 834
941 833
942 835
943 842
944 841
945 840
946 839
947 838
948 837
949 836
950 1032
951 1031
952 843
953 844
954 845
955 847
956 846
957 848
958 849
959 850
960 851
961 852
962 853
963 854
964 866
965 865
966 864
967 863
968 862
969 861
970 860
971 859
972 858
973 857
974 856
975 855
976 867
977 868
978 870
979 872
980 871
981 869
982 873
983 874
984 875
985 877
986 876
987 878
988 879
989 882
990 881
991 880
992 883
993 884
994 885
995 887
996 888
997 889
998 1215
999 1214
1000 1213
1001 1212
1002 1211
1003 1210
1004 1209
1005 1208
1006 1207
1007 1206
1008 1205
1009 1204
1010 1203
1011 1202
1012 1201
1013 1200
1014 1199
1015 890
1016 892
1017 893
1018 894
1019 2204
1020 895
1021 896
1022 898
1023 897
1024 899
1025 900
1026 3328
1027 902
1028 903
1029 904
1030 905
1031 908
1032 907
1033 906
1034 910
1035 909
1036 912
1037 911
1038 913
1039 914
1040 915
1041 916
1042 918
1043 3370
1044 3229
1045 3227
1046 3171
1047 2414
1048 2412
1049 1995
1050 1965
1051 1824
1052 1450
1053 919
1054 924
1055 923
1056 922
1057 921
1058 920
1059 925
1060 926
1061 927
1062 928
1063 929
1064 931
1065 930
1066 2408
1067 932
1068 939
1069 938
1070 937
1071 936
1072 935
1073 934
1074 933
1075 941
1076 940
1077 942
1078 944
1079 943
1080 946
1081 945
1082 947
1083 948
1084 950
1085 951
1086 949
1087 952
1088 953
1089 954
1090 957
1091 958
1092 956
1093 959
1094 960
1095 961
1096 962
1097 963
1098 965
1099 964
1100 966
1101 968
1102 967
1103 969
1104 970
1105 971
1106 972
1107 973
1108 974
1109 978
1110 977
1111 976
1112 975
1113 979
1114 980
1115 981
1116 982
1117 983
1118 985
1119 984
1120 987
1121 986
1122 988
1123 992
1124 991
1125 990
1126 989
1127 993
1128 994
1129 995
1130 996
1131 998
1132 997
1133 999
1134 1000
1135 1001
1136 1002
1137 1003
1138 1007
1139 1006
1140 1005
1141 1004
1142 1008
1143 1009
1144 1010
1145 1017
1146 1016
1147 1015
1148 1014
1149 1013
1150 1012
1151 1011
1152 1018
1153 1019
1154 1020
1155 1022
1156 1021
1157 1023
1158 1025
1159 1024
1160 1026
1161 1027
1162 1028
1163 1029
1164 1030
1165 1034
1166 1033
1167 1036
1168 1035
1169 1038
1170 1037
1171 1039
1172 1040
1173 1041
1174 1042
1175 1043
1176 1044
1177 1045
1178 1047
1179 1046
1180 1048
1181 1049
1182 1050
1183 1051
1184 1052
1185 1053
1186 1054
1187 1055
1188 1057
1189 1056
1190 1059
1191 1058
1192 1060
1193 1061
1194 1063
1195 1065
1196 1064
1197 1062
1198 1067
1199 1068
1200 1069
1201 1071
1202 1072
1203 1274
1204 1273
1205 1073
1206 1075
1207 1074
1208 1076
1209 1723
1210 1080
1211 1079
1212 1078
1213 1077
1214 1081
1215 1083
1216 1082
1217 3342
1218 2765
1219 2216
1220 1085
1221 1087
1222 1086
1223 1089
1224 1090
1225 1088
1226 1091
1227 1092
1228 1093
1229 1095
1230 1094
1231 1096
1232 1097
1233 1098
1234 1099
1235 1100
1236 1101
1237 1102
1238 1103
1239 1104
1240 1105
1241 2300
1242 2299
1243 1106
1244 1107
1245 1108
1246 1109
1247 1110
1248 1112
1249 1113
1250 1115
1251 1114
1252 1116
1253 1117
1254 1118
1255 1119
1256 1121
1257 1120
1258 1122
1259 1123
1260 1125
1261 1126
1262 1124
1263 1128
1264 1127
1265 1130
1266 1129
1267 1131
1268 1132
1269 1134
1270 1133
1271 1135
1272 1136
1273 2746
1274 1137
1275 1143
1276 1142
1277 1141
1278 1140
1279 1139
1280 1138
1281 1144
1282 1146
1283 1147
1284 1145
1285 1148
1286 1149
1287 1150
1288 1151
1289 1152
1290 1153
1291 1154
1292 1155
1293 1156
1294 1157
1295 1158
1296 1159
1297 1160
1298 1161
1299 1162
1300 1164
1301 1163
1302 1166
1303 1165
1304 1167
1305 1168
1306 1169
1307 1172
1308 1171
1309 1170
1310 1173
1311 1176
1312 1175
1313 1174
1314 1177
1315 1178
1316 1179
1317 1180
1318 1181
1319 1182
1320 1184
1321 1183
1322 1185
1323 1186
1324 1187
1325 1189
1326 1188
1327 1190
1328 1191
1329 1192
1330 1193
1331 1194
1332 1195
1333 1196
1334 1198
1335 1197
1336 3420
1337 3378
1338 3341
1339 3066
1340 3063
1341 2540
1342 2539
1343 2229
1344 2228
1345 2200
1346 2115
1347 2053
1348 1945
1349 1558
1350 1217
1351 1220
1352 1219
1353 1218
1354 1216
1355 1221
1356 1222
1357 1223
1358 1225
1359 1227
1360 1226
1361 1224
1362 1228
1363 1591
1364 1590
1365 1589
1366 1588
1367 1587
1368 1586
1369 1585
1370 1584
1371 1260
1372 1259
1373 1258
1374 1257
1375 1256
1376 1255
1377 1254
1378 1253
1379 1252
1380 1251
1381 1250
1382 1249
1383 1248
1384 1247
1385 1242
1386 1229
1387 1230
1388 1261
1389 1246
1390 1245
1391 1244
1392 1243
1393 1241
1394 1240
1395 1239
1396 1238
1397 1237
1398 1236
1399 1235
1400 1234
1401 1233
1402 1232
1403 1231
1404 3522
1405 3521
1406 3520
1407 3519
1408 2883
1409 1870
1410 1879
1411 1878
1412 1877
1413 1876
1414 1875
1415 1874
1416 1873
1417 1872
1418 1871
1419 1869
1420 1868
1421 1867
1422 1866
1423 1865
1424 1864
1425 1863
1426 1862
1427 1861
1428 1860
1429 1859
1430 1858
1431 1577
1432 1262
1433 1263
1434 1264
1435 1265
1436 1266
1437 1267
1438 1269
1439 1270
1440 1268
1441 1272
1442 1271
1443 1275
1444 1276
1445 1277
1446 1279
1447 1278
1448 1280
1449 1281
1450 1282
1451 1283
1452 1284
1453 1287
1454 1285
1455 1286
1456 1288
1457 1290
1458 1289
1459 1889
1460 1292
1461 1291
1462 1293
1463 1294
1464 1296
1465 1295
1466 1297
1467 1298
1468 1299
1469 1300
1470 1303
1471 1302
1472 1301
1473 1304
1474 1305
1475 1306
1476 1307
1477 1418
1478 1313
1479 1312
1480 1311
1481 1310
1482 1309
1483 1308
1484 1314
1485 1315
1486 1316
1487 1317
1488 3028
1489 1319
1490 1326
1491 1325
1492 1324
1493 1323
1494 1322
1495 1321
1496 1320
1497 1318
1498 1328
1499 1331
1500 1330
1501 1329
1502 1327
1503 1332
1504 1333
1505 1334
1506 1336
1507 1335
1508 1337
1509 1338
1510 1339
1511 1340
1512 1341
1513 1344
1514 1343
1515 1342
1516 3298
1517 1345
1518 1346
1519 1347
1520 1348
1521 1349
1522 1350
1523 1351
1524 1356
1525 1355
1526 1354
1527 1353
1528 1352
1529 1357
1530 1358
1531 1359
1532 1361
1533 1360
1534 1362
1535 1363
1536 1364
1537 1366
1538 1365
1539 1368
1540 1367
1541 1370
1542 1369
1543 1371
1544 1372
1545 1374
1546 1373
1547 1376
1548 1375
1549 1377
1550 1379
1551 1381
1552 1380
1553 1378
1554 1382
1555 1383
1556 1384
1557 1385
1558 1386
1559 1387
1560 1388
1561 1389
1562 1629
1563 1390
1564 1405
1565 1404
1566 1403
1567 1402
1568 1401
1569 1400
1570 1399
1571 1398
1572 1397
1573 1396
1574 1395
1575 1394
1576 1393
1577 1392
1578 1391
1579 1955
1580 1954
1581 1953
1582 1952
1583 1951
1584 1407
1585 1410
1586 1409
1587 1408
1588 1406
1589 1411
1590 1413
1591 1412
1592 1414
1593 1415
1594 1416
1595 1419
1596 1421
1597 1420
1598 1422
1599 1423
1600 1424
1601 1426
1602 1427
1603 1428
1604 1429
1605 1430
1606 1431
1607 1432
1608 3512
1609 1996
1610 1434
1611 1435
1612 1436
1613 1437
1614 1440
1615 1444
1616 1443
1617 1442
1618 1441
1619 1439
1620 1445
1621 1446
1622 1597
1623 1448
1624 1447
1625 1449
1626 2968
1627 2159
1628 1451
1629 1452
1630 1453
1631 1454
1632 1455
1633 1456
1634 1457
1635 1459
1636 1458
1637 2019
1638 2018
1639 2017
1640 2016
1641 2015
1642 2014
1643 2013
1644 1460
1645 1462
1646 1461
1647 1463
1648 1464
1649 1465
1650 1466
1651 1467
1652 1468
1653 1700
1654 1699
1655 1697
1656 1469
1657 1471
1658 1472
1659 1470
1660 1473
1661 1593
1662 1592
1663 1583
1664 1582
1665 1581
1666 1580
1667 1579
1668 1578
1669 1576
1670 1575
1671 1574
1672 1573
1673 1572
1674 1571
1675 1570
1676 1569
1677 1494
1678 1478
1679 1477
1680 1476
1681 1475
1682 1474
1683 1479
1684 1481
1685 1480
1686 1482
1687 1487
1688 1486
1689 1485
1690 1484
1691 1483
1692 1488
1693 1489
1694 2884
1695 1493
1696 1492
1697 1491
1698 1490
1699 1568
1700 1562
1701 1497
1702 1496
1703 1495
1704 1498
1705 1499
1706 1500
1707 1501
1708 1502
1709 1503
1710 1504
1711 1505
1712 1506
1713 1507
1714 1510
1715 1508
1716 1509
1717 1512
1718 1514
1719 1513
1720 1511
1721 1515
1722 1516
1723 1517
1724 1518
1725 3466
1726 2410
1727 1519
1728 1520
1729 1521
1730 1522
1731 1523
1732 3140
1733 3139
1734 3138
1735 3137
1736 3136
1737 3135
1738 3134
1739 3133
1740 1525
1741 1526
1742 1524
1743 1527
1744 1529
1745 1530
1746 1528
1747 1532
1748 1531
1749 1534
1750 1533
1751 1535
1752 1536
1753 1538
1754 1539
1755 1537
1756 1540
1757 1544
1758 1543
1759 1541
1760 1542
1761 1545
1762 1547
1763 1546
1764 1548
1765 1550
1766 1549
1767 1551
1768 1552
1769 1554
1770 1553
1771 1555
1772 1556
1773 1557
1774 2999
1775 2926
1776 2925
1777 1560
1778 1559
1779 1561
1780 1567
1781 1566
1782 1565
1783 1564
1784 1563
1785 1594
1786 1596
1787 1595
1788 1598
1789 1599
1790 1601
1791 1603
1792 1602
1793 1600
1794 1604
1795 1605
1796 1606
1797 1607
1798 1636
1799 1609
1800 1608
1801 1610
1802 1611
1803 1612
1804 1615
1805 1614
1806 1613
1807 1617
1808 1618
1809 1616
1810 1621
1811 1622
1812 1623
1813 1624
1814 1625
1815 1626
1816 1627
1817 1628
1818 1630
1819 1632
1820 1631
1821 1633
1822 1634
1823 1635
1824 1638
1825 1637
1826 1640
1827 1639
1828 1641
1829 1642
1830 1643
1831 1645
1832 1650
1833 1649
1834 1648
1835 1647
1836 1646
1837 1644
1838 1652
1839 1651
1840 1653
1841 1654
1842 1655
1843 1656
1844 1657
1845 1658
1846 1677
1847 1659
1848 1660
1849 1661
1850 1662
1851 1663
1852 1664
1853 1666
1854 1665
1855 1667
1856 1668
1857 1669
1858 1670
1859 1671
1860 1672
1861 1673
1862 1674
1863 1675
1864 1676
1865 1678
1866 1679
1867 1680
1868 1681
1869 1682
1870 1683
1871 1684
1872 1685
1873 1686
1874 1687
1875 1688
1876 1689
1877 1690
1878 1691
1879 1692
1880 1693
1881 1694
1882 1695
1883 1696
1884 1698
1885 1701
1886 1702
1887 1704
1888 1705
1889 1706
1890 1707
1891 1708
1892 1709
1893 1710
1894 1711
1895 1712
1896 1714
1897 1713
1898 1715
1899 1716
1900 1717
1901 1718
1902 1719
1903 1720
1904 1721
1905 1722
1906 1724
1907 1725
1908 1726
1909 1727
1910 1728
1911 1729
1912 1730
1913 1732
1914 1731
1915 1733
1916 1734
1917 1735
1918 1737
1919 1736
1920 1738
1921 1740
1922 1739
1923 1848
1924 1847
1925 1846
1926 1845
1927 1844
1928 1741
1929 1742
1930 1743
1931 1744
1932 1745
1933 1747
1934 1746
1935 1749
1936 1748
1937 1751
1938 1754
1939 1753
1940 1752
1941 1750
1942 1755
1943 1756
1944 1757
1945 1758
1946 2073
1947 2072
1948 1759
1949 1760
1950 1761
1951 1762
1952 1763
1953 1764
1954 1765
1955 1766
1956 1767
1957 1768
1958 1769
1959 1770
1960 1776
1961 1775
1962 1774
1963 1773
1964 1772
1965 1771
1966 1777
1967 1778
1968 1779
1969 1780
1970 1781
1971 1782
1972 1783
1973 1784
1974 1785
1975 3383
1976 3382
1977 3381
1978 3339
1979 3226
1980 3023
1981 3013
1982 2413
1983 2261
1984 2201
1985 1787
1986 1789
1987 1792
1988 1791
1989 1790
1990 2769
1991 2768
1992 2767
1993 2766
1994 1793
1995 1799
1996 1798
1997 1797
1998 1796
1999 1795
2000 1794
2001 1800
2002 1801
2003 1802
2004 1803
2005 1804
2006 1805
2007 1808
2008 1807
2009 1806
2010 1809
2011 1810
2012 1811
2013 1812
2014 1815
2015 1814
2016 1813
2017 1817
2018 1816
2019 1819
2020 1820
2021 1818
2022 1821
2023 2763
2024 1823
2025 3418
2026 3417
2027 2266
2028 2260
2029 1998
2030 1825
2031 1826
2032 1827
2033 1828
2034 2247
2035 1829
2036 1830
2037 1831
2038 1832
2039 1833
2040 1834
2041 1835
2042 1837
2043 1836
2044 1838
2045 1839
2046 1840
2047 3481
2048 3380
2049 3379
2050 3283
2051 2651
2052 2280
2053 1843
2054 1842
2055 1850
2056 1854
2057 1851
2058 1849
2059 1852
2060 1853
2061 1856
2062 1857
2063 1855
2064 3425
2065 3424
2066 3423
2067 3422
2068 2934
2069 2933
2070 2932
2071 2927
2072 3106
2073 3105
2074 3104
2075 3103
2076 3102
2077 1881
2078 1880
2079 1882
2080 1883
2081 1884
2082 1886
2083 1887
2084 1888
2085 1890
2086 1891
2087 1893
2088 1895
2089 1894
2090 1896
2091 1897
2092 1898
2093 1900
2094 1904
2095 1903
2096 1902
2097 1901
2098 1899
2099 1906
2100 1907
2101 1908
2102 2124
2103 2113
2104 1910
2105 1909
2106 1911
2107 1913
2108 1912
2109 1914
2110 1915
2111 1916
2112 2908
2113 2805
2114 2798
2115 2377
2116 2114
2117 1918
2118 1919
2119 1920
2120 1921
2121 2436
2122 1922
2123 1923
2124 1925
2125 1927
2126 1926
2127 1924
2128 1929
2129 1931
2130 2351
2131 1930
2132 1932
2133 1933
2134 2263
2135 1935
2136 1936
2137 1938
2138 1937
2139 1939
2140 1940
2141 1941
2142 1942
2143 1943
2144 2960
2145 1946
2146 1948
2147 1947
2148 1949
2149 1950
2150 1956
2151 1957
2152 1960
2153 1959
2154 1958
2155 1961
2156 1963
2157 1962
2158 1964
2159 3347
2160 3174
2161 2958
2162 1966
2163 1968
2164 1967
2165 1969
2166 1970
2167 1972
2168 1971
2169 1973
2170 1974
2171 1975
2172 1976
2173 1978
2174 1977
2175 1979
2176 1980
2177 1981
2178 1982
2179 1983
2180 1984
2181 1986
2182 1989
2183 1988
2184 1987
2185 1991
2186 1992
2187 1990
2188 1993
2189 1994
2190 2008
2191 1997
2192 2000
2193 2001
2194 2002
2195 2003
2196 2004
2197 2005
2198 2006
2199 2007
2200 2010
2201 2009
2202 2011
2203 2012
2204 2020
2205 2021
2206 2022
2207 2023
2208 2024
2209 2025
2210 2026
2211 2027
2212 2028
2213 2029
2214 2032
2215 2031
2216 2030
2217 2033
2218 2034
2219 2035
2220 2036
2221 2038
2222 2037
2223 3291
2224 3163
2225 2962
2226 2265
2227 2039
2228 2040
2229 2041
2230 2042
2231 2043
2232 2044
2233 2045
2234 2046
2235 2047
2236 2048
2237 2050
2238 2049
2239 2051
2240 2052
2241 2055
2242 2056
2243 2057
2244 2058
2245 2059
2246 2063
2247 2062
2248 2061
2249 2060
2250 2064
2251 2069
2252 2068
2253 2067
2254 2066
2255 2065
2256 2070
2257 2071
2258 2074
2259 2075
2260 2076
2261 2078
2262 2077
2263 2079
2264 2081
2265 2080
2266 2082
2267 2083
2268 2085
2269 2086
2270 2087
2271 2088
2272 2089
2273 2090
2274 2091
2275 2098
2276 2097
2277 2096
2278 2095
2279 2094
2280 2093
2281 2092
2282 2099
2283 2104
2284 2103
2285 2102
2286 2101
2287 2100
2288 2105
2289 3181
2290 2108
2291 2109
2292 2110
2293 2149
2294 3455
2295 3117
2296 2714
2297 2116
2298 3275
2299 3274
2300 3273
2301 3272
2302 2684
2303 2645
2304 2120
2305 2121
2306 2119
2307 2122
2308 2123
2309 3449
2310 3169
2311 2264
2312 2210
2313 2180
2314 2125
2315 2126
2316 2128
2317 2129
2318 2127
2319 2130
2320 2131
2321 2133
2322 2132
2323 2134
2324 2135
2325 2136
2326 2137
2327 2139
2328 2138
2329 2140
2330 2141
2331 2142
2332 2143
2333 2144
2334 2145
2335 2146
2336 2147
2337 2148
2338 3502
2339 3179
2340 2150
2341 2151
2342 2153
2343 2154
2344 2155
2345 2156
2346 2157
2347 2158
2348 2986
2349 2160
2350 2270
2351 2163
2352 2165
2353 2164
2354 2162
2355 2174
2356 2176
2357 2175
2358 2177
2359 2181
2360 2179
2361 2178
2362 3427
2363 3426
2364 2219
2365 2183
2366 2182
2367 2185
2368 2191
2369 2190
2370 2189
2371 2188
2372 2187
2373 2186
2374 2184
2375 2192
2376 2193
2377 2194
2378 2195
2379 2196
2380 2197
2381 2198
2382 2199
2383 2202
2384 2203
2385 2205
2386 2206
2387 2207
2388 2667
2389 2209
2390 2211
2391 2212
2392 2213
2393 2214
2394 2215
2395 2217
2396 2218
2397 2220
2398 2221
2399 2223
2400 2224
2401 2225
2402 2227
2403 2226
2404 2231
2405 2237
2406 2236
2407 2235
2408 2234
2409 2233
2410 2232
2411 2230
2412 2238
2413 2239
2414 2240
2415 2241
2416 2242
2417 2243
2418 2244
2419 2245
2420 2246
2421 2249
2422 2248
2423 2250
2424 2251
2425 2252
2426 3180
2427 2254
2428 2253
2429 2255
2430 2256
2431 2257
2432 2258
2433 2259
2434 2268
2435 2267
2436 2262
2437 3122
2438 3194
2439 3172
2440 3284
2441 3177
2442 2269
2443 2271
2444 2273
2445 2272
2446 2274
2447 2275
2448 2276
2449 2278
2450 2277
2451 2279
2452 2281
2453 2282
2454 2283
2455 2284
2456 2285
2457 2286
2458 2287
2459 2289
2460 2291
2461 2290
2462 2288
2463 2293
2464 2292
2465 2294
2466 2295
2467 2296
2468 2297
2469 2298
2470 2301
2471 2302
2472 2303
2473 2304
2474 2305
2475 2306
2476 2307
2477 2308
2478 2309
2479 2311
2480 2313
2481 2312
2482 2310
2483 2314
2484 2315
2485 2316
2486 2317
2487 2318
2488 2319
2489 2321
2490 2320
2491 2322
2492 2325
2493 2324
2494 2323
2495 2326
2496 2330
2497 2329
2498 2328
2499 2327
2500 2331
2501 2332
2502 2333
2503 2334
2504 2335
2505 2336
2506 2337
2507 2338
2508 2339
2509 2340
2510 2342
2511 2341
2512 2343
2513 2344
2514 2345
2515 2346
2516 2348
2517 2347
2518 2349
2519 2350
2520 2352
2521 2354
2522 2353
2523 2355
2524 2356
2525 2358
2526 2359
2527 2361
2528 2360
2529 2363
2530 2364
2531 2362
2532 2365
2533 2366
2534 2367
2535 2368
2536 2370
2537 2371
2538 2369
2539 2372
2540 2373
2541 2374
2542 2375
2543 2376
2544 3319
2545 2378
2546 2379
2547 2380
2548 2381
2549 2382
2550 2384
2551 2383
2552 2385
2553 2386
2554 2387
2555 2388
2556 2389
2557 2390
2558 2391
2559 2392
2560 2393
2561 2394
2562 2395
2563 2396
2564 2397
2565 2399
2566 2398
2567 2400
2568 2402
2569 2401
2570 2403
2571 2404
2572 2405
2573 2407
2574 2406
2575 2409
2576 2411
2577 3448
2578 2636
2579 2452
2580 2670
2581 2415
2582 2418
2583 2416
2584 2419
2585 2420
2586 2422
2587 2421
2588 2423
2589 2424
2590 2425
2591 2427
2592 2433
2593 2432
2594 2431
2595 2430
2596 2429
2597 2428
2598 2426
2599 2434
2600 2435
2601 2948
2602 2437
2603 2438
2604 2439
2605 2440
2606 2441
2607 2442
2608 2451
2609 3493
2610 3492
2611 3491
2612 3490
2613 3489
2614 3488
2615 3487
2616 3486
2617 3485
2618 3454
2619 3450
2620 3447
2621 3399
2622 3368
2623 3345
2624 3336
2625 3211
2626 3196
2627 3195
2628 2454
2629 2455
2630 2456
2631 2458
2632 2457
2633 2459
2634 2460
2635 2462
2636 2461
2637 2463
2638 2464
2639 2465
2640 2467
2641 2466
2642 2468
2643 2469
2644 2520
2645 2519
2646 2518
2647 2517
2648 2516
2649 2515
2650 2514
2651 2513
2652 2512
2653 2511
2654 2510
2655 2509
2656 2508
2657 2507
2658 2506
2659 2505
2660 2504
2661 2503
2662 2502
2663 2501
2664 2500
2665 2499
2666 2498
2667 2497
2668 2496
2669 2495
2670 2494
2671 2493
2672 2492
2673 2491
2674 2490
2675 2489
2676 2488
2677 2487
2678 2486
2679 2485
2680 2484
2681 2483
2682 2482
2683 2481
2684 2480
2685 2479
2686 2478
2687 2477
2688 2476
2689 2475
2690 2474
2691 2473
2692 2472
2693 2471
2694 2470
2695 2521
2696 2522
2697 2524
2698 2525
2699 2527
2700 2526
2701 2528
2702 2529
2703 2530
2704 2531
2705 2532
2706 2533
2707 2534
2708 2535
2709 2536
2710 2537
2711 2538
2712 3045
2713 3044
2714 3043
2715 3042
2716 2541
2717 2542
2718 2543
2719 2544
2720 2545
2721 2546
2722 2547
2723 2549
2724 2548
2725 2551
2726 2550
2727 2553
2728 2552
2729 2554
2730 2555
2731 2619
2732 2618
2733 2617
2734 2616
2735 2615
2736 2614
2737 2613
2738 2612
2739 2611
2740 2610
2741 2609
2742 2608
2743 2607
2744 2606
2745 2605
2746 2604
2747 2603
2748 2602
2749 2601
2750 2600
2751 2599
2752 2598
2753 2597
2754 2596
2755 2595
2756 2594
2757 2593
2758 2592
2759 2591
2760 2590
2761 2589
2762 2588
2763 2587
2764 2586
2765 2585
2766 2584
2767 2583
2768 2582
2769 2581
2770 2580
2771 2579
2772 2578
2773 2577
2774 2576
2775 2575
2776 2574
2777 2573
2778 2572
2779 2571
2780 2570
2781 2569
2782 2568
2783 2567
2784 2566
2785 2565
2786 2564
2787 2563
2788 2562
2789 2561
2790 2560
2791 2559
2792 2558
2793 2557
2794 2556
2795 2620
2796 2622
2797 2623
2798 2624
2799 2625
2800 2626
2801 2627
2802 2628
2803 2629
2804 2630
2805 2631
2806 2632
2807 2633
2808 2634
2809 2635
2810 2637
2811 2639
2812 2640
2813 2638
2814 2641
2815 2642
2816 2643
2817 2644
2818 3302
2819 2646
2820 2647
2821 2648
2822 2649
2823 2650
2824 2652
2825 2653
2826 2664
2827 2663
2828 2662
2829 2661
2830 2660
2831 2659
2832 2658
2833 2657
2834 2656
2835 2655
2836 2654
2837 2665
2838 2666
2839 2668
2840 2894
2841 2893
2842 2669
2843 3446
2844 2672
2845 2671
2846 2673
2847 2674
2848 2675
2849 2676
2850 2677
2851 2679
2852 2678
2853 2680
2854 2681
2855 2682
2856 2683
2857 2686
2858 2688
2859 2687
2860 2685
2861 2689
2862 2690
2863 2692
2864 2691
2865 2693
2866 2694
2867 2695
2868 2696
2869 2697
2870 2699
2871 2698
2872 2700
2873 2701
2874 2702
2875 2705
2876 2706
2877 2710
2878 2709
2879 2708
2880 2707
2881 3111
2882 3088
2883 3087
2884 3086
2885 3085
2886 3084
2887 2711
2888 2712
2889 3518
2890 3516
2891 2713
2892 3384
2893 3145
2894 3014
2895 2715
2896 2716
2897 2717
2898 2719
2899 2718
2900 2721
2901 2720
2902 2722
2903 2723
2904 2724
2905 2725
2906 2737
2907 2736
2908 2735
2909 2734
2910 2733
2911 2732
2912 2731
2913 2730
2914 2729
2915 2728
2916 2727
2917 2726
2918 2738
2919 2739
2920 2740
2921 2741
2922 2742
2923 3184
2924 3080
2925 2743
2926 2744
2927 2745
2928 2747
2929 2749
2930 2750
2931 2748
2932 2752
2933 2755
2934 2754
2935 2753
2936 2751
2937 2756
2938 2757
2939 2758
2940 2759
2941 2760
2942 2761
2943 2762
2944 2764
2945 3346
2946 3215
2947 3191
2948 2770
2949 2772
2950 2771
2951 2773
2952 2774
2953 2775
2954 2777
2955 2776
2956 2779
2957 2778
2958 2780
2959 2781
2960 2782
2961 2783
2962 2784
2963 2785
2964 2787
2965 2786
2966 2788
2967 2790
2968 2789
2969 2791
2970 2792
2971 2793
2972 2794
2973 2795
2974 2796
2975 2797
2976 3225
2977 3002
2978 2800
2979 2801
2980 2802
2981 2803
2982 2804
2983 2806
2984 2808
2985 2807
2986 2809
2987 2810
2988 2811
2989 2812
2990 2813
2991 2815
2992 2816
2993 2814
2994 2817
2995 2818
2996 2819
2997 2820
2998 2821
2999 2822
3000 2823
3001 2824
3002 2825
3003 2826
3004 2827
3005 2828
3006 2830
3007 2832
3008 2831
3009 2829
3010 2833
3011 2834
3012 2838
3013 2837
3014 2836
3015 2835
3016 2839
3017 2840
3018 2842
3019 2843
3020 2844
3021 2845
3022 2846
3023 2847
3024 2848
3025 2849
3026 2850
3027 2851
3028 2852
3029 2856
3030 2857
3031 2858
3032 2859
3033 2860
3034 2861
3035 2863
3036 2881
3037 2880
3038 2879
3039 2878
3040 2877
3041 2876
3042 2875
3043 2874
3044 2873
3045 2872
3046 2871
3047 2870
3048 2869
3049 2868
3050 2867
3051 2866
3052 2865
3053 2864
3054 2862
3055 2882
3056 2885
3057 2886
3058 2888
3059 2887
3060 2889
3061 2890
3062 2891
3063 2892
3064 2896
3065 2897
3066 2898
3067 2899
3068 2902
3069 2901
3070 2900
3071 2903
3072 2904
3073 2905
3074 2906
3075 3509
3076 3479
3077 3388
3078 3176
3079 3019
3080 3018
3081 2911
3082 2910
3083 2909
3084 2907
3085 2912
3086 2913
3087 2914
3088 2916
3089 2915
3090 2917
3091 2918
3092 2919
3093 2920
3094 2921
3095 2922
3096 2923
3097 2924
3098 2931
3099 2930
3100 2929
3101 2928
3102 2935
3103 2937
3104 2938
3105 2936
3106 2939
3107 2940
3108 2941
3109 2942
3110 2943
3111 2944
3112 2945
3113 2946
3114 2947
3115 2950
3116 2953
3117 2952
3118 2951
3119 2949
3120 2954
3121 2955
3122 2956
3123 2957
3124 2959
3125 2969
3126 2967
3127 2966
3128 2965
3129 2964
3130 2963
3131 2961
3132 3231
3133 2970
3134 2971
3135 2976
3136 2975
3137 2974
3138 2973
3139 2972
3140 2977
3141 2978
3142 2979
3143 2981
3144 2984
3145 2983
3146 2982
3147 2980
3148 2985
3149 2987
3150 2988
3151 2989
3152 2990
3153 2992
3154 2991
3155 3000
3156 3224
3157 3216
3158 3011
3159 3010
3160 3009
3161 3008
3162 3007
3163 3006
3164 3005
3165 3004
3166 3003
3167 3001
3168 3012
3169 3015
3170 3432
3171 3340
3172 3020
3173 3021
3174 3022
3175 3025
3176 3024
3177 3303
3178 3026
3179 3027
3180 3029
3181 3030
3182 3031
3183 3032
3184 3033
3185 3034
3186 3035
3187 3036
3188 3037
3189 3038
3190 3039
3191 3040
3192 3041
3193 3046
3194 3047
3195 3050
3196 3049
3197 3048
3198 3051
3199 3053
3200 3062
3201 3061
3202 3060
3203 3059
3204 3058
3205 3057
3206 3056
3207 3055
3208 3054
3209 3052
3210 3067
3211 3065
3212 3064
3213 3068
3214 3069
3215 3070
3216 3071
3217 3072
3218 3073
3219 3076
3220 3077
3221 3079
3222 3078
3223 3081
3224 3082
3225 3209
3226 3208
3227 3207
3228 3206
3229 3205
3230 3083
3231 3089
3232 3091
3233 3100
3234 3099
3235 3098
3236 3097
3237 3096
3238 3095
3239 3094
3240 3093
3241 3092
3242 3090
3243 3101
3244 3107
3245 3109
3246 3108
3247 3110
3248 3112
3249 3113
3250 3114
3251 3116
3252 3115
3253 3118
3254 3120
3255 3121
3256 3123
3257 3125
3258 3124
3259 3126
3260 3127
3261 3128
3262 3129
3263 3130
3264 3131
3265 3132
3266 3141
3267 3142
3268 3143
3269 3144
3270 3146
3271 3309
3272 3148
3273 3157
3274 3156
3275 3155
3276 3154
3277 3153
3278 3152
3279 3151
3280 3150
3281 3149
3282 3147
3283 3158
3284 3159
3285 3160
3286 3162
3287 3161
3288 3164
3289 3165
3290 3166
3291 3167
3292 3168
3293 3175
3294 3170
3295 3494
3296 3348
3297 3416
3298 3415
3299 3299
3300 3178
3301 3182
3302 3183
3303 3185
3304 3186
3305 3187
3306 3188
3307 3189
3308 3190
3309 3337
3310 3325
3311 3192
3312 3193
3313 3326
3314 3197
3315 3198
3316 3199
3317 3200
3318 3201
3319 3202
3320 3203
3321 3204
3322 3212
3323 3213
3324 3214
3325 3435
3326 3230
3327 3221
3328 3220
3329 3219
3330 3218
3331 3217
3332 3364
3333 3363
3334 3362
3335 3233
3336 3232
3337 3235
3338 3265
3339 3264
3340 3263
3341 3262
3342 3261
3343 3260
3344 3259
3345 3258
3346 3257
3347 3256
3348 3255
3349 3254
3350 3253
3351 3252
3352 3251
3353 3250
3354 3249
3355 3248
3356 3247
3357 3246
3358 3245
3359 3244
3360 3243
3361 3242
3362 3241
3363 3240
3364 3239
3365 3238
3366 3237
3367 3236
3368 3234
3369 3267
3370 3268
3371 3269
3372 3329
3373 3277
3374 3276
3375 3278
3376 3281
3377 3280
3378 3279
3379 3282
3380 3327
3381 3285
3382 3286
3383 3289
3384 3290
3385 3292
3386 3294
3387 3295
3388 3293
3389 3296
3390 3297
3391 3300
3392 3301
3393 3304
3394 3305
3395 3306
3396 3307
3397 3308
3398 3310
3399 3311
3400 3312
3401 3318
3402 3317
3403 3316
3404 3315
3405 3314
3406 3313
3407 3320
3408 3321
3409 3323
3410 3322
3411 3324
3412 3332
3413 3333
3414 3334
3415 3338
3416 3335
3417 3343
3418 3344
3419 3349
3420 3350
3421 3351
3422 3352
3423 3353
3424 3354
3425 3356
3426 3361
3427 3360
3428 3359
3429 3358
3430 3357
3431 3355
3432 3365
3433 3366
3434 3367
3435 3369
3436 3371
3437 3375
3438 3374
3439 3373
3440 3372
3441 3376
3442 3377
3443 3385
3444 3386
3445 3387
3446 3389
3447 3390
3448 3392
3449 3391
3450 3393
3451 3394
3452 3396
3453 3395
3454 3397
3455 3398
3456 3400
3457 3406
3458 3405
3459 3404
3460 3403
3461 3402
3462 3401
3463 3411
3464 3410
3465 3409
3466 3408
3467 3407
3468 3413
3469 3414
3470 3419
3471 3428
3472 3430
3473 3431
3474 3429
3475 3433
3476 3434
3477 3436
3478 3437
3479 3438
3480 3439
3481 3440
3482 3441
3483 3442
3484 3443
3485 3444
3486 3445
3487 3451
3488 3453
3489 3452
3490 3456
3491 3460
3492 3459
3493 3458
3494 3457
3495 3461
3496 3463
3497 3464
3498 3465
3499 3467
3500 3478
3501 3480
3502 3482
3503 3483
3504 3484
3505 3496
3506 3495
3507 3497
3508 3498
3509 3501
3510 3500
3511 3499
3512 3503
3513 3504
3514 3506
3515 3505
3516 3507
3517 3508
3518 3510
3519 3511
3520 3513
3521 3514
3522 3515
3523 3523
3524 3524
