0 0
1 1
2 2
3 3
4 6838
5 2140
6 1893
7 751
8 545
9 262
10 13
11 12
12 11
13 8
14 7
15 4
16 5
17 6
18 2135
19 544
20 55
21 18
22 8006
23 6941
24 5558
25 3736
26 2246
27 2245
28 1883
29 1305
30 313
31 312
32 260
33 9
34 10
35 14
36 15
37 2278
38 1602
39 22
40 16
41 17
42 19
43 20
44 21
45 23
46 6638
47 3594
48 190
49 24
50 25
51 7828
52 145
53 26
54 27
55 28
56 29
57 30
58 31
59 32
60 33
61 37
62 36
63 35
64 34
65 3198
66 7200
67 7199
68 4253
69 744
70 38
71 39
72 40
73 41
74 42
75 43
76 44
77 45
78 46
79 47
80 48
81 49
82 50
83 51
84 52
85 53
86 54
87 56
88 57
89 58
90 59
91 60
92 61
93 62
94 63
95 64
96 65
97 66
98 67
99 68
100 69
101 70
102 71
103 73
104 72
105 3632
106 2722
107 74
108 75
109 6974
110 2729
111 895
112 290
113 76
114 77
115 78
116 79
117 80
118 81
119 82
120 84
121 83
122 7968
123 6811
124 4003
125 1603
126 1601
127 130
128 85
129 86
130 87
131 88
132 89
133 90
134 91
135 92
136 2138
137 93
138 94
139 95
140 96
141 97
142 98
143 99
144 100
145 101
146 102
147 103
148 104
149 105
150 106
151 107
152 108
153 109
154 110
155 111
156 112
157 113
158 114
159 115
160 116
161 1919
162 117
163 118
164 119
165 120
166 121
167 122
168 123
169 124
170 125
171 126
172 127
173 128
174 131
175 129
176 650
177 595
178 7945
179 7631
180 7581
181 7580
182 7579
183 7578
184 7235
185 6773
186 1560
187 132
188 133
189 134
190 135
191 136
192 137
193 138
194 139
195 7590
196 3611
197 2329
198 140
199 141
200 142
201 144
202 143
203 6364
204 2771
205 2770
206 1933
207 536
208 3253
209 2723
210 352
211 146
212 147
213 148
214 7774
215 6981
216 5171
217 501
218 149
219 150
220 151
221 152
222 153
223 154
224 155
225 156
226 157
227 158
228 159
229 160
230 161
231 162
232 164
233 163
234 798
235 5145
236 165
237 166
238 167
239 168
240 170
241 169
242 171
243 172
244 173
245 174
246 175
247 176
248 177
249 178
250 179
251 180
252 181
253 184
254 183
255 182
256 185
257 186
258 187
259 188
260 194
261 193
262 192
263 191
264 189
265 849
266 195
267 196
268 197
269 198
270 199
271 200
272 201
273 202
274 203
275 204
276 205
277 206
278 207
279 208
280 209
281 210
282 211
283 212
284 213
285 214
286 215
287 216
288 217
289 218
290 219
291 220
292 221
293 222
294 223
295 224
296 225
297 226
298 228
299 227
300 229
301 230
302 231
303 232
304 233
305 235
306 234
307 236
308 237
309 238
310 239
311 240
312 242
313 241
314 243
315 244
316 245
317 246
318 248
319 247
320 249
321 250
322 251
323 252
324 253
325 254
326 255
327 256
328 257
329 258
330 259
331 261
332 7773
333 7772
334 7771
335 7492
336 7359
337 7160
338 6608
339 6044
340 5973
341 5759
342 4728
343 4464
344 3707
345 3030
346 2489
347 2137
348 752
349 682
350 649
351 648
352 547
353 502
354 382
355 317
356 263
357 264
358 265
359 266
360 267
361 268
362 269
363 270
364 271
365 272
366 273
367 274
368 275
369 276
370 277
371 278
372 279
373 280
374 281
375 282
376 283
377 284
378 285
379 287
380 286
381 288
382 289
383 291
384 292
385 293
386 294
387 295
388 296
389 297
390 298
391 299
392 300
393 301
394 302
395 303
396 304
397 306
398 305
399 307
400 308
401 309
402 310
403 311
404 314
405 315
406 316
407 318
408 319
409 320
410 321
411 322
412 323
413 324
414 325
415 326
416 327
417 328
418 329
419 330
420 331
421 332
422 333
423 334
424 335
425 336
426 337
427 338
428 339
429 340
430 341
431 342
432 343
433 344
434 345
435 346
436 347
437 348
438 349
439 350
440 351
441 1243
442 353
443 354
444 355
445 356
446 357
447 358
448 359
449 360
450 361
451 362
452 364
453 363
454 365
455 366
456 367
457 368
458 369
459 370
460 371
461 372
462 373
463 374
464 375
465 384
466 383
467 381
468 380
469 379
470 378
471 377
472 376
473 385
474 386
475 387
476 388
477 389
478 390
479 391
480 392
481 393
482 394
483 395
484 396
485 397
486 398
487 399
488 400
489 401
490 402
491 403
492 404
493 405
494 5267
495 4828
496 4713
497 4193
498 4192
499 4191
500 4190
501 406
502 407
503 408
504 409
505 410
506 411
507 412
508 413
509 414
510 415
511 416
512 417
513 418
514 419
515 420
516 421
517 422
518 423
519 1711
520 424
521 425
522 426
523 427
524 428
525 429
526 430
527 431
528 432
529 433
530 434
531 436
532 435
533 437
534 438
535 439
536 440
537 441
538 442
539 443
540 444
541 445
542 446
543 447
544 448
545 449
546 450
547 451
548 452
549 453
550 454
551 455
552 456
553 457
554 458
555 461
556 460
557 459
558 927
559 926
560 925
561 924
562 923
563 462
564 463
565 464
566 465
567 466
568 2147
569 467
570 468
571 469
572 470
573 471
574 472
575 473
576 474
577 475
578 476
579 477
580 478
581 479
582 480
583 481
584 482
585 483
586 484
587 485
588 486
589 487
590 488
591 489
592 490
593 491
594 492
595 493
596 494
597 495
598 496
599 497
600 498
601 499
602 500
603 503
604 504
605 505
606 506
607 507
608 508
609 509
610 510
611 511
612 512
613 513
614 514
615 515
616 516
617 517
618 518
619 520
620 519
621 521
622 522
623 523
624 524
625 525
626 526
627 527
628 528
629 529
630 530
631 531
632 532
633 533
634 534
635 759
636 758
637 535
638 537
639 538
640 539
641 540
642 541
643 542
644 543
645 546
646 3351
647 548
648 549
649 550
650 551
651 552
652 553
653 554
654 555
655 556
656 557
657 558
658 559
659 560
660 561
661 562
662 563
663 564
664 565
665 566
666 567
667 568
668 569
669 570
670 571
671 572
672 574
673 573
674 575
675 576
676 577
677 578
678 579
679 580
680 581
681 582
682 583
683 584
684 585
685 586
686 587
687 588
688 589
689 590
690 591
691 592
692 593
693 594
694 596
695 597
696 598
697 599
698 600
699 601
700 602
701 603
702 604
703 605
704 606
705 607
706 608
707 609
708 610
709 611
710 612
711 613
712 614
713 615
714 616
715 617
716 618
717 619
718 620
719 621
720 622
721 623
722 624
723 626
724 625
725 627
726 628
727 629
728 630
729 631
730 632
731 633
732 634
733 635
734 636
735 2130
736 637
737 639
738 638
739 640
740 641
741 642
742 643
743 644
744 645
745 646
746 647
747 651
748 652
749 653
750 654
751 655
752 656
753 657
754 658
755 659
756 660
757 661
758 662
759 663
760 664
761 665
762 666
763 667
764 668
765 669
766 670
767 1767
768 671
769 672
770 673
771 674
772 675
773 676
774 677
775 678
776 679
777 680
778 681
779 5053
780 3467
781 683
782 684
783 685
784 686
785 687
786 688
787 689
788 690
789 691
790 692
791 693
792 694
793 695
794 696
795 698
796 697
797 699
798 700
799 701
800 702
801 703
802 704
803 705
804 706
805 707
806 708
807 709
808 710
809 711
810 712
811 6200
812 1303
813 713
814 714
815 715
816 716
817 717
818 718
819 719
820 720
821 721
822 722
823 723
824 724
825 725
826 4366
827 4365
828 726
829 727
830 728
831 729
832 730
833 731
834 732
835 733
836 734
837 735
838 736
839 737
840 738
841 739
842 740
843 741
844 742
845 743
846 5000
847 745
848 749
849 748
850 747
851 746
852 828
853 750
854 7068
855 7067
856 7066
857 4380
858 2856
859 2208
860 753
861 754
862 755
863 756
864 757
865 3550
866 3549
867 3548
868 760
869 761
870 763
871 762
872 764
873 765
874 766
875 767
876 768
877 769
878 770
879 771
880 772
881 773
882 774
883 775
884 776
885 777
886 778
887 779
888 780
889 781
890 782
891 783
892 784
893 785
894 786
895 787
896 788
897 789
898 790
899 791
900 792
901 793
902 794
903 795
904 796
905 797
906 4085
907 3201
908 799
909 800
910 801
911 802
912 803
913 804
914 805
915 806
916 807
917 808
918 809
919 810
920 811
921 812
922 813
923 814
924 815
925 816
926 817
927 818
928 819
929 820
930 821
931 822
932 823
933 824
934 825
935 827
936 826
937 829
938 830
939 831
940 832
941 833
942 834
943 835
944 836
945 837
946 838
947 839
948 840
949 841
950 842
951 843
952 844
953 846
954 845
955 7793
956 7792
957 7117
958 7116
959 7115
960 847
961 848
962 850
963 851
964 852
965 853
966 854
967 855
968 856
969 857
970 858
971 859
972 860
973 861
974 862
975 863
976 864
977 865
978 866
979 867
980 868
981 2235
982 869
983 870
984 871
985 872
986 873
987 874
988 875
989 876
990 877
991 878
992 879
993 880
994 881
995 882
996 883
997 884
998 885
999 886
1000 887
1001 888
1002 889
1003 890
1004 891
1005 892
1006 893
1007 894
1008 896
1009 897
1010 898
1011 899
1012 900
1013 901
1014 902
1015 903
1016 904
1017 905
1018 906
1019 907
1020 908
1021 909
1022 910
1023 911
1024 912
1025 913
1026 914
1027 915
1028 916
1029 917
1030 918
1031 919
1032 920
1033 921
1034 922
1035 928
1036 929
1037 930
1038 931
1039 932
1040 933
1041 934
1042 935
1043 936
1044 937
1045 938
1046 939
1047 942
1048 941
1049 940
1050 943
1051 944
1052 945
1053 946
1054 947
1055 948
1056 949
1057 950
1058 951
1059 952
1060 953
1061 954
1062 955
1063 956
1064 957
1065 958
1066 959
1067 960
1068 962
1069 961
1070 963
1071 964
1072 965
1073 966
1074 967
1075 968
1076 969
1077 970
1078 971
1079 972
1080 974
1081 973
1082 975
1083 976
1084 977
1085 978
1086 979
1087 980
1088 981
1089 1396
1090 982
1091 983
1092 984
1093 985
1094 986
1095 987
1096 988
1097 989
1098 990
1099 991
1100 992
1101 993
1102 994
1103 995
1104 996
1105 997
1106 998
1107 999
1108 1000
1109 1001
1110 1002
1111 1003
1112 1004
1113 1005
1114 1006
1115 1007
1116 1008
1117 1009
1118 1010
1119 1011
1120 1012
1121 1013
1122 1014
1123 1015
1124 1016
1125 6596
1126 1017
1127 1018
1128 1019
1129 1020
1130 1021
1131 1022
1132 1023
1133 1024
1134 1025
1135 1026
1136 1027
1137 1028
1138 1029
1139 1030
1140 1031
1141 1032
1142 1033
1143 1034
1144 1035
1145 1036
1146 1037
1147 1038
1148 1039
1149 1040
1150 1041
1151 1042
1152 1043
1153 1044
1154 1045
1155 5368
1156 1046
1157 1047
1158 1048
1159 1049
1160 1050
1161 1051
1162 1052
1163 1053
1164 1054
1165 1055
1166 1056
1167 1057
1168 1058
1169 1060
1170 1059
1171 5610
1172 5306
1173 1061
1174 1062
1175 1063
1176 1064
1177 1065
1178 7883
1179 1066
1180 1067
1181 1068
1182 1069
1183 1070
1184 1071
1185 1072
1186 1073
1187 1074
1188 1075
1189 1076
1190 1077
1191 1078
1192 1079
1193 1080
1194 1081
1195 1082
1196 1083
1197 1084
1198 1085
1199 1086
1200 1087
1201 1088
1202 1089
1203 1090
1204 1091
1205 1092
1206 1093
1207 1094
1208 1095
1209 1096
1210 1097
1211 1098
1212 1099
1213 1100
1214 1101
1215 1102
1216 1103
1217 1104
1218 1105
1219 1106
1220 1107
1221 1108
1222 1110
1223 1109
1224 1111
1225 1112
1226 1113
1227 1114
1228 1115
1229 1116
1230 1117
1231 1118
1232 1119
1233 1120
1234 1122
1235 1121
1236 1123
1237 1124
1238 1125
1239 1126
1240 1127
1241 1128
1242 1129
1243 1130
1244 1131
1245 1132
1246 1133
1247 1134
1248 1135
1249 1136
1250 1137
1251 1138
1252 3217
1253 1139
1254 1140
1255 1141
1256 1142
1257 1143
1258 1144
1259 1145
1260 1146
1261 1147
1262 1148
1263 1149
1264 1150
1265 1151
1266 1152
1267 1154
1268 1153
1269 1155
1270 1156
1271 1157
1272 1158
1273 1159
1274 1160
1275 1161
1276 1162
1277 1163
1278 1164
1279 1165
1280 1167
1281 1166
1282 1168
1283 1169
1284 1170
1285 1171
1286 1172
1287 1173
1288 1174
1289 1175
1290 1176
1291 1177
1292 1178
1293 1179
1294 1180
1295 1181
1296 1182
1297 1183
1298 1184
1299 1185
1300 1186
1301 1187
1302 1188
1303 1189
1304 1190
1305 1191
1306 1192
1307 1193
1308 1194
1309 1195
1310 1196
1311 1197
1312 1198
1313 1199
1314 1200
1315 2251
1316 1201
1317 1203
1318 1202
1319 1204
1320 1205
1321 1206
1322 1207
1323 1208
1324 1209
1325 1210
1326 1211
1327 1212
1328 1213
1329 1214
1330 1215
1331 1216
1332 1217
1333 1218
1334 1222
1335 1221
1336 1220
1337 1219
1338 1223
1339 1224
1340 1225
1341 1226
1342 1227
1343 1228
1344 1229
1345 1230
1346 1231
1347 1232
1348 1233
1349 1234
1350 1235
1351 1236
1352 1237
1353 1238
1354 1239
1355 1240
1356 1241
1357 1242
1358 1244
1359 1245
1360 1246
1361 1247
1362 1248
1363 1249
1364 1250
1365 1251
1366 1252
1367 1253
1368 1254
1369 1255
1370 1256
1371 1257
1372 1258
1373 1259
1374 4597
1375 1260
1376 1261
1377 1262
1378 1263
1379 1264
1380 1265
1381 1266
1382 4588
1383 4587
1384 1722
1385 1267
1386 1268
1387 1269
1388 1270
1389 1271
1390 1272
1391 1273
1392 1274
1393 1275
1394 1276
1395 1277
1396 1278
1397 1279
1398 1280
1399 1281
1400 1282
1401 1283
1402 1284
1403 1285
1404 1286
1405 1287
1406 1288
1407 1289
1408 1290
1409 1291
1410 1292
1411 1293
1412 1294
1413 1295
1414 1296
1415 1297
1416 1298
1417 1299
1418 1300
1419 1301
1420 1304
1421 1302
1422 1480
1423 6201
1424 4269
1425 1701
1426 1535
1427 1459
1428 1344
1429 3948
1430 1306
1431 1307
1432 1308
1433 1309
1434 1310
1435 1311
1436 1312
1437 1313
1438 1314
1439 1315
1440 1316
1441 1317
1442 1318
1443 1319
1444 1320
1445 1321
1446 1322
1447 1326
1448 1325
1449 1324
1450 1323
1451 6669
1452 4403
1453 4402
1454 1363
1455 1327
1456 1328
1457 1329
1458 1330
1459 1331
1460 1332
1461 1333
1462 1334
1463 1335
1464 1336
1465 1337
1466 1338
1467 1339
1468 1340
1469 1341
1470 1342
1471 1343
1472 1345
1473 1346
1474 1347
1475 1348
1476 1349
1477 1350
1478 1351
1479 1352
1480 1353
1481 1354
1482 1355
1483 1356
1484 1357
1485 1358
1486 1359
1487 1360
1488 1361
1489 1362
1490 1364
1491 1365
1492 1366
1493 1367
1494 1368
1495 1369
1496 1370
1497 1371
1498 1372
1499 1373
1500 1374
1501 1375
1502 1376
1503 1377
1504 1378
1505 1379
1506 1380
1507 1381
1508 1382
1509 1383
1510 1384
1511 1385
1512 1386
1513 1387
1514 1388
1515 1389
1516 1390
1517 1391
1518 1392
1519 1393
1520 1394
1521 1395
1522 7854
1523 1397
1524 1398
1525 1399
1526 1400
1527 1401
1528 1402
1529 1403
1530 1404
1531 1405
1532 1406
1533 1407
1534 1408
1535 1409
1536 1410
1537 1411
1538 1412
1539 1413
1540 1414
1541 1415
1542 1416
1543 1417
1544 1418
1545 1419
1546 1420
1547 1421
1548 1422
1549 8038
1550 8037
1551 6360
1552 5695
1553 2497
1554 1423
1555 1424
1556 1425
1557 1426
1558 1427
1559 1428
1560 1429
1561 1430
1562 1431
1563 1432
1564 1433
1565 1434
1566 1435
1567 1436
1568 1437
1569 1438
1570 1439
1571 1440
1572 1441
1573 1442
1574 1443
1575 1444
1576 1445
1577 1446
1578 1447
1579 1448
1580 1449
1581 1450
1582 1451
1583 1452
1584 1453
1585 1454
1586 1455
1587 1456
1588 1457
1589 1458
1590 1460
1591 5913
1592 5446
1593 5269
1594 4098
1595 3971
1596 3883
1597 3223
1598 1461
1599 1462
1600 1464
1601 1463
1602 1465
1603 1466
1604 1467
1605 1468
1606 1469
1607 1470
1608 1471
1609 1472
1610 1473
1611 1474
1612 1475
1613 1476
1614 1477
1615 1478
1616 1479
1617 1481
1618 1482
1619 1483
1620 1484
1621 1485
1622 1486
1623 1487
1624 1488
1625 1489
1626 1490
1627 1491
1628 1492
1629 1493
1630 1494
1631 1495
1632 1496
1633 1497
1634 1498
1635 1500
1636 1499
1637 1501
1638 1502
1639 1503
1640 1504
1641 1505
1642 1506
1643 1507
1644 1508
1645 1512
1646 1511
1647 1510
1648 1509
1649 2766
1650 1513
1651 1514
1652 1515
1653 1516
1654 1517
1655 1518
1656 1519
1657 1520
1658 1521
1659 1522
1660 1523
1661 1524
1662 1525
1663 1526
1664 1527
1665 1528
1666 1529
1667 1530
1668 1531
1669 1532
1670 1533
1671 1534
1672 1536
1673 1537
1674 1538
1675 1539
1676 1540
1677 1541
1678 1542
1679 1543
1680 1544
1681 1545
1682 1546
1683 1547
1684 1548
1685 1549
1686 1551
1687 1550
1688 1552
1689 1553
1690 1554
1691 1555
1692 1556
1693 1557
1694 1558
1695 1559
1696 1561
1697 1562
1698 1563
1699 1564
1700 1565
1701 1566
1702 1567
1703 1568
1704 1569
1705 1570
1706 1571
1707 1572
1708 1573
1709 1574
1710 1575
1711 1576
1712 1577
1713 1578
1714 1579
1715 1580
1716 1581
1717 1582
1718 1583
1719 1584
1720 1585
1721 1586
1722 1588
1723 1587
1724 8030
1725 4264
1726 1589
1727 1590
1728 1591
1729 1592
1730 1595
1731 1594
1732 1593
1733 7481
1734 7480
1735 7479
1736 7478
1737 7477
1738 7476
1739 6641
1740 3088
1741 1596
1742 1597
1743 1598
1744 1599
1745 1600
1746 1604
1747 1605
1748 1606
1749 1607
1750 1608
1751 1610
1752 1609
1753 1611
1754 1612
1755 1613
1756 1614
1757 1615
1758 1616
1759 1617
1760 1618
1761 1619
1762 1620
1763 1621
1764 1622
1765 1623
1766 1624
1767 1625
1768 1626
1769 1627
1770 1628
1771 1629
1772 1630
1773 1631
1774 1632
1775 1633
1776 1634
1777 1635
1778 1636
1779 1637
1780 1638
1781 1639
1782 1640
1783 1641
1784 1642
1785 1643
1786 1644
1787 1645
1788 1646
1789 1647
1790 1648
1791 1649
1792 1650
1793 1651
1794 1653
1795 1652
1796 1654
1797 1655
1798 1656
1799 1657
1800 1658
1801 1659
1802 1660
1803 1661
1804 1662
1805 1663
1806 7058
1807 7056
1808 7055
1809 6592
1810 1664
1811 1665
1812 1666
1813 1667
1814 1668
1815 1669
1816 1670
1817 1671
1818 1672
1819 1673
1820 1674
1821 1675
1822 1676
1823 1677
1824 1679
1825 1678
1826 1680
1827 1681
1828 1682
1829 1683
1830 7829
1831 1684
1832 1685
1833 1686
1834 1687
1835 6244
1836 3541
1837 3233
1838 3157
1839 1688
1840 1689
1841 1690
1842 1691
1843 1692
1844 1693
1845 1694
1846 1695
1847 1696
1848 1697
1849 1698
1850 1699
1851 1700
1852 1702
1853 1703
1854 1704
1855 1705
1856 1706
1857 1707
1858 1708
1859 1709
1860 1710
1861 7245
1862 1712
1863 1713
1864 1714
1865 1715
1866 1716
1867 1717
1868 1718
1869 1719
1870 1720
1871 1721
1872 1723
1873 1725
1874 1724
1875 1726
1876 1727
1877 1728
1878 1729
1879 1730
1880 1731
1881 1732
1882 1733
1883 1734
1884 1735
1885 1736
1886 1737
1887 1738
1888 1739
1889 1740
1890 1741
1891 1742
1892 1743
1893 1744
1894 1745
1895 1746
1896 1747
1897 1748
1898 1749
1899 1750
1900 1751
1901 1752
1902 1753
1903 1754
1904 1755
1905 1756
1906 1757
1907 1759
1908 1758
1909 1760
1910 1762
1911 1761
1912 1763
1913 1764
1914 1765
1915 1766
1916 1768
1917 1769
1918 1770
1919 1771
1920 1772
1921 1773
1922 1774
1923 1775
1924 1777
1925 1776
1926 1778
1927 1779
1928 1780
1929 1781
1930 1782
1931 1783
1932 1784
1933 1785
1934 1786
1935 1787
1936 1788
1937 1790
1938 1789
1939 7507
1940 3695
1941 3694
1942 1791
1943 1792
1944 1793
1945 1794
1946 1795
1947 1796
1948 1798
1949 1797
1950 1799
1951 1800
1952 1801
1953 1802
1954 1803
1955 1804
1956 1805
1957 1806
1958 1807
1959 1808
1960 1809
1961 1810
1962 1811
1963 1812
1964 1813
1965 1814
1966 1815
1967 1816
1968 1817
1969 1818
1970 1819
1971 3116
1972 1820
1973 1821
1974 1822
1975 1823
1976 1824
1977 1825
1978 1826
1979 1827
1980 1828
1981 1829
1982 1830
1983 1831
1984 1832
1985 1833
1986 1834
1987 1835
1988 1836
1989 1837
1990 1839
1991 1838
1992 1840
1993 1841
1994 1843
1995 1842
1996 1844
1997 1845
1998 1846
1999 1847
2000 1848
2001 1849
2002 1850
2003 1851
2004 1852
2005 1853
2006 1854
2007 1855
2008 1856
2009 1857
2010 1858
2011 1859
2012 1860
2013 1861
2014 1862
2015 1863
2016 1865
2017 1864
2018 1866
2019 1867
2020 1868
2021 1869
2022 1870
2023 1871
2024 1872
2025 1873
2026 1874
2027 1875
2028 1876
2029 2883
2030 1877
2031 1878
2032 1879
2033 1880
2034 1881
2035 1887
2036 1886
2037 1885
2038 1884
2039 1882
2040 1888
2041 1889
2042 1890
2043 1891
2044 1892
2045 1894
2046 1895
2047 1896
2048 1897
2049 1898
2050 1899
2051 1900
2052 1901
2053 1902
2054 1903
2055 1904
2056 1905
2057 1906
2058 1907
2059 1908
2060 1909
2061 1910
2062 1911
2063 1912
2064 1913
2065 1914
2066 1915
2067 1916
2068 1917
2069 1918
2070 1920
2071 1921
2072 1922
2073 1923
2074 1924
2075 1925
2076 1926
2077 1927
2078 1928
2079 1929
2080 1930
2081 1931
2082 1932
2083 1934
2084 1935
2085 1936
2086 1937
2087 1938
2088 1939
2089 1940
2090 1941
2091 1942
2092 1943
2093 1944
2094 1945
2095 1946
2096 1947
2097 1948
2098 1949
2099 1950
2100 1951
2101 1952
2102 1953
2103 1954
2104 1955
2105 1956
2106 1957
2107 1958
2108 1959
2109 1960
2110 1961
2111 1962
2112 1963
2113 6748
2114 4941
2115 2929
2116 1964
2117 4943
2118 4942
2119 1965
2120 1966
2121 1967
2122 1968
2123 1969
2124 1970
2125 1971
2126 1972
2127 1973
2128 1974
2129 1975
2130 1976
2131 1977
2132 1978
2133 1979
2134 1980
2135 1981
2136 1983
2137 1982
2138 1984
2139 1985
2140 1986
2141 1987
2142 1988
2143 1989
2144 1990
2145 1991
2146 1992
2147 1993
2148 1994
2149 1995
2150 6792
2151 3252
2152 1997
2153 1996
2154 1998
2155 1999
2156 2000
2157 2001
2158 2002
2159 2003
2160 2004
2161 2005
2162 2006
2163 2007
2164 2008
2165 2009
2166 2010
2167 2011
2168 2012
2169 2013
2170 2014
2171 2015
2172 2016
2173 2017
2174 2018
2175 2019
2176 2020
2177 2021
2178 2022
2179 2023
2180 2024
2181 2025
2182 2026
2183 2027
2184 2028
2185 2029
2186 2030
2187 2031
2188 2032
2189 2033
2190 2034
2191 2035
2192 2036
2193 2037
2194 2038
2195 2039
2196 2040
2197 2041
2198 2042
2199 2043
2200 2044
2201 6116
2202 5796
2203 2045
2204 2046
2205 2047
2206 2048
2207 2049
2208 2050
2209 2051
2210 2052
2211 2053
2212 2054
2213 2055
2214 2056
2215 2057
2216 2058
2217 2059
2218 2060
2219 2061
2220 2062
2221 2063
2222 2064
2223 2065
2224 2066
2225 2067
2226 2068
2227 2069
2228 2070
2229 2071
2230 2072
2231 2073
2232 2074
2233 2075
2234 2076
2235 2077
2236 2078
2237 2079
2238 2080
2239 2081
2240 2082
2241 2083
2242 2084
2243 2085
2244 2086
2245 2087
2246 2721
2247 2088
2248 2089
2249 2090
2250 2091
2251 2092
2252 2093
2253 2094
2254 2095
2255 2096
2256 2097
2257 2098
2258 2099
2259 2100
2260 2101
2261 2102
2262 2103
2263 2104
2264 2105
2265 2106
2266 2107
2267 2108
2268 2109
2269 2110
2270 2111
2271 2112
2272 2113
2273 2114
2274 2115
2275 2116
2276 2117
2277 2121
2278 2120
2279 2119
2280 2118
2281 6060
2282 4371
2283 4370
2284 4369
2285 6921
2286 2122
2287 2123
2288 2124
2289 2125
2290 2126
2291 2127
2292 2128
2293 2129
2294 2131
2295 2132
2296 2133
2297 2134
2298 2139
2299 2136
2300 2141
2301 2142
2302 2143
2303 2144
2304 2145
2305 2146
2306 2148
2307 2149
2308 2150
2309 2151
2310 2152
2311 2153
2312 2155
2313 2154
2314 2156
2315 2157
2316 2158
2317 2159
2318 2160
2319 2161
2320 2162
2321 2163
2322 2164
2323 2167
2324 2165
2325 2166
2326 2168
2327 2169
2328 2170
2329 2171
2330 2172
2331 2173
2332 2174
2333 2175
2334 2176
2335 2177
2336 2178
2337 2179
2338 2180
2339 2181
2340 2182
2341 2183
2342 2184
2343 2185
2344 2186
2345 2187
2346 2188
2347 2189
2348 2190
2349 2191
2350 2192
2351 2193
2352 2194
2353 2195
2354 2196
2355 2197
2356 2198
2357 2200
2358 2199
2359 2201
2360 2202
2361 2203
2362 2204
2363 2205
2364 2206
2365 2207
2366 2209
2367 2210
2368 2211
2369 2212
2370 2213
2371 2214
2372 2215
2373 2216
2374 2217
2375 2218
2376 2219
2377 2220
2378 2221
2379 2222
2380 2223
2381 2224
2382 2225
2383 2226
2384 2227
2385 2228
2386 2229
2387 2230
2388 2231
2389 2232
2390 2233
2391 2234
2392 2236
2393 2237
2394 2238
2395 2239
2396 2240
2397 2241
2398 2242
2399 2243
2400 2244
2401 2247
2402 2248
2403 2249
2404 2250
2405 4266
2406 3712
2407 2904
2408 2252
2409 2254
2410 2253
2411 2255
2412 2256
2413 2257
2414 2258
2415 2260
2416 2259
2417 2261
2418 2262
2419 2263
2420 2264
2421 2265
2422 2266
2423 2267
2424 2268
2425 2269
2426 2270
2427 2271
2428 2272
2429 2273
2430 2274
2431 2275
2432 2276
2433 2277
2434 8045
2435 8044
2436 7957
2437 7079
2438 6448
2439 4483
2440 4246
2441 2279
2442 2280
2443 2282
2444 2281
2445 2283
2446 2284
2447 2285
2448 2286
2449 2287
2450 2288
2451 2289
2452 4346
2453 4345
2454 2290
2455 2291
2456 2292
2457 2293
2458 2294
2459 2295
2460 2296
2461 2297
2462 2298
2463 2299
2464 2300
2465 2301
2466 2303
2467 2302
2468 2304
2469 2305
2470 2306
2471 2307
2472 2308
2473 2309
2474 2310
2475 2311
2476 2312
2477 2313
2478 2314
2479 2315
2480 2316
2481 2317
2482 2318
2483 2319
2484 2320
2485 2321
2486 2322
2487 2323
2488 2324
2489 2325
2490 2330
2491 2328
2492 2327
2493 2326
2494 2331
2495 2332
2496 2333
2497 2334
2498 2335
2499 2336
2500 2337
2501 2338
2502 2339
2503 2340
2504 2341
2505 2342
2506 2343
2507 2344
2508 2346
2509 2345
2510 7051
2511 2347
2512 2348
2513 2349
2514 2350
2515 2351
2516 2352
2517 2353
2518 2354
2519 2355
2520 2356
2521 2357
2522 2358
2523 2359
2524 2360
2525 2361
2526 2362
2527 2363
2528 2364
2529 2365
2530 2366
2531 2367
2532 2368
2533 2369
2534 2370
2535 2371
2536 2372
2537 2373
2538 2374
2539 2375
2540 2376
2541 2377
2542 2378
2543 2379
2544 2380
2545 2381
2546 2382
2547 2383
2548 2384
2549 2385
2550 2387
2551 2386
2552 2388
2553 2389
2554 2390
2555 2391
2556 2392
2557 2393
2558 2394
2559 2395
2560 2396
2561 2397
2562 2398
2563 2399
2564 2400
2565 2401
2566 2402
2567 2403
2568 2404
2569 2405
2570 2406
2571 2407
2572 2408
2573 2409
2574 2410
2575 2411
2576 2412
2577 2413
2578 2414
2579 2415
2580 2416
2581 2417
2582 2418
2583 2419
2584 2420
2585 2421
2586 2422
2587 2423
2588 2424
2589 2425
2590 2426
2591 2427
2592 2428
2593 2430
2594 2429
2595 2431
2596 2432
2597 2433
2598 2434
2599 2435
2600 2436
2601 2437
2602 2438
2603 2439
2604 2440
2605 2441
2606 2442
2607 2443
2608 2444
2609 2445
2610 2446
2611 2447
2612 2448
2613 2449
2614 2450
2615 2451
2616 2452
2617 2453
2618 2454
2619 2455
2620 2456
2621 2459
2622 2458
2623 2457
2624 2460
2625 2461
2626 2462
2627 2463
2628 2464
2629 2465
2630 2466
2631 2468
2632 2467
2633 2469
2634 2470
2635 2472
2636 2471
2637 2473
2638 2474
2639 2475
2640 2476
2641 2477
2642 2478
2643 2479
2644 2480
2645 2481
2646 2482
2647 2483
2648 2485
2649 2484
2650 5944
2651 2486
2652 2487
2653 2488
2654 6582
2655 2490
2656 2491
2657 2492
2658 2493
2659 2494
2660 2495
2661 2496
2662 7230
2663 7229
2664 7228
2665 7227
2666 7226
2667 7225
2668 7224
2669 7223
2670 7153
2671 6521
2672 6124
2673 5794
2674 5006
2675 3065
2676 2498
2677 2499
2678 2500
2679 2501
2680 2502
2681 2503
2682 2504
2683 2505
2684 2506
2685 2507
2686 2508
2687 2509
2688 2510
2689 2511
2690 2512
2691 2513
2692 2514
2693 2515
2694 2516
2695 2517
2696 2518
2697 2519
2698 2520
2699 2521
2700 2523
2701 2522
2702 6511
2703 6510
2704 6487
2705 2524
2706 2525
2707 2526
2708 2527
2709 2528
2710 2529
2711 2530
2712 2531
2713 2532
2714 2533
2715 2534
2716 2535
2717 2536
2718 2537
2719 2538
2720 2539
2721 2540
2722 2541
2723 2542
2724 2543
2725 2544
2726 2545
2727 2546
2728 2547
2729 2548
2730 2549
2731 2550
2732 2551
2733 2552
2734 2553
2735 2554
2736 2555
2737 2556
2738 2557
2739 2558
2740 2559
2741 2560
2742 2561
2743 2562
2744 2563
2745 2564
2746 2565
2747 2566
2748 2567
2749 2568
2750 2569
2751 2570
2752 2571
2753 2572
2754 2573
2755 2574
2756 2575
2757 2576
2758 2577
2759 2578
2760 2579
2761 2580
2762 2581
2763 2582
2764 2583
2765 2584
2766 2585
2767 2586
2768 2587
2769 2588
2770 2589
2771 2590
2772 2591
2773 2592
2774 2593
2775 2594
2776 2595
2777 2596
2778 2597
2779 2598
2780 2599
2781 2600
2782 2601
2783 2602
2784 2603
2785 2604
2786 2605
2787 2606
2788 2607
2789 2612
2790 2611
2791 2610
2792 2609
2793 2608
2794 2613
2795 2614
2796 2615
2797 2616
2798 2617
2799 2618
2800 2619
2801 2620
2802 2621
2803 2622
2804 2623
2805 2624
2806 2625
2807 2626
2808 2627
2809 2628
2810 2629
2811 2630
2812 2632
2813 2631
2814 2633
2815 2634
2816 2635
2817 2636
2818 2637
2819 2638
2820 2639
2821 2640
2822 2641
2823 2642
2824 2643
2825 2644
2826 2645
2827 2646
2828 2647
2829 2648
2830 2649
2831 2650
2832 2651
2833 2652
2834 2653
2835 2654
2836 2655
2837 2656
2838 2657
2839 2660
2840 2659
2841 2658
2842 3310
2843 2661
2844 2662
2845 2663
2846 2664
2847 2665
2848 2666
2849 2667
2850 2668
2851 2669
2852 2670
2853 2671
2854 2672
2855 2673
2856 2674
2857 2675
2858 2676
2859 2677
2860 2678
2861 2679
2862 2680
2863 2681
2864 2682
2865 2683
2866 2684
2867 2685
2868 2686
2869 2687
2870 2688
2871 2689
2872 2690
2873 2691
2874 2692
2875 2693
2876 2694
2877 2695
2878 2696
2879 2697
2880 2698
2881 2699
2882 2700
2883 2701
2884 2702
2885 2703
2886 2704
2887 2705
2888 2706
2889 2707
2890 2708
2891 2709
2892 2710
2893 2711
2894 2712
2895 2713
2896 2714
2897 2715
2898 2716
2899 2717
2900 2718
2901 2719
2902 2720
2903 2724
2904 2725
2905 2726
2906 2727
2907 2728
2908 2730
2909 2731
2910 2732
2911 2733
2912 2734
2913 2735
2914 2736
2915 2737
2916 2738
2917 2739
2918 2740
2919 2741
2920 2742
2921 2743
2922 2744
2923 2745
2924 2746
2925 2747
2926 2748
2927 2749
2928 2750
2929 2751
2930 2752
2931 2753
2932 2754
2933 2755
2934 2756
2935 2757
2936 2758
2937 2759
2938 2760
2939 2761
2940 2762
2941 2763
2942 2764
2943 2765
2944 2768
2945 2772
2946 2769
2947 2767
2948 6612
2949 2773
2950 2774
2951 2775
2952 2776
2953 2777
2954 2778
2955 2779
2956 2780
2957 2781
2958 2782
2959 2783
2960 2784
2961 2785
2962 2786
2963 2787
2964 2788
2965 2789
2966 2791
2967 2790
2968 2792
2969 2793
2970 5101
2971 2794
2972 2795
2973 2796
2974 2797
2975 2798
2976 2799
2977 2800
2978 2801
2979 2802
2980 2803
2981 2804
2982 2805
2983 2806
2984 2807
2985 2808
2986 2809
2987 2810
2988 2811
2989 2812
2990 2813
2991 2814
2992 2815
2993 2816
2994 2817
2995 2818
2996 2819
2997 2820
2998 2821
2999 2822
3000 2823
3001 2824
3002 2825
3003 2826
3004 2827
3005 2828
3006 2829
3007 2830
3008 2831
3009 2832
3010 2833
3011 2835
3012 2834
3013 2836
3014 2837
3015 6196
3016 2838
3017 2839
3018 2840
3019 2841
3020 2842
3021 2843
3022 2844
3023 2846
3024 2845
3025 2847
3026 2848
3027 2849
3028 2850
3029 2851
3030 2852
3031 2853
3032 2854
3033 6237
3034 2855
3035 2857
3036 2858
3037 2859
3038 2860
3039 2861
3040 2862
3041 2863
3042 2865
3043 2864
3044 7493
3045 6741
3046 2866
3047 2867
3048 2868
3049 2869
3050 2870
3051 2871
3052 2872
3053 2873
3054 2874
3055 2875
3056 2876
3057 2877
3058 2878
3059 2879
3060 2880
3061 2881
3062 2882
3063 2884
3064 2885
3065 2886
3066 2887
3067 2888
3068 2889
3069 2890
3070 2891
3071 2892
3072 2893
3073 2894
3074 2895
3075 2896
3076 2897
3077 2898
3078 2899
3079 2900
3080 2901
3081 2902
3082 2903
3083 2905
3084 2906
3085 2907
3086 2908
3087 2909
3088 2910
3089 2911
3090 2912
3091 2913
3092 2914
3093 2915
3094 2916
3095 2917
3096 2918
3097 2919
3098 2920
3099 2921
3100 2922
3101 2923
3102 2924
3103 2925
3104 2926
3105 2927
3106 2928
3107 2930
3108 2931
3109 2932
3110 2933
3111 2934
3112 2935
3113 2937
3114 2936
3115 2938
3116 2939
3117 2940
3118 2941
3119 2942
3120 2943
3121 2944
3122 2945
3123 2946
3124 2947
3125 2948
3126 2949
3127 2950
3128 2951
3129 2952
3130 2953
3131 2954
3132 2955
3133 2956
3134 2957
3135 2958
3136 2959
3137 2960
3138 2961
3139 2962
3140 2963
3141 2964
3142 2965
3143 2966
3144 2967
3145 2968
3146 2969
3147 2970
3148 2971
3149 2972
3150 2973
3151 2974
3152 2975
3153 2976
3154 2977
3155 2978
3156 2979
3157 2980
3158 2981
3159 2982
3160 2983
3161 2984
3162 2985
3163 2986
3164 2987
3165 2988
3166 2989
3167 2990
3168 2991
3169 2992
3170 2993
3171 2994
3172 2995
3173 2996
3174 2997
3175 2998
3176 2999
3177 3000
3178 3001
3179 3002
3180 3003
3181 3004
3182 3005
3183 3006
3184 3007
3185 3008
3186 3009
3187 3010
3188 3011
3189 3012
3190 3013
3191 3014
3192 3015
3193 3016
3194 3017
3195 3018
3196 3019
3197 3020
3198 3021
3199 3022
3200 3023
3201 3024
3202 3025
3203 3026
3204 3027
3205 3031
3206 3029
3207 3028
3208 6212
3209 6856
3210 4199
3211 3032
3212 3033
3213 3034
3214 3035
3215 3036
3216 3037
3217 3038
3218 3039
3219 3040
3220 3041
3221 3042
3222 3044
3223 3043
3224 3045
3225 3046
3226 7076
3227 3047
3228 3048
3229 3049
3230 3050
3231 3052
3232 3051
3233 3053
3234 3054
3235 3055
3236 3056
3237 3057
3238 3058
3239 3059
3240 3060
3241 3061
3242 3062
3243 3063
3244 3066
3245 3064
3246 3067
3247 3068
3248 3069
3249 3070
3250 3071
3251 3072
3252 3073
3253 3074
3254 3075
3255 3076
3256 3077
3257 3078
3258 3079
3259 3080
3260 3081
3261 3082
3262 3083
3263 3084
3264 3085
3265 3087
3266 3086
3267 3089
3268 3090
3269 3091
3270 3092
3271 3093
3272 3094
3273 3095
3274 3096
3275 3097
3276 3098
3277 3099
3278 3100
3279 3101
3280 3102
3281 3103
3282 3104
3283 3105
3284 3106
3285 3107
3286 3108
3287 3109
3288 3110
3289 3111
3290 3962
3291 3961
3292 3112
3293 3113
3294 3114
3295 3115
3296 3117
3297 3118
3298 3119
3299 3120
3300 3121
3301 3122
3302 3123
3303 3124
3304 3125
3305 3128
3306 3127
3307 3126
3308 5751
3309 5750
3310 5749
3311 3129
3312 3130
3313 3131
3314 3132
3315 3133
3316 3134
3317 3135
3318 3136
3319 3137
3320 3138
3321 3139
3322 3140
3323 3141
3324 3142
3325 3143
3326 3144
3327 3145
3328 3146
3329 3147
3330 3148
3331 3149
3332 3150
3333 3151
3334 3152
3335 3153
3336 3154
3337 3155
3338 7972
3339 6872
3340 4197
3341 4196
3342 3156
3343 6064
3344 3158
3345 3159
3346 3160
3347 3161
3348 3162
3349 3163
3350 3164
3351 3165
3352 3166
3353 3167
3354 3168
3355 3169
3356 3170
3357 3171
3358 3172
3359 3174
3360 3173
3361 3175
3362 3176
3363 3177
3364 3178
3365 3179
3366 3180
3367 3181
3368 3182
3369 3183
3370 3184
3371 3185
3372 3186
3373 3187
3374 3188
3375 3189
3376 3190
3377 3191
3378 3192
3379 3193
3380 3194
3381 3195
3382 3196
3383 3197
3384 7335
3385 3199
3386 3200
3387 3202
3388 3203
3389 3204
3390 3205
3391 3206
3392 3207
3393 3208
3394 3209
3395 3210
3396 3211
3397 3212
3398 3213
3399 3214
3400 3215
3401 3216
3402 3218
3403 3219
3404 3220
3405 3221
3406 3222
3407 3224
3408 3225
3409 3226
3410 3227
3411 7569
3412 3228
3413 3229
3414 3230
3415 3231
3416 3232
3417 3234
3418 3235
3419 3236
3420 3238
3421 3237
3422 3239
3423 3242
3424 3241
3425 3240
3426 3243
3427 3244
3428 3245
3429 3246
3430 3247
3431 3248
3432 3249
3433 3250
3434 3255
3435 3254
3436 3251
3437 3256
3438 3257
3439 3258
3440 3259
3441 3260
3442 3261
3443 3262
3444 3263
3445 3264
3446 3265
3447 3266
3448 3267
3449 3268
3450 3269
3451 3270
3452 3271
3453 3272
3454 3273
3455 3274
3456 3276
3457 3275
3458 3277
3459 3278
3460 3279
3461 3280
3462 3281
3463 3282
3464 3283
3465 3284
3466 3285
3467 3286
3468 3287
3469 3288
3470 3289
3471 3290
3472 3291
3473 3292
3474 3293
3475 3294
3476 3295
3477 3296
3478 3297
3479 3298
3480 3299
3481 3300
3482 3301
3483 3302
3484 3303
3485 3304
3486 3305
3487 3306
3488 3308
3489 3307
3490 3309
3491 3311
3492 3312
3493 3314
3494 3313
3495 3315
3496 3316
3497 3317
3498 3318
3499 3319
3500 3320
3501 3321
3502 3322
3503 3323
3504 3324
3505 3325
3506 3326
3507 3327
3508 3328
3509 3329
3510 3330
3511 3331
3512 3332
3513 3333
3514 3334
3515 3335
3516 3336
3517 3337
3518 3338
3519 3339
3520 3340
3521 3341
3522 3342
3523 3343
3524 3344
3525 3345
3526 3346
3527 3347
3528 3348
3529 3349
3530 3350
3531 3352
3532 3353
3533 3354
3534 3355
3535 3356
3536 3357
3537 3358
3538 3359
3539 3360
3540 3361
3541 3362
3542 3363
3543 5472
3544 3364
3545 3365
3546 3366
3547 3367
3548 4727
3549 4725
3550 3643
3551 3369
3552 3368
3553 3370
3554 3371
3555 3372
3556 3373
3557 3374
3558 3375
3559 3376
3560 3377
3561 3378
3562 3379
3563 3380
3564 3381
3565 3382
3566 3383
3567 3384
3568 3385
3569 3386
3570 3387
3571 3388
3572 3389
3573 3390
3574 3391
3575 3392
3576 3393
3577 3394
3578 3395
3579 3396
3580 3397
3581 3398
3582 3399
3583 3400
3584 3401
3585 3402
3586 3403
3587 3405
3588 3406
3589 3404
3590 3407
3591 3408
3592 3409
3593 3410
3594 3411
3595 3412
3596 3413
3597 3414
3598 3415
3599 3416
3600 3417
3601 3418
3602 3419
3603 3420
3604 3421
3605 3422
3606 3423
3607 3424
3608 3425
3609 3426
3610 3427
3611 3428
3612 3429
3613 3430
3614 3431
3615 3432
3616 3433
3617 3434
3618 3435
3619 3436
3620 3437
3621 3440
3622 3439
3623 3438
3624 3441
3625 3442
3626 3443
3627 3444
3628 3445
3629 3446
3630 3447
3631 3448
3632 3449
3633 3450
3634 3451
3635 3452
3636 3453
3637 3454
3638 3455
3639 3456
3640 3457
3641 3458
3642 3459
3643 3461
3644 3460
3645 3462
3646 3463
3647 3464
3648 3465
3649 3466
3650 3468
3651 3469
3652 3470
3653 3471
3654 3472
3655 3473
3656 3474
3657 3475
3658 3476
3659 3477
3660 3478
3661 3479
3662 3480
3663 3481
3664 3482
3665 3483
3666 3484
3667 3485
3668 3486
3669 3487
3670 3488
3671 3489
3672 3490
3673 3491
3674 3492
3675 3493
3676 3494
3677 3495
3678 3496
3679 3497
3680 3498
3681 3499
3682 3500
3683 3501
3684 3502
3685 3503
3686 3504
3687 3505
3688 3506
3689 3507
3690 3508
3691 3509
3692 3510
3693 3511
3694 3512
3695 3513
3696 3514
3697 3515
3698 3516
3699 3517
3700 3518
3701 3519
3702 3520
3703 3521
3704 3522
3705 3523
3706 3524
3707 3525
3708 3526
3709 5298
3710 3527
3711 3528
3712 3529
3713 3530
3714 3531
3715 3532
3716 3538
3717 3537
3718 3536
3719 3535
3720 3534
3721 3533
3722 3539
3723 3540
3724 3542
3725 3543
3726 3544
3727 3545
3728 3546
3729 3547
3730 7889
3731 3551
3732 3552
3733 3553
3734 3554
3735 3555
3736 3556
3737 3557
3738 3558
3739 3559
3740 3560
3741 3561
3742 3562
3743 3563
3744 3564
3745 3565
3746 3566
3747 3567
3748 3568
3749 3569
3750 3570
3751 3571
3752 3572
3753 3573
3754 3574
3755 3575
3756 3576
3757 3577
3758 3578
3759 3579
3760 3580
3761 3581
3762 6082
3763 3582
3764 3583
3765 3584
3766 3585
3767 3586
3768 3587
3769 3588
3770 3589
3771 3591
3772 3590
3773 3592
3774 3593
3775 3595
3776 7955
3777 7954
3778 7865
3779 3596
3780 3597
3781 3598
3782 3599
3783 3600
3784 3601
3785 3602
3786 3603
3787 3604
3788 3605
3789 3606
3790 3607
3791 3608
3792 3609
3793 3610
3794 3612
3795 3613
3796 3614
3797 3615
3798 3616
3799 3617
3800 3618
3801 3619
3802 3620
3803 3621
3804 3622
3805 3623
3806 3624
3807 3625
3808 3626
3809 3627
3810 3628
3811 3629
3812 3630
3813 3631
3814 3633
3815 3634
3816 3635
3817 3636
3818 3637
3819 3638
3820 3639
3821 3640
3822 3641
3823 3642
3824 3644
3825 3645
3826 3646
3827 3647
3828 3648
3829 3649
3830 3650
3831 3651
3832 3652
3833 3653
3834 3654
3835 3655
3836 3656
3837 3657
3838 3658
3839 3659
3840 3660
3841 3661
3842 3662
3843 3663
3844 3664
3845 3665
3846 3666
3847 3667
3848 3668
3849 3669
3850 3670
3851 3671
3852 3672
3853 3673
3854 3674
3855 3675
3856 3676
3857 3677
3858 3678
3859 3679
3860 3680
3861 3681
3862 3682
3863 3683
3864 3684
3865 3685
3866 3686
3867 3687
3868 3688
3869 3689
3870 3691
3871 3690
3872 3692
3873 3693
3874 3696
3875 5198
3876 3697
3877 3698
3878 3699
3879 3700
3880 3701
3881 3702
3882 3703
3883 3704
3884 3705
3885 3706
3886 6887
3887 3708
3888 3709
3889 3710
3890 3711
3891 3713
3892 3714
3893 3715
3894 3716
3895 3717
3896 7509
3897 7377
3898 7206
3899 3718
3900 3719
3901 3720
3902 3722
3903 3721
3904 3723
3905 3724
3906 3725
3907 3726
3908 3727
3909 3728
3910 3729
3911 3730
3912 3731
3913 3732
3914 3733
3915 3734
3916 3735
3917 3737
3918 3738
3919 3739
3920 3740
3921 3741
3922 3742
3923 3743
3924 3744
3925 3745
3926 3746
3927 3747
3928 3748
3929 3749
3930 3750
3931 3751
3932 3752
3933 3753
3934 3754
3935 3755
3936 3756
3937 3757
3938 3758
3939 3759
3940 3760
3941 3761
3942 3762
3943 3763
3944 3764
3945 3765
3946 3766
3947 3767
3948 3768
3949 3769
3950 3770
3951 3771
3952 3772
3953 3773
3954 3774
3955 3775
3956 3776
3957 3777
3958 3778
3959 3779
3960 3780
3961 3781
3962 3782
3963 3783
3964 3784
3965 3785
3966 3786
3967 3787
3968 3788
3969 3789
3970 3790
3971 3791
3972 3792
3973 3793
3974 3794
3975 3795
3976 3796
3977 3797
3978 3798
3979 3799
3980 3800
3981 3801
3982 3802
3983 3803
3984 3804
3985 3805
3986 3806
3987 3807
3988 3808
3989 3809
3990 3810
3991 3811
3992 3812
3993 3813
3994 3814
3995 3815
3996 3816
3997 3817
3998 3818
3999 3819
4000 3820
4001 3821
4002 3822
4003 3823
4004 3824
4005 3825
4006 3826
4007 3827
4008 3828
4009 3829
4010 3830
4011 3831
4012 3832
4013 3833
4014 3834
4015 3835
4016 3836
4017 3837
4018 3838
4019 3839
4020 3840
4021 3841
4022 3842
4023 3843
4024 3844
4025 3845
4026 3846
4027 3847
4028 3848
4029 3849
4030 3850
4031 3851
4032 3852
4033 3853
4034 3854
4035 3855
4036 3856
4037 3857
4038 3858
4039 3859
4040 3860
4041 3861
4042 3862
4043 3863
4044 3864
4045 3865
4046 3866
4047 3867
4048 3868
4049 3869
4050 3870
4051 3871
4052 3872
4053 3873
4054 3874
4055 3875
4056 3876
4057 3877
4058 5515
4059 5514
4060 5513
4061 4026
4062 3879
4063 3878
4064 3880
4065 3881
4066 3882
4067 3884
4068 3885
4069 3886
4070 3887
4071 7452
4072 3888
4073 3889
4074 3890
4075 3891
4076 3892
4077 3893
4078 3894
4079 3895
4080 3896
4081 3897
4082 3898
4083 3899
4084 3900
4085 3901
4086 3902
4087 3903
4088 3904
4089 3908
4090 3907
4091 3906
4092 3905
4093 3909
4094 3910
4095 3911
4096 6667
4097 3912
4098 3913
4099 3914
4100 3915
4101 3916
4102 3917
4103 3918
4104 3919
4105 3920
4106 3921
4107 3922
4108 3927
4109 3926
4110 3925
4111 3924
4112 3923
4113 3928
4114 3929
4115 3930
4116 3931
4117 3932
4118 3933
4119 3934
4120 3935
4121 3936
4122 3937
4123 3938
4124 3939
4125 3940
4126 3941
4127 3942
4128 3943
4129 3944
4130 3945
4131 3946
4132 3947
4133 3949
4134 3950
4135 3951
4136 3952
4137 3953
4138 3954
4139 3955
4140 3956
4141 3957
4142 3958
4143 3959
4144 3960
4145 3963
4146 3964
4147 3965
4148 3966
4149 3967
4150 3968
4151 3969
4152 3970
4153 3972
4154 3973
4155 3974
4156 3975
4157 3976
4158 3977
4159 3978
4160 3979
4161 3980
4162 3981
4163 3982
4164 3983
4165 3984
4166 3985
4167 3986
4168 3987
4169 3988
4170 3989
4171 3990
4172 3991
4173 3992
4174 3993
4175 3994
4176 3995
4177 3996
4178 3997
4179 3998
4180 4000
4181 3999
4182 4001
4183 4002
4184 4004
4185 4005
4186 4006
4187 4007
4188 4008
4189 4009
4190 4010
4191 4011
4192 4012
4193 4013
4194 4014
4195 4015
4196 4016
4197 4017
4198 4018
4199 4019
4200 4021
4201 4020
4202 4022
4203 4023
4204 4024
4205 4025
4206 4027
4207 4028
4208 4029
4209 4030
4210 4031
4211 4032
4212 4033
4213 4034
4214 4035
4215 4036
4216 4037
4217 4038
4218 4039
4219 4040
4220 4041
4221 4042
4222 4043
4223 4044
4224 4045
4225 4046
4226 4047
4227 4048
4228 4049
4229 4050
4230 4051
4231 4052
4232 4053
4233 4054
4234 4055
4235 4056
4236 4057
4237 4058
4238 4059
4239 4060
4240 4061
4241 4062
4242 4063
4243 4064
4244 4065
4245 4066
4246 4067
4247 4068
4248 4069
4249 4070
4250 4071
4251 4072
4252 4073
4253 4074
4254 4075
4255 4076
4256 4077
4257 4078
4258 4079
4259 4080
4260 4081
4261 4082
4262 4083
4263 4084
4264 4086
4265 4087
4266 4088
4267 4089
4268 4090
4269 4091
4270 4092
4271 4093
4272 4094
4273 4095
4274 4096
4275 4097
4276 4099
4277 4100
4278 4101
4279 4102
4280 4103
4281 4104
4282 4105
4283 4106
4284 4107
4285 4108
4286 4109
4287 4110
4288 4111
4289 4112
4290 4113
4291 4114
4292 4115
4293 4116
4294 4117
4295 4118
4296 4119
4297 4120
4298 4121
4299 4122
4300 4123
4301 4124
4302 4125
4303 4126
4304 4127
4305 4129
4306 4128
4307 4130
4308 4131
4309 4132
4310 4133
4311 4134
4312 4135
4313 4136
4314 4137
4315 4138
4316 4140
4317 4139
4318 4141
4319 4142
4320 4143
4321 4144
4322 4145
4323 4146
4324 4147
4325 4148
4326 4149
4327 4150
4328 4151
4329 4152
4330 4153
4331 4154
4332 4155
4333 4156
4334 4157
4335 4158
4336 4159
4337 4162
4338 4161
4339 4160
4340 4163
4341 4164
4342 4165
4343 4166
4344 4167
4345 4168
4346 4169
4347 4171
4348 4170
4349 4172
4350 4173
4351 4174
4352 4175
4353 4176
4354 4177
4355 4178
4356 4179
4357 4180
4358 4181
4359 4182
4360 4183
4361 4184
4362 4185
4363 4186
4364 4187
4365 4188
4366 4189
4367 4194
4368 4195
4369 4198
4370 4200
4371 4201
4372 4202
4373 4203
4374 4204
4375 4205
4376 4206
4377 4207
4378 4208
4379 4210
4380 4209
4381 4294
4382 4211
4383 4212
4384 4213
4385 4214
4386 4215
4387 4216
4388 4217
4389 4218
4390 4219
4391 4220
4392 4221
4393 7231
4394 4222
4395 4223
4396 4224
4397 4225
4398 4226
4399 4227
4400 4228
4401 4229
4402 4230
4403 4231
4404 4232
4405 4233
4406 4234
4407 4235
4408 4236
4409 4237
4410 4238
4411 4239
4412 4240
4413 4241
4414 4242
4415 4243
4416 4244
4417 4245
4418 4247
4419 4248
4420 4249
4421 4250
4422 4252
4423 4251
4424 5916
4425 7788
4426 7526
4427 7391
4428 7257
4429 7256
4430 7255
4431 7254
4432 6795
4433 6400
4434 5277
4435 4939
4436 4254
4437 4255
4438 4256
4439 4257
4440 4258
4441 4259
4442 4260
4443 4261
4444 4262
4445 4263
4446 4265
4447 4267
4448 4268
4449 4270
4450 4271
4451 4272
4452 4273
4453 4274
4454 4275
4455 4276
4456 4277
4457 4278
4458 4279
4459 4280
4460 4281
4461 4282
4462 4283
4463 4284
4464 4285
4465 4287
4466 4286
4467 4288
4468 4289
4469 6214
4470 4290
4471 4291
4472 4292
4473 4293
4474 5809
4475 4295
4476 4296
4477 4297
4478 4298
4479 4299
4480 4300
4481 4301
4482 4302
4483 4303
4484 4304
4485 4305
4486 4306
4487 4307
4488 4308
4489 4309
4490 4310
4491 4311
4492 4312
4493 4313
4494 4314
4495 4315
4496 4316
4497 4317
4498 4318
4499 4319
4500 4320
4501 4321
4502 4322
4503 4323
4504 4324
4505 4325
4506 4326
4507 4327
4508 4328
4509 4329
4510 4330
4511 4331
4512 4332
4513 4333
4514 4334
4515 4335
4516 4336
4517 4337
4518 4338
4519 4339
4520 4340
4521 4341
4522 4342
4523 4343
4524 4344
4525 4347
4526 4348
4527 4349
4528 4351
4529 4350
4530 4352
4531 4353
4532 4354
4533 4355
4534 4356
4535 4357
4536 4358
4537 4359
4538 4360
4539 4361
4540 4362
4541 4363
4542 4364
4543 4367
4544 4368
4545 4372
4546 4373
4547 4374
4548 4375
4549 4376
4550 4377
4551 4378
4552 4379
4553 7919
4554 4381
4555 4382
4556 4383
4557 4384
4558 4385
4559 4386
4560 4387
4561 4388
4562 4389
4563 4390
4564 4391
4565 4392
4566 4395
4567 4394
4568 4393
4569 4396
4570 4397
4571 4398
4572 4399
4573 4400
4574 4401
4575 5183
4576 4404
4577 4405
4578 4406
4579 4407
4580 4408
4581 4409
4582 4410
4583 4413
4584 4412
4585 4411
4586 4414
4587 4415
4588 4416
4589 4417
4590 4418
4591 4419
4592 4420
4593 4421
4594 4422
4595 4423
4596 4424
4597 4425
4598 4427
4599 4426
4600 4428
4601 4429
4602 4430
4603 4431
4604 4432
4605 4433
4606 4434
4607 4435
4608 4436
4609 4437
4610 4438
4611 4440
4612 4439
4613 4441
4614 4442
4615 5148
4616 5147
4617 4753
4618 4443
4619 4444
4620 4446
4621 4445
4622 4447
4623 4448
4624 4449
4625 4450
4626 4451
4627 4452
4628 4453
4629 4454
4630 4455
4631 4456
4632 4457
4633 4458
4634 4459
4635 4460
4636 4461
4637 4462
4638 4463
4639 4465
4640 4466
4641 4467
4642 4468
4643 4469
4644 4470
4645 4471
4646 4472
4647 4473
4648 4474
4649 4475
4650 4476
4651 4477
4652 4478
4653 4479
4654 4480
4655 4481
4656 4482
4657 4484
4658 4485
4659 4486
4660 4487
4661 4488
4662 4489
4663 4490
4664 4491
4665 4492
4666 4493
4667 4494
4668 6989
4669 4495
4670 4496
4671 4497
4672 4498
4673 4499
4674 4500
4675 4501
4676 4502
4677 4503
4678 4504
4679 4505
4680 4506
4681 4507
4682 4508
4683 4509
4684 4510
4685 4511
4686 4512
4687 4513
4688 4514
4689 4515
4690 4517
4691 4518
4692 4516
4693 4519
4694 4520
4695 4521
4696 4522
4697 4523
4698 4524
4699 4525
4700 4526
4701 4527
4702 4528
4703 4529
4704 4530
4705 4531
4706 4532
4707 4533
4708 4534
4709 4535
4710 4536
4711 4537
4712 4538
4713 4539
4714 4540
4715 4541
4716 4542
4717 4543
4718 4544
4719 4545
4720 4546
4721 4547
4722 4548
4723 4549
4724 4550
4725 4551
4726 4552
4727 4553
4728 4554
4729 4555
4730 4556
4731 4557
4732 4558
4733 4559
4734 4560
4735 4561
4736 4562
4737 4563
4738 4564
4739 4565
4740 4566
4741 4567
4742 4568
4743 4569
4744 4570
4745 4571
4746 4572
4747 4573
4748 4574
4749 4575
4750 4576
4751 4577
4752 4578
4753 4579
4754 4580
4755 4581
4756 4582
4757 4583
4758 4584
4759 4585
4760 4586
4761 4635
4762 4589
4763 4590
4764 4591
4765 4592
4766 4593
4767 4594
4768 4595
4769 4596
4770 4598
4771 4599
4772 4600
4773 4601
4774 4602
4775 4603
4776 4604
4777 4605
4778 4606
4779 4607
4780 4608
4781 4609
4782 4610
4783 4611
4784 4612
4785 4613
4786 4614
4787 4615
4788 4616
4789 4617
4790 4618
4791 4619
4792 4620
4793 4621
4794 4622
4795 4623
4796 4624
4797 4625
4798 4626
4799 4627
4800 4628
4801 4629
4802 4630
4803 4631
4804 4632
4805 4633
4806 4634
4807 4636
4808 4637
4809 4638
4810 4639
4811 4640
4812 4641
4813 4642
4814 4643
4815 4644
4816 4645
4817 4646
4818 4647
4819 4648
4820 4649
4821 4650
4822 4651
4823 4652
4824 4653
4825 4654
4826 4656
4827 4655
4828 4657
4829 4658
4830 4659
4831 4660
4832 4662
4833 4661
4834 4663
4835 4664
4836 4665
4837 4666
4838 4667
4839 4668
4840 4669
4841 4670
4842 4671
4843 4672
4844 4673
4845 4674
4846 4675
4847 4676
4848 4677
4849 4678
4850 4679
4851 4680
4852 4681
4853 4682
4854 4683
4855 4684
4856 4685
4857 4686
4858 4687
4859 4688
4860 4689
4861 4690
4862 4691
4863 4692
4864 4693
4865 4694
4866 4695
4867 4696
4868 4699
4869 4698
4870 4697
4871 4700
4872 4701
4873 4702
4874 4703
4875 4704
4876 4705
4877 4706
4878 4707
4879 4708
4880 4709
4881 4710
4882 4711
4883 4712
4884 4714
4885 4715
4886 4716
4887 4717
4888 4718
4889 4719
4890 4720
4891 4721
4892 4722
4893 4723
4894 4724
4895 4726
4896 6708
4897 4729
4898 4730
4899 4731
4900 4732
4901 4733
4902 4734
4903 4735
4904 4736
4905 4737
4906 4738
4907 4739
4908 4740
4909 4741
4910 4742
4911 4743
4912 4744
4913 4745
4914 4746
4915 4747
4916 4748
4917 4749
4918 4750
4919 4751
4920 4752
4921 4754
4922 4755
4923 4756
4924 4757
4925 4758
4926 4759
4927 4760
4928 4761
4929 4762
4930 4763
4931 4764
4932 4765
4933 4766
4934 4767
4935 4768
4936 4769
4937 4770
4938 4771
4939 4772
4940 4773
4941 4774
4942 4775
4943 4776
4944 4777
4945 4778
4946 4779
4947 4780
4948 4781
4949 4782
4950 4783
4951 4784
4952 4785
4953 4786
4954 4787
4955 4788
4956 4789
4957 4790
4958 4791
4959 4792
4960 4793
4961 4794
4962 4795
4963 4796
4964 4797
4965 4798
4966 4799
4967 4800
4968 4801
4969 4802
4970 4803
4971 4804
4972 4805
4973 4806
4974 4807
4975 4809
4976 4808
4977 4810
4978 4811
4979 4812
4980 4813
4981 4814
4982 4815
4983 4816
4984 4817
4985 4818
4986 4819
4987 4820
4988 4821
4989 4822
4990 4823
4991 4824
4992 4825
4993 4826
4994 4827
4995 4829
4996 4830
4997 4831
4998 4832
4999 4833
5000 4834
5001 4835
5002 4836
5003 4837
5004 4838
5005 4839
5006 4840
5007 4841
5008 4842
5009 4843
5010 4844
5011 4845
5012 4846
5013 4847
5014 4848
5015 4849
5016 4850
5017 4851
5018 4852
5019 4853
5020 4854
5021 4855
5022 4856
5023 4857
5024 4858
5025 4859
5026 4860
5027 4861
5028 4862
5029 4863
5030 4864
5031 4865
5032 4866
5033 4867
5034 5199
5035 4868
5036 4869
5037 4870
5038 4871
5039 4872
5040 4873
5041 4874
5042 4875
5043 4876
5044 4877
5045 4878
5046 4879
5047 4880
5048 4881
5049 4882
5050 4883
5051 4884
5052 4885
5053 4886
5054 4887
5055 4888
5056 4889
5057 4890
5058 4891
5059 4892
5060 4893
5061 4894
5062 4895
5063 4896
5064 4897
5065 4898
5066 4899
5067 4900
5068 4901
5069 4902
5070 4903
5071 4904
5072 4905
5073 4906
5074 4907
5075 4908
5076 4909
5077 4910
5078 4911
5079 4912
5080 4913
5081 4914
5082 4915
5083 4916
5084 5578
5085 4917
5086 4918
5087 4919
5088 4920
5089 4921
5090 4922
5091 4923
5092 4924
5093 4925
5094 4926
5095 4927
5096 4928
5097 4929
5098 4930
5099 4931
5100 4932
5101 4933
5102 4934
5103 4936
5104 4935
5105 4937
5106 4938
5107 6796
5108 5358
5109 4940
5110 6145
5111 4944
5112 4945
5113 4946
5114 4947
5115 4948
5116 4949
5117 4950
5118 4951
5119 4952
5120 4953
5121 4954
5122 4955
5123 4956
5124 4957
5125 4958
5126 4959
5127 4960
5128 4961
5129 4962
5130 4963
5131 4964
5132 4965
5133 4966
5134 4967
5135 4968
5136 4969
5137 4970
5138 4971
5139 4972
5140 4973
5141 4974
5142 4975
5143 4976
5144 4977
5145 4978
5146 4979
5147 4980
5148 4981
5149 4982
5150 4983
5151 4984
5152 4985
5153 4986
5154 4987
5155 4988
5156 4989
5157 4990
5158 4991
5159 4992
5160 4993
5161 4994
5162 4995
5163 4996
5164 4997
5165 4998
5166 4999
5167 5001
5168 5002
5169 5003
5170 5004
5171 5005
5172 5007
5173 5008
5174 5009
5175 5010
5176 5011
5177 5012
5178 5013
5179 5014
5180 5015
5181 5016
5182 5018
5183 5017
5184 5019
5185 5020
5186 5021
5187 5022
5188 5023
5189 5024
5190 5025
5191 5026
5192 5027
5193 5028
5194 5029
5195 5030
5196 5031
5197 5032
5198 5033
5199 5034
5200 5036
5201 5035
5202 5037
5203 5038
5204 5039
5205 5040
5206 5041
5207 5042
5208 5043
5209 5044
5210 5045
5211 5046
5212 5047
5213 5048
5214 5049
5215 5050
5216 5051
5217 5052
5218 5054
5219 5055
5220 5056
5221 5057
5222 5058
5223 5059
5224 5060
5225 5061
5226 5062
5227 5063
5228 5064
5229 5065
5230 5066
5231 5067
5232 5068
5233 5069
5234 5070
5235 5071
5236 5072
5237 5073
5238 5074
5239 5075
5240 5076
5241 5078
5242 5077
5243 7344
5244 6932
5245 5621
5246 5620
5247 5324
5248 5079
5249 5080
5250 5081
5251 5082
5252 5083
5253 5084
5254 5085
5255 5086
5256 5087
5257 5088
5258 5089
5259 5090
5260 5091
5261 5092
5262 5093
5263 5094
5264 5095
5265 5096
5266 5097
5267 5098
5268 5099
5269 5100
5270 5102
5271 5103
5272 5104
5273 5105
5274 5106
5275 5107
5276 5108
5277 5109
5278 5110
5279 5111
5280 5112
5281 5113
5282 5114
5283 5115
5284 5116
5285 5117
5286 5118
5287 5120
5288 5119
5289 5121
5290 5122
5291 5123
5292 5124
5293 5125
5294 6087
5295 5126
5296 5127
5297 5129
5298 5128
5299 5130
5300 5131
5301 5132
5302 5133
5303 5134
5304 5135
5305 5136
5306 5137
5307 5138
5308 5139
5309 5140
5310 5141
5311 5142
5312 5143
5313 5144
5314 5146
5315 5149
5316 5150
5317 5151
5318 5152
5319 5153
5320 5154
5321 5156
5322 5155
5323 5157
5324 5158
5325 5159
5326 5160
5327 5161
5328 5162
5329 5163
5330 5164
5331 5166
5332 5165
5333 5167
5334 5168
5335 5169
5336 5170
5337 5172
5338 5173
5339 5174
5340 5175
5341 5176
5342 5177
5343 5178
5344 5179
5345 5180
5346 5181
5347 5182
5348 5184
5349 5185
5350 5186
5351 5187
5352 5188
5353 5189
5354 5190
5355 5191
5356 5192
5357 5193
5358 5194
5359 5195
5360 5196
5361 5197
5362 5202
5363 5200
5364 5201
5365 5203
5366 5204
5367 5205
5368 5206
5369 5207
5370 5208
5371 5209
5372 5210
5373 5211
5374 5212
5375 5213
5376 5214
5377 5215
5378 5216
5379 5217
5380 5218
5381 5219
5382 5220
5383 5221
5384 5222
5385 5223
5386 5224
5387 5225
5388 5226
5389 5227
5390 5228
5391 5229
5392 5230
5393 5231
5394 5232
5395 5233
5396 5234
5397 5235
5398 5236
5399 5237
5400 5238
5401 5239
5402 5240
5403 5241
5404 5242
5405 5243
5406 5244
5407 5245
5408 5246
5409 5247
5410 5248
5411 5249
5412 5250
5413 5251
5414 5252
5415 5253
5416 5254
5417 5256
5418 5255
5419 5257
5420 5258
5421 5259
5422 5260
5423 5261
5424 5262
5425 5263
5426 5264
5427 5265
5428 5266
5429 5268
5430 5270
5431 5271
5432 5272
5433 5273
5434 5274
5435 5275
5436 5276
5437 5278
5438 5279
5439 5280
5440 5281
5441 5282
5442 5283
5443 5284
5444 5285
5445 5286
5446 5287
5447 5288
5448 5289
5449 5290
5450 5291
5451 5292
5452 5293
5453 5294
5454 5295
5455 5296
5456 6560
5457 5297
5458 5299
5459 5300
5460 5301
5461 5302
5462 5303
5463 5304
5464 5305
5465 5307
5466 5308
5467 5309
5468 5310
5469 5311
5470 5312
5471 5313
5472 5314
5473 5315
5474 5316
5475 5317
5476 5318
5477 5319
5478 5320
5479 5321
5480 5322
5481 5323
5482 5619
5483 5325
5484 5326
5485 5327
5486 5328
5487 5329
5488 5330
5489 5331
5490 5332
5491 5333
5492 5334
5493 5335
5494 5399
5495 5336
5496 5337
5497 5338
5498 5339
5499 5340
5500 5341
5501 5342
5502 5343
5503 5344
5504 5345
5505 5346
5506 5347
5507 5348
5508 5349
5509 5350
5510 5351
5511 5352
5512 5353
5513 5354
5514 5356
5515 5355
5516 6717
5517 6343
5518 6342
5519 5357
5520 5359
5521 5360
5522 5361
5523 5362
5524 5363
5525 5364
5526 5365
5527 5366
5528 5367
5529 5369
5530 5370
5531 5371
5532 5373
5533 5372
5534 5465
5535 5374
5536 5375
5537 5377
5538 5376
5539 5378
5540 5379
5541 5380
5542 5381
5543 5382
5544 5383
5545 5384
5546 5386
5547 5387
5548 5385
5549 5388
5550 5389
5551 5390
5552 5391
5553 5392
5554 5393
5555 5394
5556 5395
5557 5396
5558 5397
5559 5398
5560 5400
5561 5401
5562 5402
5563 5403
5564 5404
5565 5405
5566 7655
5567 5406
5568 5407
5569 5408
5570 5409
5571 5410
5572 5411
5573 5412
5574 5413
5575 5414
5576 5415
5577 5416
5578 5417
5579 5418
5580 5419
5581 5420
5582 5421
5583 5422
5584 5423
5585 5424
5586 5425
5587 5426
5588 5427
5589 5428
5590 5429
5591 5430
5592 5431
5593 5432
5594 5433
5595 5434
5596 5435
5597 5436
5598 5437
5599 5438
5600 5439
5601 5440
5602 5441
5603 5442
5604 5443
5605 5444
5606 5445
5607 5447
5608 5448
5609 5450
5610 5449
5611 7356
5612 5452
5613 5451
5614 5453
5615 5454
5616 5455
5617 5456
5618 5457
5619 5458
5620 5459
5621 5460
5622 5461
5623 5462
5624 5463
5625 5464
5626 5466
5627 5467
5628 5468
5629 5469
5630 5470
5631 5471
5632 5473
5633 5474
5634 5475
5635 5476
5636 5477
5637 5478
5638 5479
5639 5480
5640 5481
5641 5483
5642 5482
5643 5484
5644 5485
5645 5486
5646 5487
5647 5488
5648 5489
5649 5490
5650 5491
5651 5492
5652 7810
5653 7627
5654 5493
5655 5494
5656 5495
5657 5499
5658 5498
5659 5497
5660 5496
5661 5500
5662 5501
5663 5502
5664 5503
5665 5504
5666 5505
5667 5506
5668 5507
5669 5508
5670 5509
5671 5510
5672 5511
5673 5512
5674 5516
5675 5517
5676 5518
5677 5519
5678 5520
5679 5521
5680 5522
5681 5523
5682 5524
5683 5525
5684 5526
5685 5528
5686 5527
5687 5577
5688 5529
5689 5530
5690 5531
5691 5532
5692 5533
5693 5534
5694 5535
5695 5536
5696 5537
5697 5538
5698 5539
5699 5540
5700 5541
5701 5542
5702 5543
5703 5544
5704 5545
5705 5546
5706 5547
5707 5548
5708 5549
5709 5550
5710 5551
5711 5552
5712 5553
5713 5554
5714 5555
5715 5556
5716 6672
5717 5557
5718 5559
5719 5560
5720 5561
5721 5562
5722 5564
5723 5563
5724 5565
5725 5566
5726 5567
5727 5568
5728 5569
5729 5570
5730 5571
5731 5572
5732 5573
5733 5574
5734 5575
5735 5576
5736 5579
5737 5580
5738 5581
5739 5582
5740 5583
5741 5584
5742 5585
5743 5586
5744 5587
5745 5588
5746 5589
5747 5590
5748 5591
5749 5592
5750 5594
5751 5593
5752 5595
5753 5596
5754 5597
5755 5598
5756 5599
5757 5600
5758 5601
5759 5602
5760 5603
5761 5604
5762 5605
5763 5606
5764 5607
5765 5608
5766 5609
5767 8000
5768 5611
5769 5612
5770 5613
5771 5614
5772 5615
5773 5616
5774 5617
5775 5618
5776 5622
5777 5623
5778 5624
5779 5625
5780 5626
5781 5627
5782 5628
5783 5629
5784 5630
5785 5631
5786 5693
5787 5632
5788 5633
5789 5634
5790 5635
5791 5636
5792 5637
5793 5638
5794 5639
5795 5640
5796 5641
5797 5642
5798 5643
5799 5644
5800 5645
5801 5646
5802 5647
5803 5648
5804 5649
5805 5650
5806 5651
5807 5652
5808 5653
5809 5654
5810 5655
5811 5656
5812 5657
5813 5658
5814 5659
5815 5660
5816 5661
5817 5662
5818 5663
5819 5664
5820 5665
5821 5666
5822 5667
5823 5668
5824 5669
5825 5670
5826 5671
5827 5672
5828 5673
5829 5674
5830 5675
5831 5676
5832 5677
5833 5678
5834 5679
5835 5680
5836 5681
5837 5682
5838 5683
5839 5684
5840 5685
5841 5686
5842 5687
5843 5688
5844 5689
5845 5690
5846 5691
5847 5692
5848 5694
5849 5696
5850 5697
5851 5698
5852 5699
5853 5700
5854 5701
5855 5702
5856 5703
5857 5704
5858 5705
5859 5706
5860 5707
5861 5708
5862 7539
5863 5709
5864 5710
5865 5711
5866 5712
5867 5714
5868 5713
5869 5715
5870 5716
5871 5717
5872 5718
5873 5719
5874 5720
5875 5721
5876 5722
5877 5723
5878 5724
5879 5725
5880 5726
5881 5727
5882 5728
5883 5729
5884 7122
5885 6916
5886 5730
5887 5731
5888 5732
5889 5733
5890 5734
5891 5735
5892 5736
5893 5737
5894 5738
5895 5739
5896 5740
5897 5741
5898 5742
5899 5743
5900 5744
5901 5745
5902 5746
5903 5747
5904 5748
5905 5752
5906 5753
5907 5754
5908 5755
5909 5756
5910 5757
5911 5758
5912 6595
5913 5760
5914 5761
5915 5762
5916 5763
5917 5764
5918 5765
5919 5766
5920 5767
5921 5768
5922 5769
5923 5770
5924 5771
5925 5772
5926 5773
5927 5774
5928 5775
5929 5776
5930 5777
5931 5778
5932 5779
5933 5780
5934 5781
5935 5782
5936 5783
5937 5784
5938 5785
5939 5786
5940 5787
5941 5788
5942 5789
5943 5790
5944 5791
5945 5792
5946 5793
5947 5795
5948 5797
5949 5798
5950 5799
5951 5800
5952 5801
5953 5802
5954 5803
5955 5804
5956 5805
5957 5806
5958 5807
5959 5808
5960 5810
5961 5811
5962 5812
5963 5813
5964 5814
5965 5815
5966 5816
5967 5817
5968 5818
5969 5819
5970 5820
5971 5821
5972 5822
5973 5823
5974 5824
5975 5825
5976 5826
5977 5827
5978 5828
5979 5829
5980 5830
5981 5831
5982 5832
5983 5833
5984 5834
5985 5835
5986 5836
5987 5837
5988 5838
5989 5839
5990 5840
5991 5841
5992 5842
5993 5843
5994 5844
5995 5845
5996 5846
5997 5847
5998 5848
5999 5849
6000 5850
6001 5851
6002 5852
6003 5854
6004 5853
6005 5855
6006 5856
6007 5857
6008 5858
6009 5859
6010 5860
6011 5861
6012 5862
6013 5863
6014 5864
6015 5865
6016 5866
6017 5867
6018 5868
6019 5869
6020 5870
6021 5871
6022 5872
6023 5873
6024 5874
6025 5875
6026 5876
6027 5879
6028 5878
6029 5877
6030 5880
6031 5881
6032 5882
6033 5883
6034 5885
6035 5884
6036 5886
6037 5887
6038 5888
6039 5889
6040 5890
6041 5891
6042 5892
6043 5893
6044 5894
6045 5895
6046 5896
6047 5897
6048 5898
6049 5899
6050 5900
6051 5901
6052 5902
6053 5903
6054 5905
6055 5904
6056 5906
6057 5907
6058 5908
6059 5909
6060 5910
6061 5911
6062 5912
6063 5914
6064 5915
6065 5917
6066 5920
6067 5919
6068 5918
6069 5921
6070 5922
6071 5923
6072 5924
6073 5925
6074 5926
6075 5927
6076 5928
6077 5929
6078 5930
6079 5931
6080 5932
6081 5933
6082 6624
6083 5934
6084 5935
6085 5936
6086 5937
6087 5938
6088 5939
6089 5940
6090 5941
6091 5942
6092 5943
6093 5945
6094 5946
6095 5947
6096 5948
6097 5949
6098 5950
6099 5951
6100 5952
6101 5953
6102 5954
6103 5955
6104 5956
6105 5957
6106 5958
6107 5959
6108 5960
6109 5961
6110 5962
6111 5963
6112 5964
6113 5965
6114 5968
6115 5967
6116 5966
6117 6151
6118 5969
6119 5970
6120 5971
6121 5972
6122 5974
6123 5975
6124 5976
6125 5977
6126 5978
6127 5979
6128 5980
6129 5981
6130 5982
6131 5983
6132 5984
6133 5985
6134 5986
6135 5987
6136 5988
6137 5989
6138 5990
6139 5991
6140 5992
6141 5993
6142 5994
6143 5995
6144 5996
6145 5997
6146 5998
6147 5999
6148 6000
6149 6001
6150 6002
6151 6003
6152 6004
6153 6005
6154 6006
6155 6007
6156 6008
6157 6009
6158 6010
6159 6011
6160 6012
6161 6013
6162 6014
6163 6015
6164 6016
6165 6017
6166 6018
6167 6019
6168 6020
6169 6021
6170 6022
6171 6023
6172 6024
6173 6025
6174 6026
6175 6027
6176 6028
6177 6029
6178 6030
6179 6031
6180 6032
6181 6033
6182 6034
6183 6035
6184 6036
6185 6037
6186 6038
6187 6039
6188 6040
6189 6041
6190 6042
6191 6043
6192 6045
6193 6046
6194 6047
6195 6048
6196 6049
6197 6050
6198 6051
6199 6052
6200 6053
6201 6054
6202 6055
6203 6056
6204 6057
6205 6058
6206 6059
6207 6283
6208 6282
6209 6061
6210 6062
6211 6063
6212 7930
6213 6065
6214 6066
6215 6067
6216 6068
6217 6069
6218 6070
6219 7243
6220 6071
6221 6072
6222 6073
6223 6074
6224 6075
6225 6076
6226 6077
6227 6078
6228 6079
6229 6080
6230 6081
6231 6086
6232 6085
6233 6084
6234 6083
6235 6088
6236 6089
6237 6090
6238 6091
6239 6092
6240 6093
6241 6094
6242 6095
6243 6096
6244 6097
6245 6098
6246 6099
6247 6100
6248 6101
6249 6102
6250 6103
6251 6104
6252 6108
6253 6107
6254 6106
6255 6105
6256 6109
6257 6110
6258 6111
6259 6112
6260 6113
6261 6114
6262 6115
6263 6117
6264 6119
6265 6118
6266 6120
6267 6121
6268 6122
6269 6123
6270 6125
6271 6126
6272 6127
6273 6128
6274 6129
6275 6130
6276 6131
6277 6132
6278 6133
6279 6134
6280 6135
6281 6136
6282 6137
6283 6138
6284 6139
6285 6140
6286 6141
6287 6142
6288 6453
6289 6143
6290 6144
6291 6146
6292 6147
6293 6148
6294 6149
6295 6150
6296 6152
6297 6154
6298 6153
6299 6155
6300 6156
6301 6157
6302 6158
6303 6159
6304 6160
6305 6161
6306 6162
6307 6163
6308 6164
6309 6165
6310 6166
6311 6167
6312 6168
6313 6169
6314 6170
6315 6171
6316 6172
6317 6173
6318 6174
6319 6175
6320 6176
6321 6177
6322 6178
6323 6179
6324 6180
6325 6181
6326 6182
6327 6183
6328 6184
6329 6185
6330 6186
6331 6187
6332 6188
6333 6189
6334 6190
6335 6191
6336 6192
6337 6193
6338 6194
6339 6195
6340 6197
6341 6198
6342 6199
6343 6202
6344 6203
6345 6204
6346 6205
6347 6210
6348 6209
6349 6208
6350 6207
6351 6206
6352 6211
6353 6213
6354 6215
6355 6216
6356 6217
6357 6218
6358 6219
6359 6220
6360 6221
6361 6222
6362 6223
6363 6224
6364 6225
6365 6226
6366 6227
6367 6228
6368 6229
6369 6230
6370 6231
6371 6232
6372 6233
6373 6234
6374 6235
6375 6236
6376 6238
6377 6239
6378 6240
6379 6241
6380 6242
6381 6243
6382 6245
6383 6246
6384 6247
6385 6248
6386 6249
6387 6250
6388 6251
6389 6252
6390 6253
6391 6255
6392 6254
6393 6256
6394 6257
6395 6258
6396 6259
6397 6260
6398 6261
6399 6262
6400 6263
6401 6264
6402 6265
6403 6266
6404 6267
6405 6268
6406 6269
6407 6270
6408 6271
6409 6272
6410 6273
6411 6274
6412 6275
6413 6276
6414 6277
6415 6278
6416 6279
6417 6280
6418 6281
6419 6284
6420 6285
6421 6286
6422 6288
6423 6287
6424 6289
6425 6290
6426 6291
6427 6292
6428 6293
6429 6294
6430 6295
6431 6296
6432 6297
6433 6298
6434 6299
6435 6300
6436 6301
6437 7843
6438 7842
6439 7841
6440 7838
6441 6302
6442 6303
6443 6304
6444 6305
6445 6306
6446 6307
6447 6308
6448 6309
6449 6310
6450 6311
6451 6312
6452 6313
6453 6314
6454 6315
6455 6316
6456 6317
6457 6318
6458 6319
6459 6320
6460 6321
6461 6322
6462 6323
6463 6324
6464 6325
6465 6326
6466 6328
6467 6327
6468 6329
6469 6330
6470 6333
6471 6332
6472 6331
6473 6334
6474 6335
6475 6336
6476 6337
6477 6338
6478 6339
6479 6340
6480 6341
6481 6344
6482 6345
6483 6346
6484 6347
6485 6348
6486 6349
6487 6350
6488 6351
6489 6352
6490 6353
6491 6354
6492 6355
6493 6356
6494 6357
6495 6358
6496 6359
6497 6361
6498 6362
6499 6363
6500 6365
6501 6366
6502 6367
6503 6368
6504 6369
6505 6370
6506 6371
6507 6712
6508 6372
6509 6373
6510 6374
6511 6375
6512 6376
6513 6377
6514 6378
6515 6379
6516 6380
6517 6381
6518 6382
6519 6383
6520 6384
6521 6385
6522 6386
6523 6387
6524 6388
6525 6389
6526 6390
6527 6391
6528 6396
6529 6395
6530 6394
6531 6393
6532 6392
6533 6397
6534 6398
6535 6399
6536 6401
6537 6402
6538 6403
6539 6404
6540 6405
6541 6406
6542 6407
6543 6408
6544 6409
6545 6410
6546 6411
6547 6412
6548 6413
6549 6414
6550 6415
6551 6416
6552 6417
6553 6418
6554 6419
6555 6420
6556 6421
6557 6422
6558 6423
6559 6424
6560 6425
6561 6426
6562 6427
6563 6428
6564 6429
6565 6430
6566 6431
6567 6432
6568 6433
6569 6434
6570 6435
6571 6436
6572 6437
6573 6438
6574 6439
6575 6440
6576 6441
6577 6442
6578 6443
6579 6444
6580 6445
6581 6446
6582 6447
6583 6449
6584 6450
6585 6451
6586 6452
6587 6454
6588 6455
6589 6456
6590 6457
6591 6458
6592 6459
6593 6460
6594 6461
6595 6462
6596 6464
6597 6463
6598 6465
6599 6466
6600 6467
6601 6468
6602 6469
6603 6470
6604 6471
6605 6472
6606 6473
6607 6474
6608 6475
6609 6476
6610 6477
6611 6478
6612 6479
6613 6480
6614 6481
6615 6482
6616 6483
6617 6484
6618 6485
6619 6486
6620 6488
6621 6489
6622 6490
6623 6491
6624 6492
6625 6493
6626 6494
6627 6495
6628 6496
6629 6497
6630 6498
6631 6499
6632 6500
6633 6501
6634 6502
6635 6504
6636 6503
6637 6505
6638 6506
6639 6507
6640 6508
6641 6509
6642 6512
6643 6513
6644 6514
6645 6515
6646 6516
6647 6517
6648 6518
6649 6519
6650 6520
6651 6522
6652 6523
6653 6524
6654 6525
6655 6526
6656 6527
6657 6528
6658 6529
6659 6530
6660 6531
6661 6532
6662 6533
6663 6534
6664 6535
6665 6536
6666 6538
6667 6537
6668 6539
6669 6540
6670 6541
6671 6542
6672 6543
6673 6544
6674 6546
6675 6545
6676 6547
6677 6548
6678 6549
6679 6550
6680 6551
6681 6552
6682 6553
6683 6554
6684 6555
6685 6556
6686 6557
6687 6558
6688 6559
6689 6561
6690 6562
6691 6563
6692 6564
6693 6565
6694 6566
6695 6567
6696 6568
6697 6569
6698 6570
6699 6571
6700 6572
6701 6573
6702 6574
6703 6575
6704 6576
6705 6577
6706 6578
6707 6579
6708 6581
6709 6580
6710 6583
6711 6584
6712 6585
6713 6586
6714 6587
6715 6588
6716 6589
6717 6590
6718 6591
6719 6593
6720 6594
6721 6597
6722 6598
6723 6599
6724 6600
6725 6601
6726 6602
6727 6603
6728 6604
6729 6605
6730 6606
6731 7823
6732 7822
6733 7820
6734 7819
6735 6640
6736 6607
6737 6609
6738 6610
6739 6611
6740 6613
6741 6614
6742 6615
6743 6616
6744 6617
6745 6618
6746 6619
6747 6620
6748 6621
6749 6622
6750 6623
6751 6625
6752 6626
6753 6627
6754 6628
6755 6629
6756 6630
6757 6631
6758 6632
6759 6633
6760 6634
6761 6635
6762 6636
6763 6637
6764 6639
6765 6642
6766 6643
6767 6644
6768 6645
6769 6646
6770 6647
6771 6648
6772 6650
6773 6649
6774 6651
6775 6652
6776 6653
6777 6654
6778 6655
6779 6656
6780 6657
6781 6658
6782 6659
6783 6660
6784 6661
6785 6662
6786 6663
6787 6664
6788 6665
6789 6666
6790 6668
6791 6671
6792 6670
6793 6673
6794 6674
6795 6675
6796 6676
6797 6677
6798 6678
6799 6679
6800 6680
6801 6681
6802 6682
6803 6683
6804 6684
6805 6685
6806 6686
6807 6687
6808 6688
6809 6689
6810 6690
6811 6691
6812 6692
6813 6693
6814 6694
6815 6695
6816 6696
6817 6697
6818 6698
6819 6699
6820 6700
6821 6701
6822 6702
6823 6703
6824 6704
6825 6705
6826 6706
6827 6707
6828 6709
6829 6710
6830 6711
6831 6713
6832 6714
6833 6715
6834 6716
6835 6718
6836 6720
6837 6719
6838 6721
6839 6722
6840 6723
6841 6724
6842 6725
6843 6726
6844 6727
6845 6728
6846 6729
6847 6730
6848 6731
6849 6732
6850 6733
6851 6734
6852 6735
6853 6736
6854 6737
6855 6738
6856 6739
6857 6740
6858 6742
6859 6743
6860 6744
6861 6745
6862 6746
6863 6747
6864 6749
6865 6750
6866 6751
6867 6752
6868 6753
6869 6754
6870 6755
6871 6756
6872 6757
6873 6758
6874 6759
6875 6760
6876 6761
6877 6762
6878 6763
6879 6764
6880 6765
6881 6766
6882 6767
6883 6768
6884 6769
6885 6770
6886 6771
6887 6772
6888 6774
6889 6778
6890 6777
6891 6776
6892 6775
6893 6779
6894 6780
6895 6781
6896 6782
6897 6783
6898 6784
6899 6786
6900 6785
6901 6787
6902 6788
6903 6789
6904 6794
6905 6793
6906 6791
6907 6790
6908 6797
6909 6798
6910 6799
6911 6800
6912 6801
6913 6802
6914 6803
6915 6804
6916 6805
6917 6806
6918 6807
6919 6808
6920 6809
6921 6810
6922 6812
6923 6813
6924 6814
6925 6815
6926 6816
6927 6817
6928 6818
6929 6819
6930 6820
6931 6821
6932 6822
6933 6823
6934 6824
6935 6825
6936 6826
6937 6827
6938 6828
6939 6829
6940 6830
6941 6831
6942 6832
6943 6833
6944 6834
6945 6835
6946 6836
6947 6837
6948 6839
6949 6840
6950 6841
6951 6842
6952 6843
6953 6844
6954 6845
6955 6846
6956 6847
6957 6848
6958 6849
6959 6850
6960 6851
6961 6852
6962 6853
6963 6854
6964 6855
6965 6857
6966 6858
6967 6859
6968 6860
6969 6861
6970 6862
6971 6863
6972 6864
6973 6865
6974 6866
6975 6867
6976 6868
6977 6869
6978 6870
6979 6871
6980 6874
6981 6873
6982 6875
6983 6876
6984 6877
6985 6878
6986 6879
6987 6880
6988 6881
6989 6882
6990 6883
6991 6884
6992 6885
6993 6886
6994 6888
6995 6889
6996 6890
6997 6891
6998 6892
6999 6893
7000 6894
7001 6896
7002 6895
7003 6897
7004 6898
7005 6899
7006 6900
7007 6901
7008 6902
7009 6903
7010 6904
7011 6905
7012 6906
7013 6907
7014 6908
7015 6909
7016 6910
7017 6911
7018 6912
7019 6913
7020 6914
7021 6915
7022 7768
7023 7099
7024 6917
7025 6918
7026 6919
7027 6920
7028 6922
7029 6923
7030 6924
7031 6925
7032 6926
7033 6927
7034 6928
7035 6929
7036 6930
7037 6931
7038 6933
7039 6934
7040 6935
7041 6936
7042 6938
7043 6937
7044 6939
7045 6940
7046 6942
7047 6943
7048 6944
7049 6945
7050 6946
7051 6947
7052 6948
7053 6949
7054 6950
7055 6951
7056 6952
7057 6953
7058 6954
7059 6955
7060 6956
7061 6957
7062 6958
7063 6959
7064 6960
7065 6961
7066 6962
7067 6963
7068 6964
7069 6965
7070 6966
7071 6967
7072 6968
7073 6969
7074 6970
7075 6971
7076 6972
7077 6973
7078 6975
7079 6976
7080 6977
7081 6978
7082 6979
7083 6980
7084 6982
7085 6984
7086 6983
7087 6985
7088 6986
7089 6988
7090 6987
7091 6990
7092 6991
7093 6992
7094 7698
7095 6995
7096 6994
7097 6993
7098 6996
7099 6997
7100 6998
7101 6999
7102 7000
7103 7001
7104 7002
7105 7003
7106 7004
7107 7005
7108 7006
7109 7007
7110 7008
7111 7009
7112 7010
7113 7011
7114 7012
7115 7013
7116 7014
7117 7015
7118 7016
7119 7017
7120 7018
7121 7019
7122 7020
7123 7021
7124 7023
7125 7024
7126 7022
7127 7025
7128 7026
7129 7027
7130 7028
7131 7029
7132 7030
7133 7031
7134 7032
7135 7033
7136 7034
7137 7035
7138 7036
7139 7037
7140 7038
7141 7039
7142 7040
7143 7041
7144 7042
7145 7044
7146 7043
7147 7045
7148 7046
7149 7047
7150 7048
7151 7049
7152 7050
7153 7052
7154 7053
7155 7054
7156 7057
7157 7059
7158 7060
7159 7061
7160 7062
7161 7063
7162 7064
7163 7065
7164 7069
7165 7070
7166 7071
7167 7072
7168 7073
7169 7074
7170 7075
7171 7077
7172 7078
7173 7080
7174 7081
7175 7082
7176 7083
7177 7084
7178 7085
7179 7086
7180 7087
7181 7088
7182 7089
7183 7090
7184 7091
7185 7092
7186 7093
7187 7094
7188 7095
7189 7096
7190 7097
7191 7098
7192 7100
7193 7102
7194 7101
7195 7103
7196 7104
7197 7105
7198 7106
7199 7107
7200 7108
7201 7109
7202 7110
7203 7111
7204 7112
7205 7113
7206 7114
7207 7118
7208 7119
7209 7120
7210 7121
7211 7123
7212 7124
7213 7125
7214 7126
7215 7127
7216 7128
7217 7129
7218 7130
7219 7131
7220 7132
7221 7133
7222 7134
7223 7135
7224 7137
7225 7136
7226 7138
7227 7139
7228 7140
7229 7141
7230 7142
7231 7145
7232 7144
7233 7143
7234 7755
7235 7146
7236 7147
7237 7148
7238 7149
7239 7150
7240 7151
7241 7152
7242 7548
7243 7154
7244 7155
7245 7156
7246 7157
7247 7158
7248 7159
7249 7161
7250 7162
7251 7163
7252 7164
7253 7165
7254 7166
7255 7167
7256 7168
7257 7169
7258 7170
7259 7171
7260 7172
7261 7173
7262 7174
7263 7175
7264 7176
7265 7177
7266 7178
7267 7179
7268 7180
7269 7181
7270 7182
7271 7183
7272 7185
7273 7184
7274 7187
7275 7186
7276 7188
7277 7189
7278 7190
7279 7191
7280 7192
7281 7193
7282 7194
7283 7195
7284 7196
7285 7197
7286 7198
7287 7201
7288 7202
7289 7203
7290 7204
7291 7205
7292 7207
7293 7208
7294 7209
7295 7210
7296 7211
7297 7212
7298 7213
7299 7214
7300 7215
7301 7216
7302 7217
7303 7218
7304 7219
7305 7220
7306 7221
7307 7222
7308 7346
7309 7345
7310 7232
7311 7234
7312 7233
7313 7236
7314 7237
7315 7238
7316 7239
7317 7240
7318 7241
7319 7242
7320 7244
7321 7246
7322 7247
7323 7248
7324 7249
7325 7250
7326 7251
7327 7253
7328 7252
7329 7258
7330 7259
7331 7260
7332 7261
7333 7262
7334 7263
7335 7264
7336 7265
7337 7266
7338 7267
7339 7268
7340 7269
7341 7270
7342 7272
7343 7271
7344 7273
7345 7274
7346 7275
7347 7276
7348 7277
7349 7278
7350 7279
7351 7280
7352 7281
7353 7282
7354 7283
7355 7284
7356 7285
7357 7286
7358 7287
7359 7288
7360 7289
7361 7290
7362 7291
7363 7292
7364 7293
7365 7294
7366 7295
7367 7296
7368 7297
7369 7298
7370 7299
7371 7300
7372 7301
7373 7302
7374 7303
7375 7304
7376 7305
7377 7306
7378 7307
7379 7308
7380 7309
7381 7310
7382 7311
7383 7312
7384 7313
7385 7645
7386 7314
7387 7315
7388 7316
7389 7317
7390 7318
7391 7319
7392 7320
7393 7321
7394 7322
7395 7323
7396 7324
7397 7325
7398 7326
7399 7327
7400 7328
7401 7329
7402 7330
7403 7331
7404 7332
7405 7333
7406 7334
7407 7336
7408 7337
7409 7338
7410 7339
7411 7340
7412 7341
7413 7342
7414 7343
7415 7347
7416 7348
7417 7349
7418 7350
7419 7351
7420 7352
7421 7353
7422 7354
7423 7355
7424 7357
7425 7358
7426 7360
7427 7361
7428 7362
7429 7363
7430 7364
7431 7366
7432 7365
7433 7367
7434 7368
7435 7369
7436 7370
7437 7371
7438 7372
7439 7373
7440 7374
7441 7375
7442 7376
7443 7378
7444 7379
7445 7380
7446 7381
7447 7382
7448 7383
7449 7384
7450 7385
7451 7386
7452 7387
7453 7388
7454 7390
7455 7389
7456 7392
7457 7393
7458 7394
7459 7395
7460 7396
7461 7397
7462 7398
7463 7399
7464 7400
7465 7401
7466 7402
7467 7403
7468 7404
7469 7405
7470 7406
7471 7407
7472 7408
7473 7409
7474 7410
7475 7411
7476 7412
7477 7413
7478 7414
7479 7415
7480 7416
7481 7417
7482 7418
7483 7419
7484 7420
7485 7421
7486 7422
7487 7423
7488 7424
7489 7425
7490 7426
7491 7427
7492 7428
7493 7429
7494 7430
7495 7431
7496 7432
7497 7433
7498 7434
7499 7435
7500 7436
7501 7437
7502 7438
7503 7439
7504 7440
7505 7441
7506 7442
7507 7443
7508 7444
7509 7445
7510 7446
7511 7447
7512 7448
7513 7449
7514 7450
7515 7451
7516 7453
7517 7454
7518 7455
7519 7456
7520 7457
7521 7458
7522 7459
7523 7460
7524 7461
7525 7462
7526 7463
7527 7464
7528 7465
7529 7466
7530 7467
7531 7468
7532 7469
7533 7470
7534 7471
7535 7472
7536 7473
7537 7474
7538 7475
7539 7482
7540 7483
7541 7484
7542 7485
7543 7486
7544 7487
7545 7488
7546 7489
7547 7490
7548 7491
7549 7494
7550 7495
7551 7496
7552 7497
7553 7498
7554 7499
7555 7500
7556 7501
7557 7502
7558 7503
7559 7504
7560 7505
7561 7506
7562 7508
7563 7511
7564 7510
7565 7512
7566 7513
7567 7514
7568 7515
7569 7516
7570 7767
7571 7517
7572 7518
7573 7519
7574 7521
7575 7520
7576 7522
7577 7523
7578 7527
7579 7525
7580 7524
7581 7528
7582 7529
7583 7530
7584 7531
7585 7532
7586 7533
7587 7534
7588 7535
7589 7536
7590 7537
7591 7538
7592 7540
7593 7541
7594 7542
7595 7543
7596 7544
7597 7545
7598 7547
7599 7546
7600 7549
7601 7550
7602 7551
7603 7552
7604 7553
7605 7554
7606 7555
7607 7556
7608 7557
7609 7558
7610 7559
7611 7560
7612 7561
7613 7562
7614 7563
7615 7564
7616 7565
7617 7566
7618 7567
7619 7571
7620 7570
7621 7568
7622 7572
7623 7573
7624 7574
7625 7575
7626 7576
7627 7577
7628 7582
7629 7583
7630 7584
7631 7585
7632 7586
7633 7588
7634 7587
7635 7589
7636 7591
7637 7592
7638 7593
7639 7594
7640 7595
7641 7596
7642 7597
7643 7598
7644 7599
7645 7600
7646 7601
7647 7602
7648 7603
7649 7604
7650 7605
7651 7606
7652 7607
7653 7609
7654 7608
7655 7610
7656 7611
7657 7612
7658 7613
7659 7614
7660 7615
7661 7616
7662 7617
7663 7618
7664 7619
7665 7620
7666 7621
7667 7622
7668 7623
7669 7624
7670 7625
7671 7626
7672 7628
7673 7629
7674 7630
7675 7632
7676 7633
7677 7634
7678 7635
7679 7636
7680 7637
7681 7638
7682 7639
7683 7640
7684 7641
7685 7642
7686 7644
7687 7643
7688 7646
7689 7647
7690 7648
7691 7649
7692 7651
7693 7650
7694 7652
7695 7653
7696 7654
7697 7656
7698 7657
7699 7658
7700 7659
7701 7660
7702 7661
7703 7662
7704 7663
7705 7664
7706 7665
7707 7666
7708 7667
7709 7668
7710 7669
7711 7670
7712 7671
7713 7672
7714 7673
7715 7674
7716 7675
7717 7676
7718 7677
7719 7678
7720 7679
7721 7680
7722 7681
7723 7682
7724 7683
7725 7684
7726 7685
7727 7686
7728 7687
7729 7688
7730 7689
7731 7690
7732 7691
7733 7692
7734 7693
7735 7694
7736 7695
7737 7696
7738 7697
7739 7699
7740 7700
7741 7701
7742 7702
7743 7703
7744 7704
7745 7705
7746 7706
7747 7707
7748 7708
7749 7709
7750 7710
7751 7711
7752 7712
7753 7713
7754 7714
7755 7715
7756 7716
7757 7717
7758 7718
7759 7719
7760 7720
7761 7721
7762 7722
7763 7723
7764 7724
7765 7725
7766 7726
7767 7727
7768 7728
7769 7729
7770 7730
7771 7731
7772 7732
7773 7733
7774 7734
7775 7735
7776 7736
7777 7737
7778 7738
7779 7739
7780 7740
7781 7741
7782 7742
7783 7743
7784 7744
7785 7745
7786 7746
7787 7747
7788 7749
7789 7748
7790 7750
7791 7751
7792 7752
7793 7753
7794 7754
7795 7756
7796 7758
7797 7757
7798 7759
7799 7760
7800 7761
7801 7762
7802 7763
7803 7764
7804 7765
7805 7766
7806 7769
7807 7770
7808 7775
7809 7776
7810 7777
7811 7778
7812 7779
7813 7780
7814 7781
7815 7782
7816 7783
7817 7784
7818 7785
7819 7786
7820 7787
7821 7790
7822 7789
7823 7791
7824 7794
7825 7795
7826 7796
7827 7797
7828 7798
7829 7799
7830 7800
7831 7801
7832 7802
7833 7803
7834 7804
7835 7805
7836 7806
7837 7807
7838 7808
7839 7809
7840 7811
7841 7812
7842 7813
7843 7814
7844 7815
7845 7816
7846 7817
7847 7818
7848 7821
7849 7824
7850 7825
7851 7826
7852 7827
7853 7830
7854 7831
7855 7832
7856 7833
7857 7834
7858 7835
7859 7836
7860 7837
7861 7844
7862 7840
7863 7839
7864 7845
7865 7846
7866 7847
7867 7848
7868 7850
7869 7849
7870 7853
7871 7852
7872 7851
7873 7855
7874 7856
7875 7857
7876 7858
7877 7859
7878 7860
7879 7861
7880 7862
7881 7863
7882 7864
7883 7866
7884 7868
7885 7867
7886 7869
7887 7870
7888 7871
7889 7872
7890 7873
7891 7874
7892 7875
7893 7876
7894 7877
7895 7878
7896 7879
7897 7880
7898 7881
7899 7882
7900 7884
7901 7885
7902 7886
7903 7887
7904 7888
7905 7890
7906 7891
7907 7892
7908 7893
7909 7894
7910 7895
7911 7896
7912 7897
7913 7898
7914 7899
7915 7900
7916 7901
7917 7902
7918 7903
7919 7904
7920 7905
7921 7906
7922 7907
7923 7908
7924 7909
7925 7910
7926 7911
7927 7912
7928 7913
7929 7914
7930 7915
7931 7916
7932 7917
7933 7918
7934 7920
7935 7921
7936 7922
7937 7923
7938 7924
7939 7925
7940 7926
7941 7927
7942 7928
7943 7929
7944 7931
7945 7932
7946 7933
7947 7934
7948 7935
7949 7936
7950 7937
7951 7938
7952 7939
7953 7940
7954 7942
7955 7941
7956 7943
7957 7944
7958 7946
7959 7947
7960 7948
7961 7949
7962 7950
7963 7951
7964 7952
7965 7953
7966 7956
7967 7958
7968 7959
7969 7960
7970 7961
7971 7962
7972 7963
7973 7964
7974 7965
7975 7966
7976 7967
7977 7969
7978 7970
7979 7971
7980 7973
7981 7974
7982 7975
7983 7976
7984 7977
7985 7978
7986 7979
7987 7980
7988 7981
7989 7982
7990 7983
7991 7984
7992 7985
7993 7986
7994 7987
7995 7988
7996 7989
7997 7990
7998 7991
7999 7992
8000 7993
8001 7994
8002 7995
8003 7996
8004 7997
8005 7998
8006 7999
8007 8001
8008 8002
8009 8003
8010 8004
8011 8005
8012 8007
8013 8008
8014 8009
8015 8010
8016 8011
8017 8012
8018 8013
8019 8014
8020 8015
8021 8016
8022 8017
8023 8018
8024 8019
8025 8020
8026 8021
8027 8022
8028 8023
8029 8024
8030 8025
8031 8026
8032 8027
8033 8028
8034 8029
8035 8031
8036 8032
8037 8033
8038 8034
8039 8035
8040 8036
8041 8039
8042 8040
8043 8041
8044 8042
8045 8043
8046 8046
8047 8047
8048 8048
8049 8049
8050 8050
8051 8051
8052 8052
8053 8053
