0 0
1 2
2 1
3 3
4 4
5 5
6 6
7 8
8 7
9 327
10 9
11 10
12 11
13 12
14 13
15 20
16 19
17 18
18 17
19 16
20 15
21 14
22 931
23 525
24 489
25 437
26 399
27 390
28 1131
29 1121
30 914
31 744
32 656
33 549
34 369
35 21
36 22
37 23
38 24
39 25
40 32
41 31
42 30
43 29
44 28
45 27
46 26
47 767
48 722
49 536
50 535
51 473
52 426
53 413
54 389
55 332
56 259
57 229
58 214
59 186
60 180
61 156
62 113
63 97
64 96
65 66
66 44
67 600
68 56
69 54
70 35
71 34
72 39
73 38
74 37
75 36
76 33
77 40
78 41
79 42
80 43
81 45
82 46
83 51
84 50
85 49
86 48
87 47
88 52
89 53
90 55
91 57
92 58
93 59
94 71
95 70
96 69
97 68
98 67
99 65
100 64
101 63
102 62
103 61
104 60
105 115
106 162
107 738
108 682
109 250
110 72
111 73
112 78
113 77
114 76
115 75
116 74
117 546
118 900
119 573
120 478
121 836
122 835
123 412
124 385
125 376
126 315
127 227
128 79
129 91
130 90
131 89
132 88
133 87
134 86
135 85
136 84
137 83
138 82
139 81
140 80
141 154
142 1021
143 967
144 897
145 830
146 435
147 394
148 366
149 360
150 1038
151 996
152 819
153 151
154 92
155 93
156 98
157 95
158 94
159 99
160 105
161 104
162 103
163 102
164 101
165 100
166 337
167 129
168 707
169 354
170 334
171 205
172 106
173 107
174 108
175 109
176 110
177 118
178 117
179 116
180 114
181 112
182 111
183 344
184 1715
185 1714
186 1713
187 1206
188 887
189 882
190 865
191 862
192 630
193 591
194 463
195 288
196 287
197 269
198 243
199 240
200 144
201 119
202 120
203 121
204 131
205 130
206 128
207 127
208 126
209 125
210 124
211 123
212 122
213 955
214 954
215 953
216 952
217 951
218 950
219 949
220 948
221 946
222 945
223 943
224 942
225 941
226 940
227 939
228 880
229 878
230 847
231 834
232 833
233 824
234 712
235 691
236 513
237 470
238 440
239 414
240 393
241 295
242 255
243 254
244 206
245 202
246 1020
247 823
248 810
249 696
250 428
251 408
252 351
253 247
254 145
255 142
256 132
257 133
258 153
259 152
260 150
261 149
262 148
263 147
264 146
265 143
266 141
267 140
268 139
269 138
270 137
271 136
272 135
273 134
274 1141
275 1100
276 984
277 974
278 890
279 889
280 859
281 839
282 837
283 803
284 560
285 547
286 465
287 347
288 346
289 280
290 278
291 209
292 569
293 860
294 793
295 359
296 1113
297 1055
298 895
299 813
300 375
301 445
302 325
303 318
304 177
305 155
306 446
307 335
308 333
309 157
310 161
311 160
312 159
313 158
314 163
315 164
316 167
317 166
318 165
319 168
320 169
321 178
322 176
323 175
324 174
325 173
326 172
327 171
328 170
329 407
330 1202
331 1112
332 883
333 686
334 271
335 179
336 594
337 454
338 421
339 371
340 302
341 253
342 244
343 225
344 222
345 219
346 181
347 182
348 183
349 184
350 185
351 187
352 193
353 192
354 191
355 190
356 189
357 188
358 1088
359 1035
360 768
361 348
362 194
363 195
364 196
365 197
366 198
367 208
368 207
369 204
370 203
371 201
372 200
373 199
374 210
375 212
376 211
377 1075
378 1074
379 1073
380 1026
381 910
382 466
383 312
384 750
385 442
386 213
387 215
388 216
389 997
390 534
391 528
392 322
393 217
394 218
395 220
396 221
397 223
398 224
399 226
400 367
401 228
402 230
403 231
404 232
405 233
406 392
407 234
408 235
409 236
410 237
411 238
412 239
413 241
414 245
415 242
416 246
417 317
418 248
419 249
420 252
421 251
422 256
423 257
424 258
425 260
426 263
427 262
428 261
429 395
430 265
431 270
432 268
433 267
434 266
435 264
436 944
437 577
438 272
439 273
440 274
441 281
442 279
443 277
444 276
445 275
446 282
447 283
448 284
449 723
450 285
451 286
452 290
453 289
454 291
455 292
456 298
457 297
458 296
459 294
460 293
461 625
462 299
463 300
464 301
465 303
466 306
467 305
468 304
469 687
470 464
471 307
472 308
473 309
474 310
475 311
476 800
477 799
478 713
479 680
480 313
481 316
482 314
483 444
484 331
485 319
486 320
487 321
488 323
489 324
490 597
491 431
492 326
493 328
494 329
495 330
496 336
497 710
498 338
499 339
500 340
501 345
502 343
503 342
504 341
505 1096
506 927
507 542
508 541
509 439
510 436
511 1148
512 613
513 349
514 350
515 1175
516 352
517 353
518 521
519 355
520 356
521 358
522 357
523 1080
524 1007
525 947
526 785
527 361
528 362
529 364
530 370
531 368
532 365
533 363
534 1119
535 811
536 572
537 741
538 510
539 476
540 475
541 372
542 373
543 374
544 377
545 379
546 378
547 380
548 381
549 382
550 383
551 384
552 386
553 387
554 388
555 391
556 665
557 396
558 397
559 398
560 400
561 401
562 402
563 403
564 404
565 405
566 406
567 663
568 498
569 409
570 410
571 411
572 1079
573 981
574 901
575 792
576 783
577 479
578 415
579 416
580 417
581 418
582 419
583 420
584 422
585 424
586 427
587 425
588 423
589 828
590 429
591 430
592 432
593 433
594 434
595 438
596 441
597 443
598 1000
599 447
600 448
601 449
602 453
603 452
604 451
605 450
606 614
607 455
608 456
609 457
610 458
611 459
612 460
613 461
614 462
615 922
616 503
617 467
618 468
619 469
620 827
621 471
622 474
623 472
624 477
625 480
626 481
627 482
628 483
629 484
630 485
631 487
632 486
633 488
634 490
635 491
636 492
637 493
638 494
639 495
640 496
641 497
642 499
643 500
644 501
645 502
646 670
647 582
648 558
649 504
650 505
651 509
652 508
653 507
654 506
655 511
656 512
657 514
658 515
659 516
660 517
661 518
662 519
663 520
664 523
665 522
666 524
667 736
668 526
669 527
670 529
671 530
672 531
673 532
674 533
675 537
676 538
677 539
678 540
679 543
680 544
681 545
682 831
683 781
684 700
685 699
686 641
687 640
688 548
689 550
690 551
691 552
692 553
693 554
694 555
695 556
696 557
697 559
698 561
699 562
700 563
701 564
702 565
703 566
704 568
705 567
706 570
707 571
708 574
709 812
710 748
711 578
712 1028
713 575
714 576
715 579
716 580
717 581
718 583
719 584
720 585
721 586
722 587
723 588
724 602
725 601
726 599
727 598
728 596
729 595
730 593
731 592
732 590
733 589
734 603
735 604
736 605
737 606
738 607
739 609
740 608
741 610
742 611
743 612
744 615
745 616
746 617
747 629
748 628
749 627
750 626
751 624
752 623
753 622
754 621
755 620
756 619
757 618
758 816
759 684
760 848
761 846
762 647
763 631
764 632
765 633
766 636
767 635
768 634
769 728
770 637
771 638
772 639
773 642
774 643
775 644
776 645
777 646
778 650
779 649
780 648
781 651
782 652
783 653
784 654
785 655
786 884
787 657
788 658
789 659
790 660
791 662
792 664
793 661
794 1176
795 826
796 666
797 667
798 668
799 669
800 743
801 742
802 671
803 672
804 673
805 674
806 675
807 676
808 677
809 678
810 679
811 681
812 683
813 685
814 688
815 689
816 690
817 692
818 693
819 694
820 695
821 697
822 698
823 701
824 702
825 703
826 704
827 705
828 706
829 708
830 709
831 711
832 714
833 715
834 716
835 717
836 718
837 721
838 720
839 719
840 724
841 725
842 726
843 727
844 729
845 749
846 747
847 746
848 745
849 740
850 739
851 737
852 735
853 734
854 733
855 732
856 731
857 730
858 838
859 751
860 752
861 753
862 754
863 755
864 756
865 757
866 758
867 759
868 760
869 761
870 762
871 763
872 764
873 765
874 787
875 786
876 784
877 782
878 780
879 779
880 778
881 777
882 776
883 775
884 774
885 773
886 772
887 771
888 770
889 769
890 766
891 960
892 809
893 1134
894 1133
895 1132
896 1098
897 1095
898 1086
899 1016
900 1015
901 1014
902 1013
903 1012
904 1011
905 1004
906 976
907 972
908 971
909 829
910 788
911 789
912 790
913 791
914 794
915 795
916 796
917 797
918 798
919 801
920 802
921 805
922 808
923 807
924 806
925 804
926 814
927 815
928 817
929 825
930 822
931 818
932 821
933 820
934 842
935 973
936 832
937 1414
938 1165
939 1164
940 1084
941 1083
942 1082
943 1081
944 959
945 840
946 841
947 843
948 844
949 845
950 1124
951 850
952 853
953 852
954 851
955 849
956 854
957 855
958 856
959 857
960 858
961 861
962 863
963 864
964 866
965 867
966 886
967 885
968 881
969 879
970 877
971 876
972 875
973 874
974 873
975 872
976 871
977 870
978 869
979 868
980 993
981 992
982 991
983 990
984 983
985 979
986 968
987 934
988 1040
989 1209
990 1194
991 1193
992 1192
993 1191
994 888
995 891
996 892
997 893
998 894
999 896
1000 898
1001 899
1002 902
1003 903
1004 904
1005 905
1006 906
1007 907
1008 908
1009 909
1010 975
1011 912
1012 911
1013 913
1014 915
1015 1106
1016 916
1017 917
1018 918
1019 919
1020 920
1021 921
1022 923
1023 924
1024 925
1025 926
1026 928
1027 929
1028 930
1029 932
1030 933
1031 935
1032 936
1033 937
1034 938
1035 956
1036 957
1037 958
1038 1102
1039 1062
1040 1061
1041 1060
1042 1059
1043 1058
1044 1057
1045 1022
1046 978
1047 961
1048 962
1049 963
1050 964
1051 965
1052 987
1053 986
1054 985
1055 982
1056 980
1057 977
1058 970
1059 969
1060 966
1061 1143
1062 1142
1063 1115
1064 1078
1065 1070
1066 1069
1067 1068
1068 1157
1069 1159
1070 1158
1071 1054
1072 988
1073 989
1074 994
1075 995
1076 998
1077 999
1078 1001
1079 1002
1080 1003
1081 1005
1082 1006
1083 1008
1084 1010
1085 1009
1086 1017
1087 1018
1088 1019
1089 1023
1090 1024
1091 1025
1092 1027
1093 1029
1094 1030
1095 1031
1096 1032
1097 1033
1098 1034
1099 1154
1100 1036
1101 1037
1102 1041
1103 1039
1104 1042
1105 1043
1106 1044
1107 1045
1108 1046
1109 1047
1110 1048
1111 1049
1112 1050
1113 1051
1114 1052
1115 1053
1116 1056
1117 1063
1118 1064
1119 1065
1120 1066
1121 1071
1122 1067
1123 1072
1124 1076
1125 1077
1126 1085
1127 1087
1128 1089
1129 1090
1130 1091
1131 1092
1132 1093
1133 1094
1134 1097
1135 1099
1136 1182
1137 1101
1138 1103
1139 1104
1140 1105
1141 1107
1142 1108
1143 1109
1144 1110
1145 1111
1146 1114
1147 1116
1148 1117
1149 1118
1150 1120
1151 1177
1152 1122
1153 1123
1154 1125
1155 1126
1156 1127
1157 1128
1158 1129
1159 1130
1160 1401
1161 1135
1162 1136
1163 1137
1164 1138
1165 1139
1166 1140
1167 1144
1168 1145
1169 1146
1170 1147
1171 1149
1172 1150
1173 1151
1174 1152
1175 1153
1176 1155
1177 1156
1178 1160
1179 1161
1180 1162
1181 1163
1182 1166
1183 1167
1184 1168
1185 1169
1186 1170
1187 1171
1188 1172
1189 1173
1190 1174
1191 1178
1192 1179
1193 1180
1194 1181
1195 1183
1196 1184
1197 1185
1198 1186
1199 1187
1200 1188
1201 1189
1202 1190
1203 1195
1204 1196
1205 1197
1206 1198
1207 1199
1208 1200
1209 1201
1210 1203
1211 1204
1212 1205
1213 1410
1214 1217
1215 1207
1216 1208
1217 1210
1218 1211
1219 1212
1220 1213
1221 1214
1222 1215
1223 1216
1224 1218
1225 1219
1226 1220
1227 1221
1228 1222
1229 1223
1230 1224
1231 1225
1232 1226
1233 1227
1234 1228
1235 1229
1236 1230
1237 1231
1238 1232
1239 1233
1240 1234
1241 1235
1242 1236
1243 1237
1244 1238
1245 1239
1246 1240
1247 1241
1248 1242
1249 1243
1250 1244
1251 1245
1252 1246
1253 1247
1254 1248
1255 1249
1256 1250
1257 1251
1258 1252
1259 1253
1260 1254
1261 1255
1262 1256
1263 1257
1264 1258
1265 1259
1266 1260
1267 1261
1268 1262
1269 1263
1270 1264
1271 1265
1272 1266
1273 1267
1274 1268
1275 1269
1276 1270
1277 1271
1278 1272
1279 1273
1280 1274
1281 1275
1282 1276
1283 1277
1284 1278
1285 1279
1286 1280
1287 1281
1288 1282
1289 1283
1290 1284
1291 1285
1292 1286
1293 1287
1294 1288
1295 1289
1296 1290
1297 1299
1298 1298
1299 1297
1300 1296
1301 1295
1302 1294
1303 1293
1304 1292
1305 1291
1306 1552
1307 1452
1308 1300
1309 1301
1310 1302
1311 1303
1312 1304
1313 1305
1314 1306
1315 1307
1316 1308
1317 1309
1318 1310
1319 1311
1320 1312
1321 1313
1322 1314
1323 1315
1324 1316
1325 1317
1326 1318
1327 1319
1328 1320
1329 1321
1330 1322
1331 1323
1332 1324
1333 1325
1334 1326
1335 1327
1336 1328
1337 1329
1338 1330
1339 1331
1340 1332
1341 1333
1342 1334
1343 1335
1344 1336
1345 1337
1346 1338
1347 1339
1348 1340
1349 1341
1350 1342
1351 1343
1352 1344
1353 1345
1354 1346
1355 1347
1356 1358
1357 1357
1358 1356
1359 1355
1360 1354
1361 1353
1362 1352
1363 1351
1364 1350
1365 1349
1366 1348
1367 1359
1368 1360
1369 1361
1370 1371
1371 1370
1372 1369
1373 1368
1374 1367
1375 1366
1376 1365
1377 1364
1378 1363
1379 1362
1380 1394
1381 1372
1382 1373
1383 1374
1384 1375
1385 1376
1386 1377
1387 1378
1388 1379
1389 1380
1390 1381
1391 1382
1392 1383
1393 1384
1394 1385
1395 1386
1396 1387
1397 1388
1398 1389
1399 1390
1400 1391
1401 1392
1402 1393
1403 1395
1404 1396
1405 1397
1406 1398
1407 1399
1408 1400
1409 1402
1410 1403
1411 1404
1412 1405
1413 1406
1414 1407
1415 1408
1416 1409
1417 1411
1418 1412
1419 1413
1420 1415
1421 1416
1422 1417
1423 1418
1424 1419
1425 1421
1426 1420
1427 1422
1428 1423
1429 1424
1430 1425
1431 1426
1432 1427
1433 1428
1434 1429
1435 1430
1436 1431
1437 1432
1438 1433
1439 1434
1440 1435
1441 1436
1442 1437
1443 1438
1444 1439
1445 1440
1446 1441
1447 1442
1448 1443
1449 1444
1450 1445
1451 1446
1452 1447
1453 1448
1454 1449
1455 1450
1456 1451
1457 1638
1458 1637
1459 1453
1460 1454
1461 1455
1462 1456
1463 1457
1464 1458
1465 1459
1466 1460
1467 1461
1468 1462
1469 1463
1470 1464
1471 1465
1472 1466
1473 1467
1474 1468
1475 1469
1476 1470
1477 1471
1478 1472
1479 1473
1480 1474
1481 1475
1482 1476
1483 1477
1484 1478
1485 1479
1486 1480
1487 1482
1488 1481
1489 1483
1490 1484
1491 1485
1492 1486
1493 1487
1494 1488
1495 1489
1496 1490
1497 1491
1498 1492
1499 1493
1500 1494
1501 1495
1502 1496
1503 1497
1504 1498
1505 1499
1506 1500
1507 1501
1508 1502
1509 1503
1510 1504
1511 1505
1512 1506
1513 1507
1514 1508
1515 1509
1516 1510
1517 1511
1518 1512
1519 1513
1520 1514
1521 1515
1522 1516
1523 1517
1524 1518
1525 1519
1526 1520
1527 1521
1528 1522
1529 1523
1530 1524
1531 1525
1532 1526
1533 1529
1534 1528
1535 1527
1536 1530
1537 1531
1538 1532
1539 1533
1540 1534
1541 1535
1542 1536
1543 1537
1544 1539
1545 1538
1546 1540
1547 1541
1548 1542
1549 1543
1550 1544
1551 1545
1552 1546
1553 1548
1554 1547
1555 1549
1556 1550
1557 1551
1558 1553
1559 1554
1560 1555
1561 1556
1562 1557
1563 1558
1564 1559
1565 1560
1566 1561
1567 1562
1568 1563
1569 1564
1570 1565
1571 1566
1572 1567
1573 1568
1574 1569
1575 1570
1576 1571
1577 1572
1578 1573
1579 1574
1580 1575
1581 1576
1582 1577
1583 1578
1584 1579
1585 1580
1586 1581
1587 1582
1588 1583
1589 1584
1590 1585
1591 1586
1592 1587
1593 1588
1594 1589
1595 1590
1596 1591
1597 1592
1598 1593
1599 1594
1600 1595
1601 1596
1602 1597
1603 1598
1604 1599
1605 1600
1606 1601
1607 1602
1608 1603
1609 1604
1610 1605
1611 1606
1612 1607
1613 1608
1614 1609
1615 1610
1616 1611
1617 1612
1618 1613
1619 1614
1620 1615
1621 1616
1622 1617
1623 1618
1624 1619
1625 1620
1626 1621
1627 1622
1628 1623
1629 1624
1630 1625
1631 1626
1632 1627
1633 1628
1634 1629
1635 1630
1636 1631
1637 1632
1638 1633
1639 1634
1640 1635
1641 1636
1642 1639
1643 1640
1644 1641
1645 1642
1646 1643
1647 1644
1648 1645
1649 1646
1650 1647
1651 1648
1652 1649
1653 1650
1654 1651
1655 1652
1656 1653
1657 1654
1658 1655
1659 1656
1660 1657
1661 1658
1662 1659
1663 1660
1664 1661
1665 1662
1666 1663
1667 1664
1668 1665
1669 1666
1670 1667
1671 1669
1672 1668
1673 1670
1674 1671
1675 1672
1676 1673
1677 1674
1678 1675
1679 1676
1680 1677
1681 1678
1682 1679
1683 1681
1684 1680
1685 1682
1686 1683
1687 1684
1688 1685
1689 1686
1690 1687
1691 1688
1692 1689
1693 1690
1694 1691
1695 1692
1696 1693
1697 1694
1698 1695
1699 1696
1700 1697
1701 1698
1702 1699
1703 1700
1704 1702
1705 1701
1706 1703
1707 1704
1708 1705
1709 1706
1710 1707
1711 1709
1712 1708
1713 1710
1714 1711
1715 1712
1716 1716
1717 1717
1718 1718
1719 1719
1720 1720
1721 1721
1722 1722
1723 1723
1724 1724
1725 1726
1726 1725
1727 1727
1728 1728
1729 1729
1730 1730
1731 1731
1732 1732
1733 1733
1734 1734
1735 1735
1736 1736
1737 1737
1738 1738
1739 1739
1740 1740
1741 1741
1742 1743
1743 1742
1744 1744
1745 1745
1746 1746
1747 1747
1748 1748
1749 1749
1750 1750
1751 1751
1752 1753
1753 1752
1754 1754
1755 1755
1756 1756
1757 1757
1758 1758
1759 1759
1760 1760
1761 1766
1762 1765
1763 1764
1764 1763
1765 1762
1766 1761
1767 1767
1768 1768
1769 1769
1770 1770
1771 1771
1772 1772
1773 1773
1774 1774
1775 1775
1776 1776
1777 1777
1778 1778
1779 1779
1780 1780
1781 1781
1782 1782
1783 1783
1784 1784
1785 1785
1786 1786
1787 1787
1788 1788
1789 1789
1790 1790
1791 1791
1792 1792
1793 1793
1794 1794
1795 1795
1796 1796
1797 1797
1798 1798
1799 1799
1800 1800
1801 1801
1802 1802
1803 1803
1804 1804
1805 1805
1806 1806
1807 1807
1808 1808
1809 1809
