0 0
1 2
2 1
3 4490
4 4483
5 4270
6 3912
7 3510
8 3234
9 1565
10 643
11 369
12 359
13 3
14 4
15 5
16 6
17 7
18 8
19 9
20 1326
21 10
22 11
23 12
24 13
25 14
26 15
27 436
28 354
29 273
30 268
31 199
32 184
33 175
34 143
35 138
36 129
37 122
38 120
39 64
40 62
41 41
42 36
43 29
44 16
45 17
46 18
47 19
48 20
49 21
50 22
51 23
52 24
53 1040
54 659
55 444
56 288
57 253
58 65
59 27
60 25
61 26
62 5196
63 4147
64 3610
65 3328
66 2838
67 2747
68 2531
69 2510
70 1952
71 1481
72 1143
73 628
74 392
75 222
76 212
77 169
78 365
79 28
80 30
81 31
82 32
83 1310
84 953
85 33
86 34
87 35
88 5240
89 5239
90 5238
91 5236
92 5167
93 5131
94 4343
95 4227
96 3931
97 3776
98 3477
99 3469
100 3112
101 2274
102 1484
103 996
104 698
105 515
106 398
107 286
108 225
109 214
110 132
111 37
112 38
113 39
114 1448
115 40
116 3780
117 3467
118 42
119 43
120 44
121 45
122 631
123 46
124 47
125 1129
126 48
127 49
128 50
129 51
130 52
131 53
132 55
133 54
134 56
135 57
136 58
137 59
138 3081
139 768
140 750
141 283
142 148
143 112
144 60
145 61
146 76
147 63
148 4773
149 4710
150 3895
151 2969
152 1069
153 819
154 66
155 67
156 68
157 69
158 70
159 71
160 72
161 73
162 74
163 75
164 357
165 77
166 78
167 79
168 80
169 81
170 82
171 83
172 2497
173 84
174 85
175 86
176 87
177 88
178 89
179 90
180 91
181 92
182 93
183 94
184 95
185 97
186 96
187 99
188 98
189 100
190 101
191 102
192 103
193 104
194 105
195 106
196 107
197 108
198 109
199 110
200 111
201 113
202 114
203 115
204 116
205 117
206 118
207 119
208 1214
209 121
210 3860
211 123
212 124
213 125
214 126
215 127
216 128
217 130
218 131
219 3441
220 2896
221 1191
222 532
223 447
224 133
225 134
226 135
227 136
228 137
229 3954
230 139
231 140
232 141
233 142
234 144
235 145
236 146
237 147
238 149
239 150
240 151
241 152
242 153
243 154
244 155
245 1613
246 156
247 157
248 158
249 159
250 160
251 161
252 162
253 163
254 164
255 165
256 166
257 167
258 168
259 170
260 171
261 172
262 173
263 174
264 1182
265 1181
266 413
267 176
268 177
269 178
270 179
271 180
272 181
273 182
274 183
275 185
276 186
277 187
278 188
279 189
280 190
281 191
282 192
283 193
284 194
285 195
286 196
287 198
288 200
289 197
290 1173
291 613
292 201
293 202
294 203
295 4122
296 2384
297 1974
298 1755
299 1292
300 1146
301 645
302 204
303 205
304 206
305 207
306 208
307 2123
308 209
309 210
310 211
311 4714
312 4587
313 2346
314 1098
315 627
316 598
317 569
318 483
319 213
320 215
321 4543
322 4051
323 1979
324 1859
325 1240
326 524
327 216
328 217
329 218
330 219
331 220
332 221
333 3652
334 223
335 224
336 226
337 227
338 228
339 229
340 230
341 231
342 232
343 233
344 234
345 235
346 236
347 237
348 238
349 239
350 240
351 1105
352 241
353 242
354 243
355 244
356 245
357 246
358 247
359 248
360 249
361 250
362 251
363 252
364 314
365 254
366 255
367 256
368 257
369 258
370 259
371 260
372 261
373 262
374 263
375 264
376 265
377 266
378 267
379 269
380 270
381 271
382 272
383 274
384 275
385 276
386 277
387 278
388 279
389 280
390 281
391 282
392 712
393 284
394 285
395 4029
396 287
397 289
398 290
399 291
400 292
401 293
402 294
403 295
404 296
405 297
406 298
407 299
408 300
409 301
410 302
411 303
412 304
413 305
414 306
415 307
416 308
417 2250
418 309
419 310
420 311
421 312
422 313
423 315
424 316
425 317
426 318
427 319
428 320
429 321
430 322
431 323
432 324
433 325
434 326
435 327
436 328
437 329
438 330
439 331
440 332
441 333
442 334
443 335
444 336
445 337
446 338
447 339
448 340
449 341
450 342
451 343
452 344
453 345
454 346
455 347
456 348
457 349
458 350
459 351
460 352
461 353
462 355
463 356
464 3443
465 3442
466 3259
467 2840
468 1503
469 415
470 391
471 358
472 360
473 361
474 362
475 363
476 364
477 366
478 367
479 368
480 370
481 371
482 372
483 373
484 3607
485 3606
486 374
487 375
488 376
489 377
490 378
491 379
492 380
493 381
494 382
495 383
496 385
497 384
498 386
499 387
500 388
501 389
502 390
503 4721
504 3785
505 393
506 394
507 395
508 396
509 397
510 399
511 400
512 401
513 402
514 403
515 404
516 405
517 406
518 407
519 408
520 409
521 410
522 411
523 412
524 1483
525 1482
526 1480
527 1058
528 764
529 414
530 416
531 417
532 418
533 419
534 420
535 421
536 422
537 423
538 424
539 425
540 426
541 427
542 428
543 429
544 430
545 431
546 432
547 433
548 434
549 435
550 437
551 438
552 439
553 440
554 441
555 442
556 443
557 445
558 446
559 448
560 449
561 450
562 451
563 452
564 453
565 454
566 455
567 456
568 457
569 458
570 459
571 460
572 461
573 462
574 463
575 464
576 465
577 466
578 467
579 468
580 469
581 470
582 471
583 472
584 473
585 474
586 475
587 476
588 477
589 478
590 479
591 480
592 481
593 482
594 484
595 485
596 486
597 487
598 488
599 489
600 490
601 491
602 492
603 493
604 494
605 495
606 496
607 497
608 2353
609 2352
610 498
611 499
612 500
613 501
614 502
615 503
616 504
617 505
618 506
619 507
620 508
621 509
622 2902
623 510
624 511
625 512
626 513
627 514
628 4902
629 3834
630 3024
631 516
632 517
633 518
634 519
635 520
636 521
637 522
638 523
639 525
640 526
641 527
642 528
643 529
644 3884
645 3882
646 3881
647 1774
648 1014
649 530
650 531
651 533
652 534
653 535
654 536
655 540
656 539
657 538
658 537
659 541
660 542
661 543
662 2445
663 544
664 545
665 546
666 547
667 548
668 549
669 550
670 551
671 552
672 553
673 554
674 555
675 556
676 557
677 558
678 559
679 560
680 561
681 562
682 563
683 564
684 565
685 566
686 567
687 568
688 571
689 570
690 572
691 573
692 574
693 575
694 576
695 577
696 578
697 579
698 580
699 581
700 582
701 583
702 584
703 585
704 586
705 587
706 588
707 589
708 590
709 591
710 592
711 593
712 594
713 596
714 595
715 597
716 5068
717 4287
718 4286
719 4285
720 4284
721 3762
722 3482
723 2968
724 1749
725 865
726 599
727 600
728 601
729 602
730 603
731 604
732 605
733 606
734 607
735 608
736 609
737 610
738 611
739 612
740 614
741 615
742 616
743 617
744 618
745 619
746 620
747 621
748 622
749 623
750 624
751 625
752 626
753 3628
754 629
755 630
756 632
757 633
758 634
759 635
760 636
761 637
762 638
763 639
764 640
765 641
766 642
767 644
768 2016
769 1097
770 646
771 647
772 648
773 649
774 650
775 651
776 652
777 653
778 978
779 654
780 655
781 656
782 657
783 658
784 660
785 661
786 662
787 663
788 664
789 665
790 666
791 667
792 668
793 669
794 670
795 671
796 672
797 673
798 674
799 675
800 676
801 677
802 678
803 679
804 680
805 681
806 682
807 683
808 684
809 685
810 686
811 687
812 688
813 689
814 690
815 691
816 692
817 693
818 694
819 695
820 696
821 697
822 4924
823 4923
824 4921
825 4920
826 4390
827 4222
828 3953
829 2284
830 1636
831 1595
832 1536
833 1198
834 1036
835 802
836 779
837 766
838 699
839 700
840 701
841 702
842 703
843 704
844 705
845 706
846 707
847 708
848 709
849 710
850 711
851 713
852 714
853 715
854 716
855 717
856 718
857 719
858 720
859 721
860 722
861 723
862 724
863 725
864 726
865 727
866 728
867 730
868 729
869 731
870 732
871 733
872 734
873 735
874 736
875 737
876 738
877 739
878 740
879 741
880 742
881 743
882 744
883 745
884 746
885 747
886 748
887 749
888 751
889 752
890 753
891 754
892 755
893 756
894 757
895 758
896 759
897 760
898 761
899 762
900 763
901 765
902 767
903 769
904 770
905 771
906 772
907 773
908 774
909 775
910 776
911 777
912 778
913 780
914 781
915 782
916 783
917 784
918 785
919 786
920 787
921 788
922 789
923 790
924 791
925 792
926 793
927 794
928 795
929 796
930 797
931 798
932 799
933 800
934 801
935 803
936 804
937 805
938 806
939 807
940 808
941 809
942 810
943 811
944 812
945 813
946 814
947 815
948 816
949 817
950 818
951 820
952 822
953 821
954 823
955 824
956 825
957 826
958 828
959 827
960 829
961 830
962 831
963 832
964 833
965 834
966 835
967 836
968 838
969 837
970 839
971 840
972 841
973 842
974 843
975 844
976 845
977 846
978 847
979 848
980 849
981 850
982 851
983 852
984 853
985 854
986 855
987 856
988 857
989 858
990 859
991 860
992 861
993 862
994 863
995 864
996 866
997 4424
998 3833
999 1941
1000 867
1001 868
1002 869
1003 870
1004 874
1005 873
1006 872
1007 871
1008 875
1009 876
1010 877
1011 878
1012 879
1013 880
1014 881
1015 882
1016 883
1017 884
1018 885
1019 886
1020 887
1021 888
1022 889
1023 890
1024 891
1025 892
1026 893
1027 894
1028 895
1029 896
1030 897
1031 898
1032 899
1033 900
1034 901
1035 902
1036 903
1037 904
1038 905
1039 906
1040 907
1041 908
1042 909
1043 910
1044 911
1045 912
1046 913
1047 914
1048 915
1049 916
1050 917
1051 918
1052 919
1053 920
1054 921
1055 922
1056 923
1057 924
1058 925
1059 926
1060 927
1061 928
1062 929
1063 930
1064 931
1065 932
1066 933
1067 934
1068 935
1069 936
1070 937
1071 938
1072 939
1073 940
1074 941
1075 942
1076 943
1077 944
1078 945
1079 946
1080 947
1081 948
1082 949
1083 950
1084 951
1085 952
1086 5237
1087 5208
1088 5207
1089 5206
1090 5205
1091 5204
1092 5203
1093 5202
1094 5201
1095 5200
1096 5199
1097 5198
1098 5197
1099 5195
1100 5194
1101 5193
1102 5192
1103 5191
1104 5190
1105 5189
1106 5188
1107 5187
1108 5186
1109 5144
1110 5143
1111 5134
1112 5133
1113 5132
1114 5051
1115 5046
1116 4838
1117 4690
1118 4683
1119 4494
1120 4315
1121 4180
1122 3831
1123 3343
1124 3120
1125 3060
1126 2993
1127 2221
1128 2054
1129 1997
1130 1430
1131 954
1132 955
1133 957
1134 956
1135 958
1136 959
1137 960
1138 961
1139 962
1140 963
1141 964
1142 965
1143 966
1144 967
1145 968
1146 969
1147 970
1148 971
1149 972
1150 973
1151 974
1152 975
1153 976
1154 977
1155 979
1156 980
1157 981
1158 982
1159 983
1160 984
1161 985
1162 986
1163 987
1164 988
1165 989
1166 990
1167 991
1168 992
1169 993
1170 994
1171 995
1172 1751
1173 997
1174 998
1175 4556
1176 999
1177 1000
1178 1001
1179 1002
1180 1003
1181 1004
1182 1005
1183 1006
1184 1007
1185 1009
1186 1008
1187 1010
1188 1011
1189 1012
1190 1013
1191 3415
1192 3414
1193 3413
1194 3412
1195 3411
1196 1299
1197 1015
1198 1016
1199 1017
1200 1018
1201 1019
1202 1020
1203 1021
1204 1022
1205 1023
1206 1024
1207 1025
1208 1026
1209 1027
1210 1028
1211 2413
1212 1029
1213 1030
1214 1031
1215 1032
1216 1033
1217 1034
1218 1035
1219 1037
1220 1038
1221 1039
1222 1041
1223 1042
1224 1043
1225 1044
1226 1045
1227 1046
1228 1047
1229 1048
1230 1049
1231 1050
1232 1051
1233 1052
1234 1053
1235 1054
1236 1055
1237 1056
1238 1057
1239 1993
1240 1059
1241 1060
1242 1061
1243 1062
1244 1063
1245 1064
1246 1065
1247 1066
1248 1067
1249 1068
1250 4877
1251 1070
1252 1071
1253 1072
1254 1073
1255 1074
1256 1075
1257 1076
1258 1077
1259 1078
1260 1079
1261 1080
1262 1081
1263 1082
1264 1083
1265 1084
1266 1085
1267 1086
1268 1087
1269 1088
1270 1089
1271 1090
1272 1091
1273 1092
1274 1093
1275 1094
1276 1095
1277 1096
1278 3487
1279 1099
1280 1100
1281 1101
1282 1102
1283 1103
1284 1104
1285 1106
1286 1107
1287 1108
1288 1109
1289 1110
1290 1111
1291 1112
1292 1113
1293 1114
1294 1115
1295 1116
1296 1117
1297 1118
1298 1119
1299 1120
1300 1121
1301 1122
1302 1578
1303 1123
1304 1124
1305 1125
1306 1126
1307 1127
1308 1128
1309 1130
1310 1131
1311 1132
1312 1133
1313 1134
1314 1135
1315 1136
1316 1137
1317 1138
1318 1139
1319 1140
1320 1141
1321 1142
1322 1144
1323 1145
1324 1507
1325 1147
1326 1148
1327 1149
1328 1150
1329 1151
1330 1152
1331 1153
1332 1154
1333 1155
1334 1156
1335 1157
1336 1158
1337 1159
1338 1160
1339 1161
1340 1163
1341 1162
1342 1164
1343 1165
1344 1166
1345 1167
1346 1168
1347 1169
1348 1170
1349 1171
1350 1172
1351 5149
1352 4478
1353 4463
1354 2855
1355 1174
1356 1175
1357 1176
1358 1177
1359 1178
1360 1179
1361 1180
1362 1183
1363 1184
1364 1185
1365 1186
1366 1187
1367 1188
1368 1189
1369 1190
1370 1192
1371 1193
1372 1194
1373 1195
1374 1196
1375 1197
1376 1199
1377 1200
1378 1201
1379 1202
1380 1203
1381 1204
1382 1205
1383 1206
1384 1207
1385 1208
1386 1209
1387 1210
1388 1211
1389 1212
1390 1213
1391 1215
1392 1216
1393 1217
1394 1218
1395 1219
1396 1220
1397 1221
1398 1222
1399 1223
1400 1224
1401 1225
1402 1226
1403 1227
1404 1228
1405 1229
1406 1230
1407 1231
1408 1232
1409 1233
1410 1234
1411 1235
1412 1236
1413 1237
1414 1238
1415 1239
1416 4201
1417 4013
1418 3977
1419 3582
1420 3559
1421 3501
1422 3164
1423 3118
1424 3086
1425 3030
1426 2826
1427 2805
1428 2229
1429 1624
1430 1241
1431 1242
1432 1243
1433 1244
1434 1245
1435 1246
1436 1247
1437 1248
1438 1249
1439 1250
1440 1251
1441 1252
1442 1253
1443 1254
1444 1255
1445 1256
1446 1257
1447 1258
1448 1259
1449 1260
1450 1261
1451 1262
1452 1263
1453 1264
1454 1265
1455 1266
1456 1267
1457 1268
1458 1269
1459 1270
1460 1271
1461 1272
1462 1273
1463 1274
1464 1275
1465 1276
1466 1277
1467 1278
1468 1279
1469 1280
1470 1281
1471 1282
1472 1283
1473 1284
1474 1285
1475 1286
1476 1287
1477 1288
1478 1289
1479 1290
1480 1291
1481 1293
1482 1294
1483 1295
1484 1296
1485 1297
1486 1298
1487 1300
1488 1301
1489 1302
1490 1303
1491 1304
1492 1305
1493 1306
1494 1307
1495 1308
1496 1309
1497 2399
1498 1311
1499 1312
1500 1313
1501 1314
1502 1315
1503 1316
1504 1317
1505 1318
1506 1319
1507 1320
1508 1321
1509 1322
1510 1323
1511 1324
1512 1325
1513 4163
1514 1327
1515 1328
1516 1329
1517 1330
1518 1331
1519 1332
1520 1333
1521 1334
1522 1335
1523 1336
1524 1337
1525 1338
1526 1339
1527 1340
1528 1341
1529 1342
1530 1343
1531 1344
1532 1346
1533 1349
1534 1348
1535 1347
1536 1345
1537 1350
1538 1351
1539 1352
1540 1353
1541 1370
1542 1355
1543 1354
1544 1356
1545 1357
1546 1358
1547 1359
1548 1360
1549 1361
1550 1362
1551 1363
1552 1364
1553 1365
1554 1366
1555 1367
1556 1368
1557 1369
1558 4635
1559 4590
1560 3288
1561 1371
1562 1372
1563 1373
1564 1374
1565 1375
1566 1376
1567 1377
1568 1378
1569 1379
1570 1380
1571 1381
1572 1382
1573 1383
1574 1384
1575 1385
1576 1386
1577 1387
1578 1388
1579 1389
1580 1390
1581 1391
1582 1392
1583 1393
1584 1394
1585 1395
1586 1396
1587 1397
1588 1398
1589 1400
1590 1399
1591 1401
1592 1402
1593 1403
1594 1404
1595 1405
1596 1406
1597 1407
1598 1408
1599 1409
1600 1410
1601 1411
1602 1412
1603 1413
1604 1414
1605 1415
1606 1416
1607 1417
1608 1418
1609 1419
1610 1420
1611 1421
1612 1422
1613 1423
1614 1424
1615 1425
1616 1426
1617 1427
1618 1428
1619 1429
1620 1431
1621 1432
1622 1433
1623 1434
1624 1435
1625 1436
1626 1437
1627 1438
1628 1439
1629 1440
1630 1441
1631 1442
1632 1443
1633 1444
1634 1445
1635 1446
1636 1447
1637 1449
1638 1450
1639 1451
1640 1452
1641 1453
1642 1454
1643 1455
1644 1456
1645 1457
1646 1458
1647 1459
1648 1460
1649 1461
1650 1462
1651 1463
1652 1464
1653 1465
1654 1466
1655 1467
1656 1468
1657 1469
1658 1470
1659 1471
1660 1472
1661 1473
1662 1474
1663 1475
1664 1476
1665 1477
1666 1478
1667 1479
1668 1485
1669 1486
1670 1487
1671 1488
1672 1489
1673 1490
1674 1491
1675 1492
1676 1493
1677 1494
1678 1495
1679 1496
1680 1497
1681 1498
1682 1499
1683 1500
1684 1501
1685 1502
1686 1504
1687 1505
1688 1506
1689 1508
1690 1509
1691 1510
1692 1511
1693 1512
1694 1513
1695 1514
1696 1515
1697 1516
1698 1517
1699 1518
1700 1519
1701 1520
1702 1521
1703 1522
1704 1523
1705 1524
1706 1525
1707 1526
1708 1527
1709 1528
1710 1529
1711 1530
1712 1531
1713 1532
1714 1533
1715 1534
1716 1535
1717 1537
1718 1538
1719 1539
1720 1540
1721 1541
1722 1542
1723 1543
1724 1544
1725 1545
1726 1546
1727 1547
1728 1548
1729 1549
1730 1550
1731 1551
1732 1552
1733 1553
1734 1554
1735 1555
1736 1556
1737 1557
1738 1558
1739 1559
1740 3287
1741 1560
1742 1561
1743 1562
1744 1563
1745 1564
1746 1566
1747 1567
1748 1568
1749 1569
1750 1570
1751 1571
1752 1572
1753 1573
1754 1574
1755 1575
1756 1576
1757 1577
1758 1579
1759 1580
1760 1581
1761 1582
1762 1583
1763 1584
1764 1585
1765 1586
1766 1587
1767 1588
1768 1589
1769 1590
1770 1591
1771 1592
1772 1593
1773 1594
1774 1596
1775 1597
1776 1598
1777 1599
1778 1600
1779 1601
1780 1602
1781 1603
1782 1604
1783 1605
1784 1606
1785 1607
1786 1608
1787 1609
1788 1610
1789 1611
1790 1612
1791 2032
1792 1614
1793 1615
1794 1616
1795 1617
1796 1618
1797 1619
1798 1620
1799 1621
1800 1622
1801 1623
1802 1625
1803 1626
1804 1627
1805 1628
1806 1629
1807 1630
1808 1631
1809 1632
1810 1633
1811 1634
1812 1635
1813 1637
1814 1638
1815 1639
1816 1640
1817 1641
1818 1642
1819 1643
1820 1644
1821 1645
1822 1646
1823 1647
1824 1648
1825 1649
1826 1650
1827 1651
1828 1652
1829 1653
1830 1654
1831 1655
1832 1656
1833 1657
1834 1658
1835 1659
1836 1660
1837 1661
1838 1662
1839 1663
1840 1664
1841 1665
1842 1666
1843 1667
1844 1668
1845 1669
1846 1670
1847 1671
1848 1672
1849 1673
1850 1674
1851 1675
1852 1676
1853 1677
1854 1678
1855 1679
1856 1680
1857 1681
1858 1682
1859 1683
1860 1684
1861 1685
1862 1686
1863 1687
1864 1688
1865 1689
1866 1690
1867 1691
1868 1692
1869 1693
1870 1694
1871 1695
1872 1696
1873 1697
1874 1698
1875 1699
1876 1700
1877 1701
1878 1702
1879 1703
1880 1704
1881 1705
1882 1706
1883 1707
1884 1708
1885 1709
1886 1710
1887 1711
1888 1712
1889 1713
1890 1714
1891 1715
1892 1716
1893 1717
1894 1719
1895 1718
1896 1720
1897 1721
1898 1722
1899 1723
1900 1724
1901 1725
1902 1726
1903 1727
1904 1728
1905 1729
1906 1730
1907 1731
1908 1732
1909 1733
1910 1734
1911 1735
1912 1736
1913 1737
1914 1738
1915 1739
1916 1740
1917 1741
1918 1742
1919 1743
1920 1744
1921 1745
1922 1746
1923 1747
1924 1748
1925 1750
1926 1752
1927 1753
1928 1754
1929 1756
1930 1757
1931 1758
1932 1759
1933 1760
1934 1761
1935 1762
1936 1763
1937 1764
1938 1765
1939 1766
1940 1767
1941 1768
1942 1769
1943 1770
1944 1771
1945 1772
1946 3883
1947 2283
1948 1775
1949 1773
1950 1776
1951 1777
1952 1778
1953 1779
1954 1780
1955 1781
1956 1782
1957 1783
1958 1784
1959 1785
1960 1786
1961 1787
1962 1788
1963 1789
1964 1790
1965 1791
1966 1792
1967 1793
1968 1794
1969 1795
1970 1796
1971 1797
1972 1798
1973 1799
1974 1800
1975 1801
1976 1802
1977 1803
1978 1804
1979 1805
1980 1806
1981 1807
1982 1808
1983 1809
1984 1810
1985 1811
1986 1812
1987 1813
1988 1814
1989 1815
1990 1816
1991 1817
1992 1818
1993 1819
1994 1820
1995 1821
1996 1822
1997 1823
1998 1824
1999 1825
2000 1826
2001 1827
2002 1828
2003 1829
2004 1830
2005 1831
2006 1832
2007 1833
2008 1834
2009 1835
2010 1836
2011 1837
2012 1838
2013 1839
2014 1842
2015 1841
2016 1840
2017 1843
2018 1844
2019 1845
2020 1846
2021 1847
2022 1848
2023 1849
2024 1850
2025 1851
2026 1852
2027 1853
2028 1854
2029 1855
2030 1856
2031 1857
2032 1858
2033 1860
2034 1861
2035 1862
2036 1863
2037 1864
2038 1865
2039 1866
2040 1867
2041 1868
2042 1869
2043 1871
2044 1872
2045 1870
2046 1873
2047 1874
2048 1875
2049 1876
2050 1877
2051 1878
2052 1879
2053 1880
2054 1881
2055 1882
2056 1883
2057 1884
2058 1885
2059 1886
2060 1887
2061 1888
2062 1889
2063 1890
2064 1891
2065 1892
2066 1893
2067 1894
2068 1895
2069 1896
2070 1897
2071 1898
2072 1899
2073 1900
2074 1901
2075 1902
2076 1903
2077 1904
2078 1905
2079 1907
2080 1906
2081 1908
2082 1909
2083 1910
2084 1911
2085 1912
2086 1913
2087 1914
2088 1915
2089 1916
2090 1917
2091 1918
2092 1919
2093 1920
2094 1921
2095 1922
2096 1923
2097 1925
2098 1924
2099 1926
2100 1927
2101 1928
2102 1929
2103 1930
2104 1931
2105 1932
2106 1933
2107 1934
2108 1935
2109 1936
2110 1937
2111 1938
2112 1939
2113 1940
2114 1942
2115 1943
2116 1944
2117 1945
2118 1946
2119 1947
2120 1948
2121 1949
2122 1950
2123 1951
2124 1953
2125 1954
2126 1955
2127 1956
2128 1957
2129 1959
2130 1958
2131 1960
2132 1961
2133 1962
2134 1963
2135 1964
2136 1965
2137 1966
2138 1967
2139 1968
2140 1969
2141 1970
2142 1971
2143 1972
2144 1973
2145 1975
2146 1976
2147 1977
2148 1978
2149 1980
2150 1981
2151 1982
2152 1983
2153 1984
2154 1985
2155 1986
2156 1987
2157 1988
2158 1989
2159 1990
2160 1991
2161 1992
2162 1994
2163 1995
2164 1996
2165 4354
2166 4353
2167 2116
2168 2000
2169 1999
2170 1998
2171 2001
2172 2002
2173 2003
2174 2004
2175 2005
2176 2006
2177 2007
2178 2008
2179 2009
2180 2010
2181 2011
2182 2012
2183 2013
2184 2014
2185 2015
2186 2017
2187 2018
2188 2019
2189 2020
2190 2021
2191 2022
2192 2023
2193 2024
2194 2025
2195 2026
2196 2027
2197 2028
2198 2029
2199 2030
2200 2031
2201 2033
2202 2034
2203 2035
2204 2036
2205 2037
2206 2038
2207 2039
2208 2040
2209 2041
2210 2042
2211 2043
2212 2044
2213 2045
2214 2046
2215 2047
2216 2048
2217 2049
2218 2050
2219 2051
2220 2052
2221 2053
2222 2055
2223 2056
2224 2057
2225 2058
2226 2059
2227 2060
2228 2061
2229 2062
2230 2063
2231 2064
2232 2065
2233 2066
2234 2067
2235 2068
2236 2069
2237 2070
2238 2071
2239 2072
2240 2073
2241 2074
2242 2075
2243 2076
2244 2077
2245 2078
2246 2079
2247 2080
2248 2081
2249 2082
2250 2083
2251 2084
2252 2087
2253 2086
2254 2085
2255 2088
2256 2089
2257 2090
2258 2091
2259 2092
2260 2093
2261 2094
2262 2095
2263 2096
2264 2097
2265 2098
2266 2099
2267 2100
2268 2101
2269 2102
2270 2103
2271 2104
2272 2105
2273 2106
2274 2107
2275 2108
2276 2109
2277 2110
2278 2111
2279 2112
2280 2113
2281 2114
2282 2115
2283 2117
2284 2118
2285 2119
2286 2120
2287 2121
2288 2122
2289 4079
2290 3111
2291 2124
2292 2125
2293 2126
2294 2127
2295 2128
2296 2129
2297 2130
2298 2131
2299 2132
2300 2133
2301 2134
2302 2135
2303 2136
2304 2137
2305 2138
2306 2139
2307 2140
2308 2141
2309 2142
2310 2143
2311 2144
2312 2145
2313 2146
2314 2147
2315 2148
2316 2149
2317 2150
2318 2151
2319 2152
2320 2153
2321 2154
2322 2155
2323 2156
2324 2157
2325 2158
2326 2159
2327 2160
2328 2161
2329 2162
2330 2163
2331 2164
2332 2165
2333 2166
2334 2167
2335 2168
2336 2169
2337 2170
2338 2171
2339 2172
2340 2173
2341 2174
2342 2175
2343 2176
2344 2177
2345 2178
2346 2179
2347 2180
2348 2181
2349 2182
2350 2183
2351 2184
2352 2185
2353 2186
2354 2187
2355 2188
2356 2189
2357 2190
2358 2191
2359 2192
2360 2193
2361 2194
2362 2195
2363 2196
2364 2197
2365 2198
2366 2199
2367 2200
2368 2201
2369 2202
2370 2203
2371 2204
2372 2205
2373 2206
2374 2207
2375 2208
2376 2209
2377 2210
2378 2211
2379 2212
2380 2213
2381 2214
2382 2215
2383 2216
2384 2217
2385 2218
2386 2219
2387 2220
2388 2222
2389 2223
2390 2224
2391 2225
2392 2226
2393 2227
2394 2228
2395 2230
2396 2231
2397 2233
2398 2234
2399 2232
2400 2235
2401 2236
2402 2237
2403 2238
2404 2239
2405 2240
2406 2241
2407 2242
2408 2243
2409 2244
2410 2245
2411 2246
2412 2247
2413 2248
2414 2249
2415 2251
2416 2252
2417 2253
2418 2254
2419 2255
2420 2256
2421 2257
2422 2258
2423 2259
2424 2260
2425 2261
2426 2262
2427 2263
2428 2264
2429 2265
2430 2266
2431 2267
2432 2268
2433 2269
2434 2270
2435 2271
2436 2272
2437 2273
2438 2275
2439 2276
2440 2277
2441 2278
2442 2279
2443 2280
2444 2281
2445 2282
2446 2285
2447 2286
2448 2287
2449 2288
2450 2289
2451 2290
2452 2291
2453 2292
2454 2293
2455 2294
2456 2295
2457 2296
2458 2297
2459 2298
2460 2299
2461 2300
2462 2301
2463 2302
2464 2303
2465 2304
2466 2305
2467 2306
2468 2307
2469 2308
2470 2309
2471 2310
2472 2311
2473 2312
2474 2313
2475 2314
2476 2315
2477 2316
2478 2317
2479 2318
2480 2319
2481 2320
2482 2321
2483 2322
2484 2323
2485 2324
2486 2325
2487 2326
2488 2327
2489 2328
2490 2329
2491 2330
2492 2331
2493 2332
2494 2333
2495 2334
2496 2335
2497 2336
2498 2337
2499 2338
2500 2339
2501 2340
2502 2341
2503 2342
2504 2343
2505 2344
2506 2345
2507 2347
2508 2348
2509 2349
2510 2350
2511 2351
2512 2354
2513 2355
2514 2356
2515 2357
2516 2358
2517 2359
2518 2360
2519 2361
2520 2362
2521 2363
2522 2364
2523 2365
2524 2366
2525 2367
2526 2368
2527 2369
2528 2370
2529 2371
2530 2372
2531 2373
2532 2374
2533 2375
2534 2376
2535 2377
2536 2378
2537 2379
2538 2380
2539 2381
2540 2382
2541 2383
2542 2386
2543 2385
2544 2387
2545 2388
2546 2389
2547 2390
2548 2391
2549 2392
2550 2393
2551 2394
2552 2395
2553 2396
2554 2397
2555 2398
2556 2400
2557 2401
2558 2402
2559 2949
2560 2403
2561 2404
2562 2405
2563 2406
2564 2407
2565 2408
2566 2409
2567 2410
2568 2411
2569 2412
2570 2414
2571 2415
2572 2416
2573 2417
2574 2418
2575 2419
2576 2420
2577 2421
2578 2422
2579 2423
2580 2424
2581 2425
2582 2426
2583 2427
2584 2428
2585 2429
2586 2430
2587 2431
2588 2432
2589 2433
2590 2434
2591 2435
2592 2436
2593 2437
2594 2438
2595 2439
2596 2440
2597 2441
2598 2442
2599 2443
2600 2444
2601 2446
2602 2447
2603 2448
2604 2449
2605 2450
2606 2451
2607 2452
2608 2453
2609 2454
2610 2455
2611 2456
2612 2457
2613 2458
2614 2459
2615 2460
2616 2461
2617 2462
2618 2463
2619 2464
2620 2465
2621 2466
2622 2467
2623 2468
2624 2469
2625 2470
2626 2471
2627 2472
2628 2473
2629 2474
2630 2475
2631 2476
2632 2477
2633 2478
2634 2479
2635 2480
2636 2481
2637 2482
2638 2483
2639 2484
2640 2485
2641 2486
2642 2487
2643 2488
2644 2489
2645 2490
2646 2491
2647 2492
2648 2493
2649 2494
2650 2495
2651 2496
2652 3418
2653 2498
2654 2499
2655 2500
2656 2501
2657 2502
2658 2503
2659 2504
2660 2505
2661 2506
2662 2507
2663 2508
2664 2509
2665 2511
2666 2512
2667 2513
2668 2514
2669 2515
2670 2516
2671 2517
2672 2518
2673 2519
2674 2520
2675 2521
2676 2522
2677 2523
2678 2524
2679 2525
2680 2526
2681 2527
2682 2528
2683 2529
2684 2530
2685 2532
2686 2533
2687 2534
2688 2535
2689 2536
2690 2537
2691 2538
2692 2539
2693 2540
2694 2541
2695 2542
2696 2543
2697 2544
2698 2545
2699 2546
2700 2547
2701 2548
2702 2549
2703 2550
2704 2551
2705 2552
2706 2553
2707 2554
2708 2555
2709 2556
2710 2557
2711 2558
2712 2559
2713 2560
2714 2561
2715 2562
2716 2563
2717 2564
2718 2565
2719 2566
2720 2567
2721 2568
2722 2569
2723 2570
2724 2571
2725 2572
2726 2573
2727 2574
2728 2576
2729 2575
2730 2577
2731 2578
2732 2579
2733 2580
2734 2581
2735 2582
2736 2583
2737 2584
2738 2585
2739 2586
2740 2587
2741 2588
2742 2589
2743 2590
2744 2591
2745 2592
2746 2593
2747 2594
2748 2595
2749 2596
2750 2597
2751 2598
2752 2599
2753 2600
2754 2601
2755 2602
2756 2603
2757 2604
2758 2605
2759 2606
2760 2607
2761 2608
2762 2609
2763 2610
2764 2611
2765 2612
2766 2613
2767 2614
2768 2615
2769 2616
2770 2617
2771 2618
2772 2619
2773 2620
2774 2621
2775 2622
2776 2623
2777 2624
2778 2625
2779 2626
2780 2627
2781 2628
2782 2629
2783 2630
2784 2631
2785 2632
2786 2633
2787 2634
2788 2635
2789 2636
2790 2637
2791 2638
2792 2639
2793 2640
2794 2641
2795 2642
2796 2643
2797 2644
2798 2645
2799 2646
2800 2647
2801 2652
2802 2651
2803 2650
2804 2649
2805 2648
2806 2653
2807 2654
2808 2655
2809 2656
2810 2657
2811 2658
2812 2659
2813 2660
2814 2661
2815 2663
2816 2662
2817 2664
2818 2665
2819 2666
2820 2667
2821 2669
2822 2668
2823 2670
2824 2671
2825 2672
2826 2673
2827 2674
2828 2675
2829 2676
2830 2677
2831 2678
2832 2679
2833 2680
2834 2681
2835 2682
2836 2683
2837 2684
2838 2685
2839 2686
2840 2687
2841 2688
2842 2689
2843 2690
2844 2691
2845 2692
2846 2693
2847 2694
2848 2695
2849 2696
2850 2697
2851 2698
2852 2699
2853 2700
2854 2701
2855 2702
2856 2703
2857 2705
2858 2704
2859 2706
2860 2707
2861 2708
2862 2709
2863 2710
2864 2711
2865 2712
2866 2713
2867 2714
2868 2716
2869 2715
2870 2717
2871 2718
2872 2719
2873 2720
2874 2721
2875 2722
2876 2723
2877 2724
2878 2725
2879 2726
2880 2727
2881 2728
2882 2729
2883 2730
2884 2731
2885 2732
2886 2733
2887 2734
2888 2735
2889 2736
2890 2737
2891 2738
2892 2739
2893 2740
2894 2741
2895 2742
2896 2743
2897 2744
2898 2745
2899 2746
2900 3925
2901 2748
2902 2749
2903 2750
2904 2751
2905 2752
2906 2753
2907 2754
2908 2755
2909 2756
2910 2757
2911 2758
2912 2759
2913 2760
2914 2761
2915 2762
2916 2763
2917 2764
2918 2765
2919 2766
2920 2767
2921 2768
2922 2769
2923 2770
2924 2771
2925 2772
2926 2773
2927 2774
2928 2775
2929 2776
2930 2777
2931 2778
2932 2779
2933 2780
2934 2781
2935 2782
2936 2783
2937 2784
2938 2785
2939 2786
2940 2787
2941 2788
2942 2789
2943 2790
2944 2791
2945 2792
2946 2794
2947 2793
2948 2795
2949 2796
2950 2797
2951 2798
2952 2799
2953 2800
2954 2801
2955 2802
2956 2803
2957 2804
2958 2806
2959 2807
2960 2808
2961 2809
2962 2810
2963 2811
2964 2812
2965 2813
2966 2814
2967 2815
2968 2816
2969 2817
2970 2818
2971 2819
2972 2820
2973 2821
2974 2822
2975 2823
2976 2824
2977 2825
2978 2827
2979 2828
2980 2829
2981 2830
2982 2831
2983 2832
2984 2833
2985 2834
2986 2835
2987 2836
2988 2837
2989 4348
2990 4252
2991 3999
2992 3116
2993 2923
2994 2841
2995 2839
2996 3440
2997 3439
2998 2842
2999 2843
3000 3489
3001 2844
3002 2845
3003 2846
3004 2847
3005 2848
3006 2849
3007 2850
3008 2851
3009 2852
3010 2853
3011 2854
3012 2856
3013 2857
3014 2858
3015 2859
3016 2860
3017 2861
3018 2862
3019 2863
3020 2864
3021 2865
3022 2866
3023 2867
3024 2868
3025 2869
3026 2870
3027 2871
3028 2872
3029 2873
3030 2874
3031 2875
3032 2876
3033 2877
3034 2878
3035 2879
3036 2880
3037 2881
3038 2882
3039 2883
3040 2884
3041 2885
3042 2886
3043 2887
3044 2888
3045 2889
3046 2890
3047 2891
3048 2892
3049 2893
3050 2894
3051 2895
3052 2897
3053 2898
3054 2899
3055 2900
3056 2901
3057 2903
3058 2904
3059 2905
3060 2906
3061 2907
3062 4990
3063 2908
3064 2909
3065 2910
3066 2911
3067 2912
3068 2913
3069 2914
3070 2915
3071 2916
3072 2917
3073 2918
3074 2919
3075 2920
3076 2921
3077 2922
3078 2924
3079 2925
3080 2926
3081 2927
3082 2928
3083 2929
3084 2930
3085 2931
3086 2932
3087 2933
3088 2934
3089 2935
3090 2936
3091 2937
3092 2938
3093 2939
3094 2940
3095 2941
3096 2942
3097 2943
3098 2944
3099 2945
3100 2946
3101 2947
3102 2948
3103 2950
3104 2951
3105 2952
3106 2953
3107 2954
3108 2955
3109 2956
3110 2957
3111 2958
3112 2959
3113 2960
3114 2961
3115 2962
3116 2963
3117 2964
3118 2965
3119 2966
3120 2967
3121 3165
3122 2970
3123 2971
3124 2972
3125 2973
3126 2974
3127 2975
3128 2976
3129 2977
3130 2978
3131 2979
3132 2980
3133 2981
3134 2982
3135 2983
3136 2984
3137 2985
3138 2986
3139 2987
3140 2988
3141 2989
3142 2990
3143 2991
3144 2992
3145 2995
3146 2994
3147 2996
3148 2997
3149 2998
3150 2999
3151 3000
3152 3001
3153 3002
3154 3003
3155 3004
3156 3005
3157 3006
3158 3007
3159 3008
3160 3009
3161 3010
3162 3011
3163 3012
3164 3013
3165 3014
3166 3016
3167 3015
3168 3017
3169 3018
3170 3019
3171 3020
3172 3021
3173 3022
3174 3023
3175 3025
3176 3026
3177 3027
3178 3028
3179 3029
3180 3031
3181 3032
3182 3033
3183 3034
3184 3035
3185 3036
3186 3037
3187 3038
3188 3039
3189 3040
3190 3041
3191 3042
3192 3043
3193 3044
3194 3045
3195 3046
3196 3047
3197 3048
3198 3049
3199 3050
3200 3051
3201 3052
3202 3053
3203 3054
3204 3055
3205 3056
3206 3057
3207 3058
3208 3059
3209 3061
3210 3062
3211 3063
3212 3064
3213 3065
3214 3066
3215 3067
3216 3068
3217 3069
3218 3070
3219 3071
3220 3072
3221 3073
3222 3074
3223 3075
3224 3076
3225 3077
3226 3078
3227 3079
3228 3080
3229 4024
3230 3082
3231 3083
3232 3084
3233 3085
3234 3087
3235 3088
3236 3089
3237 3090
3238 3091
3239 3092
3240 3093
3241 3094
3242 3095
3243 3096
3244 3097
3245 3098
3246 3099
3247 3100
3248 3101
3249 3102
3250 3104
3251 3117
3252 3115
3253 3114
3254 3113
3255 3110
3256 3109
3257 3108
3258 3107
3259 3106
3260 3105
3261 3103
3262 3353
3263 3620
3264 3741
3265 3119
3266 3369
3267 3121
3268 3122
3269 3123
3270 3124
3271 3125
3272 3126
3273 3127
3274 3128
3275 3129
3276 3130
3277 3131
3278 3132
3279 3133
3280 3134
3281 3135
3282 3136
3283 3137
3284 3138
3285 3139
3286 3140
3287 3141
3288 3142
3289 3143
3290 3144
3291 3145
3292 3146
3293 3147
3294 3148
3295 3149
3296 3150
3297 3151
3298 3152
3299 3153
3300 3154
3301 3155
3302 3156
3303 3157
3304 3158
3305 3159
3306 3160
3307 3161
3308 3162
3309 3163
3310 3166
3311 3167
3312 3168
3313 3169
3314 3170
3315 3171
3316 3172
3317 3173
3318 3174
3319 3175
3320 3176
3321 3177
3322 3178
3323 3179
3324 3180
3325 3181
3326 3182
3327 3183
3328 3184
3329 3185
3330 3186
3331 3187
3332 3188
3333 3189
3334 3190
3335 3191
3336 3192
3337 3193
3338 3195
3339 3194
3340 3196
3341 3197
3342 3198
3343 3199
3344 3200
3345 3201
3346 3202
3347 3203
3348 3204
3349 3205
3350 3206
3351 3207
3352 3209
3353 3208
3354 3210
3355 3211
3356 3212
3357 3213
3358 3214
3359 3215
3360 3216
3361 3217
3362 3219
3363 3218
3364 3220
3365 3221
3366 3222
3367 3223
3368 3224
3369 3225
3370 3226
3371 3227
3372 3228
3373 3229
3374 3230
3375 3231
3376 3232
3377 3233
3378 3235
3379 3236
3380 3237
3381 3238
3382 3239
3383 3240
3384 3241
3385 3242
3386 3243
3387 3244
3388 3245
3389 3246
3390 3247
3391 3248
3392 3249
3393 3250
3394 3251
3395 3252
3396 3253
3397 3254
3398 3255
3399 3256
3400 3257
3401 3258
3402 3260
3403 3261
3404 3262
3405 3263
3406 3264
3407 3265
3408 3266
3409 3267
3410 3268
3411 3269
3412 3270
3413 3271
3414 3272
3415 3273
3416 3274
3417 3275
3418 3276
3419 3277
3420 3278
3421 3279
3422 3280
3423 3281
3424 3282
3425 3283
3426 3284
3427 3285
3428 3286
3429 3289
3430 3290
3431 3291
3432 3292
3433 3293
3434 3294
3435 3295
3436 3296
3437 3297
3438 3298
3439 3299
3440 3300
3441 3301
3442 3302
3443 3303
3444 3304
3445 3305
3446 3306
3447 3307
3448 3308
3449 3309
3450 3310
3451 3311
3452 3312
3453 3313
3454 3314
3455 3315
3456 3316
3457 3317
3458 3318
3459 3319
3460 3320
3461 3321
3462 3322
3463 3323
3464 3324
3465 3325
3466 3326
3467 3327
3468 3329
3469 3330
3470 3331
3471 3332
3472 3333
3473 3334
3474 3335
3475 3336
3476 3337
3477 3338
3478 3339
3479 3340
3480 3341
3481 3342
3482 3344
3483 3345
3484 3346
3485 3347
3486 3348
3487 3349
3488 3350
3489 3351
3490 3352
3491 3354
3492 3355
3493 3356
3494 3357
3495 3358
3496 3359
3497 3360
3498 3361
3499 3362
3500 3363
3501 3364
3502 3365
3503 3366
3504 3367
3505 3368
3506 3370
3507 3371
3508 3372
3509 3373
3510 3374
3511 3375
3512 3376
3513 3377
3514 3378
3515 3379
3516 3380
3517 3381
3518 3382
3519 3383
3520 3384
3521 3385
3522 3386
3523 3387
3524 3388
3525 3389
3526 3390
3527 3391
3528 3392
3529 3393
3530 3394
3531 3395
3532 3396
3533 3397
3534 3398
3535 3399
3536 3400
3537 3401
3538 3402
3539 3403
3540 3404
3541 3405
3542 3406
3543 3407
3544 3408
3545 3409
3546 3410
3547 3416
3548 3417
3549 3419
3550 3420
3551 3421
3552 3422
3553 3423
3554 3424
3555 3425
3556 3426
3557 3427
3558 3428
3559 3429
3560 3430
3561 3431
3562 3432
3563 3433
3564 3434
3565 3435
3566 3436
3567 3437
3568 3438
3569 3444
3570 3445
3571 3446
3572 3447
3573 3448
3574 3449
3575 3450
3576 3451
3577 3452
3578 3453
3579 3454
3580 3455
3581 3456
3582 3457
3583 3458
3584 3459
3585 3460
3586 3461
3587 3462
3588 3464
3589 3463
3590 3465
3591 3466
3592 3468
3593 3470
3594 3471
3595 3472
3596 3473
3597 3474
3598 3475
3599 3476
3600 3478
3601 3479
3602 3480
3603 3481
3604 4349
3605 3483
3606 3484
3607 3485
3608 3486
3609 3488
3610 3490
3611 3491
3612 3492
3613 3493
3614 3494
3615 3495
3616 3496
3617 3497
3618 3498
3619 3499
3620 3500
3621 3502
3622 3503
3623 3504
3624 3505
3625 3506
3626 3507
3627 3508
3628 3509
3629 3511
3630 3512
3631 3513
3632 3514
3633 3515
3634 3516
3635 3517
3636 3518
3637 3519
3638 3520
3639 3521
3640 3522
3641 3523
3642 3524
3643 3525
3644 3526
3645 3527
3646 3528
3647 3529
3648 3530
3649 3531
3650 3532
3651 3533
3652 3534
3653 3535
3654 3536
3655 3537
3656 3538
3657 3539
3658 3540
3659 3541
3660 3542
3661 3543
3662 3544
3663 3545
3664 3546
3665 3547
3666 3548
3667 3549
3668 3550
3669 3551
3670 3552
3671 3553
3672 3554
3673 3555
3674 3556
3675 3557
3676 3558
3677 3560
3678 3561
3679 3562
3680 3563
3681 3564
3682 3565
3683 3566
3684 3567
3685 3568
3686 3569
3687 3570
3688 3571
3689 3572
3690 3573
3691 3574
3692 3575
3693 3576
3694 3577
3695 3578
3696 3579
3697 3580
3698 3581
3699 3583
3700 3584
3701 3585
3702 3586
3703 3587
3704 3588
3705 3589
3706 3590
3707 3591
3708 3592
3709 3593
3710 3594
3711 3595
3712 3596
3713 3597
3714 3598
3715 3599
3716 3600
3717 3601
3718 3602
3719 3603
3720 3604
3721 3605
3722 3608
3723 3609
3724 4545
3725 3612
3726 3611
3727 3613
3728 3614
3729 3615
3730 3616
3731 3619
3732 3618
3733 3617
3734 3621
3735 3622
3736 3623
3737 3624
3738 3625
3739 3626
3740 3627
3741 3629
3742 3630
3743 3631
3744 3632
3745 3633
3746 3634
3747 3635
3748 3636
3749 3637
3750 3638
3751 3639
3752 3640
3753 3641
3754 3643
3755 3642
3756 3644
3757 3645
3758 3646
3759 3647
3760 3648
3761 3649
3762 3650
3763 3651
3764 3653
3765 3654
3766 3655
3767 3656
3768 3657
3769 3658
3770 3659
3771 3660
3772 3661
3773 3662
3774 3663
3775 3664
3776 3665
3777 3666
3778 3667
3779 3668
3780 3669
3781 3670
3782 3671
3783 3672
3784 3673
3785 3674
3786 3675
3787 3676
3788 3677
3789 3679
3790 3678
3791 3680
3792 3681
3793 3682
3794 3683
3795 3684
3796 3685
3797 3686
3798 3687
3799 3688
3800 3689
3801 3690
3802 3691
3803 3692
3804 3693
3805 3694
3806 3695
3807 3696
3808 3697
3809 3698
3810 3699
3811 3700
3812 3701
3813 3702
3814 3703
3815 3704
3816 3705
3817 3706
3818 3707
3819 3708
3820 3709
3821 3710
3822 3711
3823 3712
3824 3713
3825 3714
3826 3715
3827 3716
3828 3717
3829 3718
3830 3719
3831 3720
3832 3721
3833 3722
3834 3723
3835 3724
3836 3725
3837 3726
3838 3727
3839 3728
3840 3729
3841 3730
3842 3731
3843 3732
3844 3733
3845 3734
3846 3735
3847 3736
3848 3737
3849 3738
3850 3739
3851 3740
3852 3742
3853 3743
3854 3745
3855 3744
3856 3746
3857 3747
3858 3748
3859 3749
3860 3750
3861 3751
3862 3752
3863 3753
3864 3754
3865 3755
3866 3756
3867 3757
3868 3758
3869 3759
3870 3760
3871 3761
3872 3763
3873 3764
3874 3765
3875 3766
3876 3767
3877 3768
3878 3769
3879 3771
3880 3778
3881 3777
3882 3775
3883 3774
3884 3773
3885 3772
3886 3770
3887 3779
3888 3781
3889 3782
3890 3783
3891 3784
3892 3786
3893 3787
3894 3788
3895 3789
3896 3790
3897 3791
3898 3792
3899 3793
3900 3794
3901 3795
3902 3796
3903 3797
3904 3798
3905 3799
3906 3800
3907 3801
3908 3802
3909 3803
3910 3804
3911 3805
3912 3806
3913 3807
3914 3808
3915 3810
3916 3811
3917 3809
3918 3812
3919 3813
3920 3814
3921 3815
3922 3816
3923 3817
3924 3818
3925 3819
3926 3820
3927 3821
3928 3822
3929 3823
3930 3824
3931 3825
3932 3826
3933 3827
3934 3828
3935 3829
3936 3830
3937 3832
3938 3835
3939 3836
3940 3837
3941 3838
3942 3839
3943 3840
3944 3841
3945 3842
3946 3843
3947 3844
3948 3845
3949 3846
3950 3847
3951 3848
3952 3849
3953 3850
3954 3851
3955 3852
3956 3853
3957 3854
3958 3855
3959 3856
3960 3857
3961 3858
3962 3859
3963 3861
3964 3862
3965 3863
3966 3864
3967 3865
3968 3866
3969 3867
3970 3868
3971 3869
3972 3870
3973 3871
3974 3872
3975 3873
3976 3874
3977 3875
3978 3876
3979 3877
3980 3878
3981 3879
3982 3880
3983 4362
3984 4361
3985 4360
3986 3885
3987 3886
3988 3887
3989 3888
3990 3889
3991 3890
3992 3891
3993 3892
3994 3893
3995 3894
3996 3896
3997 3897
3998 3898
3999 3899
4000 3900
4001 3901
4002 3902
4003 3903
4004 3904
4005 3905
4006 3906
4007 3907
4008 3908
4009 3909
4010 3910
4011 3911
4012 3913
4013 3914
4014 3915
4015 3916
4016 3917
4017 3918
4018 3919
4019 3920
4020 3921
4021 3922
4022 3923
4023 3924
4024 3926
4025 3927
4026 3928
4027 3929
4028 3930
4029 3932
4030 3933
4031 3934
4032 3935
4033 4663
4034 3936
4035 3937
4036 3938
4037 3939
4038 3940
4039 3941
4040 3942
4041 3943
4042 3944
4043 3945
4044 3946
4045 3947
4046 3949
4047 3948
4048 3950
4049 3952
4050 3951
4051 3955
4052 3956
4053 3957
4054 3958
4055 3959
4056 3960
4057 3961
4058 3962
4059 3963
4060 3964
4061 3965
4062 3966
4063 3967
4064 3968
4065 3969
4066 3970
4067 3971
4068 3972
4069 3973
4070 3974
4071 3975
4072 3976
4073 3978
4074 3979
4075 3980
4076 3981
4077 3982
4078 3983
4079 3984
4080 3985
4081 3986
4082 3987
4083 3988
4084 3989
4085 3990
4086 3991
4087 3993
4088 3992
4089 3994
4090 3995
4091 3996
4092 3997
4093 3998
4094 4000
4095 4001
4096 4002
4097 4003
4098 4004
4099 4005
4100 4006
4101 4007
4102 4008
4103 4009
4104 4010
4105 4011
4106 4012
4107 4391
4108 4014
4109 4015
4110 4016
4111 4017
4112 4018
4113 4019
4114 4020
4115 4021
4116 4022
4117 4023
4118 4025
4119 4026
4120 4027
4121 4028
4122 4030
4123 4031
4124 4032
4125 4033
4126 4034
4127 4035
4128 4036
4129 4037
4130 4038
4131 4039
4132 4040
4133 4041
4134 4042
4135 4043
4136 4044
4137 4045
4138 4046
4139 4047
4140 4048
4141 4049
4142 4050
4143 4052
4144 4053
4145 4054
4146 4056
4147 4055
4148 4057
4149 4058
4150 4059
4151 4060
4152 4061
4153 4062
4154 4063
4155 4064
4156 4065
4157 4066
4158 4067
4159 4068
4160 4069
4161 4070
4162 4071
4163 4072
4164 4073
4165 4074
4166 4075
4167 4076
4168 4077
4169 4078
4170 4080
4171 4081
4172 4082
4173 4083
4174 4084
4175 4085
4176 4086
4177 4087
4178 4088
4179 4089
4180 4090
4181 4091
4182 4092
4183 4093
4184 4094
4185 4095
4186 4096
4187 4097
4188 4098
4189 4099
4190 4100
4191 4101
4192 4102
4193 4103
4194 4104
4195 4105
4196 4106
4197 4107
4198 4108
4199 4109
4200 4110
4201 4111
4202 4112
4203 4113
4204 4114
4205 4115
4206 4116
4207 4117
4208 4118
4209 4119
4210 4120
4211 4121
4212 4123
4213 4124
4214 4125
4215 4126
4216 4127
4217 4128
4218 4129
4219 4130
4220 4131
4221 4132
4222 4133
4223 4134
4224 4135
4225 4136
4226 4137
4227 4138
4228 4139
4229 4140
4230 4141
4231 4142
4232 4143
4233 4144
4234 4145
4235 4146
4236 4148
4237 4149
4238 4150
4239 4151
4240 4152
4241 4153
4242 4154
4243 4155
4244 4156
4245 4157
4246 4158
4247 4159
4248 4160
4249 4161
4250 4162
4251 4164
4252 4165
4253 4166
4254 4167
4255 4168
4256 4169
4257 4170
4258 4171
4259 4172
4260 4173
4261 4174
4262 4175
4263 4176
4264 4177
4265 4178
4266 4179
4267 4181
4268 4182
4269 4183
4270 4184
4271 4185
4272 4186
4273 4187
4274 4188
4275 4189
4276 4190
4277 4191
4278 4192
4279 4193
4280 4194
4281 4195
4282 4196
4283 4197
4284 4198
4285 4202
4286 4200
4287 4199
4288 4204
4289 4203
4290 4205
4291 4206
4292 4207
4293 4208
4294 4209
4295 4210
4296 4211
4297 4212
4298 4213
4299 4214
4300 4215
4301 4216
4302 4217
4303 4378
4304 4342
4305 4218
4306 4219
4307 4220
4308 4221
4309 4223
4310 4224
4311 4225
4312 4226
4313 4228
4314 4229
4315 4230
4316 4231
4317 4232
4318 4233
4319 4234
4320 4235
4321 4236
4322 4237
4323 4238
4324 4239
4325 4240
4326 4241
4327 4242
4328 4243
4329 4244
4330 4245
4331 4246
4332 4247
4333 4248
4334 4249
4335 4250
4336 4251
4337 4253
4338 4254
4339 4255
4340 4256
4341 4257
4342 4258
4343 4259
4344 4260
4345 4261
4346 4262
4347 4263
4348 4264
4349 4265
4350 4266
4351 4267
4352 4268
4353 4269
4354 4271
4355 4272
4356 4273
4357 4274
4358 4275
4359 4276
4360 4277
4361 4278
4362 4279
4363 4280
4364 4281
4365 4282
4366 4283
4367 4288
4368 4289
4369 4290
4370 4291
4371 4292
4372 4293
4373 4294
4374 4295
4375 4296
4376 4297
4377 4298
4378 4299
4379 4300
4380 4301
4381 4856
4382 4302
4383 4303
4384 4304
4385 4305
4386 4306
4387 4307
4388 4308
4389 4309
4390 4310
4391 4311
4392 4312
4393 4313
4394 4314
4395 4316
4396 4317
4397 4318
4398 4319
4399 4320
4400 4321
4401 4322
4402 5047
4403 5045
4404 5044
4405 4539
4406 4323
4407 4324
4408 4325
4409 4326
4410 4327
4411 4328
4412 4329
4413 4330
4414 4331
4415 4332
4416 4333
4417 4334
4418 4335
4419 4336
4420 4337
4421 4338
4422 4339
4423 4340
4424 4341
4425 4344
4426 4345
4427 4346
4428 4347
4429 4350
4430 4351
4431 4352
4432 4359
4433 4358
4434 4357
4435 4356
4436 4355
4437 4363
4438 4364
4439 4365
4440 4366
4441 4367
4442 4368
4443 4369
4444 4370
4445 4371
4446 4372
4447 4373
4448 4374
4449 4375
4450 4376
4451 4377
4452 4379
4453 4380
4454 4381
4455 4382
4456 4383
4457 4384
4458 4385
4459 4386
4460 4387
4461 4388
4462 4393
4463 4392
4464 4389
4465 4394
4466 4395
4467 4396
4468 4540
4469 4397
4470 4398
4471 4399
4472 4400
4473 4401
4474 4402
4475 4403
4476 4404
4477 4405
4478 4406
4479 4407
4480 4408
4481 4409
4482 4410
4483 4411
4484 4412
4485 4413
4486 4414
4487 4415
4488 4416
4489 4417
4490 4418
4491 4419
4492 4420
4493 4421
4494 4422
4495 4423
4496 4425
4497 4426
4498 4427
4499 4428
4500 4429
4501 4430
4502 4431
4503 4432
4504 4433
4505 4434
4506 4435
4507 4436
4508 4437
4509 4438
4510 4439
4511 4440
4512 4441
4513 4442
4514 4443
4515 4444
4516 4445
4517 4446
4518 4447
4519 4448
4520 4449
4521 4450
4522 4452
4523 4453
4524 4451
4525 4454
4526 4455
4527 4456
4528 4457
4529 4458
4530 5058
4531 4459
4532 4460
4533 4462
4534 4461
4535 4464
4536 4465
4537 4466
4538 4467
4539 4468
4540 4469
4541 4470
4542 4471
4543 4472
4544 4473
4545 4474
4546 4475
4547 4476
4548 4477
4549 4479
4550 4480
4551 4481
4552 4482
4553 4484
4554 4485
4555 4486
4556 4487
4557 4488
4558 4489
4559 4491
4560 4492
4561 4493
4562 4495
4563 4496
4564 4497
4565 4498
4566 4499
4567 4500
4568 4501
4569 4502
4570 4503
4571 4504
4572 4505
4573 4506
4574 4507
4575 4508
4576 4509
4577 4510
4578 4511
4579 4512
4580 4513
4581 4514
4582 4515
4583 4516
4584 4517
4585 4518
4586 4519
4587 4520
4588 4521
4589 4522
4590 4523
4591 4524
4592 4525
4593 4526
4594 4527
4595 4528
4596 4529
4597 4530
4598 4531
4599 4532
4600 4533
4601 4534
4602 4535
4603 4536
4604 4537
4605 4538
4606 4541
4607 4544
4608 4542
4609 4546
4610 4547
4611 4548
4612 4549
4613 4550
4614 4551
4615 4552
4616 4553
4617 4554
4618 4555
4619 4557
4620 4558
4621 4559
4622 4560
4623 4561
4624 4562
4625 4563
4626 4564
4627 4565
4628 4566
4629 4567
4630 4568
4631 4569
4632 4570
4633 4571
4634 4572
4635 4573
4636 4574
4637 4575
4638 4576
4639 4577
4640 4578
4641 4579
4642 4580
4643 4581
4644 4583
4645 4760
4646 4584
4647 4582
4648 4585
4649 4586
4650 4588
4651 4589
4652 4634
4653 4633
4654 4602
4655 4592
4656 4591
4657 4593
4658 4594
4659 4595
4660 4596
4661 4598
4662 4597
4663 4599
4664 4600
4665 4601
4666 4603
4667 4604
4668 4605
4669 4606
4670 4607
4671 4608
4672 4609
4673 4610
4674 4611
4675 4612
4676 4613
4677 4614
4678 4615
4679 4616
4680 4617
4681 4618
4682 4619
4683 4620
4684 4621
4685 4622
4686 4623
4687 4624
4688 4625
4689 4626
4690 4627
4691 4628
4692 4629
4693 4630
4694 4631
4695 4632
4696 4636
4697 4638
4698 4637
4699 4639
4700 4640
4701 4641
4702 4642
4703 4643
4704 4644
4705 4645
4706 4646
4707 4647
4708 4648
4709 4649
4710 4650
4711 4651
4712 4652
4713 4653
4714 4654
4715 4655
4716 4656
4717 4657
4718 4658
4719 4659
4720 4660
4721 4661
4722 4662
4723 4664
4724 4665
4725 4666
4726 4667
4727 4668
4728 4669
4729 4670
4730 4671
4731 4672
4732 4673
4733 4674
4734 4675
4735 4676
4736 4677
4737 4678
4738 4679
4739 4680
4740 4681
4741 4682
4742 5171
4743 4697
4744 4696
4745 4695
4746 4694
4747 4693
4748 4692
4749 4691
4750 4689
4751 4688
4752 4687
4753 4686
4754 4685
4755 4684
4756 4698
4757 4699
4758 4700
4759 4701
4760 4702
4761 4703
4762 4704
4763 4705
4764 4706
4765 4707
4766 4708
4767 4709
4768 4711
4769 4712
4770 4713
4771 4715
4772 4716
4773 4717
4774 4718
4775 4719
4776 4720
4777 4722
4778 4723
4779 4724
4780 4725
4781 4726
4782 4727
4783 4728
4784 4729
4785 4730
4786 4731
4787 4732
4788 4733
4789 4734
4790 4735
4791 4736
4792 4737
4793 4738
4794 4739
4795 4740
4796 4741
4797 4742
4798 4743
4799 4744
4800 4745
4801 4746
4802 4747
4803 4748
4804 4749
4805 4750
4806 4751
4807 4752
4808 4753
4809 4754
4810 4755
4811 4756
4812 4757
4813 4758
4814 4759
4815 4761
4816 4762
4817 4763
4818 4764
4819 4765
4820 4766
4821 4767
4822 4768
4823 4769
4824 4770
4825 4771
4826 4772
4827 4774
4828 4775
4829 4776
4830 4777
4831 4778
4832 4779
4833 4780
4834 4781
4835 4782
4836 4783
4837 4784
4838 4785
4839 4786
4840 4787
4841 4788
4842 4789
4843 4790
4844 4791
4845 4792
4846 4793
4847 4794
4848 4795
4849 4796
4850 4797
4851 4798
4852 4799
4853 4800
4854 4801
4855 4802
4856 4803
4857 4804
4858 4805
4859 4806
4860 4807
4861 4808
4862 4809
4863 4810
4864 4811
4865 4812
4866 4813
4867 4814
4868 4815
4869 4816
4870 4817
4871 4818
4872 4819
4873 4820
4874 4821
4875 4822
4876 4823
4877 4824
4878 4825
4879 4826
4880 4827
4881 4828
4882 4829
4883 4830
4884 4831
4885 4832
4886 4833
4887 4834
4888 4835
4889 4836
4890 4837
4891 4845
4892 4844
4893 4843
4894 4842
4895 4841
4896 4840
4897 4839
4898 4846
4899 4847
4900 4848
4901 4849
4902 4850
4903 4851
4904 4852
4905 4853
4906 4854
4907 4855
4908 4857
4909 4858
4910 4859
4911 4860
4912 4861
4913 4862
4914 4863
4915 4864
4916 4865
4917 4868
4918 4867
4919 4866
4920 4869
4921 4870
4922 4871
4923 4872
4924 4873
4925 4875
4926 4874
4927 4876
4928 4878
4929 4879
4930 4880
4931 4881
4932 4882
4933 4883
4934 4884
4935 4885
4936 4886
4937 4887
4938 4889
4939 4888
4940 4890
4941 4891
4942 4892
4943 4893
4944 4894
4945 4895
4946 4896
4947 4897
4948 4898
4949 4899
4950 4900
4951 4901
4952 4903
4953 4904
4954 4905
4955 4906
4956 4907
4957 4908
4958 4909
4959 4910
4960 4919
4961 4918
4962 4917
4963 4916
4964 4915
4965 4914
4966 4913
4967 4912
4968 4911
4969 4922
4970 5016
4971 4925
4972 4926
4973 4927
4974 4928
4975 4929
4976 4930
4977 4931
4978 4932
4979 4933
4980 4934
4981 4935
4982 4936
4983 4937
4984 4938
4985 4939
4986 4940
4987 4941
4988 4942
4989 4943
4990 4944
4991 4945
4992 4946
4993 4947
4994 4948
4995 4949
4996 4950
4997 4951
4998 4952
4999 4953
5000 4954
5001 4955
5002 4956
5003 4957
5004 4958
5005 4959
5006 4960
5007 4961
5008 4962
5009 4963
5010 4964
5011 4965
5012 4966
5013 4967
5014 4968
5015 4969
5016 4970
5017 4971
5018 4972
5019 4973
5020 4974
5021 4975
5022 4976
5023 4977
5024 4978
5025 4979
5026 4980
5027 4981
5028 4982
5029 4983
5030 4984
5031 4985
5032 4986
5033 4987
5034 4988
5035 4989
5036 4991
5037 4992
5038 4993
5039 4994
5040 4995
5041 4996
5042 4997
5043 4998
5044 4999
5045 5000
5046 5001
5047 5002
5048 5003
5049 5004
5050 5005
5051 5006
5052 5007
5053 5008
5054 5009
5055 5010
5056 5011
5057 5012
5058 5013
5059 5014
5060 5015
5061 5017
5062 5018
5063 5020
5064 5121
5065 5028
5066 5027
5067 5026
5068 5025
5069 5024
5070 5023
5071 5022
5072 5021
5073 5019
5074 5029
5075 5030
5076 5031
5077 5032
5078 5033
5079 5034
5080 5035
5081 5036
5082 5037
5083 5038
5084 5039
5085 5040
5086 5041
5087 5042
5088 5043
5089 5048
5090 5049
5091 5050
5092 5052
5093 5053
5094 5054
5095 5055
5096 5056
5097 5057
5098 5059
5099 5060
5100 5061
5101 5062
5102 5063
5103 5064
5104 5065
5105 5066
5106 5067
5107 5069
5108 5070
5109 5071
5110 5072
5111 5073
5112 5074
5113 5075
5114 5076
5115 5077
5116 5078
5117 5080
5118 5079
5119 5081
5120 5082
5121 5083
5122 5084
5123 5085
5124 5086
5125 5087
5126 5088
5127 5089
5128 5090
5129 5091
5130 5092
5131 5093
5132 5094
5133 5095
5134 5096
5135 5097
5136 5098
5137 5099
5138 5100
5139 5101
5140 5102
5141 5103
5142 5104
5143 5105
5144 5106
5145 5107
5146 5108
5147 5109
5148 5110
5149 5111
5150 5112
5151 5113
5152 5114
5153 5115
5154 5116
5155 5117
5156 5118
5157 5119
5158 5120
5159 5122
5160 5125
5161 5124
5162 5123
5163 5126
5164 5127
5165 5128
5166 5129
5167 5130
5168 5135
5169 5136
5170 5137
5171 5138
5172 5139
5173 5140
5174 5141
5175 5142
5176 5146
5177 5145
5178 5147
5179 5148
5180 5150
5181 5151
5182 5152
5183 5153
5184 5154
5185 5155
5186 5156
5187 5157
5188 5158
5189 5159
5190 5160
5191 5161
5192 5162
5193 5163
5194 5164
5195 5165
5196 5166
5197 5168
5198 5169
5199 5170
5200 5172
5201 5173
5202 5174
5203 5175
5204 5176
5205 5177
5206 5178
5207 5179
5208 5180
5209 5181
5210 5182
5211 5183
5212 5184
5213 5185
5214 5209
5215 5210
5216 5211
5217 5212
5218 5213
5219 5214
5220 5215
5221 5216
5222 5217
5223 5218
5224 5219
5225 5220
5226 5221
5227 5222
5228 5223
5229 5224
5230 5225
5231 5226
5232 5227
5233 5228
5234 5229
5235 5230
5236 5231
5237 5232
5238 5233
5239 5234
5240 5235
5241 5241
5242 5242
5243 5243
5244 5244
5245 5245
5246 5246
5247 5247
5248 5248
5249 5249
5250 5250
5251 5251
5252 5252
5253 5253
5254 5254
5255 5255
5256 5256
5257 5257
5258 5258
5259 5259
5260 5260
5261 5261
5262 5262
5263 5263
