0 0
1 1
2 2
3 3
4 1001
5 823
6 495
7 4
8 6
9 5
10 7317
11 7316
12 5794
13 5261
14 5051
15 4869
16 4398
17 4380
18 4275
19 4171
20 4168
21 3887
22 3886
23 3619
24 3576
25 3508
26 3292
27 3279
28 3153
29 1860
30 1632
31 1626
32 972
33 959
34 764
35 691
36 671
37 255
38 59
39 34
40 23
41 7
42 8
43 9
44 10
45 11
46 13
47 12
48 7253
49 1087
50 572
51 148
52 147
53 86
54 14
55 15
56 16
57 17
58 18
59 19
60 20
61 21
62 22
63 8141
64 8140
65 4567
66 4270
67 3295
68 1582
69 559
70 98
71 24
72 25
73 26
74 27
75 6767
76 28
77 29
78 30
79 31
80 32
81 33
82 35
83 36
84 37
85 38
86 39
87 40
88 41
89 8118
90 3546
91 49
92 42
93 43
94 44
95 45
96 46
97 47
98 48
99 50
100 51
101 52
102 53
103 54
104 55
105 56
106 57
107 58
108 60
109 353
110 61
111 62
112 63
113 64
114 65
115 66
116 67
117 4288
118 68
119 69
120 70
121 71
122 72
123 73
124 9049
125 7408
126 74
127 75
128 76
129 77
130 78
131 79
132 80
133 81
134 6568
135 5387
136 82
137 83
138 84
139 85
140 87
141 88
142 89
143 90
144 91
145 92
146 93
147 94
148 95
149 96
150 97
151 99
152 100
153 101
154 1283
155 102
156 103
157 104
158 105
159 106
160 108
161 107
162 109
163 110
164 111
165 112
166 113
167 114
168 115
169 116
170 117
171 118
172 119
173 120
174 121
175 122
176 123
177 124
178 125
179 126
180 127
181 128
182 129
183 130
184 131
185 132
186 133
187 6211
188 5452
189 134
190 135
191 137
192 136
193 138
194 139
195 140
196 141
197 142
198 143
199 144
200 145
201 146
202 149
203 150
204 151
205 152
206 153
207 154
208 5211
209 155
210 156
211 157
212 158
213 160
214 159
215 161
216 162
217 163
218 164
219 165
220 166
221 167
222 168
223 169
224 170
225 171
226 172
227 173
228 174
229 175
230 176
231 177
232 178
233 179
234 180
235 181
236 182
237 183
238 184
239 185
240 186
241 187
242 188
243 189
244 190
245 191
246 192
247 193
248 194
249 195
250 196
251 197
252 199
253 198
254 200
255 201
256 202
257 203
258 204
259 205
260 206
261 207
262 208
263 209
264 210
265 211
266 213
267 214
268 212
269 215
270 216
271 217
272 218
273 220
274 219
275 221
276 222
277 7062
278 223
279 224
280 227
281 226
282 225
283 228
284 229
285 230
286 231
287 232
288 233
289 234
290 235
291 236
292 237
293 238
294 239
295 240
296 241
297 242
298 243
299 244
300 245
301 246
302 247
303 248
304 249
305 250
306 251
307 252
308 253
309 254
310 256
311 257
312 258
313 259
314 260
315 261
316 262
317 263
318 264
319 265
320 266
321 267
322 268
323 269
324 270
325 271
326 272
327 273
328 274
329 275
330 276
331 277
332 278
333 279
334 281
335 280
336 4799
337 4798
338 1021
339 670
340 641
341 640
342 639
343 638
344 637
345 636
346 635
347 634
348 633
349 632
350 631
351 630
352 629
353 628
354 627
355 626
356 625
357 624
358 623
359 622
360 621
361 620
362 402
363 282
364 283
365 284
366 285
367 286
368 287
369 288
370 289
371 290
372 291
373 292
374 293
375 294
376 295
377 296
378 297
379 298
380 299
381 300
382 301
383 302
384 303
385 304
386 305
387 306
388 307
389 308
390 530
391 357
392 309
393 310
394 311
395 312
396 313
397 6169
398 439
399 339
400 314
401 316
402 315
403 317
404 318
405 319
406 320
407 321
408 322
409 323
410 324
411 325
412 326
413 327
414 328
415 329
416 330
417 331
418 332
419 333
420 334
421 335
422 336
423 337
424 338
425 340
426 341
427 342
428 343
429 344
430 345
431 346
432 347
433 348
434 350
435 349
436 1555
437 351
438 352
439 354
440 355
441 356
442 358
443 359
444 360
445 361
446 362
447 363
448 364
449 365
450 366
451 367
452 368
453 369
454 370
455 371
456 372
457 373
458 374
459 375
460 376
461 377
462 378
463 379
464 380
465 381
466 382
467 383
468 384
469 385
470 386
471 387
472 388
473 389
474 390
475 391
476 392
477 393
478 394
479 395
480 396
481 397
482 398
483 399
484 400
485 401
486 403
487 404
488 405
489 406
490 407
491 408
492 409
493 410
494 411
495 412
496 413
497 414
498 415
499 416
500 417
501 418
502 419
503 420
504 421
505 422
506 423
507 428
508 427
509 426
510 425
511 424
512 429
513 430
514 431
515 432
516 433
517 434
518 435
519 436
520 5777
521 5444
522 437
523 438
524 440
525 441
526 442
527 443
528 444
529 445
530 446
531 447
532 448
533 449
534 450
535 451
536 452
537 453
538 454
539 455
540 456
541 457
542 458
543 459
544 460
545 461
546 462
547 800
548 463
549 464
550 465
551 466
552 467
553 468
554 469
555 470
556 471
557 472
558 474
559 473
560 475
561 476
562 477
563 478
564 479
565 480
566 481
567 482
568 483
569 484
570 485
571 486
572 487
573 488
574 489
575 490
576 1202
577 1194
578 1193
579 1192
580 1191
581 966
582 520
583 491
584 493
585 492
586 494
587 496
588 497
589 498
590 499
591 500
592 501
593 502
594 503
595 504
596 505
597 506
598 507
599 508
600 509
601 510
602 511
603 512
604 513
605 514
606 515
607 516
608 517
609 518
610 519
611 521
612 522
613 523
614 524
615 525
616 526
617 527
618 528
619 529
620 8549
621 8009
622 6687
623 5969
624 5769
625 5449
626 5442
627 5053
628 5052
629 5050
630 5049
631 5048
632 5047
633 4836
634 4423
635 4036
636 3707
637 3435
638 2482
639 531
640 532
641 533
642 534
643 535
644 536
645 537
646 538
647 539
648 540
649 541
650 542
651 543
652 544
653 545
654 546
655 547
656 548
657 549
658 550
659 551
660 552
661 553
662 554
663 555
664 556
665 557
666 558
667 560
668 561
669 562
670 563
671 564
672 565
673 566
674 567
675 568
676 569
677 570
678 571
679 574
680 573
681 575
682 576
683 577
684 578
685 579
686 580
687 581
688 582
689 583
690 2190
691 584
692 585
693 586
694 587
695 588
696 589
697 590
698 591
699 592
700 593
701 594
702 595
703 596
704 597
705 598
706 599
707 600
708 601
709 602
710 603
711 604
712 605
713 606
714 607
715 608
716 609
717 610
718 611
719 612
720 613
721 614
722 615
723 616
724 617
725 618
726 619
727 642
728 643
729 644
730 645
731 646
732 647
733 648
734 649
735 650
736 651
737 652
738 653
739 654
740 655
741 656
742 658
743 657
744 659
745 660
746 661
747 662
748 663
749 664
750 665
751 666
752 669
753 668
754 667
755 672
756 673
757 674
758 675
759 676
760 677
761 678
762 679
763 680
764 681
765 682
766 683
767 684
768 685
769 686
770 687
771 688
772 689
773 690
774 692
775 693
776 694
777 695
778 696
779 697
780 698
781 699
782 700
783 701
784 702
785 5591
786 4889
787 703
788 704
789 705
790 706
791 707
792 708
793 709
794 710
795 711
796 712
797 713
798 714
799 715
800 716
801 717
802 718
803 719
804 720
805 721
806 725
807 724
808 723
809 722
810 7603
811 726
812 727
813 728
814 729
815 730
816 731
817 732
818 733
819 734
820 735
821 736
822 737
823 738
824 739
825 740
826 741
827 742
828 743
829 744
830 745
831 746
832 747
833 748
834 749
835 750
836 751
837 752
838 753
839 754
840 755
841 756
842 757
843 758
844 759
845 760
846 761
847 762
848 763
849 765
850 766
851 767
852 768
853 769
854 770
855 771
856 772
857 773
858 774
859 776
860 775
861 777
862 778
863 779
864 780
865 781
866 782
867 783
868 784
869 785
870 786
871 787
872 788
873 789
874 790
875 791
876 792
877 793
878 794
879 795
880 796
881 797
882 798
883 799
884 801
885 802
886 803
887 804
888 805
889 806
890 807
891 808
892 809
893 810
894 811
895 812
896 813
897 815
898 814
899 816
900 817
901 818
902 819
903 820
904 821
905 822
906 850
907 824
908 825
909 826
910 827
911 828
912 829
913 830
914 831
915 832
916 833
917 834
918 835
919 836
920 837
921 838
922 839
923 840
924 841
925 842
926 843
927 844
928 845
929 846
930 847
931 848
932 849
933 5421
934 851
935 852
936 853
937 854
938 855
939 856
940 857
941 858
942 859
943 860
944 861
945 862
946 863
947 864
948 865
949 866
950 867
951 868
952 869
953 870
954 871
955 872
956 873
957 874
958 875
959 876
960 877
961 878
962 879
963 880
964 881
965 882
966 883
967 884
968 885
969 886
970 887
971 888
972 889
973 890
974 891
975 892
976 893
977 894
978 895
979 896
980 897
981 898
982 899
983 900
984 901
985 902
986 903
987 904
988 905
989 906
990 907
991 908
992 909
993 910
994 911
995 912
996 913
997 914
998 915
999 916
1000 917
1001 918
1002 919
1003 920
1004 921
1005 922
1006 923
1007 924
1008 925
1009 926
1010 927
1011 928
1012 929
1013 4627
1014 930
1015 931
1016 932
1017 933
1018 934
1019 935
1020 936
1021 937
1022 938
1023 939
1024 940
1025 941
1026 942
1027 943
1028 944
1029 965
1030 964
1031 963
1032 962
1033 961
1034 960
1035 958
1036 957
1037 956
1038 955
1039 954
1040 953
1041 952
1042 951
1043 950
1044 949
1045 948
1046 947
1047 946
1048 945
1049 1249
1050 1248
1051 1247
1052 1246
1053 1244
1054 2635
1055 1483
1056 6359
1057 7625
1058 7178
1059 967
1060 968
1061 969
1062 970
1063 971
1064 8805
1065 8804
1066 8651
1067 7581
1068 7315
1069 5757
1070 2618
1071 1625
1072 973
1073 974
1074 975
1075 976
1076 977
1077 978
1078 979
1079 980
1080 3998
1081 981
1082 982
1083 983
1084 984
1085 985
1086 986
1087 987
1088 988
1089 989
1090 990
1091 991
1092 992
1093 993
1094 994
1095 995
1096 996
1097 997
1098 998
1099 999
1100 1000
1101 1002
1102 1003
1103 1004
1104 1005
1105 1006
1106 1007
1107 1008
1108 1009
1109 1010
1110 1011
1111 1012
1112 1013
1113 1014
1114 1015
1115 1016
1116 1017
1117 1018
1118 1019
1119 1020
1120 1022
1121 1023
1122 1024
1123 1025
1124 1026
1125 1027
1126 1029
1127 1028
1128 1030
1129 1031
1130 1032
1131 1033
1132 1034
1133 1035
1134 1036
1135 1037
1136 1038
1137 1039
1138 1040
1139 1041
1140 1042
1141 1043
1142 1044
1143 1045
1144 1046
1145 1047
1146 1048
1147 1049
1148 1050
1149 1051
1150 1052
1151 1053
1152 1054
1153 1055
1154 1056
1155 1057
1156 1058
1157 1059
1158 1060
1159 1061
1160 1062
1161 1063
1162 1064
1163 1065
1164 1066
1165 1067
1166 1068
1167 1069
1168 1070
1169 1071
1170 1072
1171 1073
1172 1074
1173 1075
1174 1076
1175 1077
1176 1078
1177 1079
1178 1080
1179 1081
1180 1082
1181 1083
1182 1084
1183 1085
1184 1086
1185 1088
1186 1089
1187 1091
1188 1090
1189 1092
1190 1093
1191 1094
1192 1095
1193 1096
1194 1097
1195 1098
1196 1099
1197 1100
1198 1101
1199 1102
1200 1103
1201 1104
1202 1105
1203 1106
1204 1107
1205 1108
1206 1109
1207 1110
1208 1111
1209 1112
1210 1113
1211 1114
1212 1115
1213 1116
1214 1117
1215 1118
1216 1119
1217 1120
1218 1121
1219 1122
1220 1123
1221 1124
1222 1125
1223 1126
1224 1127
1225 1128
1226 1129
1227 1130
1228 1131
1229 1132
1230 1133
1231 1134
1232 1135
1233 1136
1234 1137
1235 1138
1236 1139
1237 1140
1238 1141
1239 1142
1240 1143
1241 1144
1242 1145
1243 1146
1244 1147
1245 1148
1246 1149
1247 1150
1248 1152
1249 1151
1250 1153
1251 1154
1252 1155
1253 1156
1254 1157
1255 1158
1256 1159
1257 1160
1258 1161
1259 1162
1260 1163
1261 1164
1262 1165
1263 1166
1264 1167
1265 1168
1266 1169
1267 1170
1268 1171
1269 1172
1270 1173
1271 1174
1272 1175
1273 1176
1274 1177
1275 1178
1276 1179
1277 1180
1278 1181
1279 1182
1280 1183
1281 1184
1282 1185
1283 1186
1284 8827
1285 1187
1286 1188
1287 1189
1288 1190
1289 1195
1290 1196
1291 1197
1292 1198
1293 1199
1294 1200
1295 1201
1296 1203
1297 1204
1298 4201
1299 1205
1300 1206
1301 1207
1302 1208
1303 1209
1304 1210
1305 1211
1306 1212
1307 1213
1308 1214
1309 1215
1310 1216
1311 1217
1312 1218
1313 1219
1314 1220
1315 1221
1316 1222
1317 1223
1318 1224
1319 1225
1320 1226
1321 2076
1322 1227
1323 1229
1324 1228
1325 1230
1326 1231
1327 1232
1328 1233
1329 1234
1330 1235
1331 1236
1332 1237
1333 1238
1334 1239
1335 1240
1336 1241
1337 1242
1338 1243
1339 1245
1340 1250
1341 1251
1342 1252
1343 1253
1344 1254
1345 1255
1346 1256
1347 1257
1348 1258
1349 1259
1350 1260
1351 1261
1352 1262
1353 1263
1354 1264
1355 1266
1356 1265
1357 6645
1358 6644
1359 6643
1360 6642
1361 6641
1362 1267
1363 1268
1364 1269
1365 1270
1366 1271
1367 1272
1368 1273
1369 1274
1370 1275
1371 1276
1372 1277
1373 1278
1374 1279
1375 1280
1376 1281
1377 1282
1378 1284
1379 1285
1380 1286
1381 1287
1382 1288
1383 1289
1384 1290
1385 1291
1386 1292
1387 1293
1388 1294
1389 1296
1390 1295
1391 1297
1392 1298
1393 1299
1394 1300
1395 1301
1396 1302
1397 1303
1398 1304
1399 1305
1400 1306
1401 1307
1402 1308
1403 1309
1404 1310
1405 1311
1406 1312
1407 1313
1408 1314
1409 1315
1410 1316
1411 1317
1412 1318
1413 1319
1414 1320
1415 1321
1416 1322
1417 1323
1418 1324
1419 1325
1420 1326
1421 1327
1422 1328
1423 1329
1424 1330
1425 1331
1426 1332
1427 1333
1428 1334
1429 1335
1430 1336
1431 1337
1432 1338
1433 1339
1434 1340
1435 1341
1436 1342
1437 1343
1438 1344
1439 1345
1440 1346
1441 1347
1442 1348
1443 1349
1444 1350
1445 1351
1446 1352
1447 1353
1448 1355
1449 1354
1450 1356
1451 1357
1452 1358
1453 1359
1454 1360
1455 1361
1456 1362
1457 1363
1458 1364
1459 1365
1460 1366
1461 1367
1462 1368
1463 1369
1464 1370
1465 1371
1466 1372
1467 1373
1468 1374
1469 1375
1470 1376
1471 1377
1472 1378
1473 1379
1474 1380
1475 1381
1476 1382
1477 1383
1478 1384
1479 1385
1480 1386
1481 1387
1482 1388
1483 1389
1484 1390
1485 1391
1486 1392
1487 1393
1488 1394
1489 1395
1490 1396
1491 1397
1492 1398
1493 1399
1494 1400
1495 1401
1496 1402
1497 1403
1498 1404
1499 1405
1500 1406
1501 1407
1502 1408
1503 1409
1504 1411
1505 1410
1506 1412
1507 1413
1508 1414
1509 1415
1510 1416
1511 1417
1512 1418
1513 1419
1514 1420
1515 1421
1516 1422
1517 1423
1518 1424
1519 1425
1520 1426
1521 1427
1522 1428
1523 1429
1524 1430
1525 1431
1526 1432
1527 1433
1528 1434
1529 1435
1530 1436
1531 1437
1532 1438
1533 1439
1534 1440
1535 1441
1536 1442
1537 1443
1538 1444
1539 1445
1540 1446
1541 1447
1542 1448
1543 1449
1544 1451
1545 1450
1546 1452
1547 1453
1548 1454
1549 1455
1550 1456
1551 1458
1552 1457
1553 1459
1554 1460
1555 1461
1556 1462
1557 1463
1558 1464
1559 3557
1560 1802
1561 1465
1562 1467
1563 1466
1564 1468
1565 1469
1566 1470
1567 1471
1568 1472
1569 1473
1570 1474
1571 1475
1572 1476
1573 1477
1574 1478
1575 1479
1576 1480
1577 1481
1578 1482
1579 1484
1580 1485
1581 1486
1582 1487
1583 1488
1584 5197
1585 1489
1586 1490
1587 1491
1588 1492
1589 1493
1590 1494
1591 1495
1592 1496
1593 1497
1594 1498
1595 1499
1596 1500
1597 1501
1598 1502
1599 1503
1600 1504
1601 1505
1602 1506
1603 1507
1604 1508
1605 1509
1606 1510
1607 1511
1608 1512
1609 1513
1610 1514
1611 1515
1612 1516
1613 1517
1614 1518
1615 1519
1616 1520
1617 1521
1618 1522
1619 1523
1620 1524
1621 1525
1622 1526
1623 1527
1624 1528
1625 1529
1626 1530
1627 1531
1628 1532
1629 1533
1630 1534
1631 1535
1632 1536
1633 1537
1634 1538
1635 1539
1636 1540
1637 1541
1638 1542
1639 1543
1640 1544
1641 1545
1642 1546
1643 1547
1644 1548
1645 1550
1646 1549
1647 1551
1648 1552
1649 1553
1650 1554
1651 1556
1652 1557
1653 1558
1654 1559
1655 1560
1656 1561
1657 1562
1658 1563
1659 1564
1660 1565
1661 1566
1662 1567
1663 1568
1664 1569
1665 1570
1666 1571
1667 1572
1668 1573
1669 1574
1670 1575
1671 1576
1672 1577
1673 1578
1674 1579
1675 1581
1676 1580
1677 1583
1678 1584
1679 1585
1680 1586
1681 1587
1682 1588
1683 1589
1684 1590
1685 1591
1686 1592
1687 1593
1688 1594
1689 1595
1690 1596
1691 1597
1692 1598
1693 1599
1694 1600
1695 1602
1696 1601
1697 1603
1698 1604
1699 1605
1700 1606
1701 1607
1702 1608
1703 1609
1704 1610
1705 1611
1706 1612
1707 1613
1708 1614
1709 1615
1710 1616
1711 1617
1712 1618
1713 1619
1714 1620
1715 1621
1716 1622
1717 1623
1718 1631
1719 1630
1720 1629
1721 1628
1722 1627
1723 1624
1724 3971
1725 5680
1726 3562
1727 1633
1728 1634
1729 1635
1730 1636
1731 1637
1732 1638
1733 1639
1734 1640
1735 1641
1736 1642
1737 1643
1738 1644
1739 1645
1740 1646
1741 1648
1742 1647
1743 1649
1744 1650
1745 1651
1746 1652
1747 1653
1748 1654
1749 1655
1750 1656
1751 1657
1752 1658
1753 1659
1754 1660
1755 1661
1756 1662
1757 2445
1758 1663
1759 1664
1760 1665
1761 1666
1762 1667
1763 1668
1764 1669
1765 1670
1766 1671
1767 1672
1768 1673
1769 1674
1770 1675
1771 1676
1772 1677
1773 1678
1774 1679
1775 1680
1776 1681
1777 1682
1778 1683
1779 1684
1780 1685
1781 1686
1782 1687
1783 1688
1784 1689
1785 1690
1786 1691
1787 1692
1788 1693
1789 1694
1790 1695
1791 1696
1792 1697
1793 1698
1794 1699
1795 1700
1796 1701
1797 1702
1798 1703
1799 1704
1800 1705
1801 1706
1802 1707
1803 1708
1804 1709
1805 1710
1806 1711
1807 1712
1808 1713
1809 1714
1810 1715
1811 1716
1812 1717
1813 1718
1814 1719
1815 1720
1816 1721
1817 1722
1818 1723
1819 1725
1820 1724
1821 4871
1822 1726
1823 1727
1824 1728
1825 1729
1826 1730
1827 1731
1828 1732
1829 1733
1830 1734
1831 1735
1832 1736
1833 1737
1834 1738
1835 1739
1836 1740
1837 1741
1838 1742
1839 1743
1840 1744
1841 1745
1842 1746
1843 1747
1844 1748
1845 1749
1846 1750
1847 1751
1848 1752
1849 1753
1850 1754
1851 1756
1852 1755
1853 1757
1854 1758
1855 1759
1856 1760
1857 1761
1858 1762
1859 1763
1860 1764
1861 1765
1862 1766
1863 1767
1864 1768
1865 1769
1866 1770
1867 1771
1868 1772
1869 1773
1870 1774
1871 1775
1872 1776
1873 1777
1874 1778
1875 1779
1876 1780
1877 1781
1878 1782
1879 1783
1880 1784
1881 1785
1882 1786
1883 1787
1884 1788
1885 1789
1886 1790
1887 1791
1888 1792
1889 1793
1890 1794
1891 1795
1892 1796
1893 1797
1894 1798
1895 1799
1896 1800
1897 1801
1898 5633
1899 1803
1900 1804
1901 1805
1902 1806
1903 1807
1904 1808
1905 1809
1906 1810
1907 1811
1908 1812
1909 1813
1910 1814
1911 1815
1912 1816
1913 1817
1914 1818
1915 1819
1916 1820
1917 1821
1918 1822
1919 1823
1920 1825
1921 1824
1922 1826
1923 1827
1924 1828
1925 1829
1926 1830
1927 1831
1928 1832
1929 1833
1930 1834
1931 1835
1932 1836
1933 1837
1934 1838
1935 1839
1936 1840
1937 1841
1938 1842
1939 1843
1940 1844
1941 1845
1942 1846
1943 1847
1944 1848
1945 1849
1946 1850
1947 1851
1948 1852
1949 1853
1950 1854
1951 1855
1952 1856
1953 1857
1954 1858
1955 1859
1956 2009
1957 1861
1958 1862
1959 1863
1960 1864
1961 1865
1962 1866
1963 1867
1964 1868
1965 1869
1966 1870
1967 1871
1968 1872
1969 1873
1970 1874
1971 1875
1972 1876
1973 1877
1974 1878
1975 1879
1976 1880
1977 1881
1978 1882
1979 1883
1980 1884
1981 1885
1982 1886
1983 1887
1984 1888
1985 1889
1986 1890
1987 1891
1988 1892
1989 1893
1990 1894
1991 1895
1992 1896
1993 1897
1994 1898
1995 1899
1996 1900
1997 1901
1998 1902
1999 1903
2000 1911
2001 1910
2002 1909
2003 1908
2004 1907
2005 1906
2006 1905
2007 1904
2008 1912
2009 1913
2010 1914
2011 1915
2012 1916
2013 1917
2014 1918
2015 1919
2016 1920
2017 1921
2018 1922
2019 1923
2020 1924
2021 1925
2022 1926
2023 1927
2024 1928
2025 1929
2026 1930
2027 1931
2028 1932
2029 1933
2030 1934
2031 1935
2032 1936
2033 1937
2034 1938
2035 1939
2036 1940
2037 1941
2038 1942
2039 1943
2040 1944
2041 1945
2042 1946
2043 1947
2044 1948
2045 1949
2046 1950
2047 1951
2048 1952
2049 1953
2050 1954
2051 1955
2052 1956
2053 1957
2054 1958
2055 1961
2056 1960
2057 1959
2058 1962
2059 1972
2060 1971
2061 1970
2062 1969
2063 1968
2064 1967
2065 1966
2066 1965
2067 1964
2068 1963
2069 1973
2070 1974
2071 1975
2072 1976
2073 1977
2074 1978
2075 1979
2076 1980
2077 1981
2078 1982
2079 1983
2080 1984
2081 1985
2082 1986
2083 1987
2084 1988
2085 1989
2086 1990
2087 1991
2088 1992
2089 1993
2090 1994
2091 1995
2092 1996
2093 1997
2094 1998
2095 1999
2096 2000
2097 2001
2098 2002
2099 2003
2100 2004
2101 2006
2102 2010
2103 2008
2104 2007
2105 2005
2106 9068
2107 7281
2108 7105
2109 6769
2110 6214
2111 5544
2112 5456
2113 4924
2114 3961
2115 3780
2116 3710
2117 2507
2118 2447
2119 2011
2120 2012
2121 2013
2122 2014
2123 2015
2124 2016
2125 2017
2126 2018
2127 2019
2128 2020
2129 2021
2130 2022
2131 2023
2132 2024
2133 2025
2134 2026
2135 2027
2136 2028
2137 2029
2138 2030
2139 2031
2140 2032
2141 2033
2142 2034
2143 2035
2144 2036
2145 2037
2146 2038
2147 2039
2148 2040
2149 2041
2150 2042
2151 2043
2152 2044
2153 2045
2154 2046
2155 2047
2156 2048
2157 2049
2158 2050
2159 2051
2160 2052
2161 2053
2162 2054
2163 2055
2164 2056
2165 2057
2166 2058
2167 2059
2168 2060
2169 2061
2170 2062
2171 2063
2172 2064
2173 2065
2174 2066
2175 2067
2176 2068
2177 2069
2178 2070
2179 2071
2180 2072
2181 2073
2182 2074
2183 2075
2184 2077
2185 2078
2186 2079
2187 2080
2188 2081
2189 2083
2190 2082
2191 2084
2192 2085
2193 2086
2194 2087
2195 2088
2196 2089
2197 2090
2198 2091
2199 2093
2200 2092
2201 2094
2202 2095
2203 2096
2204 2097
2205 2098
2206 2099
2207 2100
2208 2101
2209 2102
2210 2103
2211 2104
2212 2105
2213 2107
2214 2106
2215 2108
2216 2109
2217 2110
2218 2111
2219 2112
2220 2113
2221 2114
2222 2115
2223 2116
2224 2117
2225 2118
2226 2119
2227 2120
2228 2121
2229 2122
2230 2123
2231 2124
2232 2125
2233 2126
2234 2127
2235 2128
2236 2129
2237 2130
2238 2131
2239 2132
2240 2133
2241 2134
2242 2135
2243 2136
2244 2137
2245 2138
2246 2139
2247 2140
2248 2141
2249 2142
2250 2143
2251 2144
2252 2145
2253 2146
2254 2147
2255 2148
2256 2149
2257 2150
2258 2151
2259 2152
2260 2153
2261 2154
2262 2155
2263 2156
2264 2157
2265 2158
2266 2159
2267 2160
2268 2161
2269 2162
2270 2163
2271 2164
2272 2165
2273 4479
2274 2166
2275 2167
2276 2168
2277 2169
2278 2170
2279 2171
2280 2172
2281 2173
2282 2174
2283 2175
2284 2176
2285 2177
2286 2178
2287 2179
2288 2180
2289 2181
2290 2182
2291 2183
2292 2184
2293 2185
2294 2186
2295 2187
2296 2188
2297 2189
2298 2191
2299 2192
2300 2193
2301 2194
2302 2195
2303 2196
2304 2197
2305 2198
2306 2199
2307 2200
2308 2201
2309 2202
2310 2203
2311 2204
2312 2205
2313 2206
2314 2207
2315 2208
2316 2209
2317 2210
2318 2211
2319 2212
2320 2213
2321 2214
2322 2215
2323 2216
2324 2217
2325 2218
2326 2219
2327 2220
2328 2221
2329 2222
2330 2223
2331 2224
2332 2225
2333 2226
2334 2227
2335 4039
2336 2229
2337 2228
2338 2230
2339 2231
2340 2232
2341 2233
2342 2234
2343 2235
2344 2236
2345 2237
2346 2238
2347 2239
2348 2240
2349 2241
2350 2242
2351 2243
2352 2244
2353 2245
2354 2246
2355 2247
2356 2248
2357 2249
2358 2250
2359 2251
2360 2252
2361 2253
2362 2254
2363 2255
2364 2256
2365 2257
2366 2258
2367 2259
2368 2260
2369 2261
2370 2262
2371 2263
2372 2264
2373 2265
2374 2266
2375 2267
2376 2268
2377 2269
2378 2270
2379 2271
2380 2272
2381 2273
2382 2274
2383 2275
2384 2276
2385 2277
2386 2278
2387 2279
2388 2281
2389 2282
2390 2280
2391 3393
2392 2283
2393 2284
2394 2285
2395 2286
2396 2287
2397 2288
2398 2289
2399 2290
2400 2291
2401 2292
2402 2293
2403 2294
2404 2295
2405 2296
2406 2297
2407 2298
2408 2299
2409 2300
2410 2301
2411 2302
2412 2303
2413 2304
2414 2305
2415 2306
2416 2307
2417 2308
2418 2309
2419 2310
2420 2311
2421 2312
2422 2313
2423 2314
2424 2315
2425 2316
2426 2317
2427 2318
2428 2319
2429 2320
2430 2321
2431 2322
2432 2323
2433 2324
2434 2325
2435 2326
2436 2327
2437 2328
2438 2329
2439 2330
2440 2331
2441 2332
2442 2333
2443 2334
2444 2335
2445 2336
2446 2337
2447 2338
2448 2339
2449 2340
2450 2341
2451 2342
2452 2343
2453 2344
2454 2345
2455 2346
2456 2347
2457 2348
2458 2349
2459 2350
2460 2351
2461 2352
2462 2353
2463 2354
2464 2355
2465 2356
2466 2357
2467 2358
2468 2359
2469 2360
2470 2361
2471 2362
2472 2363
2473 2364
2474 2365
2475 2366
2476 2367
2477 2368
2478 2369
2479 2370
2480 2371
2481 2372
2482 2373
2483 2374
2484 2375
2485 2376
2486 2377
2487 2378
2488 2379
2489 2380
2490 2381
2491 2426
2492 2382
2493 2383
2494 2384
2495 2385
2496 2386
2497 2387
2498 2388
2499 2389
2500 2390
2501 2391
2502 2392
2503 2393
2504 2394
2505 2395
2506 2397
2507 2396
2508 2398
2509 2399
2510 2400
2511 2401
2512 2402
2513 2403
2514 2404
2515 2405
2516 2406
2517 2407
2518 2408
2519 2409
2520 2410
2521 2411
2522 2412
2523 2413
2524 2414
2525 2746
2526 2415
2527 2416
2528 2418
2529 2417
2530 2419
2531 2420
2532 2421
2533 2422
2534 2423
2535 2424
2536 2425
2537 2427
2538 2428
2539 2429
2540 2430
2541 2431
2542 2432
2543 2433
2544 2434
2545 4431
2546 4359
2547 2435
2548 2436
2549 2437
2550 2438
2551 2439
2552 2440
2553 2441
2554 2442
2555 2443
2556 2444
2557 2446
2558 2448
2559 2449
2560 2450
2561 2451
2562 2452
2563 2453
2564 2454
2565 2455
2566 2456
2567 2457
2568 2458
2569 2459
2570 2460
2571 2461
2572 2462
2573 2463
2574 2464
2575 2465
2576 2466
2577 2467
2578 2468
2579 2469
2580 2470
2581 2471
2582 2472
2583 2473
2584 2474
2585 2475
2586 2476
2587 2477
2588 2478
2589 2479
2590 2480
2591 2481
2592 6098
2593 6097
2594 6096
2595 6095
2596 6094
2597 6093
2598 6092
2599 6091
2600 2483
2601 2484
2602 2485
2603 2486
2604 2487
2605 2488
2606 2489
2607 2490
2608 2491
2609 2492
2610 2493
2611 2494
2612 2495
2613 2496
2614 2497
2615 2498
2616 2499
2617 2500
2618 2501
2619 2502
2620 2503
2621 2504
2622 2505
2623 2506
2624 6140
2625 3742
2626 2508
2627 2509
2628 2510
2629 2511
2630 2512
2631 2513
2632 2514
2633 2515
2634 2516
2635 2517
2636 2518
2637 2519
2638 6334
2639 2520
2640 2521
2641 2522
2642 2523
2643 2524
2644 2525
2645 2526
2646 2527
2647 2528
2648 2529
2649 2530
2650 2531
2651 2532
2652 2533
2653 2534
2654 2535
2655 2536
2656 2538
2657 2537
2658 2539
2659 2540
2660 2541
2661 2542
2662 2543
2663 2544
2664 2545
2665 2546
2666 2547
2667 2549
2668 2548
2669 2550
2670 2551
2671 2552
2672 2553
2673 2554
2674 2555
2675 2556
2676 2557
2677 2558
2678 2559
2679 2560
2680 2561
2681 2562
2682 2563
2683 2564
2684 2565
2685 2566
2686 2567
2687 2568
2688 2569
2689 2570
2690 2571
2691 2572
2692 2573
2693 2574
2694 2575
2695 2576
2696 2577
2697 2578
2698 2579
2699 2580
2700 2581
2701 2582
2702 2583
2703 2584
2704 2585
2705 2586
2706 2587
2707 2588
2708 2589
2709 2590
2710 2591
2711 2592
2712 2593
2713 2594
2714 2595
2715 2596
2716 2597
2717 2598
2718 2599
2719 2600
2720 2601
2721 2602
2722 2603
2723 2604
2724 2605
2725 2606
2726 2607
2727 2608
2728 2609
2729 2610
2730 2611
2731 2612
2732 2613
2733 2614
2734 2615
2735 2616
2736 2617
2737 2619
2738 2620
2739 2621
2740 2622
2741 2623
2742 2624
2743 2625
2744 2626
2745 2627
2746 2628
2747 2629
2748 2630
2749 2631
2750 2632
2751 2633
2752 2634
2753 2636
2754 2637
2755 2638
2756 2639
2757 2640
2758 2641
2759 2642
2760 2643
2761 2644
2762 2645
2763 2646
2764 2647
2765 2648
2766 2649
2767 2650
2768 2651
2769 2652
2770 2653
2771 2654
2772 2655
2773 2656
2774 2657
2775 2658
2776 2659
2777 2660
2778 2661
2779 2662
2780 2663
2781 2664
2782 2665
2783 2668
2784 2667
2785 2666
2786 2669
2787 2670
2788 2671
2789 2672
2790 2673
2791 2674
2792 2675
2793 2676
2794 2677
2795 2678
2796 2679
2797 2680
2798 2681
2799 2682
2800 2683
2801 2684
2802 2685
2803 2686
2804 2687
2805 2688
2806 2689
2807 2690
2808 2691
2809 2692
2810 2693
2811 2694
2812 2695
2813 2696
2814 2697
2815 2698
2816 2699
2817 2700
2818 2701
2819 2702
2820 2703
2821 2704
2822 2705
2823 2706
2824 2707
2825 2708
2826 2709
2827 2710
2828 2711
2829 2712
2830 2713
2831 2714
2832 2715
2833 2716
2834 2717
2835 2718
2836 2720
2837 2719
2838 2721
2839 2722
2840 2723
2841 2724
2842 2725
2843 2726
2844 2727
2845 2728
2846 2729
2847 2730
2848 2731
2849 2732
2850 2733
2851 2734
2852 2735
2853 2736
2854 2737
2855 2738
2856 2739
2857 2741
2858 2740
2859 2742
2860 2743
2861 2744
2862 2745
2863 2747
2864 2748
2865 2749
2866 2750
2867 2751
2868 2752
2869 2753
2870 2754
2871 2755
2872 2756
2873 2757
2874 2758
2875 2759
2876 2760
2877 2761
2878 2762
2879 2763
2880 2764
2881 2765
2882 2766
2883 2767
2884 2768
2885 2770
2886 2769
2887 2771
2888 2772
2889 2773
2890 2774
2891 2775
2892 2776
2893 2777
2894 2778
2895 2779
2896 2780
2897 2781
2898 2782
2899 2783
2900 2784
2901 2785
2902 2786
2903 2787
2904 2788
2905 2789
2906 2790
2907 2791
2908 2792
2909 2793
2910 2794
2911 2795
2912 2796
2913 2797
2914 2798
2915 2799
2916 2800
2917 2801
2918 2802
2919 2803
2920 2804
2921 2805
2922 2806
2923 2807
2924 2808
2925 2809
2926 2810
2927 2812
2928 2811
2929 2813
2930 2814
2931 2815
2932 2816
2933 2817
2934 2818
2935 2819
2936 2820
2937 2821
2938 2822
2939 2823
2940 2824
2941 2825
2942 2826
2943 2827
2944 2828
2945 2829
2946 2830
2947 2831
2948 2832
2949 2833
2950 2834
2951 2835
2952 2836
2953 2837
2954 2838
2955 2839
2956 2840
2957 2841
2958 2842
2959 2843
2960 2844
2961 2845
2962 2846
2963 2847
2964 8752
2965 8751
2966 8750
2967 8749
2968 8748
2969 8747
2970 8746
2971 8732
2972 8154
2973 6746
2974 6090
2975 3034
2976 2848
2977 2849
2978 2850
2979 2851
2980 2852
2981 2853
2982 2854
2983 5541
2984 2940
2985 2855
2986 2856
2987 2857
2988 2858
2989 2859
2990 2860
2991 2861
2992 2862
2993 2863
2994 2864
2995 2865
2996 2866
2997 2867
2998 2868
2999 2869
3000 2870
3001 2871
3002 2872
3003 2873
3004 2874
3005 2875
3006 2876
3007 2877
3008 2878
3009 2879
3010 2880
3011 2881
3012 2882
3013 2883
3014 2884
3015 2885
3016 2886
3017 2887
3018 2888
3019 2889
3020 2890
3021 2891
3022 2892
3023 2893
3024 2894
3025 2895
3026 2896
3027 2897
3028 2898
3029 2899
3030 2900
3031 2901
3032 2902
3033 2903
3034 2904
3035 2905
3036 2906
3037 7181
3038 5525
3039 2907
3040 2909
3041 2908
3042 2910
3043 2911
3044 2912
3045 2913
3046 2914
3047 2915
3048 2916
3049 2917
3050 2918
3051 2919
3052 2920
3053 2921
3054 2922
3055 2923
3056 2924
3057 2925
3058 2926
3059 2927
3060 2928
3061 2929
3062 2930
3063 2931
3064 2932
3065 2933
3066 2934
3067 2935
3068 2936
3069 2937
3070 2938
3071 2939
3072 2941
3073 2942
3074 2943
3075 2944
3076 2945
3077 2946
3078 2947
3079 2948
3080 2949
3081 2950
3082 2951
3083 2952
3084 2953
3085 7215
3086 2954
3087 2955
3088 2956
3089 2957
3090 2958
3091 2959
3092 2960
3093 2961
3094 2962
3095 2963
3096 2964
3097 2965
3098 2966
3099 2967
3100 2968
3101 2969
3102 2970
3103 2971
3104 2972
3105 2973
3106 2974
3107 2975
3108 2976
3109 2977
3110 2978
3111 2979
3112 2980
3113 2981
3114 2982
3115 2983
3116 2984
3117 2985
3118 2986
3119 2987
3120 2988
3121 2989
3122 2990
3123 2991
3124 2992
3125 2993
3126 2994
3127 2995
3128 2996
3129 2997
3130 2998
3131 2999
3132 3000
3133 3001
3134 3002
3135 3003
3136 3004
3137 3005
3138 3006
3139 3007
3140 3008
3141 3010
3142 3009
3143 3011
3144 3012
3145 3013
3146 3014
3147 3015
3148 3016
3149 3017
3150 3018
3151 3019
3152 3020
3153 3021
3154 3022
3155 3023
3156 3024
3157 3025
3158 3026
3159 3027
3160 3028
3161 3029
3162 3030
3163 3031
3164 3032
3165 3033
3166 8757
3167 8756
3168 4469
3169 3300
3170 3035
3171 3036
3172 3037
3173 3038
3174 3039
3175 3040
3176 3041
3177 3042
3178 3043
3179 3044
3180 3045
3181 3046
3182 3047
3183 3048
3184 3049
3185 3050
3186 3051
3187 3052
3188 3053
3189 3054
3190 3055
3191 3056
3192 3057
3193 3058
3194 3059
3195 3060
3196 3061
3197 3062
3198 3063
3199 3064
3200 3065
3201 3066
3202 3067
3203 3068
3204 3069
3205 3070
3206 3071
3207 3072
3208 3073
3209 3074
3210 3075
3211 3076
3212 3077
3213 3078
3214 3079
3215 3080
3216 3081
3217 3082
3218 3083
3219 3084
3220 3085
3221 3086
3222 3087
3223 3088
3224 3089
3225 3090
3226 3091
3227 3092
3228 3093
3229 3094
3230 3095
3231 3096
3232 3097
3233 3098
3234 3099
3235 3100
3236 3101
3237 3102
3238 3103
3239 3104
3240 3105
3241 3106
3242 3107
3243 3108
3244 3109
3245 3110
3246 3111
3247 3112
3248 3113
3249 3114
3250 3115
3251 3116
3252 3118
3253 3119
3254 3117
3255 3120
3256 3121
3257 3122
3258 3123
3259 3124
3260 3125
3261 3126
3262 3127
3263 3128
3264 3129
3265 3130
3266 3131
3267 3132
3268 3133
3269 3134
3270 3135
3271 3136
3272 3137
3273 3138
3274 3139
3275 3140
3276 3141
3277 3142
3278 3143
3279 3144
3280 3145
3281 3146
3282 3147
3283 3148
3284 3149
3285 3150
3286 3151
3287 3152
3288 5948
3289 3154
3290 3155
3291 3156
3292 3157
3293 3158
3294 3159
3295 3160
3296 3161
3297 3162
3298 3163
3299 3164
3300 3165
3301 3166
3302 3167
3303 4600
3304 3320
3305 3168
3306 3169
3307 3170
3308 3171
3309 3172
3310 3173
3311 3174
3312 3175
3313 3176
3314 3177
3315 3179
3316 3178
3317 3180
3318 3181
3319 3182
3320 3183
3321 3184
3322 3185
3323 3186
3324 3187
3325 3188
3326 3189
3327 3190
3328 3191
3329 3192
3330 3193
3331 3194
3332 3195
3333 3196
3334 3197
3335 3198
3336 3199
3337 3200
3338 3201
3339 3202
3340 3203
3341 3204
3342 3205
3343 3206
3344 3207
3345 3208
3346 3209
3347 3210
3348 3211
3349 3212
3350 3213
3351 3214
3352 3215
3353 3216
3354 3217
3355 3218
3356 3219
3357 3220
3358 3221
3359 3222
3360 3223
3361 3224
3362 3225
3363 3227
3364 3226
3365 3228
3366 3229
3367 3230
3368 3233
3369 3232
3370 3231
3371 3234
3372 3235
3373 3236
3374 3237
3375 3238
3376 3239
3377 3240
3378 3241
3379 3242
3380 3243
3381 3244
3382 3245
3383 3246
3384 3247
3385 3248
3386 3249
3387 3250
3388 3251
3389 3252
3390 3253
3391 3254
3392 3255
3393 3256
3394 3257
3395 3258
3396 3259
3397 3260
3398 3261
3399 3262
3400 3263
3401 3264
3402 3265
3403 3266
3404 3267
3405 3268
3406 3269
3407 3270
3408 3271
3409 3272
3410 3273
3411 3274
3412 3275
3413 3276
3414 3277
3415 3278
3416 3280
3417 3281
3418 3282
3419 3283
3420 3284
3421 3285
3422 3286
3423 3287
3424 3288
3425 3289
3426 3290
3427 3291
3428 3293
3429 3294
3430 3296
3431 3297
3432 3298
3433 3299
3434 3301
3435 3302
3436 3303
3437 3304
3438 3305
3439 3306
3440 3307
3441 3308
3442 3309
3443 3310
3444 3311
3445 3312
3446 3313
3447 3314
3448 3315
3449 3316
3450 3317
3451 3318
3452 3319
3453 3321
3454 3322
3455 3323
3456 3324
3457 3325
3458 3326
3459 3327
3460 3328
3461 3329
3462 3330
3463 3331
3464 3332
3465 3333
3466 3334
3467 3335
3468 3336
3469 3337
3470 3338
3471 3339
3472 3340
3473 3341
3474 3343
3475 3342
3476 4263
3477 3344
3478 3345
3479 3346
3480 3347
3481 3348
3482 3349
3483 3350
3484 3351
3485 3352
3486 3353
3487 3354
3488 3355
3489 3356
3490 3357
3491 3358
3492 3359
3493 3360
3494 3361
3495 3362
3496 3363
3497 3364
3498 3365
3499 3366
3500 3367
3501 3368
3502 3370
3503 3369
3504 3371
3505 3372
3506 3373
3507 3374
3508 3375
3509 3376
3510 3377
3511 3378
3512 3379
3513 3380
3514 3381
3515 3382
3516 3383
3517 3384
3518 3385
3519 3386
3520 3387
3521 3388
3522 3389
3523 3390
3524 3391
3525 3392
3526 3394
3527 3395
3528 3396
3529 3397
3530 3398
3531 3399
3532 3400
3533 3401
3534 3402
3535 3403
3536 3404
3537 3405
3538 3406
3539 3407
3540 3408
3541 3409
3542 3410
3543 3411
3544 3412
3545 3413
3546 3414
3547 3415
3548 3416
3549 3417
3550 3418
3551 3419
3552 3420
3553 3421
3554 3422
3555 3423
3556 3424
3557 3425
3558 3426
3559 3427
3560 3428
3561 3429
3562 3430
3563 3431
3564 3432
3565 3433
3566 3434
3567 3436
3568 3437
3569 3438
3570 3439
3571 3440
3572 3441
3573 3442
3574 3443
3575 3444
3576 3446
3577 3445
3578 3447
3579 3448
3580 3449
3581 3450
3582 3451
3583 3452
3584 3453
3585 3454
3586 3455
3587 3456
3588 3457
3589 3458
3590 3459
3591 3460
3592 3461
3593 3462
3594 3463
3595 3465
3596 3464
3597 3466
3598 3467
3599 3468
3600 3469
3601 3470
3602 3471
3603 3472
3604 3473
3605 3474
3606 3475
3607 3476
3608 3477
3609 3478
3610 3479
3611 3480
3612 3481
3613 3482
3614 3483
3615 3484
3616 3485
3617 3487
3618 3486
3619 3488
3620 3489
3621 3490
3622 3491
3623 3492
3624 3493
3625 3494
3626 3495
3627 3496
3628 3497
3629 3498
3630 3499
3631 3500
3632 3501
3633 3502
3634 3503
3635 3504
3636 3505
3637 3506
3638 3507
3639 3509
3640 3510
3641 3511
3642 3512
3643 3513
3644 3514
3645 3515
3646 3516
3647 3517
3648 3518
3649 3519
3650 3520
3651 3521
3652 3522
3653 3523
3654 3524
3655 3525
3656 3526
3657 3527
3658 3528
3659 3529
3660 3530
3661 3531
3662 3532
3663 3533
3664 3534
3665 3535
3666 3536
3667 3537
3668 3538
3669 3539
3670 3540
3671 3541
3672 3542
3673 3543
3674 3544
3675 3545
3676 3547
3677 3548
3678 3549
3679 3550
3680 3551
3681 3552
3682 3553
3683 3554
3684 3555
3685 3556
3686 4651
3687 3558
3688 3559
3689 3560
3690 3561
3691 3563
3692 3564
3693 3565
3694 3566
3695 3567
3696 3568
3697 3569
3698 3570
3699 3571
3700 3572
3701 3573
3702 3574
3703 3575
3704 3577
3705 3578
3706 3579
3707 3580
3708 3581
3709 3582
3710 3583
3711 3584
3712 3585
3713 5564
3714 3586
3715 3587
3716 3588
3717 3589
3718 3590
3719 3591
3720 3592
3721 3593
3722 3594
3723 3595
3724 3596
3725 3597
3726 3598
3727 3599
3728 3600
3729 3601
3730 3602
3731 3603
3732 3604
3733 3605
3734 3606
3735 3607
3736 3608
3737 3609
3738 3610
3739 3611
3740 3612
3741 3613
3742 3614
3743 3615
3744 3616
3745 3617
3746 3618
3747 3620
3748 3621
3749 3622
3750 3623
3751 3624
3752 3625
3753 3626
3754 3627
3755 3628
3756 3629
3757 3630
3758 3631
3759 3632
3760 3633
3761 3634
3762 3635
3763 3636
3764 3637
3765 3638
3766 3639
3767 3640
3768 3642
3769 3641
3770 3643
3771 3644
3772 3645
3773 3646
3774 3647
3775 3648
3776 3649
3777 3650
3778 3651
3779 3652
3780 3653
3781 3654
3782 3655
3783 3656
3784 3657
3785 3658
3786 3659
3787 3660
3788 3661
3789 3662
3790 3663
3791 3664
3792 3665
3793 3666
3794 3667
3795 3668
3796 3669
3797 3670
3798 3671
3799 3672
3800 3673
3801 3674
3802 3675
3803 3676
3804 3677
3805 3678
3806 3679
3807 3680
3808 3681
3809 3682
3810 3683
3811 3684
3812 3685
3813 3686
3814 3687
3815 3688
3816 3689
3817 3690
3818 3691
3819 3692
3820 3693
3821 3694
3822 3695
3823 3696
3824 3697
3825 3698
3826 3699
3827 3700
3828 3701
3829 3702
3830 3703
3831 3704
3832 3705
3833 3706
3834 3708
3835 3709
3836 3711
3837 3712
3838 3713
3839 3714
3840 3715
3841 3716
3842 3717
3843 3718
3844 3719
3845 3720
3846 3721
3847 3722
3848 3723
3849 3724
3850 3725
3851 3726
3852 3727
3853 3728
3854 3729
3855 3730
3856 3731
3857 3732
3858 3733
3859 3734
3860 3735
3861 3736
3862 3737
3863 3738
3864 3739
3865 3740
3866 3741
3867 3743
3868 3744
3869 3745
3870 3746
3871 3747
3872 3748
3873 3749
3874 3750
3875 3751
3876 3752
3877 3753
3878 3754
3879 3755
3880 3756
3881 3757
3882 3758
3883 3759
3884 3760
3885 3761
3886 3762
3887 3763
3888 3764
3889 3765
3890 3766
3891 3767
3892 3768
3893 3769
3894 3770
3895 3771
3896 3772
3897 3773
3898 3774
3899 3775
3900 3776
3901 3777
3902 3778
3903 3779
3904 3781
3905 3782
3906 3783
3907 3784
3908 3785
3909 3786
3910 3787
3911 3788
3912 3789
3913 3790
3914 3791
3915 3792
3916 3793
3917 3794
3918 3795
3919 3796
3920 3797
3921 3798
3922 3799
3923 3800
3924 3801
3925 3802
3926 3803
3927 3804
3928 3805
3929 3806
3930 3807
3931 3808
3932 3809
3933 3810
3934 3811
3935 3812
3936 3813
3937 3814
3938 3815
3939 3816
3940 3817
3941 3818
3942 3819
3943 3820
3944 3821
3945 3822
3946 3823
3947 3825
3948 3824
3949 3826
3950 3827
3951 3828
3952 3829
3953 3830
3954 3831
3955 3832
3956 3833
3957 6723
3958 3834
3959 3835
3960 3836
3961 3837
3962 3838
3963 3839
3964 3840
3965 3841
3966 3842
3967 3843
3968 3844
3969 3845
3970 3846
3971 3847
3972 3848
3973 3849
3974 3850
3975 3851
3976 3852
3977 3853
3978 3854
3979 3855
3980 3856
3981 3857
3982 3858
3983 3859
3984 3860
3985 3861
3986 3862
3987 3863
3988 3864
3989 3865
3990 3866
3991 3867
3992 3868
3993 3869
3994 3870
3995 3871
3996 3872
3997 3873
3998 3874
3999 3875
4000 3876
4001 3877
4002 3878
4003 3879
4004 3880
4005 3881
4006 3882
4007 3883
4008 3884
4009 3885
4010 3888
4011 3889
4012 3890
4013 3891
4014 3892
4015 3893
4016 3894
4017 3895
4018 3896
4019 3897
4020 3898
4021 3899
4022 3900
4023 3901
4024 6195
4025 3902
4026 3903
4027 3904
4028 3905
4029 3906
4030 3907
4031 3908
4032 3909
4033 3910
4034 3911
4035 3912
4036 3913
4037 3914
4038 3915
4039 3916
4040 3917
4041 3918
4042 3919
4043 3920
4044 3921
4045 3923
4046 3924
4047 3922
4048 3925
4049 3926
4050 3927
4051 3928
4052 3929
4053 3930
4054 3931
4055 3932
4056 3933
4057 3934
4058 3935
4059 3936
4060 3937
4061 3938
4062 3940
4063 3939
4064 3941
4065 3942
4066 3943
4067 3944
4068 3945
4069 3946
4070 3947
4071 3948
4072 3949
4073 3950
4074 3951
4075 3952
4076 3953
4077 3954
4078 3955
4079 3956
4080 3957
4081 3958
4082 3959
4083 3960
4084 8654
4085 6114
4086 3962
4087 3963
4088 3964
4089 3965
4090 4113
4091 3966
4092 3967
4093 3968
4094 3969
4095 3970
4096 3972
4097 3973
4098 3974
4099 3975
4100 3976
4101 3977
4102 3978
4103 3979
4104 3980
4105 3981
4106 3982
4107 3983
4108 3984
4109 3985
4110 3986
4111 3987
4112 3989
4113 3988
4114 3990
4115 3991
4116 3992
4117 3993
4118 3994
4119 3996
4120 3995
4121 3997
4122 3999
4123 4000
4124 4001
4125 4002
4126 4003
4127 4004
4128 4005
4129 4006
4130 4007
4131 4008
4132 4009
4133 4010
4134 4011
4135 4012
4136 4013
4137 4014
4138 4015
4139 4016
4140 4017
4141 4018
4142 4019
4143 4020
4144 4021
4145 4022
4146 4023
4147 4024
4148 4025
4149 4026
4150 4027
4151 4028
4152 4029
4153 4030
4154 4031
4155 4032
4156 4033
4157 4034
4158 4035
4159 4037
4160 4038
4161 4040
4162 4041
4163 4042
4164 4043
4165 4044
4166 4045
4167 4046
4168 4047
4169 4048
4170 4049
4171 4050
4172 4051
4173 4052
4174 4053
4175 4054
4176 4055
4177 4056
4178 4057
4179 4058
4180 4059
4181 4060
4182 4061
4183 4062
4184 4063
4185 4064
4186 4065
4187 4066
4188 4067
4189 4068
4190 4069
4191 4070
4192 4071
4193 4072
4194 4073
4195 4074
4196 4075
4197 4076
4198 4077
4199 4078
4200 4079
4201 4080
4202 4081
4203 4082
4204 4083
4205 4084
4206 4085
4207 4086
4208 4087
4209 4088
4210 4089
4211 4090
4212 4091
4213 4092
4214 4093
4215 4094
4216 4095
4217 4096
4218 4097
4219 4098
4220 4099
4221 4100
4222 4101
4223 4102
4224 4103
4225 4104
4226 4105
4227 4106
4228 4107
4229 4108
4230 4109
4231 4110
4232 4111
4233 4112
4234 7245
4235 7034
4236 6580
4237 5629
4238 5226
4239 4448
4240 4319
4241 4243
4242 4196
4243 4129
4244 4128
4245 4127
4246 4126
4247 4125
4248 4124
4249 4123
4250 4122
4251 4121
4252 4120
4253 4119
4254 4118
4255 4117
4256 4116
4257 4115
4258 4114
4259 4130
4260 4131
4261 4132
4262 4133
4263 4134
4264 4135
4265 4136
4266 4137
4267 4138
4268 4139
4269 4140
4270 4141
4271 4142
4272 4143
4273 4144
4274 4145
4275 4146
4276 4147
4277 4148
4278 4149
4279 4150
4280 4151
4281 4152
4282 4153
4283 4154
4284 4155
4285 4156
4286 4157
4287 4158
4288 4159
4289 4160
4290 4161
4291 4162
4292 4163
4293 4164
4294 4165
4295 4166
4296 4167
4297 4169
4298 4170
4299 4172
4300 4173
4301 4174
4302 4175
4303 4176
4304 4177
4305 4178
4306 4179
4307 4180
4308 4181
4309 4182
4310 4183
4311 4184
4312 4185
4313 4186
4314 4187
4315 4188
4316 4189
4317 4190
4318 4191
4319 4192
4320 4193
4321 4194
4322 4195
4323 4197
4324 4198
4325 4199
4326 4200
4327 4202
4328 4203
4329 4204
4330 4205
4331 4206
4332 4207
4333 4208
4334 4209
4335 4210
4336 4211
4337 4212
4338 4213
4339 4215
4340 4214
4341 4216
4342 4217
4343 4218
4344 4219
4345 4220
4346 4221
4347 4222
4348 4223
4349 4224
4350 4225
4351 4226
4352 4227
4353 4228
4354 4229
4355 4230
4356 4232
4357 4231
4358 7580
4359 6386
4360 4233
4361 4234
4362 4235
4363 4236
4364 4237
4365 4238
4366 4239
4367 4240
4368 4241
4369 4242
4370 4244
4371 4245
4372 4246
4373 4247
4374 4248
4375 4249
4376 4250
4377 4251
4378 4252
4379 4253
4380 4254
4381 4255
4382 4256
4383 4257
4384 4258
4385 4259
4386 4260
4387 4261
4388 4262
4389 4264
4390 4265
4391 4266
4392 4267
4393 4268
4394 4269
4395 4271
4396 4272
4397 4273
4398 4274
4399 4276
4400 4277
4401 4278
4402 4279
4403 4280
4404 4281
4405 4282
4406 4283
4407 4284
4408 4285
4409 4286
4410 4287
4411 7283
4412 4289
4413 4290
4414 4291
4415 4292
4416 4293
4417 4294
4418 4295
4419 4296
4420 4297
4421 4298
4422 4299
4423 4300
4424 4301
4425 4302
4426 4303
4427 4304
4428 4305
4429 4306
4430 4307
4431 4308
4432 4309
4433 4310
4434 4311
4435 4312
4436 4313
4437 4314
4438 4315
4439 4316
4440 4317
4441 4318
4442 4320
4443 4321
4444 4322
4445 4323
4446 4324
4447 4325
4448 4326
4449 4327
4450 4328
4451 4329
4452 4330
4453 4331
4454 4332
4455 4333
4456 4334
4457 4335
4458 4336
4459 4337
4460 4338
4461 4339
4462 4340
4463 4341
4464 4342
4465 4343
4466 4344
4467 4345
4468 4346
4469 4347
4470 4348
4471 4349
4472 4350
4473 4351
4474 4352
4475 4353
4476 4354
4477 4355
4478 4356
4479 4357
4480 4358
4481 7072
4482 4360
4483 4361
4484 4362
4485 4363
4486 4364
4487 4365
4488 4366
4489 4367
4490 4368
4491 4369
4492 4370
4493 4371
4494 4372
4495 4373
4496 4374
4497 4375
4498 4376
4499 4377
4500 4378
4501 4379
4502 4381
4503 4382
4504 4383
4505 4384
4506 4385
4507 4386
4508 4387
4509 4388
4510 4389
4511 4390
4512 4391
4513 4392
4514 4393
4515 4394
4516 4395
4517 4396
4518 4397
4519 4399
4520 4400
4521 4401
4522 4402
4523 7290
4524 7289
4525 7288
4526 7287
4527 5268
4528 4403
4529 4404
4530 4405
4531 4406
4532 4407
4533 4408
4534 4409
4535 4410
4536 4411
4537 4412
4538 4413
4539 4414
4540 4415
4541 4416
4542 4417
4543 4418
4544 4419
4545 4420
4546 4421
4547 4422
4548 4424
4549 4425
4550 4426
4551 7901
4552 7900
4553 7899
4554 7868
4555 7524
4556 7082
4557 6875
4558 6874
4559 6689
4560 6289
4561 4458
4562 4427
4563 4428
4564 4429
4565 4430
4566 4432
4567 4433
4568 4434
4569 4435
4570 4436
4571 4437
4572 4438
4573 4439
4574 4440
4575 4441
4576 4442
4577 4443
4578 4445
4579 4456
4580 4455
4581 4454
4582 4453
4583 4452
4584 4451
4585 4450
4586 4449
4587 4447
4588 4446
4589 4444
4590 7049
4591 6414
4592 4457
4593 4459
4594 4460
4595 4461
4596 4462
4597 4463
4598 4464
4599 4465
4600 4466
4601 4467
4602 4468
4603 4470
4604 4471
4605 4472
4606 4473
4607 4474
4608 4475
4609 4476
4610 4477
4611 4478
4612 7118
4613 4480
4614 4481
4615 4482
4616 4483
4617 4484
4618 4485
4619 4486
4620 4487
4621 4488
4622 4489
4623 4490
4624 4491
4625 4492
4626 4493
4627 4494
4628 4496
4629 4495
4630 4497
4631 4498
4632 4499
4633 4500
4634 4501
4635 4502
4636 4503
4637 4504
4638 4505
4639 4506
4640 4507
4641 4508
4642 4509
4643 4510
4644 4511
4645 4512
4646 4513
4647 4514
4648 4515
4649 4516
4650 4517
4651 4518
4652 4519
4653 4520
4654 4521
4655 4522
4656 4523
4657 4524
4658 4525
4659 4526
4660 4527
4661 4528
4662 4529
4663 4530
4664 4531
4665 4532
4666 4533
4667 4534
4668 4535
4669 4536
4670 4537
4671 4538
4672 4539
4673 4540
4674 4541
4675 4542
4676 4543
4677 4544
4678 4545
4679 4546
4680 4547
4681 4548
4682 4549
4683 4551
4684 4550
4685 4552
4686 4553
4687 4554
4688 4555
4689 4556
4690 4557
4691 4558
4692 4559
4693 4560
4694 4561
4695 4562
4696 4563
4697 4564
4698 4565
4699 4568
4700 4566
4701 7376
4702 7375
4703 7374
4704 7373
4705 6540
4706 6522
4707 6521
4708 6520
4709 6519
4710 6427
4711 6247
4712 6037
4713 5806
4714 5803
4715 5201
4716 4658
4717 4569
4718 4570
4719 4571
4720 4572
4721 4573
4722 4574
4723 4575
4724 4576
4725 4577
4726 4578
4727 4579
4728 4580
4729 4581
4730 4582
4731 4583
4732 4584
4733 4585
4734 4586
4735 4587
4736 4588
4737 4589
4738 4590
4739 4591
4740 4592
4741 4593
4742 4594
4743 4595
4744 4596
4745 4597
4746 4598
4747 4599
4748 4601
4749 4602
4750 4603
4751 4604
4752 4605
4753 4606
4754 4607
4755 4608
4756 4609
4757 4610
4758 4611
4759 4612
4760 4613
4761 4614
4762 4615
4763 4616
4764 4617
4765 4618
4766 4619
4767 4620
4768 4621
4769 4622
4770 4623
4771 4624
4772 4625
4773 4626
4774 4628
4775 4629
4776 4630
4777 4631
4778 4632
4779 4633
4780 4634
4781 4635
4782 4636
4783 4637
4784 4638
4785 4639
4786 4640
4787 4641
4788 4642
4789 4643
4790 4644
4791 4645
4792 4646
4793 4647
4794 4648
4795 4649
4796 4650
4797 4652
4798 4653
4799 4654
4800 4655
4801 4656
4802 4657
4803 4659
4804 4660
4805 4661
4806 4662
4807 4663
4808 4664
4809 4665
4810 4666
4811 4667
4812 4668
4813 4669
4814 4670
4815 4671
4816 4672
4817 4676
4818 4675
4819 4674
4820 4673
4821 4677
4822 4678
4823 4679
4824 4680
4825 4681
4826 4682
4827 4683
4828 4684
4829 4685
4830 4686
4831 4687
4832 4688
4833 4689
4834 4690
4835 4691
4836 4692
4837 4693
4838 4694
4839 4695
4840 4696
4841 4700
4842 4699
4843 4698
4844 4697
4845 4701
4846 4702
4847 4704
4848 4703
4849 4705
4850 4706
4851 4707
4852 4708
4853 4709
4854 4710
4855 4711
4856 4712
4857 4713
4858 4714
4859 4715
4860 4716
4861 4717
4862 4718
4863 4719
4864 4720
4865 4721
4866 4722
4867 4723
4868 4724
4869 4725
4870 4727
4871 4726
4872 4728
4873 4729
4874 4730
4875 4731
4876 4732
4877 4733
4878 4734
4879 4735
4880 4736
4881 4737
4882 4738
4883 4739
4884 4740
4885 4741
4886 4742
4887 4743
4888 4744
4889 4745
4890 4746
4891 4747
4892 4748
4893 4749
4894 4750
4895 4751
4896 4752
4897 4753
4898 4754
4899 4755
4900 4756
4901 4757
4902 4758
4903 4759
4904 4760
4905 4761
4906 4762
4907 4763
4908 4764
4909 4765
4910 4766
4911 4767
4912 4768
4913 4769
4914 4770
4915 4771
4916 4772
4917 4773
4918 4774
4919 4775
4920 4776
4921 4777
4922 4778
4923 4779
4924 4780
4925 4781
4926 4782
4927 4783
4928 4784
4929 4785
4930 4786
4931 4787
4932 4788
4933 4789
4934 4790
4935 4791
4936 4792
4937 4793
4938 4794
4939 4795
4940 4796
4941 4797
4942 4800
4943 4801
4944 4802
4945 4803
4946 4804
4947 4805
4948 4806
4949 4808
4950 4807
4951 4809
4952 4811
4953 4810
4954 4812
4955 4813
4956 4814
4957 4815
4958 4816
4959 4817
4960 4818
4961 4819
4962 4820
4963 4821
4964 4822
4965 4823
4966 4824
4967 4825
4968 4826
4969 4827
4970 4828
4971 4829
4972 4830
4973 4831
4974 4832
4975 4833
4976 4834
4977 4835
4978 4837
4979 4838
4980 4839
4981 4840
4982 4841
4983 4842
4984 4843
4985 4844
4986 4845
4987 4846
4988 4847
4989 4848
4990 4849
4991 4850
4992 4851
4993 4852
4994 4853
4995 4854
4996 4855
4997 4856
4998 4857
4999 4858
5000 4859
5001 4860
5002 4861
5003 4862
5004 4863
5005 4864
5006 4865
5007 4866
5008 4867
5009 4868
5010 8762
5011 4870
5012 4872
5013 4873
5014 4874
5015 4875
5016 4876
5017 4877
5018 4878
5019 4879
5020 4880
5021 4881
5022 4882
5023 4883
5024 4884
5025 4885
5026 4886
5027 4887
5028 4888
5029 4890
5030 4891
5031 4892
5032 4893
5033 4894
5034 4895
5035 4896
5036 4897
5037 4898
5038 4899
5039 4900
5040 4901
5041 4902
5042 4903
5043 4904
5044 4905
5045 4906
5046 4907
5047 4908
5048 4909
5049 4910
5050 4911
5051 4912
5052 4913
5053 4914
5054 4915
5055 4916
5056 4917
5057 4918
5058 4919
5059 4920
5060 4921
5061 4922
5062 4923
5063 4925
5064 4926
5065 4927
5066 4928
5067 4929
5068 4930
5069 4931
5070 4932
5071 4933
5072 4934
5073 4935
5074 4936
5075 4937
5076 4938
5077 4939
5078 4940
5079 4941
5080 4942
5081 4943
5082 4944
5083 4945
5084 4946
5085 4947
5086 4948
5087 4949
5088 4950
5089 4951
5090 4952
5091 4953
5092 4954
5093 4955
5094 4956
5095 4957
5096 4958
5097 4959
5098 4960
5099 4961
5100 4962
5101 4963
5102 4964
5103 4965
5104 4966
5105 4967
5106 4968
5107 4969
5108 4970
5109 4971
5110 4972
5111 4973
5112 4974
5113 4975
5114 4976
5115 4977
5116 4978
5117 4979
5118 4980
5119 4981
5120 4982
5121 4983
5122 4984
5123 4985
5124 4986
5125 4987
5126 4988
5127 4989
5128 4990
5129 4991
5130 4992
5131 4993
5132 4994
5133 4995
5134 4996
5135 4997
5136 4998
5137 4999
5138 5000
5139 5001
5140 5002
5141 5003
5142 5004
5143 5005
5144 5006
5145 5007
5146 5008
5147 5009
5148 5010
5149 5011
5150 5012
5151 5013
5152 5014
5153 5015
5154 5016
5155 5017
5156 5018
5157 5019
5158 5020
5159 5021
5160 5022
5161 5023
5162 5024
5163 5025
5164 5026
5165 5027
5166 5028
5167 5029
5168 5030
5169 5031
5170 5032
5171 5033
5172 5034
5173 5035
5174 5036
5175 5037
5176 5038
5177 5039
5178 5040
5179 5041
5180 5042
5181 5043
5182 5044
5183 5045
5184 5046
5185 6940
5186 6134
5187 6045
5188 6044
5189 5906
5190 5469
5191 5468
5192 5054
5193 5055
5194 5056
5195 5057
5196 5058
5197 5059
5198 5060
5199 5061
5200 5062
5201 5063
5202 5064
5203 5065
5204 5066
5205 5067
5206 5068
5207 5069
5208 5070
5209 5071
5210 5072
5211 5073
5212 5074
5213 5075
5214 5076
5215 5077
5216 5078
5217 5079
5218 5080
5219 5081
5220 5082
5221 5083
5222 5084
5223 5085
5224 5086
5225 5087
5226 5088
5227 5089
5228 5090
5229 5091
5230 5092
5231 5093
5232 5094
5233 5095
5234 5096
5235 5097
5236 5098
5237 5099
5238 5100
5239 5101
5240 5102
5241 5103
5242 5104
5243 5105
5244 5106
5245 5107
5246 5108
5247 5109
5248 5110
5249 5111
5250 5112
5251 5113
5252 5114
5253 5115
5254 5116
5255 5117
5256 5118
5257 5119
5258 5120
5259 5121
5260 5122
5261 5123
5262 5124
5263 5125
5264 5126
5265 5127
5266 5128
5267 5129
5268 5130
5269 5131
5270 5132
5271 5133
5272 5134
5273 5135
5274 5136
5275 5138
5276 5137
5277 5139
5278 5140
5279 5141
5280 5142
5281 5143
5282 5144
5283 5145
5284 5146
5285 5147
5286 5148
5287 5149
5288 5150
5289 5151
5290 5152
5291 5153
5292 5154
5293 5155
5294 5156
5295 5157
5296 5158
5297 5159
5298 5160
5299 5161
5300 5163
5301 5162
5302 5164
5303 5165
5304 5166
5305 5167
5306 5168
5307 5169
5308 5170
5309 5171
5310 5172
5311 5173
5312 5174
5313 5175
5314 5176
5315 5177
5316 5178
5317 5179
5318 5180
5319 5181
5320 5182
5321 5183
5322 5184
5323 5185
5324 5186
5325 5187
5326 5188
5327 5189
5328 5190
5329 5191
5330 5192
5331 5193
5332 5194
5333 5195
5334 5196
5335 5198
5336 5199
5337 5200
5338 5202
5339 5203
5340 5204
5341 5205
5342 5206
5343 5207
5344 5208
5345 5209
5346 5210
5347 5212
5348 5213
5349 5214
5350 5215
5351 5216
5352 5217
5353 5218
5354 5219
5355 5220
5356 5221
5357 5222
5358 5223
5359 5224
5360 5225
5361 5227
5362 5228
5363 5229
5364 5230
5365 5231
5366 5232
5367 5233
5368 5234
5369 5235
5370 5236
5371 5237
5372 5238
5373 5239
5374 5240
5375 5241
5376 5242
5377 5243
5378 5244
5379 5245
5380 5246
5381 5247
5382 5248
5383 5249
5384 5250
5385 5251
5386 5252
5387 5253
5388 5254
5389 5255
5390 5256
5391 5257
5392 5258
5393 5259
5394 5260
5395 5262
5396 5263
5397 5264
5398 5265
5399 5266
5400 5267
5401 8015
5402 5269
5403 5270
5404 5271
5405 5272
5406 5273
5407 5274
5408 5275
5409 5276
5410 5277
5411 5278
5412 5279
5413 5280
5414 5281
5415 5282
5416 5284
5417 5283
5418 5285
5419 5286
5420 5287
5421 5288
5422 5289
5423 5290
5424 5291
5425 5292
5426 5293
5427 5294
5428 5295
5429 5296
5430 5297
5431 5298
5432 5299
5433 5300
5434 5301
5435 5302
5436 5303
5437 5304
5438 5305
5439 5306
5440 5307
5441 5308
5442 6939
5443 6938
5444 6937
5445 6935
5446 5311
5447 5310
5448 5309
5449 5312
5450 5313
5451 5314
5452 5315
5453 5316
5454 5317
5455 5318
5456 5319
5457 5320
5458 5323
5459 5322
5460 5321
5461 5324
5462 5325
5463 5326
5464 5327
5465 5328
5466 5329
5467 5330
5468 5331
5469 5332
5470 5333
5471 5334
5472 5335
5473 5336
5474 5337
5475 5338
5476 5339
5477 5340
5478 5341
5479 5342
5480 5343
5481 5344
5482 5345
5483 5346
5484 5347
5485 5348
5486 5349
5487 5350
5488 5351
5489 5352
5490 5353
5491 5354
5492 5355
5493 5356
5494 5357
5495 5358
5496 5359
5497 5360
5498 5361
5499 5362
5500 5363
5501 5364
5502 5366
5503 5365
5504 5367
5505 5368
5506 5369
5507 5370
5508 5371
5509 5372
5510 5373
5511 5374
5512 5375
5513 5376
5514 5377
5515 5378
5516 5379
5517 5380
5518 5381
5519 5382
5520 5383
5521 5384
5522 5385
5523 5386
5524 5388
5525 5389
5526 5390
5527 5391
5528 5392
5529 5393
5530 5394
5531 5395
5532 5396
5533 5397
5534 5398
5535 5400
5536 5399
5537 5401
5538 5402
5539 5403
5540 5404
5541 5405
5542 5406
5543 5407
5544 5408
5545 5409
5546 5410
5547 5411
5548 5412
5549 5413
5550 5414
5551 5415
5552 5416
5553 5417
5554 5418
5555 5419
5556 5420
5557 5422
5558 5423
5559 5424
5560 5425
5561 5426
5562 5427
5563 5428
5564 5429
5565 5430
5566 5431
5567 5432
5568 5433
5569 5434
5570 5435
5571 5436
5572 5437
5573 5438
5574 5439
5575 5440
5576 5441
5577 5443
5578 5445
5579 5446
5580 5447
5581 5448
5582 5455
5583 5454
5584 5453
5585 5451
5586 5450
5587 5457
5588 5458
5589 5459
5590 5460
5591 5461
5592 5462
5593 5463
5594 5464
5595 5465
5596 5466
5597 5467
5598 5470
5599 5471
5600 5472
5601 5473
5602 5474
5603 5475
5604 5476
5605 5477
5606 5478
5607 5479
5608 5480
5609 5481
5610 5482
5611 5485
5612 5484
5613 5483
5614 5486
5615 5487
5616 5488
5617 5489
5618 5490
5619 5491
5620 5492
5621 5493
5622 5494
5623 5495
5624 5496
5625 5497
5626 5498
5627 5499
5628 5500
5629 5501
5630 5502
5631 5503
5632 5505
5633 5504
5634 5506
5635 5507
5636 5508
5637 5509
5638 5510
5639 5511
5640 5512
5641 5513
5642 5514
5643 5515
5644 5516
5645 5517
5646 5518
5647 5519
5648 5520
5649 5521
5650 5522
5651 5523
5652 5524
5653 5526
5654 5527
5655 5528
5656 5529
5657 5530
5658 5531
5659 5532
5660 5533
5661 5534
5662 5535
5663 5536
5664 5537
5665 5538
5666 5539
5667 5540
5668 5542
5669 5543
5670 5545
5671 5546
5672 5547
5673 5548
5674 5549
5675 5550
5676 5551
5677 5552
5678 5553
5679 5554
5680 5555
5681 5556
5682 5557
5683 5558
5684 5559
5685 5560
5686 5561
5687 5562
5688 5563
5689 5565
5690 5566
5691 5567
5692 5568
5693 5569
5694 5570
5695 5571
5696 5572
5697 5573
5698 5574
5699 5575
5700 5576
5701 5577
5702 5578
5703 5579
5704 5580
5705 5581
5706 5582
5707 5583
5708 5584
5709 5585
5710 5586
5711 5587
5712 5588
5713 5589
5714 5590
5715 5592
5716 5593
5717 5594
5718 5595
5719 5596
5720 5597
5721 5598
5722 5599
5723 5600
5724 5601
5725 5602
5726 5603
5727 5604
5728 5607
5729 5606
5730 5605
5731 5608
5732 5609
5733 5610
5734 5611
5735 5612
5736 5613
5737 5614
5738 5615
5739 5616
5740 5617
5741 5618
5742 5619
5743 5620
5744 5621
5745 5622
5746 5623
5747 5624
5748 5625
5749 5626
5750 5627
5751 5628
5752 5630
5753 5631
5754 5632
5755 5634
5756 5635
5757 5636
5758 5637
5759 5638
5760 5639
5761 5640
5762 5641
5763 5642
5764 5643
5765 5644
5766 5645
5767 5646
5768 5647
5769 5648
5770 5649
5771 5650
5772 5651
5773 5652
5774 5653
5775 5654
5776 5655
5777 5656
5778 5657
5779 5658
5780 5659
5781 5660
5782 5661
5783 5663
5784 5662
5785 5664
5786 5665
5787 5666
5788 5667
5789 5668
5790 5669
5791 5670
5792 5671
5793 5672
5794 5673
5795 5674
5796 5675
5797 5676
5798 5677
5799 5678
5800 5679
5801 8299
5802 5681
5803 5682
5804 5683
5805 5684
5806 5685
5807 5686
5808 5687
5809 5688
5810 5689
5811 5690
5812 5691
5813 5692
5814 5693
5815 5694
5816 5695
5817 5696
5818 5697
5819 5698
5820 5699
5821 5700
5822 5701
5823 5702
5824 5703
5825 5704
5826 5705
5827 5706
5828 5707
5829 5708
5830 5709
5831 5710
5832 5711
5833 5712
5834 5713
5835 5714
5836 5715
5837 5716
5838 5717
5839 5718
5840 5719
5841 5720
5842 5721
5843 5722
5844 5723
5845 5724
5846 5726
5847 5725
5848 5727
5849 5728
5850 5729
5851 5730
5852 5731
5853 5732
5854 5733
5855 5734
5856 5735
5857 5736
5858 5737
5859 5738
5860 5739
5861 5740
5862 5741
5863 5742
5864 5743
5865 5744
5866 5745
5867 5746
5868 5747
5869 5748
5870 5749
5871 5750
5872 5751
5873 5752
5874 5753
5875 5754
5876 5755
5877 5756
5878 5958
5879 5759
5880 5758
5881 5760
5882 5761
5883 5762
5884 5763
5885 5764
5886 5765
5887 5766
5888 5767
5889 5768
5890 5770
5891 5771
5892 5772
5893 5774
5894 5773
5895 5775
5896 5776
5897 5778
5898 5779
5899 5780
5900 5781
5901 5782
5902 5783
5903 5784
5904 5785
5905 5786
5906 5787
5907 5788
5908 5789
5909 5790
5910 5791
5911 5792
5912 5793
5913 5795
5914 5796
5915 5797
5916 5798
5917 5804
5918 5802
5919 5801
5920 5800
5921 5799
5922 5805
5923 5807
5924 5808
5925 5809
5926 5810
5927 5811
5928 5812
5929 5813
5930 5814
5931 5815
5932 5816
5933 5817
5934 5818
5935 5820
5936 5819
5937 5821
5938 5822
5939 5823
5940 5824
5941 5825
5942 5826
5943 5827
5944 5828
5945 5830
5946 5829
5947 5831
5948 5832
5949 5833
5950 5834
5951 5835
5952 5836
5953 5837
5954 5838
5955 5839
5956 5840
5957 5841
5958 5842
5959 5843
5960 5844
5961 5845
5962 5846
5963 5847
5964 5848
5965 5849
5966 5850
5967 5851
5968 5852
5969 5853
5970 5854
5971 5855
5972 5856
5973 5857
5974 5858
5975 5860
5976 5859
5977 5861
5978 5862
5979 5863
5980 5864
5981 5865
5982 5866
5983 5867
5984 5868
5985 5869
5986 5870
5987 5871
5988 5872
5989 5873
5990 5874
5991 5875
5992 5876
5993 5877
5994 5878
5995 5879
5996 5880
5997 5881
5998 5882
5999 5883
6000 5884
6001 5885
6002 5886
6003 5887
6004 5888
6005 5889
6006 5890
6007 5891
6008 5892
6009 5893
6010 5894
6011 5895
6012 5896
6013 5897
6014 5898
6015 5899
6016 5900
6017 5901
6018 5907
6019 5905
6020 5904
6021 5903
6022 5902
6023 5908
6024 5909
6025 5910
6026 5911
6027 5912
6028 5913
6029 5914
6030 5915
6031 5916
6032 5917
6033 5918
6034 5919
6035 5920
6036 5921
6037 5922
6038 5923
6039 5924
6040 5925
6041 5926
6042 5927
6043 5928
6044 5929
6045 5930
6046 5931
6047 5932
6048 5933
6049 5934
6050 5935
6051 5936
6052 5937
6053 5938
6054 5939
6055 5940
6056 5941
6057 5942
6058 5943
6059 5944
6060 5945
6061 5946
6062 5947
6063 5949
6064 5950
6065 5951
6066 5952
6067 5953
6068 5954
6069 5955
6070 5956
6071 5957
6072 5959
6073 5960
6074 5961
6075 5962
6076 5963
6077 5964
6078 5965
6079 5966
6080 5967
6081 5968
6082 5973
6083 5972
6084 5971
6085 5970
6086 5974
6087 5975
6088 5976
6089 5977
6090 5978
6091 5979
6092 5980
6093 5981
6094 5982
6095 5983
6096 5984
6097 5985
6098 5986
6099 5987
6100 5988
6101 5989
6102 5990
6103 5991
6104 5992
6105 5993
6106 5994
6107 5995
6108 5996
6109 5997
6110 5998
6111 5999
6112 6000
6113 6001
6114 6002
6115 6003
6116 6004
6117 6005
6118 6006
6119 6007
6120 6574
6121 6008
6122 6009
6123 6010
6124 6011
6125 6012
6126 6013
6127 6014
6128 6015
6129 6016
6130 6017
6131 6018
6132 6019
6133 6020
6134 6021
6135 6022
6136 6023
6137 6024
6138 6025
6139 6026
6140 6315
6141 6027
6142 6028
6143 6029
6144 6030
6145 6031
6146 6032
6147 6033
6148 6034
6149 6035
6150 6036
6151 6038
6152 6039
6153 6040
6154 6041
6155 6042
6156 6043
6157 6046
6158 6047
6159 6048
6160 6049
6161 6050
6162 6051
6163 6052
6164 6053
6165 6054
6166 6055
6167 6056
6168 6057
6169 6058
6170 6059
6171 6060
6172 6061
6173 6062
6174 6063
6175 6064
6176 6065
6177 6066
6178 6067
6179 6068
6180 6069
6181 6070
6182 6071
6183 6072
6184 6073
6185 6074
6186 6075
6187 6076
6188 6077
6189 6078
6190 6079
6191 6080
6192 6081
6193 6083
6194 6082
6195 6084
6196 6085
6197 6086
6198 6087
6199 6088
6200 6089
6201 6099
6202 6100
6203 6101
6204 6102
6205 6103
6206 6104
6207 6105
6208 6106
6209 6107
6210 6108
6211 6109
6212 6110
6213 6111
6214 6112
6215 6113
6216 6115
6217 6116
6218 6117
6219 6118
6220 6119
6221 6120
6222 6121
6223 6122
6224 6123
6225 6124
6226 6125
6227 6126
6228 6127
6229 6128
6230 6129
6231 6130
6232 6131
6233 6132
6234 6133
6235 8782
6236 6135
6237 6136
6238 6137
6239 6138
6240 6139
6241 6141
6242 6142
6243 6143
6244 6144
6245 6145
6246 6146
6247 6147
6248 6148
6249 6149
6250 6150
6251 6151
6252 6152
6253 6153
6254 6154
6255 7585
6256 6155
6257 6156
6258 6157
6259 6158
6260 6159
6261 6160
6262 6161
6263 6162
6264 6163
6265 6165
6266 6164
6267 6166
6268 6167
6269 6168
6270 6170
6271 6171
6272 6172
6273 6173
6274 6174
6275 6175
6276 6176
6277 6177
6278 6178
6279 6179
6280 6180
6281 6181
6282 6182
6283 6183
6284 6184
6285 6185
6286 6186
6287 6187
6288 6188
6289 6189
6290 6190
6291 6191
6292 6192
6293 6193
6294 6194
6295 6196
6296 6197
6297 6198
6298 6199
6299 6200
6300 6201
6301 6202
6302 6204
6303 6203
6304 6205
6305 6206
6306 6207
6307 6208
6308 6209
6309 6210
6310 7447
6311 6771
6312 6212
6313 6213
6314 6215
6315 6216
6316 6217
6317 6218
6318 6219
6319 6220
6320 6221
6321 6222
6322 6223
6323 6224
6324 6225
6325 6226
6326 6227
6327 6228
6328 6229
6329 6230
6330 6231
6331 6232
6332 6233
6333 6234
6334 6235
6335 6236
6336 6237
6337 6238
6338 6239
6339 6240
6340 6241
6341 6242
6342 6243
6343 6244
6344 6245
6345 6246
6346 6248
6347 6249
6348 6250
6349 6251
6350 6252
6351 6253
6352 6254
6353 6255
6354 6256
6355 6257
6356 6258
6357 6259
6358 6260
6359 6261
6360 6262
6361 6263
6362 6264
6363 6265
6364 6267
6365 6266
6366 6268
6367 6269
6368 6270
6369 6271
6370 6272
6371 6273
6372 6274
6373 6275
6374 6276
6375 6277
6376 6278
6377 6279
6378 6280
6379 6281
6380 6282
6381 6283
6382 6284
6383 6285
6384 6286
6385 6287
6386 6288
6387 6290
6388 6291
6389 6292
6390 6293
6391 6294
6392 6295
6393 6296
6394 6297
6395 6298
6396 6299
6397 6300
6398 6301
6399 6302
6400 6303
6401 6304
6402 6305
6403 6306
6404 6307
6405 6308
6406 6309
6407 6310
6408 6311
6409 6312
6410 6313
6411 6314
6412 6316
6413 6317
6414 6318
6415 6319
6416 6320
6417 6321
6418 6322
6419 6323
6420 6324
6421 6325
6422 6326
6423 6327
6424 6328
6425 6329
6426 6330
6427 6331
6428 6332
6429 6333
6430 6335
6431 6336
6432 6337
6433 6338
6434 6339
6435 6340
6436 6341
6437 6342
6438 6343
6439 6344
6440 6345
6441 6346
6442 6347
6443 6348
6444 6349
6445 6350
6446 6351
6447 6352
6448 6353
6449 6354
6450 6355
6451 6356
6452 6357
6453 6358
6454 6360
6455 6361
6456 6362
6457 6363
6458 6364
6459 6365
6460 6366
6461 6367
6462 6368
6463 6369
6464 6370
6465 6371
6466 6372
6467 6373
6468 6374
6469 6375
6470 6376
6471 6377
6472 6378
6473 6379
6474 6380
6475 6381
6476 6382
6477 6383
6478 6384
6479 6385
6480 6387
6481 6388
6482 6389
6483 6390
6484 6391
6485 6392
6486 6393
6487 6394
6488 6395
6489 6396
6490 6397
6491 6398
6492 6399
6493 6400
6494 6401
6495 6402
6496 6403
6497 6404
6498 6405
6499 6406
6500 6407
6501 6408
6502 6409
6503 6410
6504 6411
6505 6412
6506 6413
6507 6415
6508 6416
6509 6417
6510 6418
6511 6419
6512 6420
6513 6421
6514 6422
6515 6424
6516 6426
6517 6425
6518 6423
6519 9099
6520 9098
6521 9097
6522 9096
6523 9095
6524 9094
6525 9093
6526 9006
6527 8994
6528 8950
6529 8385
6530 7484
6531 7350
6532 7099
6533 6903
6534 6728
6535 6428
6536 6429
6537 6430
6538 6431
6539 6432
6540 6433
6541 6434
6542 6435
6543 6436
6544 6437
6545 6438
6546 6439
6547 6440
6548 6441
6549 6442
6550 6443
6551 6444
6552 6445
6553 6446
6554 6447
6555 6448
6556 6449
6557 6450
6558 6451
6559 6452
6560 6453
6561 6454
6562 6455
6563 6456
6564 6457
6565 6458
6566 6463
6567 6462
6568 6461
6569 6460
6570 6459
6571 6464
6572 6465
6573 6466
6574 6468
6575 6467
6576 6469
6577 6470
6578 6471
6579 6472
6580 6473
6581 6474
6582 6475
6583 6476
6584 6477
6585 6478
6586 6479
6587 6480
6588 6481
6589 6482
6590 6483
6591 6484
6592 6485
6593 6486
6594 6487
6595 6488
6596 6489
6597 6490
6598 6491
6599 6492
6600 6493
6601 6494
6602 6495
6603 6496
6604 6497
6605 6498
6606 6499
6607 6500
6608 6501
6609 6502
6610 6503
6611 6504
6612 6505
6613 6506
6614 6507
6615 6508
6616 6509
6617 6510
6618 6511
6619 6512
6620 6513
6621 6514
6622 6515
6623 6516
6624 6517
6625 6518
6626 6523
6627 6524
6628 6525
6629 6526
6630 6527
6631 6528
6632 6529
6633 6530
6634 6531
6635 6532
6636 6533
6637 6534
6638 6535
6639 6536
6640 6537
6641 6538
6642 6539
6643 6541
6644 6542
6645 6543
6646 6544
6647 6545
6648 6546
6649 6547
6650 6548
6651 6549
6652 6550
6653 6551
6654 6552
6655 6553
6656 6554
6657 6555
6658 6556
6659 6557
6660 6558
6661 6559
6662 6560
6663 6561
6664 6562
6665 6563
6666 6564
6667 6565
6668 6566
6669 6567
6670 6570
6671 6569
6672 6571
6673 6572
6674 6575
6675 6573
6676 7123
6677 7122
6678 6973
6679 6972
6680 6576
6681 6578
6682 6577
6683 6579
6684 6581
6685 6582
6686 6583
6687 6584
6688 6585
6689 6586
6690 6587
6691 6588
6692 6589
6693 6590
6694 6591
6695 6592
6696 6593
6697 6594
6698 6595
6699 6596
6700 6597
6701 6598
6702 6599
6703 6600
6704 6601
6705 6602
6706 6603
6707 6604
6708 6605
6709 6606
6710 6607
6711 6608
6712 6609
6713 6610
6714 6611
6715 6612
6716 6613
6717 6614
6718 6615
6719 6616
6720 6617
6721 6618
6722 6619
6723 6620
6724 6621
6725 6622
6726 6623
6727 6624
6728 6625
6729 6626
6730 6627
6731 6628
6732 6629
6733 6630
6734 6631
6735 6632
6736 6633
6737 7356
6738 7355
6739 6634
6740 6635
6741 6636
6742 6637
6743 6638
6744 6639
6745 6640
6746 6646
6747 6647
6748 6648
6749 6649
6750 6650
6751 6651
6752 6652
6753 6653
6754 6654
6755 6655
6756 6656
6757 6657
6758 6658
6759 6659
6760 6660
6761 6661
6762 6662
6763 6663
6764 6664
6765 6665
6766 6666
6767 6667
6768 6668
6769 6669
6770 6670
6771 6671
6772 6672
6773 6673
6774 6674
6775 6675
6776 6676
6777 6677
6778 6678
6779 6679
6780 6680
6781 6681
6782 6682
6783 6683
6784 6684
6785 6685
6786 6686
6787 6688
6788 8416
6789 8415
6790 8414
6791 6690
6792 6691
6793 6692
6794 6693
6795 6694
6796 6695
6797 6696
6798 6697
6799 6698
6800 6699
6801 6700
6802 6701
6803 6702
6804 6703
6805 6704
6806 6705
6807 6706
6808 6707
6809 6708
6810 6709
6811 6710
6812 6711
6813 6712
6814 6713
6815 6714
6816 6715
6817 6716
6818 6717
6819 6718
6820 6719
6821 6720
6822 6721
6823 6722
6824 6724
6825 6725
6826 6726
6827 6727
6828 6729
6829 6730
6830 6731
6831 6732
6832 6733
6833 7023
6834 6884
6835 6734
6836 6735
6837 6736
6838 6737
6839 6738
6840 6739
6841 6740
6842 6741
6843 6742
6844 6743
6845 6744
6846 6745
6847 6747
6848 6748
6849 6749
6850 6750
6851 6751
6852 6752
6853 6753
6854 6754
6855 6755
6856 6756
6857 6757
6858 6759
6859 6758
6860 6760
6861 6761
6862 6762
6863 6763
6864 6764
6865 6765
6866 6766
6867 6768
6868 6770
6869 6772
6870 6773
6871 6774
6872 6775
6873 6776
6874 6777
6875 6778
6876 6779
6877 6780
6878 6781
6879 6782
6880 6783
6881 6784
6882 6785
6883 6786
6884 6787
6885 6788
6886 6789
6887 6790
6888 6791
6889 6793
6890 6792
6891 6794
6892 6795
6893 6796
6894 6797
6895 6798
6896 6800
6897 6799
6898 6801
6899 6802
6900 6803
6901 6804
6902 6805
6903 6806
6904 6807
6905 6808
6906 6809
6907 6810
6908 6811
6909 6812
6910 6813
6911 6814
6912 6815
6913 6816
6914 6817
6915 6818
6916 6819
6917 6820
6918 6821
6919 6822
6920 6823
6921 6824
6922 6825
6923 6826
6924 6827
6925 6828
6926 6829
6927 6830
6928 6831
6929 6832
6930 6833
6931 6834
6932 6835
6933 6836
6934 6837
6935 6838
6936 6839
6937 6840
6938 6841
6939 6842
6940 6843
6941 6844
6942 6845
6943 6846
6944 6847
6945 6848
6946 6849
6947 6850
6948 6851
6949 6852
6950 6853
6951 6854
6952 6855
6953 6856
6954 6857
6955 6858
6956 6859
6957 6860
6958 6861
6959 6862
6960 6863
6961 6864
6962 6865
6963 6866
6964 6867
6965 6868
6966 6869
6967 6870
6968 6871
6969 6872
6970 6873
6971 6876
6972 6877
6973 6878
6974 6879
6975 6880
6976 6881
6977 6882
6978 6883
6979 6885
6980 6886
6981 6887
6982 6888
6983 6889
6984 6890
6985 6891
6986 6892
6987 6893
6988 6894
6989 6895
6990 6896
6991 6897
6992 6898
6993 6899
6994 6900
6995 6901
6996 6902
6997 6904
6998 6905
6999 6906
7000 6907
7001 6908
7002 6909
7003 6910
7004 6911
7005 6912
7006 6913
7007 6914
7008 6915
7009 6916
7010 6917
7011 6918
7012 6919
7013 6920
7014 6921
7015 6922
7016 6923
7017 6924
7018 6925
7019 6926
7020 6927
7021 6928
7022 6929
7023 6930
7024 6931
7025 6932
7026 6933
7027 6934
7028 6936
7029 6941
7030 6942
7031 6943
7032 6944
7033 6945
7034 6946
7035 6947
7036 6948
7037 6949
7038 6950
7039 6951
7040 6952
7041 6953
7042 6954
7043 6955
7044 6956
7045 6957
7046 6958
7047 6959
7048 6960
7049 6961
7050 6962
7051 6963
7052 6964
7053 6965
7054 6966
7055 6967
7056 6968
7057 6969
7058 6970
7059 6971
7060 6974
7061 6975
7062 6976
7063 6977
7064 6978
7065 6979
7066 6980
7067 6981
7068 6982
7069 6983
7070 6984
7071 6985
7072 6986
7073 6987
7074 6988
7075 6989
7076 6990
7077 6991
7078 6992
7079 6993
7080 6994
7081 6995
7082 6996
7083 6997
7084 6998
7085 6999
7086 7000
7087 7001
7088 7002
7089 7003
7090 7004
7091 7005
7092 7006
7093 7007
7094 7008
7095 7009
7096 7010
7097 7011
7098 7012
7099 7013
7100 7014
7101 7015
7102 7016
7103 7017
7104 7018
7105 7019
7106 7020
7107 7021
7108 7022
7109 7024
7110 7025
7111 7026
7112 7027
7113 7028
7114 7029
7115 7030
7116 7031
7117 7033
7118 7032
7119 7035
7120 7036
7121 7037
7122 7038
7123 7039
7124 7040
7125 7041
7126 7042
7127 7043
7128 7044
7129 7045
7130 7046
7131 7047
7132 7048
7133 7050
7134 7051
7135 7052
7136 7053
7137 7054
7138 7055
7139 7056
7140 7057
7141 7058
7142 7059
7143 7060
7144 7061
7145 7063
7146 7064
7147 7065
7148 7066
7149 7067
7150 7068
7151 7069
7152 7070
7153 7071
7154 7073
7155 7074
7156 7075
7157 7076
7158 7077
7159 7078
7160 7079
7161 7080
7162 7081
7163 7083
7164 7085
7165 7084
7166 7086
7167 7087
7168 7088
7169 7089
7170 7090
7171 7091
7172 7092
7173 7093
7174 7094
7175 7095
7176 7096
7177 7097
7178 7098
7179 7100
7180 7101
7181 7102
7182 7103
7183 7104
7184 7106
7185 7107
7186 7108
7187 7109
7188 7110
7189 7111
7190 7112
7191 7113
7192 7114
7193 7115
7194 7116
7195 7117
7196 7119
7197 7120
7198 7121
7199 7125
7200 7124
7201 7126
7202 7127
7203 7128
7204 7129
7205 7130
7206 7131
7207 7132
7208 7133
7209 7134
7210 7135
7211 7136
7212 7137
7213 7138
7214 7139
7215 7140
7216 7141
7217 7142
7218 7143
7219 7144
7220 7145
7221 7146
7222 7147
7223 7148
7224 7149
7225 7150
7226 7151
7227 7152
7228 7153
7229 7154
7230 7155
7231 7156
7232 7157
7233 7158
7234 7159
7235 7160
7236 7161
7237 7162
7238 7163
7239 7164
7240 7165
7241 7166
7242 7167
7243 7168
7244 7169
7245 7170
7246 7171
7247 7172
7248 7173
7249 7174
7250 7175
7251 7176
7252 7177
7253 7179
7254 7180
7255 7182
7256 7183
7257 7184
7258 7185
7259 7186
7260 7187
7261 7188
7262 7189
7263 7190
7264 7191
7265 7192
7266 7193
7267 7194
7268 7195
7269 7196
7270 7197
7271 7198
7272 7199
7273 7200
7274 7201
7275 7202
7276 7203
7277 7204
7278 7205
7279 7206
7280 7207
7281 7208
7282 7209
7283 7210
7284 7211
7285 7212
7286 7213
7287 7214
7288 7216
7289 7217
7290 7218
7291 7219
7292 7220
7293 7221
7294 7222
7295 7223
7296 7224
7297 7225
7298 7226
7299 7227
7300 7228
7301 7229
7302 7230
7303 7231
7304 7232
7305 7233
7306 7234
7307 7236
7308 7235
7309 7237
7310 7238
7311 7239
7312 7240
7313 7246
7314 7244
7315 7243
7316 7242
7317 7241
7318 7247
7319 7248
7320 7249
7321 7250
7322 7251
7323 7252
7324 7254
7325 7255
7326 7256
7327 7257
7328 7258
7329 7259
7330 7260
7331 7261
7332 7262
7333 7263
7334 7264
7335 7265
7336 7266
7337 7267
7338 7268
7339 7269
7340 7270
7341 7271
7342 7272
7343 7273
7344 7274
7345 7275
7346 7276
7347 7277
7348 7280
7349 7279
7350 7278
7351 7282
7352 7284
7353 7285
7354 7286
7355 7291
7356 7292
7357 7293
7358 7294
7359 7295
7360 7296
7361 7297
7362 7298
7363 7299
7364 7300
7365 7301
7366 7302
7367 7303
7368 7304
7369 7305
7370 7306
7371 7307
7372 7308
7373 7309
7374 7310
7375 7311
7376 7312
7377 7313
7378 7314
7379 7318
7380 7319
7381 7320
7382 7321
7383 7322
7384 7323
7385 7324
7386 7325
7387 7327
7388 7326
7389 7328
7390 7329
7391 7330
7392 7331
7393 7332
7394 7333
7395 7334
7396 7335
7397 7336
7398 7337
7399 7338
7400 7339
7401 7340
7402 7341
7403 7342
7404 7343
7405 7344
7406 7345
7407 7346
7408 7347
7409 7348
7410 7349
7411 7351
7412 7352
7413 7353
7414 7354
7415 7357
7416 7358
7417 7359
7418 7360
7419 7361
7420 7362
7421 7363
7422 7364
7423 7365
7424 7366
7425 7367
7426 7368
7427 7369
7428 7370
7429 7371
7430 7372
7431 7657
7432 7857
7433 7377
7434 7378
7435 7379
7436 7380
7437 7381
7438 7382
7439 7383
7440 7384
7441 7385
7442 7386
7443 7387
7444 7388
7445 7389
7446 7390
7447 7391
7448 7392
7449 7393
7450 7394
7451 7395
7452 7396
7453 7397
7454 7398
7455 7399
7456 7400
7457 7401
7458 7402
7459 7403
7460 7404
7461 7405
7462 7406
7463 7407
7464 7409
7465 7410
7466 7411
7467 7412
7468 7413
7469 7414
7470 7415
7471 7416
7472 7417
7473 7418
7474 7419
7475 7420
7476 7421
7477 7422
7478 7423
7479 7424
7480 7425
7481 7426
7482 7427
7483 7428
7484 7429
7485 7430
7486 7431
7487 7432
7488 7433
7489 7435
7490 7434
7491 7436
7492 7437
7493 7438
7494 7439
7495 7440
7496 7441
7497 7442
7498 7443
7499 7444
7500 7445
7501 7446
7502 7448
7503 7449
7504 7450
7505 7451
7506 7452
7507 7453
7508 7454
7509 7455
7510 7456
7511 7457
7512 7458
7513 7459
7514 7460
7515 7461
7516 7462
7517 7463
7518 7464
7519 7465
7520 7466
7521 7467
7522 7468
7523 7469
7524 7470
7525 7471
7526 7472
7527 7473
7528 7474
7529 7475
7530 7476
7531 7477
7532 7478
7533 7479
7534 7480
7535 7481
7536 7482
7537 7483
7538 7485
7539 7486
7540 7487
7541 7488
7542 7489
7543 7490
7544 7491
7545 7492
7546 7493
7547 7494
7548 7495
7549 7496
7550 7497
7551 7498
7552 7499
7553 7500
7554 7501
7555 7502
7556 7503
7557 7504
7558 7505
7559 7506
7560 7507
7561 7508
7562 7509
7563 7510
7564 7511
7565 7512
7566 7513
7567 7514
7568 7515
7569 7516
7570 7517
7571 7518
7572 7519
7573 7520
7574 7521
7575 7522
7576 7523
7577 7525
7578 7526
7579 7527
7580 7528
7581 7529
7582 7530
7583 7531
7584 7532
7585 7533
7586 7534
7587 7535
7588 7536
7589 7537
7590 7538
7591 7539
7592 7540
7593 7541
7594 7542
7595 7543
7596 7544
7597 7545
7598 7546
7599 7547
7600 7548
7601 7549
7602 7550
7603 7551
7604 7552
7605 7553
7606 7554
7607 7555
7608 7556
7609 7557
7610 7558
7611 7563
7612 7562
7613 7561
7614 7560
7615 7559
7616 7564
7617 7565
7618 7566
7619 7567
7620 7568
7621 7569
7622 7570
7623 7571
7624 7572
7625 7573
7626 7574
7627 7575
7628 7576
7629 7577
7630 7578
7631 7579
7632 7582
7633 7583
7634 7584
7635 7586
7636 7587
7637 7588
7638 7589
7639 7590
7640 7591
7641 7592
7642 7593
7643 7594
7644 7595
7645 7596
7646 7597
7647 7598
7648 7599
7649 7600
7650 7601
7651 7602
7652 7604
7653 7605
7654 7606
7655 7607
7656 7608
7657 7609
7658 7610
7659 7611
7660 7612
7661 7613
7662 7614
7663 7615
7664 7616
7665 7617
7666 7618
7667 7619
7668 7620
7669 7621
7670 7622
7671 7623
7672 7624
7673 7626
7674 7627
7675 7628
7676 7629
7677 7630
7678 7631
7679 7632
7680 7633
7681 7634
7682 8839
7683 7635
7684 7636
7685 7637
7686 7638
7687 7639
7688 7640
7689 7641
7690 7642
7691 7643
7692 7644
7693 7645
7694 7646
7695 7647
7696 7648
7697 7649
7698 7651
7699 7650
7700 7652
7701 7653
7702 7655
7703 7654
7704 7656
7705 7658
7706 7659
7707 7660
7708 7661
7709 7662
7710 7663
7711 7664
7712 7665
7713 7666
7714 7667
7715 7668
7716 7669
7717 7670
7718 7672
7719 7671
7720 7673
7721 7674
7722 7675
7723 7676
7724 7677
7725 7678
7726 7679
7727 7680
7728 7681
7729 7682
7730 7683
7731 7684
7732 7685
7733 7686
7734 7687
7735 7688
7736 7689
7737 7690
7738 7691
7739 7692
7740 7693
7741 7694
7742 7695
7743 7696
7744 7697
7745 7699
7746 7698
7747 7700
7748 7701
7749 7702
7750 7703
7751 7704
7752 7705
7753 7706
7754 7707
7755 7708
7756 7709
7757 7710
7758 7711
7759 7712
7760 7713
7761 7714
7762 7715
7763 7716
7764 7717
7765 7718
7766 7719
7767 7720
7768 7721
7769 7722
7770 7723
7771 7724
7772 7725
7773 7726
7774 7727
7775 7728
7776 7729
7777 7730
7778 7731
7779 7732
7780 7733
7781 7734
7782 7735
7783 7736
7784 7737
7785 7738
7786 7739
7787 7740
7788 7741
7789 7742
7790 7743
7791 7745
7792 7744
7793 7746
7794 7747
7795 7748
7796 7749
7797 7750
7798 7751
7799 7752
7800 7753
7801 7754
7802 7755
7803 7756
7804 7757
7805 7758
7806 7759
7807 7760
7808 7761
7809 7762
7810 7763
7811 7764
7812 7765
7813 7766
7814 7767
7815 7768
7816 7769
7817 7770
7818 7771
7819 7772
7820 7773
7821 7774
7822 7775
7823 7776
7824 7777
7825 7778
7826 7779
7827 7780
7828 7781
7829 7782
7830 7783
7831 7784
7832 7785
7833 7786
7834 7787
7835 7788
7836 7789
7837 7790
7838 7791
7839 7792
7840 7793
7841 7794
7842 7795
7843 7796
7844 7797
7845 7798
7846 7799
7847 7800
7848 7801
7849 7802
7850 7803
7851 7804
7852 7805
7853 7806
7854 7807
7855 7808
7856 7809
7857 7810
7858 7811
7859 7812
7860 7813
7861 7814
7862 7815
7863 7816
7864 7817
7865 7818
7866 7819
7867 7820
7868 7821
7869 7822
7870 7823
7871 7824
7872 7825
7873 7826
7874 7827
7875 7828
7876 7829
7877 7830
7878 7831
7879 7832
7880 7833
7881 7834
7882 7835
7883 7836
7884 7837
7885 7838
7886 7839
7887 7840
7888 7841
7889 7842
7890 7843
7891 7844
7892 7845
7893 7846
7894 7847
7895 7848
7896 7849
7897 7850
7898 7851
7899 7852
7900 7853
7901 7854
7902 7855
7903 7856
7904 7858
7905 7859
7906 7860
7907 7861
7908 7862
7909 7863
7910 7864
7911 7865
7912 7866
7913 7867
7914 7869
7915 7870
7916 7871
7917 7872
7918 7873
7919 7874
7920 7875
7921 7876
7922 7877
7923 7878
7924 7879
7925 7880
7926 7881
7927 7882
7928 7883
7929 7884
7930 7885
7931 7886
7932 7887
7933 7888
7934 7889
7935 7890
7936 7891
7937 7892
7938 7893
7939 7894
7940 7895
7941 7896
7942 7897
7943 7898
7944 7902
7945 7903
7946 7904
7947 7905
7948 7906
7949 7907
7950 7908
7951 7909
7952 7910
7953 7911
7954 7912
7955 7913
7956 7914
7957 7915
7958 7916
7959 7917
7960 7918
7961 7919
7962 7920
7963 7921
7964 7922
7965 7923
7966 7924
7967 7925
7968 7926
7969 7927
7970 7928
7971 7929
7972 7930
7973 7931
7974 7932
7975 7933
7976 7934
7977 7935
7978 7936
7979 7937
7980 7939
7981 7938
7982 7940
7983 7941
7984 7942
7985 7943
7986 7944
7987 7945
7988 7946
7989 7947
7990 7948
7991 7950
7992 7949
7993 7951
7994 7952
7995 7953
7996 7954
7997 7955
7998 7956
7999 7957
8000 7958
8001 7959
8002 7960
8003 7961
8004 7962
8005 7963
8006 7964
8007 7965
8008 7966
8009 7967
8010 7968
8011 7969
8012 7970
8013 7971
8014 7972
8015 7973
8016 7974
8017 7975
8018 7976
8019 7977
8020 7978
8021 7979
8022 7980
8023 7981
8024 7982
8025 7983
8026 7984
8027 7985
8028 7986
8029 7987
8030 7988
8031 7989
8032 7990
8033 7991
8034 7992
8035 7993
8036 7994
8037 7995
8038 7996
8039 7997
8040 7998
8041 7999
8042 8000
8043 8001
8044 8002
8045 8003
8046 8004
8047 8005
8048 8006
8049 8007
8050 8008
8051 8010
8052 8011
8053 8012
8054 8013
8055 8014
8056 8016
8057 8017
8058 8018
8059 8019
8060 8020
8061 8021
8062 8022
8063 8023
8064 8024
8065 8025
8066 8026
8067 8027
8068 8028
8069 8029
8070 8030
8071 8031
8072 8032
8073 8033
8074 8034
8075 8035
8076 8036
8077 8037
8078 8038
8079 8039
8080 8040
8081 8041
8082 8042
8083 8043
8084 8044
8085 8045
8086 8046
8087 8047
8088 8048
8089 8049
8090 8050
8091 8051
8092 8052
8093 8053
8094 8054
8095 8055
8096 8056
8097 8057
8098 8058
8099 8059
8100 8060
8101 8061
8102 8062
8103 8063
8104 8064
8105 8065
8106 8066
8107 8067
8108 8068
8109 8069
8110 8070
8111 8071
8112 8072
8113 8073
8114 8074
8115 8075
8116 8076
8117 8077
8118 8078
8119 8079
8120 8080
8121 8081
8122 8082
8123 8083
8124 8084
8125 8085
8126 8086
8127 8087
8128 8088
8129 8089
8130 8090
8131 8091
8132 8092
8133 8093
8134 8094
8135 8095
8136 8096
8137 8097
8138 8098
8139 8099
8140 8101
8141 8104
8142 8103
8143 8102
8144 8100
8145 8105
8146 8106
8147 8107
8148 8108
8149 8109
8150 8110
8151 8111
8152 8112
8153 8113
8154 8114
8155 8115
8156 8116
8157 8117
8158 8119
8159 8120
8160 8121
8161 8122
8162 8123
8163 8124
8164 8125
8165 8126
8166 8128
8167 8127
8168 8129
8169 8130
8170 8131
8171 8132
8172 8133
8173 8134
8174 8135
8175 8136
8176 8137
8177 8138
8178 8139
8179 8142
8180 8143
8181 8144
8182 8145
8183 8146
8184 8147
8185 8148
8186 8149
8187 8150
8188 8151
8189 8152
8190 8153
8191 8155
8192 8156
8193 8157
8194 8158
8195 8159
8196 8160
8197 8161
8198 8162
8199 8163
8200 8164
8201 8165
8202 8166
8203 8167
8204 8168
8205 8169
8206 8170
8207 8171
8208 8172
8209 8173
8210 8174
8211 8175
8212 8176
8213 8177
8214 8178
8215 8179
8216 8180
8217 8181
8218 8182
8219 8183
8220 8184
8221 8185
8222 8186
8223 8187
8224 8188
8225 8189
8226 8190
8227 8191
8228 8192
8229 8193
8230 8194
8231 8195
8232 8196
8233 8197
8234 8198
8235 8199
8236 8200
8237 8201
8238 8202
8239 8203
8240 8204
8241 8205
8242 8206
8243 8207
8244 8208
8245 8209
8246 8210
8247 8211
8248 8212
8249 8213
8250 8214
8251 8215
8252 8216
8253 8217
8254 8218
8255 8219
8256 8220
8257 8221
8258 8222
8259 8223
8260 8224
8261 8225
8262 8226
8263 8227
8264 8228
8265 8229
8266 8230
8267 8231
8268 8232
8269 8233
8270 8234
8271 8235
8272 8236
8273 8237
8274 8238
8275 8239
8276 8240
8277 8241
8278 8242
8279 8243
8280 8245
8281 8257
8282 8256
8283 8255
8284 8254
8285 8253
8286 8252
8287 8251
8288 8250
8289 8249
8290 8248
8291 8247
8292 8246
8293 8244
8294 8258
8295 8259
8296 8260
8297 8261
8298 8262
8299 8263
8300 8264
8301 8265
8302 8266
8303 8267
8304 8268
8305 8269
8306 8270
8307 8271
8308 8272
8309 8273
8310 8274
8311 8275
8312 8276
8313 8277
8314 8278
8315 8279
8316 8280
8317 8281
8318 8282
8319 8283
8320 8284
8321 8285
8322 8286
8323 8287
8324 8288
8325 8289
8326 8290
8327 8291
8328 8292
8329 8293
8330 8294
8331 8295
8332 8296
8333 8297
8334 8298
8335 8300
8336 8301
8337 8302
8338 8303
8339 8304
8340 8305
8341 8306
8342 8307
8343 8308
8344 8309
8345 9084
8346 9083
8347 8310
8348 8311
8349 8312
8350 8313
8351 8314
8352 8315
8353 8316
8354 8317
8355 8318
8356 8319
8357 8320
8358 8321
8359 8322
8360 8323
8361 8324
8362 8325
8363 8326
8364 8327
8365 8328
8366 8329
8367 8330
8368 8331
8369 8332
8370 8333
8371 8334
8372 8335
8373 8336
8374 8337
8375 8338
8376 8339
8377 8340
8378 8341
8379 8342
8380 8343
8381 8344
8382 8345
8383 8346
8384 8347
8385 8348
8386 8349
8387 8350
8388 8351
8389 8352
8390 8353
8391 8354
8392 8355
8393 8356
8394 8357
8395 8358
8396 8359
8397 8360
8398 8361
8399 8362
8400 8363
8401 8364
8402 8365
8403 8366
8404 8367
8405 8368
8406 8369
8407 8370
8408 8371
8409 8372
8410 8374
8411 8373
8412 8375
8413 8376
8414 8377
8415 8378
8416 8379
8417 8380
8418 8381
8419 8382
8420 8383
8421 8384
8422 8387
8423 8388
8424 8386
8425 8389
8426 8390
8427 8391
8428 8392
8429 8393
8430 8394
8431 8395
8432 8396
8433 8397
8434 8398
8435 8399
8436 8400
8437 8401
8438 8402
8439 8403
8440 8404
8441 8405
8442 8406
8443 8407
8444 8408
8445 8409
8446 8410
8447 8411
8448 8412
8449 8413
8450 8417
8451 8418
8452 8419
8453 8420
8454 8421
8455 8422
8456 8423
8457 8424
8458 8425
8459 8426
8460 8427
8461 8428
8462 8429
8463 8430
8464 8431
8465 8432
8466 8433
8467 8434
8468 8435
8469 8436
8470 8437
8471 8438
8472 8439
8473 8440
8474 8441
8475 8442
8476 8443
8477 8444
8478 8445
8479 8446
8480 8447
8481 8448
8482 8449
8483 8450
8484 8451
8485 8452
8486 8453
8487 8454
8488 8455
8489 8456
8490 8457
8491 8458
8492 8459
8493 8460
8494 8461
8495 8462
8496 8463
8497 8464
8498 8465
8499 8466
8500 8467
8501 8468
8502 8469
8503 8470
8504 8471
8505 8472
8506 8473
8507 8474
8508 8475
8509 8476
8510 8477
8511 8478
8512 8479
8513 8480
8514 8481
8515 8482
8516 8483
8517 8484
8518 8485
8519 8486
8520 8487
8521 8488
8522 8489
8523 8490
8524 8491
8525 8492
8526 8493
8527 8494
8528 8495
8529 8496
8530 8497
8531 8498
8532 8499
8533 8500
8534 8501
8535 8502
8536 8503
8537 8504
8538 8505
8539 8506
8540 8507
8541 8508
8542 8509
8543 8510
8544 8511
8545 8512
8546 8513
8547 8514
8548 8515
8549 8516
8550 8517
8551 8518
8552 8519
8553 8520
8554 8521
8555 8522
8556 8523
8557 8524
8558 8525
8559 8526
8560 8527
8561 8528
8562 8529
8563 8530
8564 8531
8565 8532
8566 8533
8567 8534
8568 8536
8569 8535
8570 8537
8571 8538
8572 8539
8573 8540
8574 8541
8575 8542
8576 8543
8577 8544
8578 8545
8579 8546
8580 8547
8581 8548
8582 8550
8583 8551
8584 8552
8585 8553
8586 8554
8587 8555
8588 8556
8589 8557
8590 8558
8591 8559
8592 8560
8593 8561
8594 8562
8595 8563
8596 8564
8597 8565
8598 8566
8599 8567
8600 8568
8601 8569
8602 8570
8603 8571
8604 8572
8605 8573
8606 8574
8607 8575
8608 8576
8609 8577
8610 8578
8611 8579
8612 8580
8613 8581
8614 8582
8615 8583
8616 8584
8617 8586
8618 8585
8619 8587
8620 8588
8621 8589
8622 8590
8623 8591
8624 8592
8625 8593
8626 8594
8627 8595
8628 8596
8629 8597
8630 8598
8631 8599
8632 8600
8633 8601
8634 8602
8635 8603
8636 8604
8637 8605
8638 8606
8639 8607
8640 8608
8641 8609
8642 8610
8643 8611
8644 8612
8645 8613
8646 8614
8647 8615
8648 8616
8649 8618
8650 8617
8651 8619
8652 8620
8653 8621
8654 8622
8655 8623
8656 8624
8657 8625
8658 8626
8659 8627
8660 8628
8661 8629
8662 8630
8663 8631
8664 8632
8665 8633
8666 8634
8667 8635
8668 8636
8669 8637
8670 8638
8671 8639
8672 8640
8673 8641
8674 8642
8675 8643
8676 8644
8677 8645
8678 8646
8679 8647
8680 8648
8681 8649
8682 8650
8683 8652
8684 8653
8685 8655
8686 8656
8687 8657
8688 8658
8689 8659
8690 8660
8691 8661
8692 8662
8693 8663
8694 8664
8695 8665
8696 8666
8697 8667
8698 8668
8699 8669
8700 8670
8701 8671
8702 8672
8703 8673
8704 8674
8705 8675
8706 8676
8707 8677
8708 8678
8709 8679
8710 8680
8711 8681
8712 8682
8713 8683
8714 8684
8715 8685
8716 8686
8717 8687
8718 8688
8719 8689
8720 8690
8721 8691
8722 8692
8723 8693
8724 8694
8725 8695
8726 8696
8727 8697
8728 8698
8729 8699
8730 8700
8731 8702
8732 8701
8733 8703
8734 8704
8735 8705
8736 8706
8737 8707
8738 8708
8739 8709
8740 8710
8741 8711
8742 8712
8743 8713
8744 8714
8745 8715
8746 8716
8747 8717
8748 8718
8749 8719
8750 8720
8751 8721
8752 8722
8753 8723
8754 8724
8755 8725
8756 8726
8757 8727
8758 8728
8759 8729
8760 8730
8761 8731
8762 8733
8763 8734
8764 8735
8765 8736
8766 8737
8767 8738
8768 8740
8769 8739
8770 8741
8771 8742
8772 8743
8773 8744
8774 8745
8775 8753
8776 8754
8777 8755
8778 8758
8779 8759
8780 8760
8781 8761
8782 8763
8783 8764
8784 8765
8785 8766
8786 8767
8787 8768
8788 8769
8789 8770
8790 8771
8791 8772
8792 8773
8793 8774
8794 8776
8795 8775
8796 8777
8797 8778
8798 8779
8799 8780
8800 8781
8801 8783
8802 8784
8803 8785
8804 8786
8805 8787
8806 8788
8807 8789
8808 8790
8809 8791
8810 8792
8811 8793
8812 8794
8813 8795
8814 8796
8815 8797
8816 8798
8817 8799
8818 8800
8819 8801
8820 8802
8821 8803
8822 8806
8823 8807
8824 8808
8825 8809
8826 8810
8827 8811
8828 8812
8829 8813
8830 8815
8831 8814
8832 8816
8833 8817
8834 8818
8835 8819
8836 8820
8837 8821
8838 8822
8839 8823
8840 8824
8841 8825
8842 8826
8843 8828
8844 8829
8845 8830
8846 8831
8847 8832
8848 8833
8849 8834
8850 8835
8851 8836
8852 8837
8853 8838
8854 8840
8855 8841
8856 8842
8857 8843
8858 8844
8859 8845
8860 8846
8861 8847
8862 8848
8863 8849
8864 8850
8865 8851
8866 8852
8867 8853
8868 8854
8869 8855
8870 8856
8871 8857
8872 8858
8873 8859
8874 8860
8875 8861
8876 8862
8877 8863
8878 8864
8879 8865
8880 8866
8881 8867
8882 8868
8883 8869
8884 8870
8885 8871
8886 8872
8887 8873
8888 8874
8889 8875
8890 8876
8891 8877
8892 8878
8893 8879
8894 8880
8895 8881
8896 8882
8897 8883
8898 8884
8899 8885
8900 8886
8901 8887
8902 8888
8903 8889
8904 8890
8905 8891
8906 8892
8907 8893
8908 8894
8909 8895
8910 8897
8911 8896
8912 8898
8913 8899
8914 8900
8915 8901
8916 8902
8917 8903
8918 8904
8919 8905
8920 8906
8921 8907
8922 8908
8923 8909
8924 8910
8925 8911
8926 8912
8927 8913
8928 8914
8929 8915
8930 8916
8931 8917
8932 8918
8933 8919
8934 8920
8935 8921
8936 8922
8937 8923
8938 8924
8939 8925
8940 8926
8941 8927
8942 8928
8943 8929
8944 8930
8945 8931
8946 8932
8947 8933
8948 8935
8949 8934
8950 8936
8951 8937
8952 8938
8953 8939
8954 8940
8955 8941
8956 8942
8957 8943
8958 8944
8959 8945
8960 8946
8961 8947
8962 8948
8963 8949
8964 8951
8965 8952
8966 8953
8967 8954
8968 8955
8969 8956
8970 8957
8971 8958
8972 8959
8973 8960
8974 8961
8975 8962
8976 8963
8977 8964
8978 8965
8979 8966
8980 8967
8981 8968
8982 8969
8983 8970
8984 8971
8985 8972
8986 8973
8987 8974
8988 8975
8989 8976
8990 8977
8991 8978
8992 8979
8993 8980
8994 8981
8995 8982
8996 8983
8997 8984
8998 8985
8999 8986
9000 8987
9001 8988
9002 8989
9003 8990
9004 8995
9005 8993
9006 8992
9007 8991
9008 8996
9009 8997
9010 8998
9011 8999
9012 9000
9013 9001
9014 9002
9015 9003
9016 9005
9017 9007
9018 9004
9019 9008
9020 9009
9021 9010
9022 9011
9023 9012
9024 9013
9025 9014
9026 9015
9027 9016
9028 9017
9029 9018
9030 9019
9031 9020
9032 9021
9033 9022
9034 9023
9035 9024
9036 9025
9037 9026
9038 9027
9039 9028
9040 9029
9041 9030
9042 9031
9043 9033
9044 9032
9045 9034
9046 9035
9047 9036
9048 9037
9049 9038
9050 9039
9051 9040
9052 9041
9053 9042
9054 9043
9055 9044
9056 9045
9057 9046
9058 9047
9059 9048
9060 9050
9061 9051
9062 9052
9063 9053
9064 9054
9065 9055
9066 9056
9067 9057
9068 9058
9069 9059
9070 9060
9071 9061
9072 9062
9073 9063
9074 9064
9075 9065
9076 9066
9077 9067
9078 9069
9079 9070
9080 9071
9081 9072
9082 9073
9083 9074
9084 9075
9085 9077
9086 9076
9087 9078
9088 9079
9089 9080
9090 9081
9091 9082
9092 9085
9093 9086
9094 9087
9095 9088
9096 9089
9097 9090
9098 9091
9099 9092
9100 9100
9101 9101
9102 9102
9103 9103
9104 9104
9105 9105
9106 9106
9107 9107
9108 9125
9109 9124
9110 9108
9111 9109
9112 9110
9113 9111
9114 9112
9115 9113
9116 9114
9117 9115
9118 9117
9119 9116
9120 9118
9121 9119
9122 9120
9123 9121
9124 9122
9125 9123
9126 9126
9127 9127
9128 9128
9129 9129
9130 9130
