0 0
1 1
2 2493
3 363
4 356
5 220
6 2
7 3
8 3294
9 3213
10 2785
11 2440
12 1998
13 822
14 4
15 6
16 5
17 7
18 9
19 8
20 1516
21 153
22 3072
23 3071
24 2324
25 1979
26 574
27 310
28 136
29 115
30 10
31 11
32 12
33 13
34 3489
35 739
36 715
37 701
38 14
39 15
40 16
41 350
42 336
43 17
44 18
45 19
46 20
47 21
48 22
49 23
50 24
51 4765
52 25
53 26
54 27
55 28
56 29
57 30
58 31
59 32
60 33
61 34
62 35
63 36
64 37
65 38
66 39
67 40
68 41
69 42
70 43
71 44
72 45
73 46
74 47
75 48
76 49
77 57
78 56
79 55
80 54
81 53
82 52
83 51
84 50
85 1509
86 58
87 59
88 60
89 61
90 62
91 63
92 64
93 65
94 66
95 67
96 68
97 69
98 71
99 70
100 3192
101 3141
102 2124
103 1243
104 1144
105 252
106 200
107 83
108 72
109 73
110 74
111 75
112 76
113 77
114 78
115 79
116 227
117 226
118 218
119 80
120 81
121 82
122 5117
123 5084
124 4826
125 3661
126 3660
127 3659
128 3658
129 3657
130 3656
131 3655
132 3654
133 3653
134 3652
135 3651
136 3650
137 3649
138 3648
139 3647
140 3646
141 3570
142 3397
143 3162
144 3056
145 2926
146 2894
147 2856
148 2727
149 2657
150 2638
151 2559
152 2550
153 2315
154 2108
155 1621
156 1514
157 1221
158 1193
159 1175
160 1156
161 1149
162 763
163 759
164 721
165 569
166 503
167 499
168 409
169 349
170 344
171 328
172 266
173 84
174 85
175 86
176 88
177 87
178 89
179 90
180 91
181 92
182 365
183 93
184 94
185 95
186 96
187 97
188 98
189 99
190 100
191 101
192 102
193 103
194 104
195 105
196 106
197 107
198 108
199 109
200 110
201 111
202 112
203 113
204 114
205 4132
206 3604
207 3469
208 3367
209 2989
210 2393
211 2100
212 1671
213 1006
214 537
215 432
216 383
217 116
218 117
219 118
220 119
221 120
222 121
223 122
224 123
225 124
226 125
227 126
228 127
229 1009
230 128
231 129
232 130
233 131
234 132
235 133
236 135
237 134
238 137
239 138
240 139
241 140
242 141
243 142
244 143
245 144
246 145
247 146
248 147
249 148
250 149
251 150
252 151
253 184
254 152
255 4787
256 3391
257 2112
258 154
259 155
260 156
261 157
262 158
263 159
264 160
265 161
266 162
267 163
268 164
269 165
270 166
271 167
272 168
273 169
274 170
275 171
276 172
277 4636
278 3915
279 3771
280 3770
281 3769
282 3768
283 3364
284 2575
285 2467
286 1820
287 1791
288 909
289 523
290 522
291 521
292 520
293 330
294 173
295 174
296 175
297 176
298 177
299 178
300 180
301 179
302 757
303 568
304 325
305 181
306 182
307 183
308 185
309 187
310 186
311 188
312 189
313 190
314 191
315 192
316 195
317 194
318 193
319 4255
320 4254
321 4185
322 4884
323 1980
324 250
325 197
326 196
327 198
328 201
329 199
330 202
331 203
332 204
333 205
334 206
335 207
336 208
337 210
338 209
339 211
340 212
341 215
342 214
343 213
344 216
345 217
346 219
347 4456
348 244
349 221
350 222
351 223
352 224
353 225
354 228
355 229
356 230
357 231
358 233
359 232
360 630
361 234
362 235
363 237
364 236
365 3796
366 238
367 239
368 3395
369 240
370 241
371 242
372 243
373 245
374 246
375 247
376 248
377 249
378 251
379 639
380 253
381 254
382 255
383 256
384 257
385 258
386 259
387 260
388 261
389 262
390 263
391 265
392 264
393 267
394 268
395 269
396 270
397 271
398 272
399 273
400 274
401 275
402 277
403 276
404 278
405 279
406 4595
407 280
408 281
409 282
410 283
411 284
412 285
413 286
414 287
415 288
416 297
417 296
418 295
419 289
420 290
421 291
422 292
423 293
424 294
425 298
426 300
427 299
428 301
429 304
430 303
431 302
432 305
433 306
434 307
435 3668
436 3368
437 3265
438 3182
439 2427
440 1266
441 649
442 399
443 308
444 309
445 4422
446 311
447 312
448 313
449 314
450 315
451 316
452 317
453 321
454 320
455 319
456 318
457 322
458 323
459 324
460 326
461 327
462 4621
463 968
464 329
465 331
466 4346
467 4143
468 4142
469 4140
470 3705
471 3599
472 1028
473 333
474 5133
475 5131
476 332
477 4898
478 4701
479 334
480 335
481 5092
482 5089
483 5000
484 4325
485 3714
486 3458
487 2572
488 2571
489 776
490 337
491 338
492 339
493 340
494 341
495 342
496 343
497 345
498 3902
499 346
500 347
501 348
502 5073
503 1616
504 570
505 2729
506 351
507 352
508 353
509 354
510 355
511 5116
512 5115
513 5056
514 5055
515 5054
516 5053
517 5052
518 5051
519 5050
520 5049
521 4917
522 4345
523 4341
524 4214
525 4192
526 3363
527 3354
528 2848
529 2412
530 2280
531 2120
532 2111
533 2099
534 2096
535 1937
536 1305
537 1288
538 1089
539 736
540 633
541 545
542 498
543 441
544 357
545 358
546 359
547 360
548 361
549 362
550 3116
551 3079
552 3078
553 3077
554 1981
555 364
556 366
557 375
558 374
559 373
560 372
561 371
562 370
563 369
564 368
565 367
566 4097
567 4036
568 5124
569 1258
570 2194
571 1574
572 2523
573 376
574 377
575 378
576 379
577 380
578 381
579 382
580 384
581 385
582 386
583 387
584 388
585 389
586 390
587 391
588 392
589 393
590 394
591 396
592 395
593 397
594 398
595 400
596 401
597 402
598 403
599 404
600 405
601 406
602 407
603 408
604 4340
605 410
606 411
607 412
608 413
609 414
610 415
611 416
612 417
613 418
614 419
615 420
616 421
617 422
618 423
619 424
620 425
621 426
622 427
623 428
624 429
625 430
626 431
627 433
628 761
629 506
630 505
631 470
632 434
633 435
634 436
635 437
636 438
637 439
638 440
639 442
640 443
641 444
642 445
643 446
644 447
645 448
646 449
647 450
648 451
649 452
650 453
651 454
652 455
653 456
654 457
655 458
656 459
657 460
658 461
659 462
660 463
661 464
662 465
663 466
664 467
665 468
666 469
667 471
668 473
669 472
670 474
671 475
672 476
673 477
674 478
675 479
676 480
677 481
678 482
679 483
680 484
681 485
682 486
683 487
684 488
685 489
686 490
687 491
688 492
689 493
690 494
691 495
692 496
693 497
694 500
695 501
696 502
697 4991
698 4769
699 3298
700 3297
701 3296
702 3295
703 2125
704 504
705 507
706 509
707 526
708 525
709 524
710 519
711 518
712 517
713 516
714 515
715 514
716 513
717 512
718 511
719 510
720 508
721 3037
722 2892
723 527
724 528
725 529
726 530
727 531
728 532
729 533
730 534
731 535
732 536
733 4657
734 4656
735 538
736 539
737 540
738 541
739 542
740 543
741 544
742 546
743 547
744 548
745 549
746 550
747 551
748 552
749 553
750 554
751 555
752 556
753 557
754 558
755 559
756 560
757 561
758 562
759 563
760 564
761 565
762 566
763 567
764 571
765 4203
766 5037
767 1318
768 572
769 573
770 4915
771 4914
772 3990
773 2740
774 2134
775 575
776 576
777 577
778 578
779 579
780 580
781 581
782 582
783 583
784 584
785 585
786 586
787 587
788 588
789 589
790 590
791 591
792 592
793 593
794 594
795 595
796 596
797 597
798 598
799 599
800 600
801 601
802 602
803 603
804 604
805 605
806 606
807 607
808 608
809 609
810 610
811 611
812 612
813 613
814 614
815 615
816 619
817 618
818 617
819 616
820 620
821 621
822 622
823 623
824 624
825 625
826 626
827 627
828 628
829 629
830 634
831 632
832 631
833 4498
834 635
835 636
836 637
837 638
838 653
839 652
840 640
841 641
842 642
843 643
844 644
845 645
846 646
847 647
848 648
849 3413
850 650
851 651
852 654
853 655
854 656
855 657
856 658
857 659
858 660
859 661
860 662
861 663
862 664
863 665
864 666
865 667
866 668
867 669
868 670
869 671
870 672
871 673
872 674
873 675
874 676
875 677
876 678
877 679
878 680
879 681
880 682
881 683
882 684
883 685
884 686
885 687
886 688
887 689
888 690
889 691
890 692
891 693
892 694
893 695
894 696
895 697
896 698
897 699
898 700
899 4350
900 702
901 703
902 704
903 705
904 706
905 707
906 708
907 709
908 710
909 711
910 714
911 713
912 712
913 716
914 717
915 718
916 719
917 720
918 722
919 723
920 724
921 725
922 726
923 727
924 728
925 729
926 730
927 731
928 732
929 733
930 734
931 735
932 737
933 738
934 2703
935 740
936 741
937 742
938 743
939 744
940 745
941 746
942 747
943 748
944 749
945 750
946 751
947 762
948 760
949 758
950 756
951 755
952 754
953 753
954 752
955 857
956 5107
957 5106
958 5105
959 5104
960 5103
961 5102
962 5101
963 5100
964 5099
965 5098
966 5097
967 5096
968 5095
969 5094
970 5093
971 5091
972 5090
973 5072
974 5063
975 5001
976 4998
977 4955
978 4880
979 4868
980 4851
981 4735
982 3670
983 3510
984 3435
985 3398
986 3394
987 3390
988 3389
989 3388
990 3387
991 3386
992 3385
993 3384
994 3383
995 3382
996 3381
997 3380
998 3379
999 3375
1000 3371
1001 3365
1002 3362
1003 3360
1004 3243
1005 3199
1006 3198
1007 3183
1008 3172
1009 3161
1010 3160
1011 3091
1012 3070
1013 2769
1014 2681
1015 2566
1016 2501
1017 2453
1018 2414
1019 2413
1020 2411
1021 2348
1022 2295
1023 2129
1024 2128
1025 2115
1026 2114
1027 2113
1028 2109
1029 2107
1030 2106
1031 2101
1032 2097
1033 1982
1034 1804
1035 1732
1036 1619
1037 1617
1038 1543
1039 1519
1040 1377
1041 1247
1042 1161
1043 975
1044 764
1045 765
1046 766
1047 767
1048 768
1049 769
1050 770
1051 771
1052 772
1053 773
1054 774
1055 775
1056 777
1057 778
1058 779
1059 780
1060 781
1061 782
1062 783
1063 784
1064 785
1065 786
1066 787
1067 788
1068 789
1069 790
1070 791
1071 792
1072 793
1073 794
1074 795
1075 796
1076 797
1077 798
1078 799
1079 800
1080 801
1081 802
1082 803
1083 804
1084 805
1085 806
1086 807
1087 808
1088 809
1089 810
1090 811
1091 812
1092 813
1093 814
1094 815
1095 816
1096 817
1097 818
1098 819
1099 820
1100 821
1101 4897
1102 4896
1103 4895
1104 4702
1105 4700
1106 4699
1107 3374
1108 2610
1109 823
1110 824
1111 825
1112 826
1113 827
1114 828
1115 829
1116 830
1117 831
1118 832
1119 833
1120 834
1121 835
1122 836
1123 837
1124 838
1125 839
1126 840
1127 841
1128 842
1129 843
1130 844
1131 845
1132 846
1133 847
1134 848
1135 849
1136 850
1137 851
1138 852
1139 853
1140 854
1141 855
1142 856
1143 858
1144 859
1145 860
1146 861
1147 863
1148 862
1149 864
1150 865
1151 866
1152 867
1153 951
1154 950
1155 868
1156 869
1157 870
1158 871
1159 872
1160 873
1161 874
1162 875
1163 876
1164 877
1165 878
1166 879
1167 880
1168 881
1169 882
1170 886
1171 885
1172 884
1173 883
1174 887
1175 888
1176 889
1177 890
1178 891
1179 892
1180 893
1181 894
1182 895
1183 896
1184 897
1185 898
1186 899
1187 900
1188 901
1189 902
1190 903
1191 904
1192 905
1193 906
1194 907
1195 908
1196 985
1197 917
1198 916
1199 915
1200 914
1201 913
1202 912
1203 911
1204 910
1205 918
1206 919
1207 920
1208 921
1209 922
1210 923
1211 924
1212 925
1213 926
1214 927
1215 928
1216 929
1217 930
1218 931
1219 932
1220 933
1221 934
1222 935
1223 936
1224 937
1225 938
1226 939
1227 940
1228 941
1229 943
1230 942
1231 944
1232 945
1233 946
1234 947
1235 948
1236 949
1237 952
1238 953
1239 954
1240 955
1241 956
1242 957
1243 958
1244 959
1245 960
1246 961
1247 962
1248 963
1249 964
1250 965
1251 966
1252 967
1253 969
1254 970
1255 971
1256 972
1257 973
1258 974
1259 976
1260 977
1261 978
1262 979
1263 980
1264 981
1265 982
1266 983
1267 984
1268 986
1269 987
1270 988
1271 989
1272 990
1273 991
1274 992
1275 993
1276 994
1277 4678
1278 2178
1279 995
1280 996
1281 997
1282 998
1283 999
1284 1000
1285 1001
1286 1002
1287 1003
1288 1004
1289 1005
1290 1007
1291 1008
1292 1010
1293 1011
1294 1012
1295 1013
1296 1014
1297 1015
1298 1016
1299 1017
1300 1018
1301 1019
1302 1020
1303 1021
1304 1022
1305 1023
1306 1024
1307 1025
1308 1027
1309 1026
1310 1029
1311 1030
1312 1031
1313 1032
1314 1033
1315 1034
1316 1035
1317 1036
1318 1037
1319 1038
1320 1039
1321 1040
1322 1041
1323 1042
1324 1043
1325 1044
1326 1045
1327 1046
1328 1047
1329 1048
1330 1049
1331 1050
1332 1051
1333 1052
1334 1053
1335 1054
1336 1055
1337 1056
1338 1057
1339 1058
1340 1059
1341 1060
1342 1061
1343 1062
1344 1063
1345 1064
1346 1065
1347 1066
1348 1067
1349 1068
1350 1069
1351 1070
1352 1071
1353 1072
1354 1073
1355 1074
1356 1075
1357 1076
1358 1077
1359 1078
1360 1079
1361 1080
1362 1081
1363 1082
1364 1083
1365 1084
1366 1085
1367 1086
1368 1087
1369 1088
1370 2286
1371 1090
1372 1091
1373 1092
1374 1093
1375 1094
1376 1095
1377 1096
1378 1097
1379 1098
1380 1099
1381 1100
1382 1101
1383 1102
1384 1103
1385 1104
1386 1105
1387 1106
1388 1107
1389 1108
1390 1109
1391 1110
1392 1111
1393 1112
1394 1113
1395 1114
1396 1115
1397 1116
1398 1117
1399 1118
1400 1119
1401 1120
1402 1121
1403 1122
1404 1123
1405 1124
1406 1125
1407 1126
1408 1127
1409 1128
1410 1129
1411 1130
1412 1131
1413 1132
1414 1133
1415 1134
1416 1135
1417 1136
1418 1137
1419 1138
1420 1139
1421 1140
1422 1141
1423 1142
1424 1143
1425 1241
1426 1145
1427 1146
1428 1147
1429 1148
1430 1150
1431 3615
1432 1151
1433 1152
1434 1153
1435 1154
1436 1155
1437 1157
1438 1158
1439 1159
1440 1160
1441 1162
1442 1163
1443 1164
1444 1165
1445 1166
1446 1167
1447 1168
1448 1169
1449 1170
1450 1171
1451 1173
1452 1172
1453 1174
1454 1176
1455 1177
1456 1179
1457 1178
1458 1180
1459 1181
1460 1182
1461 1183
1462 1184
1463 1185
1464 1186
1465 1188
1466 1187
1467 1189
1468 1190
1469 1191
1470 1192
1471 1194
1472 1195
1473 1196
1474 1197
1475 1198
1476 1199
1477 1200
1478 1201
1479 1203
1480 1202
1481 1204
1482 1205
1483 1206
1484 1208
1485 1207
1486 1209
1487 1210
1488 1211
1489 1212
1490 1213
1491 1214
1492 1215
1493 1216
1494 1217
1495 1218
1496 1219
1497 1220
1498 4310
1499 1222
1500 1223
1501 1224
1502 1225
1503 1226
1504 1227
1505 1228
1506 1229
1507 1230
1508 1231
1509 1232
1510 1233
1511 1234
1512 1235
1513 1236
1514 1237
1515 1238
1516 1239
1517 1240
1518 3827
1519 1242
1520 1244
1521 1245
1522 1246
1523 1248
1524 1249
1525 1250
1526 4717
1527 1251
1528 1252
1529 1253
1530 1254
1531 1255
1532 1256
1533 1257
1534 1259
1535 1260
1536 1261
1537 1262
1538 1263
1539 1264
1540 1265
1541 1267
1542 1268
1543 1269
1544 1270
1545 1271
1546 1272
1547 1273
1548 1274
1549 1275
1550 1277
1551 1276
1552 3822
1553 1278
1554 1279
1555 1280
1556 1281
1557 1282
1558 1283
1559 1284
1560 1285
1561 1286
1562 1287
1563 1290
1564 1289
1565 1291
1566 1292
1567 1293
1568 1294
1569 1295
1570 1296
1571 1297
1572 1298
1573 1299
1574 1301
1575 1300
1576 1302
1577 1303
1578 1304
1579 1306
1580 1307
1581 1308
1582 1309
1583 1310
1584 1311
1585 1312
1586 1313
1587 1314
1588 1315
1589 1316
1590 1317
1591 4732
1592 4392
1593 2027
1594 1398
1595 1397
1596 1396
1597 1395
1598 1394
1599 1319
1600 1320
1601 1321
1602 1322
1603 1323
1604 1324
1605 1325
1606 1327
1607 1326
1608 1328
1609 1329
1610 1330
1611 1331
1612 1332
1613 1333
1614 1334
1615 1335
1616 1336
1617 1337
1618 1338
1619 1339
1620 1340
1621 1341
1622 1342
1623 1343
1624 1344
1625 1345
1626 1346
1627 1347
1628 1348
1629 1349
1630 1350
1631 1351
1632 1352
1633 1353
1634 1354
1635 1355
1636 1356
1637 1357
1638 1358
1639 1359
1640 1360
1641 1361
1642 1362
1643 1363
1644 1364
1645 1365
1646 1366
1647 1367
1648 1368
1649 1369
1650 1370
1651 1371
1652 1372
1653 1373
1654 1374
1655 1375
1656 1376
1657 1378
1658 1379
1659 1380
1660 1381
1661 1382
1662 1383
1663 1384
1664 1385
1665 1386
1666 1387
1667 1388
1668 1389
1669 1390
1670 1391
1671 1392
1672 1393
1673 1399
1674 1400
1675 1401
1676 1402
1677 1403
1678 1404
1679 1405
1680 1406
1681 1407
1682 1408
1683 1409
1684 1410
1685 1411
1686 1412
1687 1413
1688 1414
1689 2116
1690 1415
1691 1416
1692 1417
1693 1418
1694 1419
1695 1420
1696 1421
1697 1422
1698 1423
1699 1424
1700 1425
1701 1426
1702 1427
1703 1428
1704 1429
1705 1430
1706 1431
1707 1432
1708 1433
1709 1434
1710 1435
1711 1436
1712 1437
1713 1438
1714 1439
1715 1440
1716 1441
1717 1442
1718 1443
1719 1444
1720 1445
1721 1446
1722 1447
1723 1448
1724 1449
1725 1450
1726 1451
1727 1452
1728 1453
1729 1454
1730 1455
1731 1456
1732 1457
1733 1458
1734 1459
1735 1460
1736 1461
1737 1462
1738 1463
1739 1464
1740 1465
1741 1466
1742 1467
1743 1468
1744 1469
1745 1470
1746 1471
1747 1472
1748 1473
1749 1474
1750 1475
1751 1476
1752 1477
1753 1478
1754 1479
1755 1480
1756 1481
1757 1482
1758 1483
1759 1484
1760 1485
1761 1486
1762 1487
1763 1488
1764 1489
1765 1490
1766 1491
1767 1492
1768 1493
1769 1494
1770 1495
1771 1496
1772 1497
1773 1498
1774 1499
1775 1500
1776 1501
1777 1502
1778 1503
1779 1504
1780 1505
1781 1506
1782 1507
1783 1508
1784 1510
1785 1511
1786 1520
1787 1518
1788 1517
1789 1515
1790 1513
1791 1512
1792 3632
1793 2529
1794 3131
1795 1521
1796 1522
1797 1523
1798 1524
1799 1525
1800 1526
1801 1527
1802 1528
1803 1529
1804 1530
1805 1531
1806 1532
1807 1533
1808 1534
1809 1535
1810 1536
1811 1537
1812 1538
1813 1539
1814 1540
1815 1541
1816 1542
1817 1544
1818 1545
1819 1546
1820 1547
1821 1548
1822 1549
1823 1550
1824 1551
1825 1552
1826 1554
1827 1553
1828 1555
1829 1556
1830 1557
1831 1558
1832 1559
1833 1560
1834 1561
1835 1562
1836 1563
1837 1564
1838 1565
1839 1566
1840 1576
1841 1575
1842 1573
1843 1572
1844 1571
1845 1570
1846 1569
1847 1568
1848 1567
1849 1577
1850 1578
1851 1579
1852 1580
1853 1581
1854 1582
1855 1583
1856 1584
1857 1585
1858 1586
1859 1587
1860 1588
1861 1589
1862 1590
1863 1591
1864 1592
1865 1593
1866 1594
1867 1595
1868 1596
1869 1597
1870 1598
1871 1599
1872 1600
1873 1601
1874 1602
1875 1603
1876 1604
1877 1605
1878 1606
1879 1607
1880 1608
1881 1609
1882 1610
1883 1618
1884 1615
1885 1614
1886 1613
1887 1612
1888 1611
1889 4467
1890 2854
1891 1620
1892 1622
1893 1623
1894 1624
1895 1625
1896 1626
1897 1627
1898 1628
1899 1629
1900 1630
1901 1631
1902 1632
1903 1633
1904 1634
1905 1635
1906 1636
1907 1637
1908 1638
1909 1639
1910 1640
1911 1641
1912 1642
1913 1643
1914 1644
1915 1645
1916 1646
1917 1647
1918 1648
1919 1649
1920 1650
1921 1651
1922 1652
1923 1653
1924 1654
1925 1655
1926 1656
1927 1657
1928 1658
1929 1659
1930 1660
1931 1661
1932 1662
1933 1663
1934 1664
1935 1665
1936 1666
1937 1667
1938 1668
1939 1669
1940 1670
1941 1672
1942 1673
1943 1674
1944 1675
1945 1676
1946 1677
1947 1679
1948 1678
1949 1680
1950 1681
1951 1682
1952 1683
1953 1684
1954 1685
1955 1686
1956 1687
1957 1688
1958 1689
1959 1690
1960 1691
1961 1692
1962 1693
1963 1694
1964 1695
1965 1696
1966 1697
1967 1698
1968 1699
1969 1700
1970 1701
1971 1702
1972 1703
1973 1704
1974 1705
1975 1706
1976 1707
1977 1708
1978 1709
1979 1710
1980 1711
1981 1712
1982 1713
1983 1714
1984 1715
1985 1716
1986 1717
1987 1718
1988 1719
1989 1720
1990 1721
1991 1722
1992 1723
1993 1724
1994 1725
1995 1726
1996 1727
1997 1728
1998 1729
1999 1730
2000 1731
2001 1733
2002 1734
2003 1735
2004 1736
2005 1737
2006 1738
2007 1739
2008 1740
2009 1741
2010 1742
2011 1743
2012 1744
2013 1745
2014 1746
2015 1747
2016 1748
2017 1749
2018 1750
2019 1751
2020 1752
2021 1753
2022 1754
2023 1760
2024 1759
2025 1758
2026 1757
2027 1756
2028 1755
2029 1761
2030 1762
2031 1763
2032 1764
2033 1765
2034 1766
2035 1767
2036 1768
2037 1769
2038 1770
2039 1771
2040 1772
2041 1773
2042 1774
2043 1775
2044 1776
2045 1777
2046 1778
2047 3355
2048 1779
2049 1780
2050 1781
2051 1782
2052 1783
2053 1784
2054 1785
2055 1786
2056 1787
2057 1788
2058 1789
2059 1790
2060 1792
2061 1793
2062 1794
2063 1795
2064 1796
2065 1797
2066 1798
2067 1799
2068 1800
2069 1801
2070 1802
2071 1803
2072 2127
2073 1805
2074 1806
2075 1807
2076 1808
2077 1809
2078 1810
2079 1811
2080 1812
2081 1813
2082 1814
2083 1815
2084 1816
2085 1817
2086 1818
2087 1819
2088 1821
2089 1822
2090 1823
2091 1824
2092 1825
2093 1826
2094 1827
2095 1828
2096 1829
2097 1830
2098 1831
2099 1832
2100 1833
2101 1834
2102 1835
2103 1836
2104 1837
2105 1838
2106 1839
2107 1840
2108 1841
2109 1842
2110 1843
2111 1844
2112 1845
2113 1846
2114 1847
2115 1848
2116 1849
2117 1850
2118 1851
2119 1852
2120 1853
2121 1855
2122 1854
2123 1856
2124 1857
2125 1858
2126 1859
2127 1860
2128 1861
2129 2162
2130 2161
2131 1862
2132 1863
2133 1864
2134 1865
2135 1866
2136 1867
2137 1868
2138 1869
2139 1870
2140 1871
2141 1872
2142 1873
2143 1874
2144 1875
2145 1876
2146 1877
2147 1878
2148 1879
2149 1880
2150 1881
2151 1882
2152 1883
2153 1884
2154 1885
2155 1886
2156 1887
2157 1888
2158 1889
2159 1890
2160 1891
2161 1892
2162 1893
2163 1894
2164 1895
2165 1896
2166 1897
2167 1898
2168 1899
2169 1900
2170 1901
2171 1902
2172 1903
2173 1904
2174 1905
2175 1906
2176 1907
2177 1908
2178 1909
2179 1910
2180 1911
2181 1912
2182 1913
2183 1914
2184 1915
2185 1916
2186 1917
2187 1918
2188 1919
2189 1920
2190 1921
2191 1922
2192 1923
2193 1924
2194 1925
2195 1926
2196 1927
2197 1928
2198 1929
2199 1930
2200 1931
2201 1932
2202 1933
2203 1934
2204 1935
2205 1936
2206 1940
2207 1939
2208 1938
2209 1941
2210 1942
2211 1943
2212 1944
2213 1945
2214 1946
2215 1947
2216 1948
2217 1949
2218 1950
2219 1951
2220 1952
2221 1953
2222 1954
2223 1955
2224 1956
2225 1957
2226 1958
2227 1959
2228 1960
2229 1961
2230 1962
2231 1963
2232 1964
2233 1965
2234 1966
2235 1967
2236 1968
2237 2600
2238 2221
2239 1969
2240 1970
2241 1971
2242 1972
2243 1978
2244 1977
2245 1976
2246 1975
2247 1973
2248 1974
2249 5021
2250 5020
2251 5013
2252 4970
2253 4969
2254 4968
2255 4967
2256 4966
2257 4965
2258 4964
2259 4963
2260 4956
2261 4714
2262 4342
2263 3784
2264 3631
2265 1983
2266 1984
2267 1985
2268 1986
2269 1987
2270 1988
2271 1989
2272 1990
2273 1991
2274 1992
2275 1993
2276 1994
2277 1995
2278 1996
2279 1997
2280 1999
2281 2000
2282 2001
2283 2002
2284 2003
2285 2004
2286 2005
2287 2006
2288 2007
2289 2008
2290 2009
2291 2010
2292 2011
2293 2012
2294 2013
2295 2014
2296 2015
2297 2016
2298 2017
2299 2018
2300 2019
2301 2020
2302 2021
2303 2022
2304 2023
2305 2024
2306 2025
2307 2026
2308 2028
2309 2029
2310 2030
2311 2031
2312 2032
2313 2033
2314 2034
2315 2035
2316 2036
2317 2037
2318 2038
2319 2039
2320 2040
2321 2041
2322 2042
2323 2043
2324 2044
2325 2045
2326 2046
2327 2047
2328 2048
2329 2049
2330 2050
2331 2061
2332 2060
2333 2059
2334 2058
2335 2057
2336 2056
2337 2055
2338 2054
2339 2053
2340 2052
2341 2051
2342 2062
2343 2063
2344 2064
2345 2065
2346 2066
2347 2139
2348 2138
2349 2137
2350 2136
2351 2135
2352 2133
2353 2132
2354 2131
2355 2130
2356 2126
2357 2123
2358 2122
2359 2121
2360 2119
2361 2118
2362 2117
2363 2110
2364 2105
2365 2104
2366 2103
2367 2102
2368 2098
2369 2095
2370 2094
2371 2093
2372 2092
2373 2091
2374 2090
2375 2089
2376 2088
2377 2087
2378 2086
2379 2085
2380 2084
2381 2083
2382 2082
2383 2081
2384 2080
2385 2079
2386 2078
2387 2077
2388 2076
2389 2075
2390 2074
2391 2073
2392 2072
2393 2071
2394 2070
2395 2069
2396 2068
2397 2067
2398 2552
2399 3495
2400 3351
2401 4547
2402 4546
2403 4545
2404 4544
2405 4543
2406 4542
2407 4541
2408 4540
2409 3739
2410 4522
2411 4521
2412 4326
2413 3515
2414 3514
2415 3513
2416 3512
2417 3511
2418 3509
2419 3359
2420 2815
2421 2602
2422 3144
2423 3218
2424 2141
2425 2140
2426 2142
2427 2143
2428 2144
2429 2145
2430 2146
2431 2147
2432 2148
2433 2149
2434 2150
2435 2151
2436 2152
2437 2153
2438 2154
2439 2155
2440 2156
2441 2157
2442 2158
2443 2159
2444 2160
2445 2163
2446 2164
2447 2165
2448 2166
2449 2167
2450 2168
2451 2169
2452 2170
2453 2171
2454 2172
2455 2173
2456 2177
2457 2176
2458 2175
2459 2174
2460 2179
2461 2180
2462 2181
2463 2182
2464 2183
2465 2184
2466 2185
2467 2186
2468 2187
2469 2188
2470 2189
2471 2190
2472 2191
2473 2192
2474 2193
2475 2195
2476 2196
2477 2197
2478 2198
2479 2199
2480 2200
2481 2201
2482 2202
2483 2203
2484 2204
2485 2205
2486 2206
2487 2207
2488 2208
2489 2209
2490 2210
2491 2211
2492 2212
2493 2213
2494 2214
2495 2215
2496 2216
2497 2217
2498 2218
2499 2219
2500 2220
2501 2222
2502 2223
2503 2224
2504 2225
2505 2226
2506 2227
2507 2228
2508 2229
2509 2230
2510 2231
2511 2232
2512 2233
2513 2234
2514 2235
2515 2236
2516 2237
2517 2238
2518 2240
2519 2239
2520 2241
2521 2242
2522 2243
2523 2249
2524 2248
2525 2247
2526 2246
2527 2245
2528 2244
2529 2250
2530 2251
2531 2252
2532 2253
2533 2254
2534 2255
2535 2256
2536 2257
2537 2258
2538 2259
2539 2260
2540 2261
2541 2262
2542 2263
2543 2264
2544 2265
2545 2266
2546 2267
2547 2268
2548 2269
2549 2270
2550 2271
2551 2272
2552 2273
2553 2274
2554 2275
2555 2276
2556 2277
2557 2278
2558 2279
2559 2281
2560 2282
2561 2283
2562 2284
2563 2285
2564 2287
2565 2288
2566 2289
2567 2291
2568 2290
2569 2292
2570 2293
2571 2294
2572 2296
2573 2297
2574 2298
2575 2299
2576 2300
2577 2301
2578 2302
2579 2303
2580 2304
2581 2305
2582 2306
2583 2307
2584 2308
2585 2309
2586 2310
2587 2311
2588 2312
2589 2313
2590 2314
2591 2998
2592 2316
2593 2317
2594 2318
2595 2319
2596 2320
2597 2321
2598 2322
2599 2323
2600 2325
2601 2326
2602 2327
2603 3346
2604 2328
2605 2329
2606 2330
2607 2331
2608 2332
2609 2333
2610 2334
2611 2335
2612 2336
2613 2337
2614 2338
2615 2339
2616 2340
2617 2341
2618 2342
2619 2343
2620 2344
2621 2345
2622 2346
2623 2347
2624 2349
2625 2350
2626 2351
2627 2352
2628 2353
2629 2354
2630 2355
2631 2356
2632 2357
2633 2358
2634 2359
2635 2360
2636 2361
2637 2362
2638 2363
2639 2364
2640 2365
2641 2366
2642 2367
2643 2368
2644 2369
2645 2370
2646 2371
2647 2372
2648 2373
2649 2374
2650 2375
2651 2376
2652 2377
2653 2378
2654 2379
2655 2380
2656 2381
2657 2382
2658 2383
2659 2384
2660 2385
2661 2388
2662 2387
2663 2386
2664 4805
2665 2389
2666 2390
2667 2391
2668 2392
2669 2394
2670 2395
2671 2396
2672 2397
2673 2398
2674 2399
2675 2400
2676 2401
2677 2402
2678 2403
2679 2404
2680 2405
2681 2406
2682 2407
2683 2408
2684 2409
2685 2410
2686 2415
2687 2416
2688 2417
2689 2418
2690 2419
2691 2420
2692 2421
2693 2422
2694 2423
2695 2424
2696 2425
2697 2426
2698 2428
2699 2429
2700 2430
2701 2431
2702 2432
2703 2433
2704 2434
2705 2435
2706 2436
2707 2437
2708 2438
2709 2439
2710 2441
2711 2442
2712 2443
2713 2444
2714 2445
2715 2446
2716 2447
2717 2448
2718 2449
2719 2450
2720 2451
2721 2452
2722 4322
2723 4321
2724 4320
2725 2454
2726 2455
2727 2456
2728 2457
2729 2458
2730 2459
2731 2460
2732 2461
2733 2462
2734 2463
2735 2464
2736 2465
2737 2466
2738 2468
2739 2469
2740 2470
2741 2471
2742 2472
2743 2473
2744 2474
2745 2475
2746 2476
2747 2477
2748 2478
2749 2479
2750 2480
2751 2481
2752 2482
2753 2483
2754 2484
2755 2485
2756 2486
2757 2487
2758 2488
2759 2489
2760 2490
2761 2491
2762 2492
2763 4782
2764 4781
2765 4780
2766 4779
2767 4778
2768 4777
2769 4776
2770 4775
2771 4289
2772 4219
2773 3532
2774 2494
2775 2495
2776 2496
2777 2497
2778 2498
2779 2499
2780 2500
2781 2502
2782 2503
2783 2504
2784 2505
2785 2506
2786 2507
2787 2508
2788 2509
2789 2510
2790 2511
2791 2512
2792 2513
2793 2514
2794 2515
2795 2516
2796 2517
2797 2518
2798 2519
2799 2520
2800 2521
2801 2522
2802 2524
2803 2525
2804 2526
2805 2527
2806 2528
2807 2530
2808 2532
2809 2531
2810 2533
2811 2534
2812 2535
2813 2536
2814 2537
2815 2538
2816 2539
2817 2540
2818 2541
2819 2542
2820 2543
2821 2544
2822 2545
2823 2546
2824 2547
2825 2548
2826 2549
2827 2551
2828 2553
2829 2554
2830 2555
2831 2556
2832 2557
2833 2558
2834 2560
2835 2561
2836 2562
2837 2563
2838 2564
2839 2565
2840 2567
2841 2568
2842 2569
2843 2570
2844 2573
2845 2574
2846 2576
2847 2577
2848 2578
2849 2579
2850 2580
2851 2581
2852 2582
2853 2583
2854 2584
2855 2585
2856 2586
2857 2587
2858 2588
2859 2589
2860 2590
2861 2591
2862 2592
2863 2593
2864 2594
2865 2595
2866 2596
2867 2597
2868 2598
2869 2599
2870 2601
2871 2603
2872 2604
2873 2605
2874 2606
2875 2607
2876 2608
2877 2609
2878 2611
2879 2612
2880 2613
2881 2614
2882 2615
2883 2616
2884 2617
2885 2618
2886 2619
2887 2620
2888 2621
2889 2622
2890 2623
2891 2624
2892 2625
2893 2626
2894 2627
2895 2628
2896 2629
2897 2630
2898 2631
2899 2632
2900 2633
2901 2634
2902 2635
2903 2636
2904 2637
2905 2707
2906 2639
2907 2640
2908 2641
2909 2642
2910 2643
2911 2644
2912 2645
2913 2646
2914 2647
2915 2648
2916 2649
2917 2650
2918 2651
2919 2652
2920 2653
2921 2654
2922 2655
2923 2656
2924 2658
2925 2659
2926 2660
2927 2661
2928 2662
2929 2663
2930 2664
2931 2665
2932 2666
2933 2667
2934 2668
2935 2669
2936 2670
2937 2671
2938 2672
2939 2673
2940 2674
2941 2675
2942 2676
2943 2677
2944 2678
2945 2679
2946 2680
2947 2682
2948 2683
2949 2684
2950 2685
2951 2686
2952 2687
2953 2688
2954 2689
2955 2690
2956 2691
2957 2692
2958 2693
2959 2694
2960 2696
2961 2695
2962 2697
2963 2698
2964 2699
2965 2700
2966 2701
2967 2702
2968 4104
2969 2704
2970 2705
2971 2706
2972 2708
2973 2709
2974 2710
2975 2711
2976 2712
2977 2713
2978 2714
2979 2715
2980 2716
2981 2717
2982 2718
2983 2719
2984 2720
2985 2721
2986 2722
2987 2723
2988 2724
2989 2725
2990 2726
2991 4318
2992 2728
2993 2730
2994 2731
2995 2732
2996 2733
2997 2734
2998 2735
2999 2736
3000 2737
3001 2738
3002 2739
3003 2741
3004 2749
3005 2748
3006 2747
3007 2746
3008 2745
3009 2744
3010 2743
3011 2742
3012 2750
3013 2751
3014 2752
3015 2753
3016 2754
3017 2755
3018 2756
3019 2757
3020 2758
3021 2759
3022 2760
3023 4008
3024 2761
3025 2762
3026 2763
3027 2764
3028 2765
3029 2766
3030 2767
3031 2768
3032 2770
3033 2771
3034 2772
3035 2773
3036 2774
3037 2775
3038 2776
3039 2777
3040 2778
3041 2779
3042 2780
3043 2781
3044 2782
3045 2783
3046 2784
3047 2786
3048 2787
3049 2788
3050 2789
3051 2790
3052 2791
3053 2792
3054 2793
3055 2794
3056 2795
3057 2796
3058 2797
3059 2798
3060 2799
3061 2800
3062 2801
3063 2802
3064 2803
3065 2804
3066 2805
3067 2806
3068 2807
3069 2808
3070 2809
3071 2810
3072 2811
3073 2813
3074 2812
3075 2814
3076 2816
3077 2817
3078 2818
3079 2819
3080 2820
3081 2821
3082 2822
3083 2823
3084 2824
3085 2825
3086 2826
3087 2893
3088 2891
3089 2890
3090 2889
3091 2888
3092 2887
3093 2886
3094 2885
3095 2884
3096 2883
3097 2882
3098 2881
3099 2880
3100 2879
3101 2878
3102 2877
3103 2876
3104 2875
3105 2874
3106 2873
3107 2872
3108 2871
3109 2827
3110 2828
3111 2829
3112 2830
3113 2831
3114 2832
3115 2833
3116 2834
3117 2835
3118 2836
3119 2837
3120 2838
3121 2839
3122 2840
3123 2841
3124 2842
3125 2843
3126 2844
3127 2845
3128 2846
3129 2847
3130 2849
3131 2850
3132 2851
3133 2852
3134 2853
3135 2855
3136 2857
3137 2858
3138 2859
3139 2860
3140 2861
3141 2862
3142 2863
3143 2864
3144 2865
3145 2866
3146 2867
3147 2868
3148 2869
3149 2870
3150 4370
3151 2895
3152 2906
3153 2905
3154 2904
3155 2903
3156 2902
3157 2901
3158 2900
3159 2899
3160 2898
3161 2897
3162 2896
3163 2907
3164 2908
3165 2909
3166 2910
3167 2911
3168 2912
3169 2913
3170 2914
3171 2915
3172 2916
3173 2917
3174 2918
3175 2919
3176 2920
3177 2921
3178 2922
3179 2923
3180 2924
3181 2925
3182 2927
3183 2928
3184 2929
3185 2930
3186 2931
3187 2932
3188 2933
3189 2934
3190 2935
3191 2936
3192 2937
3193 2938
3194 2939
3195 2940
3196 2941
3197 2942
3198 2943
3199 2944
3200 2946
3201 2945
3202 2947
3203 2948
3204 2949
3205 2950
3206 2951
3207 2952
3208 2953
3209 2954
3210 2955
3211 2956
3212 2957
3213 2958
3214 2959
3215 2960
3216 2961
3217 2962
3218 2963
3219 2964
3220 2965
3221 2966
3222 2967
3223 2968
3224 2969
3225 2970
3226 2971
3227 2972
3228 2973
3229 2974
3230 2975
3231 2976
3232 2977
3233 2978
3234 2979
3235 2980
3236 2981
3237 2982
3238 2983
3239 2984
3240 2985
3241 2986
3242 2987
3243 2988
3244 2990
3245 2991
3246 2992
3247 2993
3248 2994
3249 2995
3250 2997
3251 2996
3252 4027
3253 2999
3254 3000
3255 3001
3256 3002
3257 3003
3258 3004
3259 3005
3260 3006
3261 3007
3262 3008
3263 3009
3264 3010
3265 3011
3266 3012
3267 3013
3268 3014
3269 3015
3270 3016
3271 3017
3272 3018
3273 3019
3274 3020
3275 3021
3276 3022
3277 3023
3278 3024
3279 3025
3280 3026
3281 3027
3282 3028
3283 3029
3284 3030
3285 3031
3286 3032
3287 3033
3288 3034
3289 3035
3290 3036
3291 3038
3292 3039
3293 3040
3294 3041
3295 3042
3296 3043
3297 3044
3298 3046
3299 3045
3300 3047
3301 3048
3302 3049
3303 3050
3304 3051
3305 3052
3306 3053
3307 3054
3308 3055
3309 3057
3310 3058
3311 3059
3312 3060
3313 3061
3314 3062
3315 3063
3316 3064
3317 3065
3318 3066
3319 3067
3320 3068
3321 3069
3322 3073
3323 3074
3324 3075
3325 3076
3326 3080
3327 3081
3328 3082
3329 3083
3330 3084
3331 3085
3332 3086
3333 3087
3334 3088
3335 3089
3336 3090
3337 3092
3338 3093
3339 3094
3340 3095
3341 3096
3342 3097
3343 3098
3344 3099
3345 3100
3346 3101
3347 3102
3348 3103
3349 3105
3350 3104
3351 3106
3352 3107
3353 3108
3354 3109
3355 3110
3356 3111
3357 3112
3358 3113
3359 3114
3360 3115
3361 3117
3362 3118
3363 3119
3364 3120
3365 3121
3366 3122
3367 3123
3368 3124
3369 3125
3370 3126
3371 3127
3372 3128
3373 3129
3374 3130
3375 3147
3376 3146
3377 3132
3378 3133
3379 3134
3380 3135
3381 3136
3382 3137
3383 3138
3384 3140
3385 3139
3386 3142
3387 3143
3388 3145
3389 3148
3390 3149
3391 3150
3392 3151
3393 3152
3394 3153
3395 3154
3396 3155
3397 3156
3398 3158
3399 3164
3400 3163
3401 3159
3402 3157
3403 4155
3404 4154
3405 3165
3406 3166
3407 3167
3408 3168
3409 3169
3410 3170
3411 3171
3412 3173
3413 3174
3414 3175
3415 3176
3416 3177
3417 3178
3418 3179
3419 3180
3420 3181
3421 3184
3422 3185
3423 3186
3424 3187
3425 3188
3426 3189
3427 3190
3428 3191
3429 3193
3430 3194
3431 3195
3432 3196
3433 3197
3434 3200
3435 3201
3436 3202
3437 3203
3438 3204
3439 3341
3440 3340
3441 3205
3442 3206
3443 3207
3444 3208
3445 3209
3446 3210
3447 3211
3448 3212
3449 3214
3450 3215
3451 3216
3452 3217
3453 3219
3454 3220
3455 3221
3456 3222
3457 3223
3458 3224
3459 3225
3460 3226
3461 3227
3462 3228
3463 3229
3464 3230
3465 3231
3466 3232
3467 3233
3468 3234
3469 3235
3470 3236
3471 3237
3472 3238
3473 3239
3474 3240
3475 3241
3476 3242
3477 3373
3478 3244
3479 3245
3480 3246
3481 3247
3482 3248
3483 3249
3484 3250
3485 3251
3486 3252
3487 3253
3488 3254
3489 3255
3490 3256
3491 3257
3492 3258
3493 3259
3494 3260
3495 3261
3496 3262
3497 3263
3498 3264
3499 3266
3500 3267
3501 3268
3502 3269
3503 3270
3504 3271
3505 3272
3506 3273
3507 3274
3508 3275
3509 3276
3510 3277
3511 3278
3512 3279
3513 3280
3514 3281
3515 3282
3516 3283
3517 3284
3518 3285
3519 3286
3520 3287
3521 3288
3522 3289
3523 3290
3524 3291
3525 3292
3526 3293
3527 3401
3528 3299
3529 3300
3530 3301
3531 3302
3532 3303
3533 3304
3534 3305
3535 3306
3536 3307
3537 3400
3538 3399
3539 3396
3540 3393
3541 3392
3542 3378
3543 3377
3544 3376
3545 3372
3546 3370
3547 3369
3548 3366
3549 3361
3550 3358
3551 3357
3552 3356
3553 3353
3554 3352
3555 3350
3556 3349
3557 3348
3558 3347
3559 3345
3560 3344
3561 3343
3562 3342
3563 3339
3564 3338
3565 3337
3566 3336
3567 3335
3568 3334
3569 3333
3570 3332
3571 3331
3572 3330
3573 3329
3574 3328
3575 3327
3576 3326
3577 3325
3578 3324
3579 3323
3580 3322
3581 3321
3582 3320
3583 3319
3584 3318
3585 3317
3586 3316
3587 3315
3588 3314
3589 3313
3590 3312
3591 3311
3592 3310
3593 3309
3594 3308
3595 4548
3596 5114
3597 4080
3598 4268
3599 4885
3600 4194
3601 3402
3602 3403
3603 3404
3604 3405
3605 3406
3606 3407
3607 3408
3608 3409
3609 3410
3610 3411
3611 3412
3612 3414
3613 3415
3614 3416
3615 3417
3616 3418
3617 3419
3618 3420
3619 3421
3620 3422
3621 3423
3622 3424
3623 3425
3624 3426
3625 3427
3626 3428
3627 3429
3628 3430
3629 3431
3630 3432
3631 3433
3632 3434
3633 3436
3634 3437
3635 3438
3636 3439
3637 3440
3638 3441
3639 3442
3640 3443
3641 3444
3642 3445
3643 3446
3644 3447
3645 3448
3646 3449
3647 3450
3648 3451
3649 3452
3650 3453
3651 3454
3652 3455
3653 3456
3654 3457
3655 3459
3656 3460
3657 3461
3658 3462
3659 3463
3660 3464
3661 3465
3662 3466
3663 3467
3664 3468
3665 3470
3666 3471
3667 3472
3668 3473
3669 3474
3670 3475
3671 3476
3672 3477
3673 3478
3674 3479
3675 3480
3676 3481
3677 3482
3678 3483
3679 3484
3680 3485
3681 3490
3682 3488
3683 3487
3684 3486
3685 3491
3686 3492
3687 3493
3688 3494
3689 3496
3690 3497
3691 3498
3692 3499
3693 3500
3694 3501
3695 3502
3696 3503
3697 3504
3698 3505
3699 3506
3700 3507
3701 3508
3702 3516
3703 3517
3704 3518
3705 3519
3706 3520
3707 3521
3708 3522
3709 3523
3710 3524
3711 3525
3712 3526
3713 3527
3714 3528
3715 3529
3716 3530
3717 3531
3718 3533
3719 3534
3720 3535
3721 3536
3722 3537
3723 3538
3724 3539
3725 3540
3726 3541
3727 3542
3728 3543
3729 3544
3730 3545
3731 3546
3732 3547
3733 3548
3734 3549
3735 3550
3736 3551
3737 3552
3738 3553
3739 3554
3740 3555
3741 3556
3742 3557
3743 3558
3744 3559
3745 3560
3746 3561
3747 3562
3748 3563
3749 3564
3750 3565
3751 3566
3752 3567
3753 3568
3754 3569
3755 3571
3756 3572
3757 3573
3758 3574
3759 3575
3760 3576
3761 3577
3762 3578
3763 3579
3764 3580
3765 3581
3766 3582
3767 3583
3768 3584
3769 3585
3770 3586
3771 3587
3772 3588
3773 3589
3774 3590
3775 3591
3776 3592
3777 3593
3778 3594
3779 3595
3780 3596
3781 3597
3782 3598
3783 3600
3784 3601
3785 3602
3786 3603
3787 3605
3788 3606
3789 3607
3790 3608
3791 3609
3792 3610
3793 3611
3794 3612
3795 3613
3796 3614
3797 3616
3798 3617
3799 3618
3800 3619
3801 3620
3802 3621
3803 3622
3804 3623
3805 3624
3806 3625
3807 3626
3808 3627
3809 3628
3810 3629
3811 3630
3812 3633
3813 3634
3814 3635
3815 3636
3816 3637
3817 3638
3818 3639
3819 3640
3820 3641
3821 3642
3822 3643
3823 3644
3824 3645
3825 3662
3826 3663
3827 3664
3828 3665
3829 3666
3830 3667
3831 3669
3832 3671
3833 3672
3834 3673
3835 3675
3836 3674
3837 3676
3838 3677
3839 3678
3840 3679
3841 3680
3842 3681
3843 3682
3844 3683
3845 3684
3846 3685
3847 3687
3848 3688
3849 3686
3850 3689
3851 3690
3852 3691
3853 3692
3854 3693
3855 3694
3856 3695
3857 3696
3858 3697
3859 3698
3860 3699
3861 3700
3862 3701
3863 3702
3864 3703
3865 3704
3866 3706
3867 3707
3868 3708
3869 3709
3870 3710
3871 3711
3872 3712
3873 3713
3874 3715
3875 3716
3876 3717
3877 3718
3878 3719
3879 3720
3880 3722
3881 3721
3882 3723
3883 3724
3884 3725
3885 3726
3886 3727
3887 3728
3888 3729
3889 3730
3890 3731
3891 3732
3892 3733
3893 3734
3894 3735
3895 3736
3896 3737
3897 3738
3898 3740
3899 3741
3900 3742
3901 3743
3902 3744
3903 3745
3904 3746
3905 3747
3906 3748
3907 3749
3908 3750
3909 3751
3910 3752
3911 3753
3912 3754
3913 3755
3914 3756
3915 3757
3916 3758
3917 3759
3918 3760
3919 3761
3920 3762
3921 3763
3922 3764
3923 3765
3924 3766
3925 3767
3926 3772
3927 3773
3928 3774
3929 3775
3930 3776
3931 3777
3932 3778
3933 3779
3934 3780
3935 3781
3936 3782
3937 3783
3938 3785
3939 3786
3940 3787
3941 3788
3942 3789
3943 3790
3944 3791
3945 3792
3946 3793
3947 3794
3948 3795
3949 3797
3950 3798
3951 3799
3952 3800
3953 3801
3954 3802
3955 3803
3956 3804
3957 3805
3958 3806
3959 3807
3960 3808
3961 3809
3962 3810
3963 3811
3964 3812
3965 3813
3966 3814
3967 3815
3968 3816
3969 3817
3970 3818
3971 3819
3972 3820
3973 3821
3974 3823
3975 3824
3976 3825
3977 3826
3978 4641
3979 3828
3980 3829
3981 3830
3982 3831
3983 3832
3984 3833
3985 3834
3986 3835
3987 3836
3988 3837
3989 3838
3990 3839
3991 3840
3992 3841
3993 3842
3994 3843
3995 3844
3996 3845
3997 3846
3998 3847
3999 3848
4000 3849
4001 3850
4002 3851
4003 3852
4004 3853
4005 3854
4006 3855
4007 3856
4008 3857
4009 3858
4010 3859
4011 3860
4012 3861
4013 3862
4014 3863
4015 3864
4016 3865
4017 3866
4018 3867
4019 3868
4020 3869
4021 3870
4022 3871
4023 3872
4024 3873
4025 3874
4026 3875
4027 3876
4028 3877
4029 3878
4030 3879
4031 3880
4032 3881
4033 3882
4034 3883
4035 3884
4036 3885
4037 3886
4038 3887
4039 3888
4040 3889
4041 3890
4042 3891
4043 3892
4044 3893
4045 3894
4046 3895
4047 3896
4048 3897
4049 3898
4050 3899
4051 3900
4052 3901
4053 3903
4054 3904
4055 3905
4056 3906
4057 3907
4058 3908
4059 3909
4060 3910
4061 3911
4062 3912
4063 3913
4064 3914
4065 3916
4066 3917
4067 3918
4068 3919
4069 3920
4070 3921
4071 3922
4072 3923
4073 3924
4074 3925
4075 3926
4076 3927
4077 3928
4078 3929
4079 3930
4080 3931
4081 3932
4082 3933
4083 3935
4084 3934
4085 3936
4086 3937
4087 3938
4088 3939
4089 3940
4090 3941
4091 3942
4092 3943
4093 3944
4094 3945
4095 3946
4096 3947
4097 3948
4098 3949
4099 3950
4100 3951
4101 3952
4102 3953
4103 3955
4104 3954
4105 3956
4106 3957
4107 3958
4108 3960
4109 3959
4110 3961
4111 3962
4112 3963
4113 3964
4114 3965
4115 3966
4116 3967
4117 3968
4118 3969
4119 3970
4120 3971
4121 3972
4122 3973
4123 3974
4124 3975
4125 3976
4126 3977
4127 3978
4128 3979
4129 3980
4130 3981
4131 3982
4132 3983
4133 3984
4134 3985
4135 3986
4136 3987
4137 3988
4138 3989
4139 3991
4140 3992
4141 3993
4142 3994
4143 3995
4144 3996
4145 3997
4146 3998
4147 3999
4148 4000
4149 4001
4150 4002
4151 4003
4152 4004
4153 4005
4154 4006
4155 4007
4156 4009
4157 4010
4158 4011
4159 4012
4160 4013
4161 4014
4162 4015
4163 4016
4164 4017
4165 4018
4166 4019
4167 4020
4168 4021
4169 4022
4170 4023
4171 4024
4172 4025
4173 4026
4174 4028
4175 4029
4176 4030
4177 4031
4178 4032
4179 4033
4180 4034
4181 4035
4182 4037
4183 4038
4184 4039
4185 4040
4186 4041
4187 4042
4188 4043
4189 4044
4190 4045
4191 5166
4192 5165
4193 5164
4194 5163
4195 5162
4196 5161
4197 5160
4198 5159
4199 5158
4200 5157
4201 5156
4202 5155
4203 5154
4204 5153
4205 5152
4206 5151
4207 5150
4208 5149
4209 5148
4210 5147
4211 5146
4212 5145
4213 5144
4214 5143
4215 5142
4216 5141
4217 5140
4218 5139
4219 5138
4220 5137
4221 5136
4222 5135
4223 5134
4224 5132
4225 5123
4226 5048
4227 4329
4228 4046
4229 4047
4230 4048
4231 4049
4232 4059
4233 4058
4234 4057
4235 4056
4236 4055
4237 4054
4238 4053
4239 4052
4240 4051
4241 4050
4242 4060
4243 4061
4244 4062
4245 4063
4246 4064
4247 4065
4248 4066
4249 4067
4250 4068
4251 4069
4252 4070
4253 4071
4254 4073
4255 4072
4256 4074
4257 4075
4258 4076
4259 4077
4260 4078
4261 4079
4262 4081
4263 4082
4264 4083
4265 4084
4266 4085
4267 4086
4268 4087
4269 4088
4270 4089
4271 4090
4272 4091
4273 4092
4274 4093
4275 4094
4276 4095
4277 4096
4278 4098
4279 4099
4280 4100
4281 4101
4282 4102
4283 4103
4284 4105
4285 4106
4286 4107
4287 4108
4288 4109
4289 4110
4290 4111
4291 4112
4292 4113
4293 4114
4294 4115
4295 4116
4296 4117
4297 4118
4298 4119
4299 4120
4300 4121
4301 4122
4302 4123
4303 4124
4304 4125
4305 4126
4306 4127
4307 4128
4308 4130
4309 4131
4310 4129
4311 4133
4312 4134
4313 4135
4314 4136
4315 4137
4316 4138
4317 4139
4318 4141
4319 4144
4320 4145
4321 4146
4322 4147
4323 4148
4324 4149
4325 4150
4326 4151
4327 4152
4328 4153
4329 4156
4330 4157
4331 4158
4332 4159
4333 4160
4334 4161
4335 4162
4336 4163
4337 4164
4338 4165
4339 4166
4340 4167
4341 4168
4342 4169
4343 4170
4344 4171
4345 4172
4346 4173
4347 4174
4348 4175
4349 4176
4350 4177
4351 4178
4352 4179
4353 4180
4354 4181
4355 4182
4356 4183
4357 4184
4358 4186
4359 4187
4360 4188
4361 4189
4362 4190
4363 4191
4364 4193
4365 4195
4366 4196
4367 4197
4368 4198
4369 4199
4370 4200
4371 4201
4372 4202
4373 4204
4374 4205
4375 4206
4376 4207
4377 4208
4378 4209
4379 4210
4380 4211
4381 4212
4382 4213
4383 4215
4384 4216
4385 4217
4386 4218
4387 4222
4388 4221
4389 4220
4390 4223
4391 4224
4392 4225
4393 4226
4394 4244
4395 4243
4396 4242
4397 4241
4398 4240
4399 4239
4400 4238
4401 4237
4402 4236
4403 4235
4404 4234
4405 4233
4406 4232
4407 4231
4408 4230
4409 4229
4410 4228
4411 4227
4412 4245
4413 4246
4414 4247
4415 4249
4416 4248
4417 4250
4418 4251
4419 4252
4420 4253
4421 4256
4422 4257
4423 4258
4424 4259
4425 4300
4426 4260
4427 4261
4428 4262
4429 4263
4430 4264
4431 4265
4432 4266
4433 4267
4434 4269
4435 4270
4436 4271
4437 4272
4438 4273
4439 4274
4440 4275
4441 4276
4442 4277
4443 4278
4444 4279
4445 4280
4446 4281
4447 4282
4448 4283
4449 4284
4450 4285
4451 4286
4452 4287
4453 4288
4454 4290
4455 4291
4456 4292
4457 4293
4458 4294
4459 4295
4460 4296
4461 4297
4462 4298
4463 4302
4464 4301
4465 4299
4466 5168
4467 4303
4468 4304
4469 4305
4470 4306
4471 4307
4472 4308
4473 4309
4474 4311
4475 4312
4476 4313
4477 4314
4478 4315
4479 4316
4480 4317
4481 4319
4482 4323
4483 4324
4484 4349
4485 4348
4486 4347
4487 4344
4488 4343
4489 4339
4490 4338
4491 4337
4492 4336
4493 4335
4494 4334
4495 4333
4496 4332
4497 4331
4498 4330
4499 4328
4500 4327
4501 4869
4502 4867
4503 4866
4504 4670
4505 4351
4506 4352
4507 4353
4508 4354
4509 4355
4510 4356
4511 4357
4512 4358
4513 4359
4514 4360
4515 4361
4516 4362
4517 4363
4518 4364
4519 4365
4520 4366
4521 4367
4522 4368
4523 4369
4524 4371
4525 4372
4526 4373
4527 4374
4528 4375
4529 4376
4530 4377
4531 4378
4532 4379
4533 4380
4534 4381
4535 4382
4536 4383
4537 4384
4538 4385
4539 4386
4540 4387
4541 4388
4542 4389
4543 4390
4544 4391
4545 4393
4546 4394
4547 4395
4548 4396
4549 4397
4550 4398
4551 4399
4552 4400
4553 4401
4554 4402
4555 4403
4556 4404
4557 4405
4558 4406
4559 4407
4560 4408
4561 4409
4562 4410
4563 4411
4564 4412
4565 4413
4566 4414
4567 4415
4568 4416
4569 4417
4570 4418
4571 4419
4572 4420
4573 4421
4574 4423
4575 4424
4576 4425
4577 4426
4578 4427
4579 4428
4580 4429
4581 4430
4582 4432
4583 4431
4584 4433
4585 4434
4586 4435
4587 4436
4588 4437
4589 4438
4590 4439
4591 4440
4592 4441
4593 4442
4594 4443
4595 4444
4596 4445
4597 4447
4598 4450
4599 4449
4600 4448
4601 4446
4602 4451
4603 4452
4604 4453
4605 4454
4606 4455
4607 4457
4608 4458
4609 4459
4610 4460
4611 4461
4612 4462
4613 4463
4614 4464
4615 4465
4616 4466
4617 4468
4618 4469
4619 4470
4620 4471
4621 4472
4622 4473
4623 4474
4624 4475
4625 4476
4626 4477
4627 4478
4628 4479
4629 4480
4630 4481
4631 4482
4632 4483
4633 4484
4634 4485
4635 4486
4636 4487
4637 4488
4638 4489
4639 4490
4640 4491
4641 4492
4642 4493
4643 4494
4644 4495
4645 4496
4646 4497
4647 4499
4648 4500
4649 4501
4650 4502
4651 4503
4652 4504
4653 4505
4654 4506
4655 4507
4656 4508
4657 4509
4658 4510
4659 4511
4660 4512
4661 4513
4662 4514
4663 4515
4664 4516
4665 4517
4666 4518
4667 4519
4668 4520
4669 4523
4670 4524
4671 4525
4672 4526
4673 4528
4674 4527
4675 4529
4676 4530
4677 4531
4678 4532
4679 4533
4680 4534
4681 4535
4682 4536
4683 4537
4684 4538
4685 4539
4686 4549
4687 4550
4688 4551
4689 4552
4690 4553
4691 4554
4692 4555
4693 4556
4694 4557
4695 4558
4696 4559
4697 4560
4698 4561
4699 4562
4700 4563
4701 4564
4702 4565
4703 4566
4704 4567
4705 4568
4706 4569
4707 4570
4708 4571
4709 4572
4710 4573
4711 4574
4712 4575
4713 4576
4714 4577
4715 4578
4716 4579
4717 4580
4718 4581
4719 4582
4720 4583
4721 4584
4722 4585
4723 4586
4724 4587
4725 4588
4726 4589
4727 4590
4728 4591
4729 4592
4730 4593
4731 4594
4732 4596
4733 4597
4734 4598
4735 4599
4736 4600
4737 4601
4738 4602
4739 4603
4740 4604
4741 4605
4742 4606
4743 4607
4744 4608
4745 4609
4746 4610
4747 4611
4748 4612
4749 4613
4750 4614
4751 4615
4752 4616
4753 4617
4754 4618
4755 4619
4756 4620
4757 4622
4758 4623
4759 4624
4760 4625
4761 4626
4762 4627
4763 4628
4764 4629
4765 4630
4766 4631
4767 4632
4768 4633
4769 4634
4770 4635
4771 4637
4772 4638
4773 4639
4774 4640
4775 4642
4776 4643
4777 4644
4778 4645
4779 4646
4780 4647
4781 4648
4782 4649
4783 4650
4784 4651
4785 4652
4786 4653
4787 4654
4788 4655
4789 4658
4790 4659
4791 4660
4792 4661
4793 4662
4794 4663
4795 4664
4796 4665
4797 4666
4798 4667
4799 4668
4800 4669
4801 4671
4802 4672
4803 4673
4804 4675
4805 4674
4806 4676
4807 4677
4808 4679
4809 4680
4810 4681
4811 4682
4812 4683
4813 4684
4814 4685
4815 4686
4816 4687
4817 4688
4818 4689
4819 4690
4820 4691
4821 4692
4822 4693
4823 4694
4824 4695
4825 4696
4826 4697
4827 4698
4828 4703
4829 4704
4830 4705
4831 4706
4832 4707
4833 4708
4834 4710
4835 4709
4836 4711
4837 4712
4838 4713
4839 4715
4840 4716
4841 4718
4842 4719
4843 4720
4844 4721
4845 4722
4846 4723
4847 4724
4848 4725
4849 4726
4850 4727
4851 4728
4852 4729
4853 4730
4854 4731
4855 4733
4856 4734
4857 4736
4858 4737
4859 4738
4860 4739
4861 4740
4862 4741
4863 4743
4864 4742
4865 4744
4866 4745
4867 4746
4868 4747
4869 4748
4870 4749
4871 4750
4872 4751
4873 4752
4874 4753
4875 4754
4876 4755
4877 4756
4878 4757
4879 4758
4880 4759
4881 4760
4882 4761
4883 4762
4884 4763
4885 4764
4886 4766
4887 4767
4888 4768
4889 4770
4890 4771
4891 4772
4892 4773
4893 4774
4894 4783
4895 4784
4896 4785
4897 4786
4898 4788
4899 4789
4900 4790
4901 4791
4902 4792
4903 4793
4904 4794
4905 4795
4906 4796
4907 4797
4908 4798
4909 4799
4910 4800
4911 4801
4912 4802
4913 4803
4914 4804
4915 4806
4916 4807
4917 4808
4918 4809
4919 4810
4920 4811
4921 4812
4922 4813
4923 4814
4924 4815
4925 4816
4926 4817
4927 4818
4928 4819
4929 4820
4930 4821
4931 4822
4932 4823
4933 4824
4934 4825
4935 4827
4936 4828
4937 4829
4938 4830
4939 4831
4940 4832
4941 4833
4942 4834
4943 4835
4944 4836
4945 4837
4946 4838
4947 4839
4948 4840
4949 4841
4950 4842
4951 4843
4952 4844
4953 4845
4954 4846
4955 4847
4956 4848
4957 4849
4958 4850
4959 4852
4960 4853
4961 4854
4962 4855
4963 4856
4964 4857
4965 4858
4966 4859
4967 4860
4968 4861
4969 4862
4970 4863
4971 4864
4972 4865
4973 4870
4974 4871
4975 4872
4976 4873
4977 4874
4978 4875
4979 4876
4980 4877
4981 4878
4982 4879
4983 4881
4984 4882
4985 4883
4986 4886
4987 4887
4988 4888
4989 4889
4990 4890
4991 4891
4992 4892
4993 4893
4994 4894
4995 4899
4996 4900
4997 4901
4998 4902
4999 4903
5000 4904
5001 4905
5002 4906
5003 4907
5004 4908
5005 4909
5006 4910
5007 4911
5008 4913
5009 4912
5010 4916
5011 4918
5012 4919
5013 4920
5014 4921
5015 4922
5016 4923
5017 4924
5018 4925
5019 4926
5020 4927
5021 4928
5022 4929
5023 4930
5024 4931
5025 4932
5026 4933
5027 4934
5028 4935
5029 4936
5030 4937
5031 4938
5032 4939
5033 4940
5034 4941
5035 4942
5036 4943
5037 4944
5038 4945
5039 4946
5040 4947
5041 4948
5042 4949
5043 4950
5044 4951
5045 4952
5046 4953
5047 4954
5048 4957
5049 4958
5050 4959
5051 4960
5052 4961
5053 4962
5054 4971
5055 4972
5056 4973
5057 4974
5058 4975
5059 4976
5060 4977
5061 4978
5062 4979
5063 4980
5064 4981
5065 4982
5066 4983
5067 4984
5068 4985
5069 4986
5070 4987
5071 4988
5072 4989
5073 4990
5074 4992
5075 4993
5076 4994
5077 4995
5078 4996
5079 4997
5080 4999
5081 5002
5082 5003
5083 5004
5084 5005
5085 5006
5086 5007
5087 5008
5088 5009
5089 5010
5090 5011
5091 5012
5092 5022
5093 5019
5094 5018
5095 5017
5096 5016
5097 5015
5098 5014
5099 5023
5100 5024
5101 5025
5102 5026
5103 5027
5104 5028
5105 5029
5106 5030
5107 5031
5108 5032
5109 5033
5110 5034
5111 5035
5112 5036
5113 5038
5114 5039
5115 5040
5116 5041
5117 5042
5118 5043
5119 5044
5120 5045
5121 5046
5122 5047
5123 5057
5124 5058
5125 5059
5126 5060
5127 5061
5128 5062
5129 5065
5130 5064
5131 5066
5132 5067
5133 5068
5134 5069
5135 5070
5136 5071
5137 5074
5138 5075
5139 5076
5140 5077
5141 5078
5142 5080
5143 5079
5144 5081
5145 5082
5146 5083
5147 5085
5148 5086
5149 5087
5150 5088
5151 5108
5152 5109
5153 5110
5154 5111
5155 5112
5156 5113
5157 5118
5158 5119
5159 5120
5160 5121
5161 5122
5162 5125
5163 5126
5164 5127
5165 5128
5166 5129
5167 5130
5168 5167
5169 5169
5170 5170
5171 5171
5172 5172
5173 5173
5174 5174
5175 5175
5176 5176
5177 5177
5178 5178
5179 5179
5180 5180
5181 5181
5182 5182
5183 5183
5184 5184
5185 5185
5186 5186
5187 5187
5188 5188
5189 5189
