0 0
1 1
2 1575
3 104
4 82
5 42
6 26
7 15
8 2
9 3
10 2834
11 1860
12 1840
13 793
14 182
15 166
16 92
17 8
18 6
19 4
20 5
21 47
22 7
23 9
24 10
25 32
26 11
27 13
28 12
29 72
30 14
31 16
32 168
33 116
34 109
35 108
36 107
37 106
38 105
39 83
40 73
41 40
42 37
43 17
44 18
45 19
46 20
47 21
48 22
49 23
50 24
51 25
52 27
53 28
54 29
55 30
56 206
57 31
58 33
59 34
60 35
61 36
62 38
63 43
64 41
65 39
66 3948
67 1388
68 3538
69 44
70 45
71 246
72 46
73 48
74 49
75 50
76 51
77 52
78 53
79 54
80 5636
81 5635
82 5147
83 4283
84 2482
85 1692
86 1413
87 1123
88 721
89 717
90 202
91 165
92 55
93 56
94 57
95 58
96 59
97 60
98 61
99 62
100 63
101 64
102 66
103 65
104 67
105 68
106 69
107 70
108 71
109 74
110 75
111 76
112 77
113 78
114 79
115 80
116 81
117 85
118 84
119 86
120 87
121 88
122 89
123 90
124 91
125 94
126 93
127 95
128 96
129 97
130 98
131 99
132 100
133 101
134 102
135 103
136 648
137 181
138 110
139 111
140 112
141 113
142 114
143 115
144 117
145 118
146 119
147 120
148 121
149 122
150 123
151 4554
152 3343
153 2107
154 1767
155 124
156 125
157 126
158 127
159 128
160 129
161 130
162 131
163 132
164 133
165 134
166 140
167 139
168 138
169 137
170 136
171 135
172 702
173 656
174 554
175 141
176 142
177 143
178 144
179 145
180 146
181 147
182 148
183 149
184 150
185 151
186 152
187 153
188 154
189 155
190 156
191 157
192 158
193 159
194 160
195 161
196 162
197 163
198 164
199 937
200 167
201 169
202 170
203 171
204 172
205 173
206 174
207 175
208 176
209 177
210 178
211 179
212 180
213 183
214 184
215 185
216 186
217 187
218 188
219 189
220 190
221 191
222 192
223 193
224 194
225 195
226 196
227 197
228 198
229 199
230 200
231 4415
232 4189
233 3260
234 2466
235 1244
236 462
237 211
238 201
239 203
240 204
241 4983
242 3537
243 1991
244 458
245 207
246 205
247 208
248 209
249 210
250 1023
251 212
252 213
253 214
254 215
255 216
256 217
257 218
258 219
259 220
260 221
261 226
262 225
263 224
264 223
265 222
266 1302
267 696
268 227
269 228
270 229
271 230
272 231
273 232
274 233
275 234
276 235
277 236
278 237
279 238
280 239
281 240
282 241
283 242
284 243
285 244
286 245
287 247
288 248
289 249
290 250
291 251
292 252
293 253
294 254
295 255
296 256
297 257
298 258
299 259
300 260
301 261
302 262
303 263
304 264
305 265
306 266
307 267
308 268
309 269
310 270
311 271
312 272
313 273
314 274
315 275
316 276
317 277
318 278
319 279
320 280
321 282
322 281
323 283
324 284
325 285
326 286
327 287
328 288
329 289
330 290
331 291
332 292
333 293
334 294
335 295
336 296
337 297
338 298
339 299
340 300
341 301
342 302
343 303
344 304
345 305
346 306
347 307
348 308
349 309
350 310
351 311
352 314
353 313
354 312
355 315
356 316
357 317
358 318
359 319
360 321
361 320
362 1939
363 1149
364 322
365 323
366 324
367 325
368 326
369 327
370 328
371 329
372 330
373 331
374 332
375 333
376 334
377 335
378 337
379 336
380 1058
381 338
382 339
383 340
384 341
385 342
386 343
387 344
388 345
389 346
390 347
391 348
392 350
393 349
394 351
395 352
396 353
397 354
398 355
399 356
400 357
401 358
402 359
403 360
404 361
405 362
406 363
407 364
408 365
409 366
410 367
411 368
412 369
413 370
414 371
415 372
416 373
417 374
418 376
419 375
420 377
421 378
422 379
423 380
424 381
425 382
426 383
427 384
428 385
429 386
430 387
431 388
432 389
433 390
434 391
435 392
436 393
437 394
438 395
439 396
440 397
441 398
442 399
443 400
444 401
445 402
446 403
447 404
448 405
449 406
450 407
451 408
452 409
453 410
454 411
455 413
456 412
457 414
458 415
459 416
460 417
461 418
462 419
463 420
464 421
465 422
466 423
467 424
468 425
469 426
470 427
471 428
472 429
473 430
474 431
475 432
476 433
477 434
478 435
479 436
480 437
481 438
482 439
483 440
484 4274
485 876
486 441
487 442
488 443
489 444
490 445
491 446
492 447
493 448
494 4357
495 449
496 450
497 451
498 452
499 453
500 454
501 455
502 456
503 457
504 461
505 460
506 459
507 4244
508 3409
509 2306
510 2155
511 720
512 704
513 639
514 582
515 463
516 464
517 465
518 466
519 467
520 468
521 469
522 470
523 471
524 472
525 473
526 474
527 475
528 476
529 477
530 478
531 479
532 480
533 481
534 482
535 483
536 484
537 489
538 488
539 487
540 486
541 485
542 2415
543 1187
544 490
545 491
546 492
547 493
548 494
549 495
550 496
551 497
552 498
553 499
554 500
555 501
556 502
557 503
558 504
559 505
560 506
561 507
562 5103
563 2165
564 1125
565 508
566 509
567 510
568 511
569 512
570 513
571 514
572 515
573 516
574 517
575 518
576 519
577 520
578 521
579 522
580 523
581 524
582 525
583 526
584 527
585 528
586 529
587 530
588 531
589 532
590 533
591 534
592 535
593 536
594 537
595 538
596 539
597 540
598 541
599 542
600 543
601 544
602 545
603 546
604 547
605 548
606 549
607 551
608 550
609 552
610 553
611 555
612 556
613 560
614 559
615 558
616 557
617 5122
618 4200
619 561
620 562
621 564
622 563
623 565
624 566
625 567
626 568
627 569
628 570
629 571
630 572
631 573
632 574
633 575
634 576
635 577
636 578
637 579
638 580
639 581
640 584
641 583
642 5418
643 1803
644 1157
645 3406
646 2278
647 2206
648 2205
649 2118
650 2117
651 2116
652 1888
653 1709
654 797
655 585
656 586
657 3403
658 2638
659 662
660 588
661 587
662 589
663 590
664 591
665 592
666 593
667 594
668 595
669 596
670 597
671 598
672 599
673 600
674 601
675 602
676 603
677 604
678 605
679 606
680 607
681 608
682 609
683 610
684 611
685 612
686 613
687 614
688 615
689 616
690 617
691 618
692 619
693 620
694 621
695 622
696 623
697 626
698 625
699 624
700 1685
701 978
702 627
703 628
704 629
705 630
706 631
707 632
708 633
709 634
710 635
711 645
712 644
713 643
714 642
715 641
716 640
717 638
718 637
719 636
720 646
721 647
722 5829
723 2967
724 649
725 650
726 651
727 652
728 653
729 655
730 658
731 657
732 654
733 5264
734 5247
735 3392
736 1201
737 4268
738 659
739 660
740 661
741 663
742 664
743 665
744 666
745 667
746 668
747 669
748 670
749 671
750 672
751 673
752 674
753 675
754 676
755 677
756 678
757 679
758 680
759 5722
760 5721
761 5720
762 5719
763 5718
764 5717
765 5716
766 5715
767 5714
768 5556
769 5176
770 3978
771 3863
772 3523
773 3305
774 920
775 919
776 918
777 681
778 682
779 683
780 684
781 685
782 687
783 686
784 3524
785 688
786 689
787 690
788 691
789 692
790 693
791 694
792 705
793 703
794 701
795 700
796 699
797 698
798 697
799 695
800 874
801 5528
802 5527
803 3783
804 3205
805 2438
806 1414
807 5869
808 5868
809 5867
810 3653
811 3652
812 3651
813 3650
814 3649
815 3648
816 3647
817 3646
818 3645
819 3644
820 3643
821 3642
822 3641
823 3640
824 3577
825 3555
826 3554
827 1766
828 1554
829 3408
830 3407
831 3405
832 3404
833 3402
834 3401
835 1691
836 1690
837 1059
838 1051
839 2846
840 706
841 707
842 708
843 709
844 710
845 711
846 712
847 713
848 714
849 715
850 719
851 718
852 716
853 4337
854 778
855 5872
856 5693
857 5692
858 5587
859 5434
860 5433
861 5351
862 5251
863 5242
864 5241
865 5240
866 5239
867 5234
868 4889
869 4865
870 4616
871 4455
872 4340
873 4217
874 4205
875 4202
876 3934
877 3933
878 3864
879 3839
880 3735
881 3718
882 3694
883 3685
884 3654
885 3228
886 3109
887 3103
888 3102
889 2434
890 2378
891 2270
892 2202
893 2145
894 2073
895 2061
896 2031
897 2030
898 2029
899 2028
900 2027
901 2026
902 2025
903 2024
904 2023
905 2022
906 2021
907 2020
908 2019
909 2018
910 2017
911 2016
912 2015
913 2014
914 2013
915 1926
916 1838
917 1693
918 1535
919 1525
920 1410
921 1386
922 1355
923 5871
924 5870
925 1336
926 722
927 723
928 724
929 725
930 726
931 727
932 728
933 729
934 730
935 731
936 732
937 733
938 734
939 735
940 736
941 737
942 738
943 739
944 740
945 741
946 742
947 743
948 744
949 745
950 746
951 747
952 748
953 749
954 750
955 751
956 752
957 753
958 754
959 755
960 756
961 757
962 758
963 759
964 760
965 761
966 762
967 763
968 764
969 765
970 766
971 767
972 768
973 769
974 770
975 771
976 772
977 773
978 775
979 774
980 776
981 777
982 5551
983 4338
984 4336
985 2582
986 875
987 779
988 780
989 782
990 781
991 783
992 784
993 785
994 786
995 787
996 788
997 789
998 790
999 791
1000 792
1001 926
1002 794
1003 795
1004 796
1005 798
1006 799
1007 800
1008 801
1009 802
1010 803
1011 804
1012 805
1013 806
1014 807
1015 808
1016 809
1017 3307
1018 3306
1019 1122
1020 810
1021 811
1022 812
1023 813
1024 814
1025 815
1026 816
1027 817
1028 818
1029 819
1030 820
1031 821
1032 822
1033 823
1034 824
1035 825
1036 826
1037 827
1038 828
1039 829
1040 830
1041 831
1042 832
1043 833
1044 834
1045 835
1046 836
1047 837
1048 838
1049 839
1050 840
1051 841
1052 842
1053 843
1054 844
1055 845
1056 846
1057 847
1058 848
1059 849
1060 850
1061 851
1062 852
1063 853
1064 854
1065 855
1066 856
1067 857
1068 858
1069 859
1070 860
1071 861
1072 862
1073 863
1074 864
1075 865
1076 866
1077 867
1078 868
1079 869
1080 870
1081 871
1082 872
1083 873
1084 5853
1085 4213
1086 2291
1087 2290
1088 1203
1089 877
1090 878
1091 879
1092 880
1093 881
1094 882
1095 883
1096 884
1097 885
1098 886
1099 887
1100 888
1101 889
1102 890
1103 891
1104 892
1105 893
1106 894
1107 895
1108 896
1109 897
1110 898
1111 899
1112 900
1113 901
1114 902
1115 903
1116 904
1117 905
1118 906
1119 907
1120 908
1121 909
1122 910
1123 911
1124 912
1125 913
1126 914
1127 915
1128 916
1129 917
1130 921
1131 922
1132 923
1133 924
1134 925
1135 927
1136 928
1137 929
1138 930
1139 931
1140 932
1141 933
1142 934
1143 935
1144 936
1145 938
1146 939
1147 940
1148 941
1149 942
1150 943
1151 944
1152 945
1153 946
1154 947
1155 948
1156 949
1157 950
1158 951
1159 952
1160 953
1161 954
1162 955
1163 956
1164 957
1165 958
1166 959
1167 960
1168 961
1169 962
1170 963
1171 964
1172 965
1173 966
1174 967
1175 4271
1176 3836
1177 968
1178 969
1179 970
1180 971
1181 972
1182 973
1183 974
1184 975
1185 976
1186 977
1187 5356
1188 979
1189 980
1190 981
1191 982
1192 983
1193 984
1194 985
1195 986
1196 987
1197 988
1198 989
1199 990
1200 991
1201 992
1202 993
1203 994
1204 995
1205 996
1206 997
1207 998
1208 999
1209 1000
1210 1001
1211 1002
1212 1003
1213 1004
1214 1005
1215 1006
1216 1007
1217 1008
1218 1009
1219 1010
1220 1011
1221 1012
1222 1013
1223 1014
1224 1015
1225 1016
1226 1017
1227 1018
1228 1019
1229 1020
1230 1021
1231 1022
1232 1024
1233 1025
1234 1026
1235 1027
1236 1028
1237 1029
1238 1030
1239 1031
1240 1032
1241 1033
1242 1034
1243 1035
1244 1036
1245 1037
1246 1038
1247 1039
1248 1040
1249 1041
1250 1042
1251 1043
1252 1044
1253 1045
1254 1046
1255 1047
1256 1048
1257 1049
1258 1050
1259 5710
1260 1052
1261 1053
1262 1054
1263 1055
1264 1056
1265 1057
1266 1060
1267 1061
1268 1062
1269 1063
1270 1064
1271 1065
1272 1066
1273 1067
1274 1068
1275 1069
1276 1070
1277 1071
1278 1072
1279 1073
1280 1074
1281 1075
1282 1076
1283 1077
1284 1078
1285 1079
1286 1080
1287 1081
1288 1082
1289 1083
1290 1084
1291 1085
1292 1086
1293 1087
1294 1088
1295 1090
1296 1089
1297 1091
1298 1092
1299 1093
1300 1094
1301 1095
1302 1096
1303 1097
1304 1098
1305 1099
1306 1100
1307 1101
1308 1102
1309 1103
1310 1104
1311 1105
1312 1106
1313 1107
1314 1108
1315 1109
1316 1110
1317 1111
1318 1112
1319 1113
1320 1114
1321 1115
1322 1116
1323 1117
1324 1118
1325 1120
1326 1124
1327 1121
1328 1119
1329 5954
1330 5953
1331 5952
1332 5138
1333 4734
1334 4615
1335 4609
1336 4536
1337 4438
1338 4308
1339 4298
1340 4296
1341 3987
1342 3927
1343 3701
1344 3700
1345 3699
1346 3698
1347 3697
1348 3696
1349 3695
1350 3693
1351 2851
1352 2850
1353 2184
1354 2183
1355 2150
1356 1837
1357 1126
1358 1127
1359 1128
1360 1129
1361 1130
1362 1131
1363 1132
1364 1133
1365 1134
1366 1135
1367 1136
1368 1137
1369 1138
1370 1139
1371 1140
1372 1141
1373 1142
1374 1143
1375 1144
1376 1145
1377 1146
1378 1147
1379 1148
1380 1150
1381 1151
1382 1152
1383 1153
1384 1154
1385 1155
1386 1156
1387 1158
1388 1159
1389 5483
1390 3257
1391 1160
1392 1161
1393 1162
1394 1163
1395 1164
1396 1165
1397 1166
1398 1167
1399 1168
1400 1169
1401 1170
1402 1171
1403 1172
1404 1173
1405 1174
1406 1175
1407 1176
1408 1177
1409 1178
1410 1179
1411 1180
1412 1181
1413 1182
1414 1183
1415 1184
1416 1185
1417 1186
1418 1188
1419 1189
1420 1190
1421 1191
1422 1194
1423 1193
1424 1192
1425 1195
1426 1196
1427 1197
1428 1198
1429 1199
1430 1200
1431 1202
1432 1204
1433 1205
1434 1206
1435 1207
1436 1209
1437 1208
1438 5937
1439 3240
1440 1210
1441 1211
1442 1212
1443 1213
1444 1214
1445 1215
1446 1216
1447 1217
1448 1218
1449 1219
1450 1220
1451 1221
1452 1222
1453 1224
1454 1223
1455 5688
1456 5577
1457 5338
1458 2964
1459 1225
1460 1226
1461 1227
1462 1228
1463 1229
1464 1230
1465 1231
1466 1232
1467 1233
1468 1234
1469 1235
1470 1236
1471 1237
1472 1238
1473 1239
1474 1240
1475 1241
1476 1245
1477 1243
1478 1242
1479 1731
1480 1246
1481 1247
1482 1248
1483 1249
1484 1250
1485 1251
1486 1252
1487 1253
1488 1254
1489 1255
1490 1256
1491 1257
1492 1258
1493 1259
1494 1260
1495 1261
1496 1262
1497 1263
1498 1264
1499 1265
1500 1266
1501 1267
1502 1268
1503 1269
1504 1270
1505 1271
1506 1272
1507 1273
1508 1274
1509 1275
1510 1276
1511 1277
1512 1278
1513 1279
1514 1280
1515 1281
1516 1282
1517 1283
1518 1284
1519 1285
1520 1286
1521 1287
1522 1288
1523 1289
1524 1290
1525 1291
1526 1292
1527 1293
1528 1294
1529 1295
1530 1296
1531 1297
1532 1298
1533 1299
1534 1300
1535 1301
1536 1303
1537 1304
1538 1305
1539 1306
1540 1307
1541 1308
1542 1309
1543 1310
1544 1311
1545 1312
1546 1316
1547 1315
1548 1314
1549 1313
1550 5530
1551 5529
1552 2852
1553 2503
1554 1802
1555 1992
1556 1317
1557 1318
1558 1319
1559 1320
1560 1321
1561 1322
1562 1323
1563 1324
1564 1325
1565 1326
1566 1327
1567 1328
1568 1329
1569 1330
1570 1331
1571 1337
1572 1335
1573 1334
1574 1333
1575 1332
1576 4574
1577 1338
1578 1339
1579 1340
1580 1341
1581 1342
1582 1343
1583 1344
1584 1345
1585 1346
1586 1347
1587 1348
1588 1349
1589 1350
1590 1351
1591 1352
1592 1353
1593 1354
1594 1356
1595 1357
1596 1358
1597 1359
1598 1360
1599 1361
1600 1362
1601 1363
1602 1364
1603 1365
1604 1366
1605 1367
1606 1368
1607 1369
1608 1370
1609 1371
1610 1372
1611 1373
1612 1374
1613 1375
1614 1376
1615 1377
1616 1378
1617 5671
1618 5670
1619 1379
1620 1380
1621 1381
1622 1382
1623 1383
1624 1384
1625 1385
1626 1387
1627 1389
1628 1390
1629 1391
1630 1392
1631 1393
1632 1394
1633 1395
1634 1396
1635 1397
1636 1398
1637 1399
1638 1400
1639 1401
1640 1402
1641 1403
1642 1404
1643 1405
1644 1406
1645 1407
1646 1408
1647 1409
1648 1411
1649 1412
1650 3566
1651 1415
1652 1416
1653 1417
1654 1418
1655 1419
1656 1420
1657 1421
1658 1422
1659 1423
1660 1424
1661 1425
1662 1426
1663 1427
1664 1428
1665 1429
1666 1430
1667 1431
1668 1432
1669 1433
1670 1434
1671 1435
1672 1436
1673 1437
1674 1438
1675 1439
1676 1440
1677 1441
1678 1442
1679 1443
1680 1444
1681 1445
1682 1446
1683 1447
1684 1448
1685 1449
1686 1450
1687 1451
1688 1452
1689 1453
1690 1454
1691 1455
1692 1456
1693 1457
1694 1458
1695 1459
1696 3563
1697 3562
1698 1460
1699 1461
1700 1462
1701 1463
1702 1464
1703 1465
1704 1466
1705 1467
1706 1468
1707 1469
1708 1470
1709 1471
1710 1472
1711 1473
1712 1474
1713 1475
1714 1476
1715 1477
1716 1478
1717 1479
1718 1480
1719 1481
1720 1482
1721 1483
1722 1484
1723 1485
1724 1486
1725 1487
1726 1488
1727 1489
1728 1490
1729 1491
1730 1492
1731 1493
1732 1494
1733 1496
1734 1501
1735 1500
1736 1499
1737 1498
1738 1497
1739 1495
1740 1502
1741 1503
1742 1504
1743 1505
1744 1506
1745 1507
1746 1508
1747 1509
1748 1510
1749 1511
1750 1512
1751 1513
1752 1514
1753 1515
1754 1516
1755 1517
1756 1518
1757 1519
1758 1520
1759 1521
1760 1522
1761 1523
1762 1524
1763 4962
1764 1526
1765 1527
1766 1528
1767 1529
1768 1530
1769 1531
1770 1532
1771 1533
1772 1534
1773 2251
1774 1536
1775 1537
1776 1538
1777 1539
1778 1540
1779 1542
1780 1541
1781 1543
1782 1544
1783 1545
1784 1546
1785 1547
1786 1548
1787 1549
1788 1552
1789 1551
1790 1550
1791 1553
1792 1555
1793 1556
1794 1557
1795 1558
1796 1559
1797 1560
1798 1561
1799 1562
1800 1563
1801 1564
1802 1565
1803 1566
1804 1567
1805 1568
1806 1569
1807 1570
1808 1571
1809 1572
1810 1573
1811 1574
1812 1576
1813 1577
1814 1578
1815 1579
1816 1580
1817 1581
1818 1582
1819 1583
1820 1584
1821 1585
1822 1586
1823 1587
1824 1588
1825 1589
1826 1590
1827 1591
1828 1592
1829 1593
1830 1594
1831 1595
1832 1596
1833 1597
1834 1598
1835 1599
1836 1600
1837 1601
1838 1602
1839 1603
1840 1604
1841 1605
1842 1606
1843 1607
1844 1608
1845 1609
1846 1610
1847 1611
1848 1612
1849 1613
1850 1614
1851 1615
1852 1616
1853 1617
1854 1618
1855 1619
1856 1620
1857 1621
1858 1622
1859 1623
1860 1624
1861 1625
1862 1626
1863 1627
1864 1628
1865 1629
1866 1630
1867 1631
1868 1632
1869 1633
1870 1634
1871 1635
1872 1636
1873 1637
1874 1638
1875 1639
1876 1640
1877 1641
1878 1642
1879 1643
1880 1644
1881 1645
1882 1646
1883 1647
1884 1648
1885 1649
1886 1650
1887 1651
1888 1652
1889 1653
1890 1654
1891 1655
1892 1656
1893 1657
1894 1658
1895 1659
1896 1660
1897 1661
1898 1662
1899 1663
1900 1664
1901 1665
1902 1666
1903 1667
1904 1668
1905 1669
1906 1670
1907 1671
1908 1672
1909 1673
1910 1674
1911 1675
1912 1676
1913 1677
1914 1678
1915 1679
1916 1680
1917 1681
1918 1682
1919 1683
1920 1684
1921 1686
1922 1687
1923 1688
1924 1689
1925 1694
1926 1695
1927 1696
1928 1697
1929 1698
1930 1699
1931 1700
1932 2284
1933 1701
1934 1702
1935 1703
1936 1704
1937 1705
1938 1706
1939 1707
1940 1708
1941 1711
1942 1710
1943 1712
1944 1713
1945 1714
1946 1715
1947 1716
1948 1717
1949 1718
1950 1719
1951 1720
1952 1721
1953 1722
1954 1723
1955 1724
1956 1725
1957 1726
1958 1727
1959 1728
1960 1729
1961 1730
1962 1732
1963 1733
1964 1734
1965 1735
1966 1736
1967 1737
1968 1738
1969 1739
1970 1740
1971 1741
1972 1742
1973 1743
1974 1744
1975 1745
1976 1746
1977 1747
1978 1748
1979 1749
1980 1750
1981 1751
1982 1752
1983 1753
1984 1754
1985 1755
1986 1756
1987 1757
1988 1758
1989 1759
1990 1760
1991 1761
1992 1765
1993 1764
1994 1763
1995 1762
1996 1768
1997 1769
1998 1770
1999 1771
2000 1772
2001 1773
2002 1774
2003 1775
2004 1776
2005 1777
2006 1778
2007 1779
2008 1780
2009 1781
2010 1782
2011 1783
2012 1784
2013 1785
2014 1786
2015 1787
2016 1789
2017 1788
2018 1790
2019 1791
2020 1792
2021 1793
2022 1794
2023 1795
2024 1796
2025 1797
2026 1798
2027 1799
2028 1800
2029 1801
2030 1804
2031 1805
2032 1806
2033 1809
2034 1808
2035 1807
2036 1810
2037 1811
2038 1812
2039 1813
2040 1814
2041 1815
2042 1816
2043 1817
2044 1818
2045 1819
2046 1820
2047 1821
2048 1822
2049 1823
2050 1824
2051 1825
2052 1826
2053 1827
2054 1828
2055 1829
2056 1830
2057 1831
2058 1832
2059 1833
2060 1834
2061 1839
2062 1836
2063 1835
2064 4218
2065 4212
2066 3480
2067 2269
2068 4339
2069 1841
2070 1842
2071 1843
2072 1844
2073 1845
2074 1846
2075 1847
2076 1848
2077 1849
2078 1850
2079 1851
2080 1852
2081 1853
2082 1854
2083 1855
2084 1856
2085 1857
2086 1858
2087 1859
2088 1861
2089 1862
2090 1863
2091 1864
2092 1865
2093 1866
2094 1867
2095 1869
2096 1868
2097 1870
2098 1871
2099 1872
2100 1873
2101 1874
2102 1875
2103 1876
2104 1930
2105 1929
2106 1928
2107 1877
2108 1878
2109 1879
2110 1880
2111 1881
2112 1882
2113 1883
2114 1884
2115 1885
2116 1886
2117 1887
2118 1889
2119 1890
2120 1891
2121 1892
2122 1893
2123 1894
2124 1895
2125 1896
2126 1897
2127 1898
2128 1899
2129 1900
2130 1901
2131 1902
2132 1903
2133 1904
2134 5788
2135 1905
2136 1906
2137 1907
2138 1908
2139 1909
2140 1910
2141 1911
2142 1912
2143 1913
2144 1914
2145 1916
2146 1915
2147 1917
2148 1918
2149 1919
2150 1920
2151 1921
2152 1922
2153 1923
2154 1924
2155 1925
2156 1927
2157 1931
2158 1932
2159 1933
2160 1934
2161 1935
2162 1936
2163 1937
2164 1938
2165 1940
2166 1941
2167 1942
2168 1943
2169 1944
2170 1945
2171 1946
2172 1947
2173 1948
2174 1949
2175 1950
2176 1951
2177 1952
2178 1953
2179 1954
2180 1955
2181 1956
2182 1957
2183 3394
2184 1958
2185 1959
2186 1960
2187 1961
2188 1962
2189 1963
2190 1964
2191 1965
2192 1966
2193 1967
2194 1968
2195 1969
2196 1970
2197 2874
2198 1971
2199 1972
2200 1973
2201 1974
2202 1975
2203 1976
2204 1977
2205 1978
2206 1979
2207 1980
2208 1981
2209 1982
2210 1983
2211 1984
2212 1985
2213 1986
2214 1987
2215 1988
2216 1989
2217 1990
2218 1993
2219 1994
2220 1995
2221 1996
2222 1997
2223 1998
2224 1999
2225 2000
2226 2001
2227 2002
2228 2003
2229 2004
2230 2005
2231 2006
2232 2007
2233 2008
2234 2009
2235 2010
2236 2011
2237 2012
2238 2032
2239 2033
2240 2034
2241 2035
2242 2036
2243 2037
2244 2038
2245 2039
2246 2040
2247 2041
2248 2042
2249 2043
2250 2044
2251 2045
2252 2046
2253 2047
2254 2048
2255 2049
2256 2050
2257 2051
2258 2052
2259 2053
2260 2054
2261 2055
2262 2056
2263 2057
2264 2058
2265 5097
2266 5096
2267 5095
2268 4432
2269 4316
2270 3705
2271 3184
2272 2059
2273 2060
2274 4551
2275 4216
2276 3826
2277 2853
2278 2348
2279 2237
2280 2062
2281 2063
2282 2064
2283 2065
2284 2066
2285 2067
2286 2068
2287 2069
2288 2070
2289 2071
2290 2072
2291 2074
2292 2075
2293 2076
2294 2077
2295 2078
2296 2079
2297 2080
2298 2081
2299 2082
2300 2083
2301 2084
2302 2085
2303 2086
2304 2087
2305 2088
2306 2089
2307 2090
2308 2091
2309 2092
2310 2093
2311 2094
2312 2095
2313 2096
2314 2097
2315 2098
2316 2099
2317 2100
2318 2101
2319 2102
2320 2103
2321 2104
2322 2105
2323 2106
2324 2108
2325 2109
2326 2110
2327 2111
2328 2112
2329 2113
2330 2114
2331 2115
2332 2119
2333 2120
2334 2121
2335 2122
2336 2123
2337 2124
2338 2125
2339 2126
2340 2127
2341 2128
2342 2129
2343 2130
2344 2131
2345 2132
2346 2133
2347 2134
2348 2135
2349 2136
2350 2137
2351 2138
2352 2139
2353 2140
2354 2141
2355 2142
2356 2143
2357 2144
2358 2146
2359 2151
2360 2149
2361 2148
2362 2147
2363 5696
2364 5695
2365 5694
2366 3994
2367 2480
2368 3036
2369 2152
2370 2153
2371 2154
2372 5711
2373 2156
2374 2157
2375 2158
2376 2159
2377 2160
2378 2161
2379 2162
2380 2163
2381 2164
2382 2166
2383 2167
2384 2168
2385 2169
2386 2170
2387 2171
2388 2172
2389 2173
2390 2174
2391 2175
2392 2176
2393 2177
2394 2178
2395 2179
2396 2180
2397 2181
2398 2182
2399 2530
2400 2186
2401 2185
2402 2187
2403 2188
2404 2189
2405 2190
2406 2191
2407 2192
2408 2193
2409 2194
2410 2195
2411 2196
2412 2197
2413 2198
2414 2199
2415 2200
2416 2201
2417 2203
2418 2204
2419 2207
2420 2208
2421 2209
2422 2210
2423 2211
2424 2212
2425 2213
2426 2214
2427 2215
2428 2216
2429 2217
2430 2218
2431 2219
2432 2220
2433 2221
2434 2222
2435 2223
2436 2224
2437 2225
2438 2226
2439 2227
2440 2228
2441 2229
2442 2230
2443 2231
2444 2232
2445 2233
2446 2234
2447 2235
2448 2236
2449 2238
2450 3583
2451 2239
2452 2240
2453 2241
2454 2242
2455 2243
2456 2244
2457 2245
2458 2246
2459 2247
2460 2248
2461 2249
2462 2250
2463 3688
2464 3687
2465 2955
2466 2252
2467 2253
2468 2254
2469 2255
2470 2256
2471 2257
2472 2258
2473 2259
2474 2260
2475 2261
2476 2262
2477 2263
2478 2264
2479 2265
2480 2266
2481 2267
2482 2268
2483 2271
2484 2272
2485 2273
2486 2274
2487 2275
2488 2276
2489 2277
2490 2279
2491 2280
2492 2281
2493 2282
2494 2283
2495 2285
2496 2286
2497 2287
2498 2288
2499 2289
2500 2292
2501 2293
2502 2294
2503 2295
2504 2296
2505 2297
2506 2298
2507 2299
2508 2300
2509 2301
2510 2302
2511 2303
2512 2304
2513 2305
2514 2308
2515 2307
2516 2309
2517 2310
2518 2311
2519 2312
2520 2313
2521 2314
2522 2315
2523 2316
2524 2317
2525 2318
2526 2319
2527 2320
2528 2321
2529 2322
2530 2323
2531 2324
2532 2325
2533 2326
2534 2327
2535 2328
2536 2329
2537 2330
2538 2331
2539 2332
2540 2333
2541 2334
2542 2335
2543 2336
2544 2337
2545 2339
2546 2338
2547 2340
2548 2341
2549 2342
2550 2343
2551 2344
2552 2345
2553 2346
2554 2347
2555 2349
2556 2350
2557 2351
2558 2352
2559 2353
2560 2354
2561 2355
2562 2356
2563 2357
2564 2358
2565 2359
2566 2360
2567 2361
2568 2362
2569 2363
2570 2364
2571 2365
2572 2366
2573 2367
2574 2368
2575 2369
2576 2370
2577 2371
2578 2372
2579 2373
2580 2374
2581 2375
2582 2376
2583 2377
2584 2379
2585 2380
2586 2381
2587 2382
2588 2383
2589 2384
2590 2385
2591 2386
2592 2387
2593 2388
2594 2389
2595 2390
2596 2391
2597 2392
2598 2393
2599 2394
2600 2395
2601 2396
2602 2397
2603 2398
2604 2399
2605 2400
2606 2401
2607 2402
2608 2403
2609 2404
2610 2405
2611 2406
2612 2407
2613 2408
2614 2409
2615 2410
2616 2411
2617 2412
2618 2413
2619 2414
2620 2416
2621 2417
2622 2418
2623 2419
2624 2420
2625 2421
2626 2422
2627 2423
2628 2424
2629 2425
2630 2426
2631 2427
2632 2428
2633 2429
2634 2430
2635 2431
2636 2432
2637 2433
2638 2435
2639 2436
2640 2441
2641 2440
2642 2439
2643 2437
2644 2442
2645 2443
2646 2444
2647 2445
2648 2446
2649 2447
2650 2448
2651 2449
2652 2450
2653 2451
2654 2452
2655 2453
2656 2454
2657 2455
2658 2456
2659 2457
2660 2458
2661 2459
2662 2464
2663 2463
2664 2462
2665 2461
2666 2460
2667 2465
2668 2467
2669 2468
2670 2469
2671 2470
2672 2471
2673 2472
2674 2473
2675 2474
2676 2475
2677 2476
2678 2477
2679 2478
2680 2479
2681 2481
2682 2483
2683 2484
2684 2485
2685 2486
2686 2487
2687 2488
2688 2489
2689 2490
2690 2491
2691 2492
2692 2493
2693 2494
2694 2495
2695 2496
2696 2497
2697 2498
2698 2499
2699 2500
2700 2501
2701 2502
2702 4573
2703 2504
2704 2505
2705 2506
2706 2507
2707 2508
2708 2509
2709 2510
2710 2511
2711 2512
2712 2513
2713 2514
2714 2515
2715 2516
2716 2517
2717 2518
2718 2519
2719 2520
2720 2521
2721 2522
2722 2523
2723 2524
2724 2525
2725 2526
2726 2527
2727 2528
2728 2529
2729 2531
2730 2532
2731 2533
2732 2534
2733 2535
2734 2536
2735 2537
2736 2538
2737 2539
2738 2540
2739 2541
2740 2542
2741 2543
2742 2544
2743 2545
2744 2546
2745 2547
2746 2548
2747 2549
2748 2550
2749 2551
2750 2552
2751 2553
2752 2554
2753 2555
2754 2556
2755 2557
2756 2558
2757 2559
2758 2560
2759 2561
2760 2562
2761 2563
2762 2564
2763 2565
2764 2566
2765 2567
2766 2568
2767 2569
2768 2570
2769 2571
2770 2572
2771 2573
2772 2574
2773 2575
2774 2576
2775 2577
2776 2578
2777 2579
2778 2580
2779 2581
2780 2583
2781 2584
2782 2585
2783 2586
2784 5780
2785 2587
2786 2588
2787 2589
2788 2590
2789 2591
2790 2592
2791 2594
2792 2593
2793 2595
2794 2596
2795 2597
2796 2598
2797 2599
2798 4201
2799 3890
2800 3889
2801 3888
2802 2600
2803 2601
2804 2602
2805 2603
2806 2604
2807 2605
2808 2606
2809 2607
2810 2608
2811 2609
2812 2610
2813 2611
2814 2612
2815 2613
2816 2614
2817 2615
2818 2616
2819 2617
2820 2618
2821 2619
2822 2620
2823 2621
2824 2622
2825 2623
2826 2624
2827 2625
2828 2626
2829 2627
2830 2628
2831 2629
2832 2630
2833 2631
2834 2632
2835 2633
2836 2634
2837 2635
2838 2636
2839 2637
2840 2639
2841 2640
2842 2641
2843 2642
2844 2643
2845 2644
2846 2645
2847 2646
2848 2647
2849 2648
2850 2649
2851 2650
2852 2651
2853 2652
2854 2653
2855 2654
2856 2655
2857 2656
2858 2657
2859 2658
2860 2659
2861 2660
2862 2661
2863 2662
2864 2663
2865 2664
2866 2665
2867 2666
2868 2667
2869 2668
2870 2669
2871 2670
2872 2671
2873 2672
2874 2673
2875 2674
2876 2675
2877 2676
2878 2677
2879 2678
2880 2679
2881 2680
2882 2681
2883 2682
2884 2683
2885 2684
2886 2685
2887 2686
2888 2687
2889 2688
2890 2689
2891 2690
2892 2691
2893 2692
2894 2693
2895 2694
2896 5702
2897 5701
2898 5699
2899 4411
2900 3862
2901 3861
2902 2939
2903 2938
2904 2937
2905 2849
2906 2848
2907 2847
2908 2813
2909 2695
2910 2696
2911 2697
2912 2698
2913 2699
2914 2700
2915 2701
2916 2702
2917 2703
2918 2704
2919 2705
2920 2706
2921 2707
2922 2708
2923 2709
2924 2710
2925 2711
2926 2712
2927 2713
2928 2714
2929 2715
2930 2716
2931 2717
2932 2718
2933 2719
2934 2720
2935 2721
2936 2722
2937 2723
2938 2724
2939 2725
2940 2726
2941 2727
2942 2728
2943 2729
2944 2730
2945 2731
2946 2732
2947 2733
2948 2734
2949 2735
2950 2736
2951 2737
2952 2738
2953 2739
2954 2740
2955 2741
2956 2742
2957 2743
2958 2744
2959 2745
2960 2746
2961 2747
2962 2748
2963 2749
2964 2750
2965 2751
2966 2752
2967 2753
2968 2754
2969 2755
2970 2756
2971 2757
2972 2758
2973 2759
2974 2760
2975 2761
2976 2762
2977 2763
2978 2764
2979 2765
2980 2766
2981 2767
2982 2768
2983 2769
2984 2770
2985 2771
2986 2772
2987 2773
2988 2774
2989 2775
2990 2776
2991 2777
2992 2778
2993 2779
2994 2780
2995 2781
2996 2782
2997 2783
2998 2784
2999 2785
3000 2786
3001 2787
3002 2788
3003 2789
3004 2790
3005 2791
3006 2792
3007 2796
3008 2795
3009 2794
3010 2793
3011 2797
3012 2798
3013 2799
3014 2800
3015 2801
3016 2805
3017 2804
3018 2803
3019 2802
3020 2806
3021 2807
3022 2808
3023 2809
3024 2810
3025 2811
3026 2812
3027 2815
3028 2814
3029 2816
3030 2817
3031 2818
3032 2819
3033 2820
3034 2821
3035 2822
3036 2823
3037 2824
3038 2825
3039 2826
3040 2827
3041 2828
3042 2829
3043 2830
3044 2831
3045 2832
3046 2833
3047 2835
3048 2836
3049 2837
3050 2838
3051 2839
3052 2840
3053 2841
3054 2842
3055 2843
3056 2844
3057 2845
3058 2854
3059 2855
3060 2856
3061 3660
3062 3659
3063 2857
3064 2858
3065 2859
3066 2860
3067 2861
3068 2862
3069 2863
3070 2864
3071 2865
3072 2866
3073 2867
3074 2868
3075 2869
3076 2870
3077 2871
3078 2872
3079 2873
3080 2875
3081 2876
3082 2877
3083 2878
3084 2879
3085 2880
3086 2881
3087 2882
3088 2883
3089 2884
3090 2885
3091 2886
3092 2887
3093 2888
3094 2889
3095 2890
3096 2891
3097 2892
3098 2893
3099 2894
3100 2895
3101 2896
3102 2897
3103 2898
3104 2899
3105 2900
3106 2901
3107 2902
3108 2903
3109 2904
3110 2905
3111 2906
3112 2907
3113 2908
3114 2909
3115 2910
3116 2911
3117 2912
3118 2913
3119 2914
3120 2915
3121 2916
3122 2917
3123 2918
3124 2919
3125 2920
3126 2921
3127 2922
3128 2923
3129 2924
3130 2925
3131 2927
3132 2942
3133 2941
3134 2940
3135 2936
3136 2935
3137 2934
3138 2933
3139 2932
3140 2931
3141 2930
3142 2929
3143 2928
3144 2926
3145 4839
3146 4670
3147 4669
3148 2943
3149 2944
3150 2945
3151 2946
3152 2947
3153 2948
3154 2949
3155 2950
3156 2951
3157 2952
3158 2953
3159 3691
3160 3690
3161 3689
3162 2957
3163 2956
3164 2954
3165 2958
3166 2959
3167 2960
3168 2961
3169 2962
3170 2963
3171 5314
3172 2965
3173 2966
3174 2968
3175 2969
3176 2970
3177 2971
3178 2973
3179 2972
3180 2974
3181 2975
3182 2976
3183 2977
3184 2978
3185 2979
3186 2980
3187 2981
3188 2982
3189 2983
3190 2984
3191 2986
3192 2997
3193 2996
3194 2995
3195 2994
3196 2993
3197 2992
3198 2991
3199 2990
3200 2989
3201 2988
3202 2987
3203 2985
3204 2998
3205 2999
3206 3000
3207 3001
3208 3002
3209 3003
3210 3004
3211 3005
3212 3006
3213 3007
3214 3008
3215 3009
3216 3010
3217 3011
3218 3012
3219 3013
3220 3014
3221 3015
3222 3016
3223 3017
3224 3018
3225 3021
3226 3020
3227 3019
3228 3022
3229 3023
3230 3024
3231 3025
3232 3026
3233 3027
3234 3028
3235 3029
3236 3031
3237 3030
3238 3032
3239 3033
3240 3034
3241 3035
3242 3037
3243 3038
3244 3039
3245 3040
3246 3041
3247 3042
3248 3043
3249 3044
3250 3045
3251 3046
3252 3047
3253 3048
3254 3049
3255 3050
3256 3051
3257 3052
3258 3053
3259 3054
3260 3055
3261 3056
3262 3057
3263 3058
3264 3059
3265 3060
3266 3061
3267 3064
3268 3063
3269 3062
3270 3065
3271 3066
3272 3067
3273 3068
3274 3069
3275 3070
3276 3071
3277 3072
3278 3073
3279 3074
3280 3075
3281 3076
3282 3077
3283 3078
3284 3079
3285 3080
3286 3081
3287 3082
3288 3083
3289 3084
3290 3085
3291 3086
3292 3087
3293 3088
3294 3089
3295 3090
3296 3091
3297 3092
3298 3093
3299 3094
3300 3095
3301 3096
3302 3097
3303 3098
3304 3099
3305 3100
3306 3101
3307 3104
3308 3106
3309 3108
3310 3107
3311 3105
3312 3110
3313 3111
3314 3112
3315 3113
3316 3114
3317 3115
3318 3116
3319 3117
3320 3118
3321 3119
3322 3120
3323 3121
3324 3122
3325 3123
3326 3265
3327 3124
3328 3125
3329 3126
3330 3127
3331 3128
3332 3129
3333 3130
3334 3131
3335 3132
3336 3133
3337 3134
3338 3135
3339 3136
3340 3137
3341 3138
3342 3139
3343 3140
3344 3141
3345 3142
3346 3143
3347 3144
3348 3145
3349 3146
3350 3147
3351 3148
3352 3149
3353 3150
3354 3151
3355 3152
3356 3153
3357 3154
3358 3155
3359 3156
3360 3157
3361 4534
3362 3416
3363 3158
3364 3159
3365 3160
3366 3161
3367 3162
3368 3163
3369 3164
3370 3165
3371 3166
3372 3167
3373 3168
3374 3169
3375 3170
3376 3171
3377 3172
3378 3174
3379 3173
3380 3175
3381 3176
3382 3177
3383 3178
3384 3179
3385 3180
3386 3181
3387 3182
3388 3183
3389 3185
3390 3186
3391 3187
3392 3188
3393 3189
3394 3190
3395 3191
3396 3192
3397 3193
3398 3194
3399 3195
3400 3196
3401 3197
3402 3198
3403 3199
3404 3200
3405 3201
3406 3202
3407 3203
3408 3204
3409 3206
3410 3207
3411 3208
3412 3209
3413 3210
3414 3211
3415 3212
3416 3213
3417 3214
3418 3215
3419 3216
3420 3217
3421 3218
3422 3219
3423 3220
3424 3221
3425 3222
3426 3223
3427 3224
3428 3225
3429 3226
3430 3227
3431 3229
3432 3230
3433 3231
3434 3232
3435 3233
3436 3234
3437 3235
3438 3236
3439 3237
3440 3238
3441 3239
3442 3241
3443 3242
3444 3243
3445 3244
3446 3245
3447 3246
3448 3247
3449 3248
3450 3249
3451 3250
3452 3251
3453 3252
3454 3253
3455 3254
3456 3255
3457 3256
3458 3258
3459 3259
3460 3261
3461 3262
3462 3263
3463 3264
3464 3266
3465 3267
3466 3268
3467 3269
3468 3270
3469 3271
3470 3272
3471 3273
3472 3274
3473 3275
3474 3276
3475 3277
3476 3278
3477 3279
3478 3280
3479 3281
3480 3282
3481 3283
3482 3284
3483 3285
3484 3286
3485 3287
3486 3288
3487 3289
3488 3290
3489 3291
3490 3292
3491 3293
3492 3294
3493 3295
3494 3296
3495 3297
3496 3298
3497 3299
3498 3300
3499 3301
3500 3302
3501 3303
3502 3304
3503 3308
3504 3309
3505 3310
3506 3311
3507 3312
3508 3313
3509 3314
3510 3315
3511 3316
3512 3317
3513 3318
3514 3319
3515 3320
3516 3321
3517 3322
3518 3323
3519 3324
3520 3325
3521 3326
3522 3327
3523 3328
3524 3329
3525 3330
3526 3331
3527 3332
3528 3333
3529 3334
3530 3335
3531 3336
3532 3337
3533 3338
3534 3339
3535 3341
3536 3340
3537 3342
3538 3344
3539 3345
3540 3346
3541 3347
3542 3348
3543 3349
3544 4868
3545 3350
3546 3351
3547 3352
3548 3353
3549 3354
3550 3355
3551 3356
3552 3357
3553 3358
3554 3359
3555 3360
3556 3361
3557 3362
3558 3363
3559 3364
3560 3365
3561 3366
3562 3367
3563 3368
3564 3369
3565 3370
3566 3371
3567 3372
3568 3373
3569 3374
3570 3375
3571 3376
3572 3377
3573 3378
3574 3379
3575 3380
3576 3381
3577 3382
3578 3383
3579 3384
3580 3385
3581 3386
3582 3387
3583 3388
3584 4450
3585 4322
3586 4210
3587 3655
3588 3540
3589 3432
3590 3389
3591 3390
3592 3391
3593 3393
3594 3395
3595 3396
3596 3397
3597 3398
3598 3399
3599 3400
3600 3410
3601 3411
3602 3412
3603 3413
3604 3414
3605 3415
3606 3417
3607 3418
3608 3419
3609 3420
3610 3421
3611 3422
3612 3423
3613 3424
3614 3425
3615 3426
3616 3427
3617 3428
3618 3429
3619 3430
3620 3431
3621 3433
3622 3434
3623 3435
3624 3436
3625 3437
3626 3438
3627 3439
3628 3440
3629 3441
3630 3442
3631 3443
3632 3444
3633 3445
3634 3446
3635 3447
3636 3448
3637 3449
3638 3450
3639 3451
3640 3452
3641 3453
3642 3454
3643 3455
3644 3456
3645 3457
3646 3458
3647 3459
3648 3460
3649 3461
3650 3462
3651 3463
3652 3464
3653 3465
3654 3466
3655 3467
3656 3468
3657 3469
3658 3470
3659 3471
3660 3472
3661 3476
3662 3475
3663 3474
3664 3473
3665 3477
3666 3478
3667 3479
3668 3481
3669 3482
3670 3483
3671 3484
3672 3485
3673 3486
3674 3487
3675 3488
3676 3489
3677 3490
3678 3491
3679 3492
3680 3493
3681 3494
3682 3495
3683 3496
3684 3497
3685 3498
3686 3499
3687 3500
3688 3501
3689 3502
3690 3503
3691 3504
3692 3505
3693 3506
3694 3507
3695 3508
3696 3509
3697 3510
3698 3511
3699 3512
3700 3513
3701 3514
3702 3515
3703 3516
3704 3517
3705 3518
3706 3519
3707 3520
3708 3521
3709 3522
3710 3525
3711 3526
3712 3527
3713 3528
3714 3529
3715 3530
3716 3531
3717 3532
3718 3541
3719 3539
3720 3536
3721 3535
3722 3534
3723 3533
3724 3542
3725 3543
3726 3544
3727 3545
3728 3546
3729 3547
3730 3548
3731 3553
3732 3552
3733 3551
3734 3550
3735 3549
3736 3556
3737 3557
3738 3558
3739 3559
3740 3560
3741 3561
3742 3564
3743 3565
3744 3567
3745 3568
3746 3569
3747 3570
3748 3571
3749 3572
3750 3573
3751 3574
3752 3575
3753 3576
3754 3578
3755 3579
3756 3580
3757 3581
3758 3582
3759 3584
3760 3585
3761 3586
3762 3587
3763 3588
3764 3589
3765 3590
3766 3591
3767 3592
3768 3593
3769 3594
3770 3595
3771 3596
3772 3597
3773 3598
3774 3599
3775 3600
3776 3601
3777 3602
3778 3603
3779 3604
3780 3605
3781 3606
3782 3607
3783 3608
3784 3609
3785 3610
3786 3611
3787 3612
3788 3613
3789 3614
3790 3615
3791 3616
3792 3617
3793 3618
3794 3619
3795 3620
3796 3621
3797 3622
3798 3623
3799 3624
3800 3625
3801 3626
3802 3627
3803 3628
3804 3629
3805 3630
3806 3631
3807 3632
3808 3633
3809 3634
3810 3635
3811 3636
3812 3637
3813 3638
3814 3639
3815 3656
3816 3657
3817 3658
3818 3661
3819 3662
3820 3663
3821 3664
3822 3665
3823 3666
3824 3667
3825 3668
3826 3669
3827 3670
3828 3671
3829 3672
3830 3673
3831 3674
3832 3675
3833 3676
3834 3677
3835 3678
3836 3679
3837 3680
3838 3681
3839 3682
3840 3683
3841 3684
3842 3686
3843 4620
3844 3721
3845 3720
3846 3719
3847 3692
3848 3702
3849 3703
3850 3704
3851 3706
3852 3707
3853 3708
3854 3709
3855 3710
3856 3711
3857 3712
3858 3713
3859 3714
3860 3715
3861 3716
3862 3717
3863 3722
3864 3723
3865 3724
3866 3725
3867 3726
3868 3727
3869 3728
3870 3729
3871 3730
3872 3731
3873 3732
3874 3733
3875 3734
3876 3736
3877 3737
3878 3738
3879 3739
3880 3740
3881 3741
3882 3742
3883 3743
3884 3744
3885 3745
3886 3746
3887 3747
3888 3748
3889 3749
3890 3750
3891 3751
3892 3752
3893 3753
3894 3754
3895 3755
3896 3756
3897 3757
3898 3758
3899 3759
3900 3760
3901 3761
3902 3762
3903 3763
3904 3764
3905 3765
3906 3766
3907 3767
3908 3768
3909 3769
3910 3770
3911 3771
3912 3772
3913 3773
3914 3774
3915 3775
3916 3776
3917 3777
3918 3778
3919 3779
3920 3780
3921 3782
3922 3781
3923 3784
3924 3785
3925 3786
3926 4197
3927 3787
3928 3788
3929 3789
3930 3790
3931 3791
3932 3792
3933 3793
3934 3794
3935 3795
3936 3796
3937 3797
3938 3798
3939 3799
3940 3800
3941 3801
3942 3802
3943 3803
3944 3804
3945 3805
3946 3806
3947 3807
3948 3808
3949 3809
3950 3810
3951 3811
3952 3812
3953 3813
3954 3814
3955 3815
3956 3816
3957 3817
3958 3818
3959 3819
3960 3820
3961 3821
3962 3822
3963 3823
3964 3824
3965 3825
3966 3827
3967 3828
3968 3829
3969 3830
3970 3831
3971 3832
3972 3833
3973 3834
3974 3835
3975 3837
3976 3843
3977 3842
3978 3841
3979 3840
3980 3838
3981 3844
3982 3845
3983 3846
3984 3847
3985 3848
3986 3849
3987 3850
3988 3851
3989 3852
3990 3853
3991 3854
3992 3855
3993 3856
3994 3857
3995 3858
3996 3859
3997 3860
3998 3866
3999 3869
4000 3868
4001 3867
4002 3865
4003 3870
4004 3871
4005 3872
4006 3873
4007 3874
4008 3875
4009 3876
4010 3877
4011 3878
4012 3879
4013 3880
4014 3881
4015 3882
4016 3883
4017 3884
4018 3885
4019 3887
4020 3886
4021 3891
4022 3892
4023 3893
4024 3894
4025 3895
4026 3896
4027 3897
4028 3898
4029 3899
4030 3900
4031 3901
4032 3902
4033 3903
4034 3904
4035 5477
4036 5443
4037 5297
4038 5235
4039 5233
4040 5232
4041 5181
4042 4797
4043 4614
4044 4613
4045 4612
4046 4611
4047 4610
4048 4608
4049 4607
4050 4606
4051 4605
4052 4604
4053 4603
4054 4602
4055 4473
4056 3905
4057 3906
4058 3907
4059 3908
4060 3909
4061 3910
4062 3911
4063 3912
4064 3913
4065 3914
4066 3915
4067 3916
4068 3917
4069 3918
4070 3919
4071 3920
4072 3921
4073 3922
4074 3923
4075 3924
4076 3925
4077 3926
4078 3928
4079 3929
4080 3930
4081 3931
4082 3932
4083 3935
4084 3936
4085 3937
4086 3938
4087 3939
4088 3940
4089 3941
4090 3942
4091 3943
4092 3944
4093 3945
4094 3946
4095 3947
4096 3949
4097 3950
4098 3951
4099 3952
4100 3953
4101 3954
4102 3955
4103 3956
4104 3957
4105 3958
4106 3959
4107 3960
4108 3961
4109 3962
4110 3963
4111 3964
4112 3965
4113 3966
4114 3967
4115 3968
4116 3969
4117 3970
4118 3971
4119 3972
4120 3973
4121 3974
4122 3975
4123 3976
4124 3977
4125 3979
4126 3980
4127 3981
4128 3982
4129 3983
4130 3984
4131 3985
4132 3986
4133 3988
4134 3989
4135 3990
4136 3991
4137 3992
4138 3993
4139 3995
4140 3996
4141 3997
4142 3998
4143 3999
4144 4000
4145 4001
4146 4002
4147 4003
4148 4004
4149 4005
4150 4006
4151 4008
4152 4007
4153 4009
4154 4010
4155 4011
4156 4012
4157 4013
4158 4014
4159 4015
4160 4016
4161 4017
4162 4018
4163 4019
4164 4020
4165 4021
4166 4022
4167 4023
4168 4024
4169 4025
4170 4026
4171 4027
4172 4028
4173 4029
4174 4030
4175 4031
4176 4032
4177 4033
4178 4034
4179 4035
4180 4036
4181 4037
4182 4038
4183 4039
4184 4040
4185 4041
4186 4042
4187 4043
4188 4044
4189 4045
4190 4046
4191 4047
4192 4048
4193 4049
4194 4050
4195 4051
4196 4052
4197 4053
4198 4054
4199 4055
4200 4056
4201 4057
4202 4058
4203 4059
4204 4060
4205 4061
4206 4062
4207 4063
4208 4064
4209 4065
4210 4066
4211 4067
4212 4068
4213 4069
4214 4070
4215 4071
4216 4072
4217 4073
4218 4074
4219 4075
4220 4076
4221 4077
4222 4078
4223 4079
4224 4082
4225 4081
4226 4080
4227 4083
4228 4084
4229 4085
4230 4086
4231 4087
4232 4088
4233 4089
4234 4090
4235 4091
4236 4092
4237 4093
4238 4094
4239 4095
4240 4096
4241 4097
4242 4098
4243 4099
4244 4100
4245 4101
4246 4102
4247 4103
4248 4104
4249 4105
4250 4106
4251 4107
4252 4108
4253 4109
4254 4110
4255 4111
4256 4112
4257 4113
4258 4114
4259 4115
4260 4116
4261 4117
4262 4118
4263 4119
4264 4120
4265 4121
4266 4122
4267 4123
4268 4124
4269 4125
4270 4126
4271 4127
4272 4128
4273 4129
4274 4130
4275 4131
4276 4132
4277 4133
4278 4134
4279 4135
4280 4136
4281 4137
4282 4138
4283 4139
4284 4140
4285 4141
4286 4142
4287 4143
4288 4144
4289 4145
4290 4146
4291 4147
4292 4148
4293 4149
4294 4150
4295 4151
4296 4152
4297 4153
4298 4154
4299 4155
4300 4156
4301 4157
4302 4158
4303 4159
4304 4160
4305 4161
4306 4162
4307 4163
4308 4164
4309 4165
4310 4166
4311 4167
4312 4168
4313 4169
4314 4170
4315 4171
4316 4172
4317 4173
4318 4174
4319 4175
4320 4176
4321 4177
4322 4178
4323 4179
4324 4180
4325 4181
4326 4182
4327 4183
4328 4184
4329 4185
4330 4186
4331 4187
4332 4188
4333 4190
4334 4191
4335 4192
4336 4193
4337 4194
4338 4195
4339 4196
4340 4215
4341 4214
4342 4211
4343 4209
4344 4208
4345 4207
4346 4206
4347 4204
4348 4203
4349 4199
4350 4198
4351 5586
4352 5585
4353 5584
4354 5583
4355 5582
4356 5580
4357 5679
4358 5316
4359 5315
4360 5313
4361 4219
4362 4220
4363 4221
4364 4222
4365 4223
4366 4225
4367 4224
4368 4226
4369 4227
4370 4228
4371 4229
4372 4230
4373 4231
4374 4232
4375 4233
4376 4234
4377 4235
4378 4236
4379 4237
4380 4238
4381 4239
4382 4240
4383 4241
4384 4242
4385 4243
4386 4245
4387 4246
4388 4247
4389 4248
4390 4249
4391 4250
4392 4251
4393 4252
4394 4253
4395 4254
4396 4255
4397 4256
4398 4257
4399 4258
4400 4259
4401 4260
4402 4261
4403 4262
4404 4263
4405 4264
4406 4265
4407 4266
4408 4267
4409 4269
4410 4282
4411 4281
4412 4280
4413 4279
4414 4277
4415 4276
4416 4275
4417 4273
4418 4272
4419 4270
4420 4278
4421 5250
4422 4284
4423 4285
4424 4286
4425 4287
4426 4288
4427 4289
4428 4290
4429 4291
4430 4292
4431 4293
4432 4294
4433 4295
4434 4297
4435 4299
4436 4300
4437 4301
4438 4302
4439 4303
4440 4304
4441 4305
4442 4306
4443 4307
4444 4309
4445 4310
4446 4311
4447 4312
4448 4313
4449 4314
4450 4315
4451 4317
4452 4318
4453 4319
4454 4320
4455 4321
4456 4323
4457 4324
4458 4325
4459 4326
4460 4327
4461 4328
4462 4329
4463 4330
4464 4331
4465 4332
4466 4333
4467 4334
4468 4335
4469 4341
4470 4342
4471 4343
4472 4344
4473 4345
4474 4346
4475 4347
4476 4348
4477 4349
4478 4350
4479 4351
4480 4352
4481 4353
4482 4354
4483 4355
4484 4356
4485 4358
4486 4359
4487 4360
4488 4361
4489 4362
4490 4363
4491 4364
4492 4365
4493 4366
4494 4367
4495 4368
4496 4369
4497 4370
4498 4371
4499 4372
4500 4373
4501 4374
4502 4375
4503 4376
4504 4377
4505 4378
4506 4379
4507 4380
4508 4381
4509 4382
4510 4383
4511 4384
4512 4385
4513 4386
4514 4387
4515 4388
4516 4389
4517 4390
4518 4391
4519 4392
4520 4393
4521 4394
4522 4395
4523 4396
4524 4397
4525 4398
4526 4399
4527 4400
4528 4401
4529 4402
4530 4403
4531 4404
4532 4405
4533 4406
4534 4407
4535 4408
4536 4409
4537 4410
4538 4412
4539 4413
4540 4414
4541 4416
4542 4417
4543 4418
4544 4419
4545 4420
4546 4421
4547 4422
4548 4423
4549 4424
4550 4425
4551 4426
4552 4427
4553 4428
4554 4429
4555 4430
4556 4431
4557 4433
4558 4434
4559 4435
4560 4436
4561 4437
4562 4439
4563 4440
4564 4441
4565 4442
4566 4443
4567 4444
4568 4445
4569 4446
4570 4447
4571 4448
4572 4449
4573 4451
4574 4452
4575 4453
4576 4454
4577 4456
4578 4457
4579 4458
4580 4459
4581 4460
4582 4461
4583 4462
4584 4463
4585 4464
4586 4465
4587 4466
4588 4467
4589 4468
4590 4469
4591 4470
4592 4471
4593 4472
4594 4474
4595 4475
4596 4476
4597 4477
4598 4478
4599 4479
4600 4480
4601 4481
4602 4482
4603 4483
4604 4484
4605 4485
4606 4486
4607 4487
4608 4488
4609 4489
4610 4490
4611 4491
4612 4492
4613 4493
4614 4494
4615 4495
4616 4496
4617 4497
4618 4498
4619 4499
4620 4500
4621 4501
4622 4502
4623 4503
4624 4504
4625 4505
4626 4506
4627 4507
4628 4508
4629 4509
4630 4510
4631 4511
4632 4512
4633 4513
4634 4514
4635 4515
4636 4516
4637 4517
4638 4518
4639 4519
4640 4520
4641 4521
4642 4522
4643 4523
4644 4524
4645 4525
4646 4526
4647 4527
4648 4528
4649 4529
4650 4530
4651 4531
4652 4532
4653 4533
4654 4535
4655 4540
4656 4539
4657 4538
4658 4537
4659 4541
4660 4542
4661 4543
4662 4544
4663 4545
4664 4546
4665 4547
4666 4548
4667 4549
4668 4552
4669 4550
4670 4553
4671 4555
4672 4556
4673 4557
4674 4558
4675 4559
4676 4560
4677 4561
4678 4562
4679 4563
4680 4564
4681 4565
4682 4566
4683 4567
4684 4568
4685 4569
4686 4570
4687 4571
4688 4572
4689 4575
4690 4576
4691 4577
4692 4578
4693 4579
4694 4580
4695 4581
4696 4582
4697 4583
4698 4584
4699 4585
4700 4586
4701 4587
4702 4588
4703 4589
4704 4590
4705 4591
4706 4592
4707 4593
4708 4594
4709 4595
4710 4596
4711 4597
4712 4598
4713 4599
4714 4600
4715 4601
4716 4617
4717 4618
4718 4619
4719 4621
4720 4622
4721 4623
4722 4624
4723 4625
4724 4626
4725 4627
4726 4628
4727 4629
4728 4630
4729 4631
4730 4632
4731 4633
4732 4634
4733 4635
4734 4636
4735 4637
4736 4638
4737 4639
4738 4640
4739 4641
4740 4642
4741 4643
4742 4644
4743 4645
4744 4646
4745 4647
4746 4648
4747 4649
4748 4650
4749 4651
4750 4652
4751 4653
4752 4654
4753 4655
4754 4656
4755 4657
4756 4658
4757 4659
4758 4661
4759 4660
4760 4662
4761 4663
4762 4664
4763 4665
4764 4666
4765 4667
4766 4668
4767 4671
4768 4672
4769 4673
4770 4674
4771 4675
4772 4676
4773 4677
4774 4678
4775 4679
4776 4680
4777 4681
4778 4682
4779 4683
4780 4684
4781 4685
4782 4686
4783 4863
4784 4687
4785 4688
4786 4689
4787 4690
4788 4691
4789 4692
4790 4693
4791 4694
4792 4695
4793 4696
4794 4697
4795 4698
4796 4699
4797 4700
4798 4701
4799 4702
4800 4703
4801 4704
4802 4705
4803 4706
4804 4707
4805 4708
4806 4709
4807 4710
4808 4711
4809 4712
4810 4713
4811 4714
4812 4715
4813 4716
4814 4717
4815 4718
4816 4719
4817 4720
4818 4721
4819 4722
4820 4723
4821 4724
4822 4725
4823 4726
4824 4727
4825 4728
4826 4729
4827 4730
4828 4731
4829 4732
4830 4733
4831 4735
4832 4736
4833 4737
4834 4738
4835 4739
4836 4740
4837 4741
4838 4742
4839 4743
4840 4744
4841 4745
4842 4746
4843 4747
4844 4748
4845 4749
4846 4750
4847 4754
4848 4753
4849 4752
4850 4751
4851 4755
4852 4756
4853 4757
4854 4758
4855 4759
4856 4760
4857 4761
4858 4762
4859 4763
4860 4764
4861 4765
4862 4766
4863 4767
4864 4768
4865 4769
4866 4770
4867 4771
4868 4772
4869 4773
4870 4774
4871 4775
4872 4776
4873 4777
4874 4778
4875 4779
4876 4780
4877 4781
4878 4782
4879 4783
4880 4784
4881 4785
4882 4786
4883 4787
4884 4788
4885 4789
4886 4790
4887 4791
4888 4792
4889 4793
4890 4794
4891 4795
4892 4796
4893 4798
4894 4799
4895 4800
4896 4801
4897 4802
4898 4803
4899 4804
4900 4805
4901 4806
4902 4807
4903 4808
4904 4809
4905 4810
4906 4811
4907 4812
4908 4813
4909 4814
4910 4815
4911 4816
4912 4817
4913 4818
4914 4819
4915 4820
4916 4821
4917 4822
4918 4823
4919 4824
4920 4825
4921 4826
4922 4827
4923 4828
4924 4829
4925 4830
4926 4831
4927 4832
4928 4833
4929 4834
4930 4835
4931 4836
4932 4837
4933 4838
4934 4840
4935 4841
4936 4842
4937 4843
4938 4844
4939 4845
4940 4846
4941 4847
4942 4848
4943 4849
4944 4850
4945 4852
4946 4851
4947 4853
4948 4854
4949 4855
4950 4856
4951 4857
4952 4858
4953 4859
4954 4860
4955 4861
4956 4862
4957 4864
4958 4867
4959 4866
4960 4869
4961 4870
4962 4871
4963 4872
4964 4873
4965 4874
4966 4875
4967 4876
4968 4877
4969 4878
4970 4879
4971 4880
4972 4881
4973 4882
4974 4883
4975 4884
4976 4885
4977 4886
4978 4887
4979 4888
4980 4890
4981 4891
4982 4892
4983 4893
4984 4894
4985 4895
4986 4896
4987 4897
4988 4898
4989 4899
4990 4900
4991 4901
4992 4902
4993 4903
4994 4904
4995 4905
4996 4906
4997 4907
4998 4908
4999 4909
5000 4910
5001 4911
5002 4912
5003 4913
5004 4914
5005 4915
5006 4916
5007 4917
5008 4918
5009 4919
5010 4920
5011 4921
5012 4922
5013 4923
5014 4924
5015 4925
5016 4926
5017 4927
5018 4928
5019 4929
5020 4930
5021 4931
5022 4932
5023 4933
5024 4934
5025 4935
5026 4936
5027 4937
5028 4938
5029 4939
5030 4940
5031 4941
5032 4942
5033 4943
5034 4944
5035 4945
5036 4946
5037 4947
5038 4948
5039 4949
5040 4950
5041 4951
5042 4952
5043 4953
5044 4954
5045 4955
5046 4956
5047 4957
5048 4958
5049 4959
5050 4960
5051 4961
5052 4963
5053 4964
5054 4965
5055 4966
5056 4967
5057 4968
5058 4969
5059 4970
5060 4971
5061 4972
5062 4973
5063 4974
5064 4975
5065 4976
5066 4977
5067 4978
5068 4979
5069 4980
5070 4981
5071 4982
5072 4984
5073 4985
5074 4986
5075 4987
5076 4988
5077 4989
5078 4990
5079 4991
5080 4992
5081 4993
5082 4994
5083 4995
5084 4996
5085 4997
5086 4998
5087 4999
5088 5000
5089 5001
5090 5002
5091 5003
5092 5004
5093 5005
5094 5006
5095 5007
5096 5008
5097 5009
5098 5010
5099 5011
5100 5012
5101 5013
5102 5014
5103 5015
5104 5016
5105 5017
5106 5018
5107 5019
5108 5020
5109 5021
5110 5022
5111 5023
5112 5024
5113 5025
5114 5026
5115 5027
5116 5028
5117 5029
5118 5030
5119 5031
5120 5032
5121 5033
5122 5034
5123 5035
5124 5036
5125 5037
5126 5038
5127 5039
5128 5040
5129 5041
5130 5042
5131 5043
5132 5044
5133 5045
5134 5046
5135 5047
5136 5048
5137 5049
5138 5050
5139 5051
5140 5052
5141 5053
5142 5054
5143 5055
5144 5056
5145 5057
5146 5058
5147 5059
5148 5060
5149 5061
5150 5062
5151 5063
5152 5064
5153 5065
5154 5066
5155 5067
5156 5068
5157 5069
5158 5070
5159 5071
5160 5072
5161 5073
5162 5074
5163 5075
5164 5076
5165 5077
5166 5078
5167 5079
5168 5080
5169 5081
5170 5082
5171 5083
5172 5084
5173 5085
5174 5086
5175 5087
5176 5088
5177 5089
5178 5090
5179 5091
5180 5092
5181 5093
5182 5094
5183 5098
5184 5099
5185 5100
5186 5101
5187 5102
5188 5104
5189 5105
5190 5106
5191 5107
5192 5108
5193 5109
5194 5110
5195 5111
5196 5112
5197 5113
5198 5114
5199 5115
5200 5116
5201 5117
5202 5118
5203 5119
5204 5121
5205 5120
5206 5123
5207 5124
5208 5125
5209 5126
5210 5127
5211 5128
5212 5129
5213 5130
5214 5131
5215 5132
5216 5133
5217 5134
5218 5135
5219 5136
5220 5137
5221 5139
5222 5140
5223 5141
5224 5142
5225 5143
5226 5144
5227 5145
5228 5146
5229 5148
5230 5149
5231 5150
5232 5151
5233 5152
5234 5153
5235 5154
5236 5155
5237 5156
5238 5157
5239 5158
5240 5159
5241 5160
5242 5161
5243 5162
5244 5163
5245 5164
5246 5165
5247 5166
5248 5167
5249 5168
5250 5169
5251 5170
5252 5171
5253 5172
5254 5173
5255 5174
5256 5175
5257 5177
5258 5178
5259 5179
5260 5180
5261 5182
5262 5183
5263 5184
5264 5185
5265 5186
5266 5187
5267 5188
5268 5189
5269 5190
5270 5191
5271 5192
5272 5193
5273 5194
5274 5195
5275 5196
5276 5197
5277 5198
5278 5199
5279 5200
5280 5201
5281 5202
5282 5203
5283 5204
5284 5205
5285 5206
5286 5207
5287 5208
5288 5209
5289 5210
5290 5211
5291 5212
5292 5213
5293 5214
5294 5215
5295 5216
5296 5217
5297 5218
5298 5219
5299 5220
5300 5221
5301 5222
5302 5223
5303 5224
5304 5225
5305 5226
5306 5227
5307 5228
5308 5229
5309 5230
5310 5231
5311 5298
5312 5236
5313 5237
5314 5238
5315 5243
5316 5244
5317 5245
5318 5246
5319 5248
5320 5249
5321 5252
5322 5253
5323 5254
5324 5255
5325 5256
5326 5257
5327 5258
5328 5259
5329 5260
5330 5261
5331 5263
5332 5262
5333 5401
5334 5400
5335 5265
5336 5266
5337 5267
5338 5268
5339 5269
5340 5270
5341 5271
5342 5272
5343 5273
5344 5274
5345 5275
5346 5276
5347 5277
5348 5278
5349 5279
5350 5280
5351 5281
5352 5282
5353 5283
5354 5284
5355 5285
5356 5286
5357 5287
5358 5288
5359 5289
5360 5290
5361 5291
5362 5292
5363 5293
5364 5294
5365 5295
5366 5296
5367 5299
5368 5300
5369 5301
5370 5302
5371 5303
5372 5304
5373 5305
5374 5306
5375 5307
5376 5308
5377 5309
5378 5310
5379 5311
5380 5312
5381 5317
5382 5318
5383 5319
5384 5320
5385 5321
5386 5322
5387 5323
5388 5324
5389 5325
5390 5326
5391 5327
5392 5328
5393 5329
5394 5330
5395 5331
5396 5334
5397 5333
5398 5332
5399 5335
5400 5336
5401 5337
5402 5339
5403 5340
5404 5341
5405 5342
5406 5343
5407 5344
5408 5345
5409 5346
5410 5347
5411 5348
5412 5349
5413 5350
5414 5352
5415 5353
5416 5354
5417 5355
5418 5357
5419 5358
5420 5359
5421 5360
5422 5361
5423 5362
5424 5363
5425 5364
5426 5365
5427 5366
5428 5367
5429 5368
5430 5369
5431 5370
5432 5371
5433 5372
5434 5373
5435 5374
5436 5375
5437 5376
5438 5377
5439 5378
5440 5379
5441 5380
5442 5381
5443 5382
5444 5383
5445 5384
5446 5385
5447 5386
5448 5387
5449 5389
5450 5388
5451 5390
5452 5391
5453 5392
5454 5393
5455 5394
5456 5395
5457 5396
5458 5397
5459 5398
5460 5399
5461 5402
5462 5403
5463 5404
5464 5405
5465 5406
5466 5407
5467 5408
5468 5409
5469 5410
5470 5411
5471 5412
5472 5413
5473 5414
5474 5415
5475 5416
5476 5417
5477 5419
5478 5420
5479 5421
5480 5422
5481 5423
5482 5424
5483 5425
5484 5426
5485 5427
5486 5428
5487 5429
5488 5430
5489 5431
5490 5432
5491 5435
5492 5436
5493 5437
5494 5438
5495 5439
5496 5440
5497 5441
5498 5442
5499 5444
5500 5445
5501 5446
5502 5447
5503 5448
5504 5449
5505 5450
5506 5451
5507 5452
5508 5453
5509 5454
5510 5455
5511 5456
5512 5457
5513 5458
5514 5459
5515 5460
5516 5461
5517 5462
5518 5463
5519 5464
5520 5465
5521 5466
5522 5467
5523 5468
5524 5469
5525 5470
5526 5471
5527 5472
5528 5473
5529 5474
5530 5475
5531 5476
5532 5478
5533 5479
5534 5480
5535 5481
5536 5482
5537 5484
5538 5485
5539 5486
5540 5487
5541 5488
5542 5489
5543 5490
5544 5491
5545 5492
5546 5493
5547 5494
5548 5495
5549 5496
5550 5497
5551 5498
5552 5499
5553 5500
5554 5501
5555 5502
5556 5503
5557 5504
5558 5505
5559 5506
5560 5507
5561 5508
5562 5509
5563 5510
5564 5511
5565 5512
5566 5513
5567 5514
5568 5515
5569 5516
5570 5517
5571 5518
5572 5519
5573 5520
5574 5521
5575 5522
5576 5523
5577 5524
5578 5525
5579 5526
5580 5531
5581 5532
5582 5534
5583 5533
5584 5535
5585 5536
5586 5537
5587 5538
5588 5539
5589 5540
5590 5541
5591 5542
5592 5543
5593 5544
5594 5545
5595 5546
5596 5547
5597 5548
5598 5555
5599 5554
5600 5553
5601 5552
5602 5550
5603 5549
5604 5557
5605 5558
5606 5738
5607 5559
5608 5560
5609 5561
5610 5562
5611 5563
5612 5564
5613 5565
5614 5566
5615 5567
5616 5568
5617 5569
5618 5570
5619 5571
5620 5572
5621 5573
5622 5574
5623 5575
5624 5576
5625 5578
5626 5579
5627 5581
5628 5588
5629 5589
5630 5590
5631 5591
5632 5592
5633 5593
5634 5594
5635 5595
5636 5596
5637 5597
5638 5598
5639 5599
5640 5600
5641 5601
5642 5602
5643 5603
5644 5604
5645 5605
5646 5606
5647 5607
5648 5608
5649 5609
5650 5610
5651 5611
5652 5612
5653 5613
5654 5614
5655 5615
5656 5616
5657 5617
5658 5618
5659 5619
5660 5620
5661 5621
5662 5622
5663 5623
5664 5624
5665 5625
5666 5626
5667 5627
5668 5628
5669 5629
5670 5630
5671 5631
5672 5632
5673 5633
5674 5634
5675 5637
5676 5638
5677 5639
5678 5640
5679 5641
5680 5642
5681 5643
5682 5644
5683 5645
5684 5646
5685 5647
5686 5651
5687 5649
5688 5648
5689 5650
5690 5652
5691 5653
5692 5654
5693 5655
5694 5656
5695 5657
5696 5658
5697 5659
5698 5660
5699 5661
5700 5662
5701 5663
5702 5664
5703 5665
5704 5666
5705 5667
5706 5668
5707 5669
5708 5672
5709 5673
5710 5674
5711 5675
5712 5676
5713 5677
5714 5678
5715 5680
5716 5681
5717 5682
5718 5683
5719 5684
5720 5685
5721 5686
5722 5687
5723 5689
5724 5709
5725 5708
5726 5707
5727 5706
5728 5705
5729 5704
5730 5703
5731 5700
5732 5698
5733 5697
5734 5691
5735 5690
5736 5712
5737 5713
5738 5723
5739 5724
5740 5725
5741 5726
5742 5727
5743 5728
5744 5729
5745 5730
5746 5731
5747 5732
5748 5733
5749 5734
5750 5735
5751 5736
5752 5737
5753 5739
5754 5740
5755 5741
5756 5742
5757 5743
5758 5744
5759 5745
5760 5746
5761 5747
5762 5748
5763 5749
5764 5750
5765 5751
5766 5752
5767 5753
5768 5754
5769 5755
5770 5756
5771 5757
5772 5758
5773 5759
5774 5760
5775 5761
5776 5762
5777 5763
5778 5764
5779 5765
5780 5766
5781 5767
5782 5768
5783 5769
5784 5770
5785 5771
5786 5772
5787 5773
5788 5774
5789 5775
5790 5778
5791 5777
5792 5776
5793 5779
5794 5781
5795 5782
5796 5783
5797 5784
5798 5785
5799 5786
5800 5787
5801 5789
5802 5790
5803 5791
5804 5792
5805 5793
5806 5794
5807 5795
5808 5796
5809 5797
5810 5798
5811 5799
5812 5800
5813 5801
5814 5802
5815 5803
5816 5804
5817 5805
5818 5806
5819 5807
5820 5808
5821 5809
5822 5810
5823 5811
5824 5812
5825 5813
5826 5814
5827 5815
5828 5816
5829 5817
5830 5818
5831 5824
5832 5823
5833 5822
5834 5821
5835 5820
5836 5819
5837 5825
5838 5826
5839 5827
5840 5828
5841 5830
5842 5831
5843 5832
5844 5833
5845 5834
5846 5835
5847 5836
5848 5837
5849 5838
5850 5839
5851 5840
5852 5841
5853 5842
5854 5843
5855 5844
5856 5845
5857 5846
5858 5847
5859 5848
5860 5849
5861 5850
5862 5851
5863 5852
5864 5854
5865 5855
5866 5856
5867 5857
5868 5858
5869 5859
5870 5860
5871 5861
5872 5862
5873 5863
5874 5864
5875 5865
5876 5866
5877 5873
5878 5874
5879 5875
5880 5876
5881 5877
5882 5878
5883 5879
5884 5880
5885 5881
5886 5882
5887 5883
5888 5884
5889 5885
5890 5886
5891 5887
5892 5888
5893 5889
5894 5890
5895 5891
5896 5892
5897 5893
5898 5894
5899 5895
5900 5896
5901 5897
5902 5898
5903 5899
5904 5900
5905 5901
5906 5902
5907 5903
5908 5904
5909 5905
5910 5906
5911 5918
5912 5907
5913 5908
5914 5910
5915 5909
5916 5911
5917 5912
5918 5913
5919 5914
5920 5915
5921 5916
5922 5917
5923 5919
5924 5920
5925 5921
5926 5922
5927 5923
5928 5924
5929 5925
5930 5926
5931 5927
5932 5928
5933 5929
5934 5930
5935 5931
5936 5932
5937 5933
5938 5934
5939 5935
5940 5936
5941 5938
5942 5939
5943 5940
5944 5941
5945 5942
5946 5943
5947 5944
5948 5945
5949 5946
5950 5947
5951 5948
5952 5949
5953 5950
5954 5951
5955 5966
5956 5965
5957 5955
5958 5957
5959 5956
5960 5958
5961 5959
5962 5960
5963 5961
5964 5962
5965 5963
5966 5964
5967 5967
5968 5968
5969 5969
5970 5970
5971 5971
5972 5972
5973 5973
5974 5974
5975 5975
5976 5976
