0 0
1 1
2 2737
3 498
4 489
5 465
6 19
7 4
8 2
9 3
10 5
11 6
12 7
13 8
14 9
15 5499
16 4116
17 3450
18 2153
19 132
20 10
21 11
22 7177
23 2799
24 2798
25 253
26 12
27 13
28 14
29 15
30 16
31 17
32 18
33 296
34 20
35 21
36 22
37 23
38 4538
39 1405
40 146
41 24
42 25
43 26
44 27
45 28
46 29
47 30
48 7282
49 7281
50 7280
51 7279
52 7278
53 6721
54 6719
55 1220
56 31
57 32
58 937
59 33
60 34
61 35
62 36
63 37
64 38
65 39
66 40
67 41
68 42
69 43
70 44
71 45
72 46
73 47
74 48
75 49
76 50
77 51
78 52
79 53
80 54
81 184
82 163
83 131
84 55
85 56
86 57
87 58
88 59
89 60
90 86
91 61
92 62
93 508
94 118
95 63
96 64
97 65
98 66
99 67
100 5361
101 3555
102 1582
103 68
104 69
105 70
106 504
107 71
108 72
109 5196
110 121
111 73
112 74
113 75
114 76
115 77
116 78
117 165
118 79
119 80
120 81
121 82
122 83
123 84
124 85
125 87
126 88
127 89
128 90
129 91
130 92
131 93
132 94
133 5255
134 2917
135 447
136 367
137 366
138 95
139 96
140 97
141 98
142 600
143 99
144 100
145 101
146 102
147 103
148 104
149 105
150 107
151 106
152 108
153 109
154 110
155 111
156 112
157 113
158 114
159 115
160 116
161 117
162 119
163 120
164 3361
165 1379
166 188
167 122
168 123
169 124
170 125
171 126
172 127
173 128
174 130
175 133
176 129
177 6360
178 6359
179 1676
180 134
181 135
182 136
183 137
184 138
185 139
186 140
187 791
188 141
189 142
190 143
191 144
192 145
193 147
194 7232
195 7231
196 2619
197 2596
198 988
199 270
200 148
201 149
202 150
203 151
204 153
205 152
206 154
207 155
208 156
209 157
210 5937
211 5864
212 4735
213 4714
214 4425
215 158
216 159
217 160
218 161
219 162
220 164
221 5544
222 5543
223 1281
224 1160
225 177
226 6717
227 6536
228 6448
229 6447
230 4546
231 4488
232 3890
233 2705
234 2697
235 1959
236 1068
237 166
238 167
239 168
240 169
241 170
242 171
243 172
244 173
245 174
246 175
247 176
248 7272
249 5983
250 4271
251 4270
252 4214
253 3047
254 1599
255 1517
256 1403
257 1344
258 948
259 847
260 362
261 288
262 200
263 178
264 179
265 180
266 181
267 190
268 189
269 187
270 186
271 185
272 183
273 182
274 191
275 192
276 193
277 194
278 195
279 196
280 197
281 198
282 6680
283 199
284 201
285 202
286 203
287 204
288 205
289 404
290 206
291 207
292 208
293 209
294 210
295 211
296 212
297 3773
298 2982
299 2037
300 1130
301 213
302 214
303 215
304 216
305 217
306 218
307 219
308 4210
309 4209
310 220
311 223
312 222
313 221
314 244
315 224
316 225
317 226
318 227
319 228
320 229
321 230
322 231
323 232
324 233
325 235
326 234
327 236
328 237
329 238
330 4434
331 239
332 240
333 241
334 242
335 243
336 245
337 246
338 247
339 248
340 249
341 250
342 251
343 252
344 254
345 255
346 256
347 257
348 258
349 259
350 260
351 261
352 262
353 263
354 264
355 265
356 266
357 267
358 268
359 269
360 271
361 272
362 273
363 274
364 275
365 276
366 277
367 278
368 279
369 280
370 281
371 282
372 283
373 284
374 285
375 286
376 287
377 7201
378 5761
379 4617
380 2743
381 1627
382 1067
383 289
384 290
385 291
386 292
387 293
388 294
389 295
390 5656
391 4776
392 3524
393 1681
394 297
395 298
396 299
397 300
398 301
399 302
400 303
401 304
402 305
403 306
404 307
405 308
406 309
407 310
408 311
409 313
410 312
411 5523
412 4355
413 1756
414 1360
415 605
416 519
417 314
418 315
419 316
420 317
421 318
422 319
423 336
424 335
425 334
426 333
427 332
428 331
429 330
430 329
431 328
432 327
433 326
434 325
435 324
436 323
437 322
438 321
439 320
440 337
441 338
442 339
443 340
444 341
445 342
446 343
447 344
448 345
449 346
450 347
451 348
452 349
453 5636
454 350
455 351
456 352
457 353
458 354
459 355
460 356
461 357
462 358
463 359
464 360
465 361
466 363
467 364
468 365
469 815
470 4593
471 4592
472 4591
473 4590
474 4589
475 4588
476 4587
477 4586
478 4585
479 4584
480 4583
481 4582
482 4581
483 4580
484 4579
485 4578
486 4577
487 4576
488 4575
489 4574
490 4573
491 4572
492 4571
493 4570
494 4569
495 4568
496 4567
497 4566
498 4565
499 4564
500 4563
501 4562
502 4561
503 4560
504 4559
505 4557
506 4556
507 4555
508 4554
509 4553
510 4552
511 4551
512 3861
513 1489
514 887
515 368
516 369
517 370
518 2511
519 371
520 372
521 373
522 374
523 375
524 376
525 380
526 379
527 378
528 377
529 1399
530 381
531 382
532 383
533 384
534 385
535 386
536 387
537 388
538 389
539 390
540 391
541 392
542 393
543 394
544 395
545 396
546 397
547 398
548 399
549 400
550 401
551 402
552 403
553 405
554 406
555 407
556 408
557 409
558 410
559 411
560 412
561 414
562 413
563 2100
564 1254
565 1225
566 1224
567 415
568 416
569 417
570 418
571 419
572 420
573 421
574 422
575 423
576 424
577 425
578 426
579 427
580 428
581 429
582 430
583 431
584 432
585 433
586 434
587 435
588 436
589 437
590 438
591 439
592 2475
593 2400
594 1283
595 440
596 441
597 442
598 443
599 444
600 445
601 446
602 448
603 449
604 450
605 451
606 452
607 453
608 454
609 455
610 456
611 457
612 458
613 459
614 460
615 461
616 462
617 463
618 464
619 466
620 467
621 468
622 469
623 470
624 471
625 472
626 473
627 475
628 474
629 476
630 477
631 478
632 479
633 480
634 481
635 482
636 483
637 484
638 485
639 486
640 487
641 488
642 490
643 491
644 492
645 493
646 494
647 495
648 496
649 497
650 499
651 500
652 501
653 502
654 503
655 1518
656 1074
657 550
658 505
659 506
660 507
661 2011
662 509
663 510
664 511
665 512
666 513
667 514
668 515
669 516
670 517
671 518
672 520
673 521
674 522
675 523
676 524
677 525
678 526
679 527
680 697
681 528
682 529
683 530
684 531
685 532
686 533
687 534
688 535
689 536
690 537
691 538
692 539
693 540
694 542
695 541
696 543
697 544
698 546
699 545
700 547
701 548
702 549
703 2293
704 558
705 551
706 552
707 553
708 554
709 555
710 556
711 557
712 559
713 560
714 561
715 562
716 563
717 564
718 565
719 566
720 567
721 568
722 569
723 570
724 571
725 572
726 573
727 574
728 575
729 576
730 577
731 578
732 579
733 580
734 581
735 582
736 583
737 584
738 585
739 586
740 587
741 588
742 589
743 590
744 591
745 592
746 593
747 594
748 595
749 596
750 597
751 598
752 599
753 6532
754 4930
755 4031
756 601
757 602
758 603
759 604
760 606
761 607
762 608
763 609
764 610
765 611
766 612
767 613
768 614
769 615
770 616
771 617
772 618
773 619
774 620
775 621
776 622
777 623
778 624
779 625
780 626
781 627
782 628
783 633
784 632
785 631
786 630
787 629
788 634
789 635
790 636
791 637
792 638
793 639
794 640
795 641
796 642
797 643
798 644
799 645
800 646
801 647
802 648
803 652
804 651
805 650
806 649
807 3900
808 6531
809 5929
810 5928
811 2693
812 2516
813 864
814 653
815 654
816 655
817 656
818 657
819 658
820 659
821 660
822 661
823 662
824 663
825 664
826 665
827 666
828 667
829 668
830 669
831 670
832 671
833 672
834 673
835 674
836 675
837 676
838 677
839 678
840 679
841 680
842 681
843 682
844 683
845 684
846 685
847 686
848 687
849 688
850 689
851 690
852 691
853 692
854 693
855 694
856 695
857 696
858 698
859 699
860 700
861 701
862 702
863 703
864 704
865 705
866 713
867 712
868 711
869 710
870 709
871 708
872 707
873 706
874 714
875 715
876 716
877 717
878 718
879 719
880 720
881 721
882 722
883 723
884 724
885 725
886 726
887 727
888 728
889 729
890 730
891 731
892 732
893 733
894 734
895 735
896 736
897 737
898 738
899 739
900 740
901 741
902 742
903 743
904 744
905 745
906 746
907 747
908 748
909 749
910 750
911 752
912 751
913 753
914 754
915 756
916 755
917 757
918 758
919 759
920 760
921 761
922 762
923 763
924 764
925 765
926 766
927 767
928 768
929 769
930 770
931 771
932 772
933 773
934 774
935 775
936 776
937 777
938 778
939 779
940 780
941 781
942 782
943 783
944 784
945 785
946 786
947 787
948 788
949 789
950 790
951 792
952 6504
953 4842
954 4304
955 4302
956 793
957 794
958 795
959 796
960 797
961 798
962 799
963 800
964 801
965 802
966 803
967 804
968 805
969 806
970 807
971 808
972 809
973 810
974 811
975 812
976 813
977 814
978 816
979 817
980 818
981 819
982 820
983 821
984 822
985 823
986 824
987 825
988 826
989 827
990 828
991 829
992 830
993 831
994 832
995 833
996 834
997 835
998 836
999 837
1000 838
1001 839
1002 840
1003 841
1004 842
1005 843
1006 844
1007 845
1008 846
1009 1899
1010 848
1011 849
1012 850
1013 851
1014 852
1015 853
1016 854
1017 855
1018 856
1019 857
1020 858
1021 859
1022 860
1023 861
1024 862
1025 863
1026 865
1027 866
1028 867
1029 868
1030 869
1031 870
1032 872
1033 871
1034 873
1035 874
1036 875
1037 876
1038 877
1039 878
1040 879
1041 880
1042 881
1043 882
1044 883
1045 884
1046 885
1047 886
1048 888
1049 889
1050 890
1051 891
1052 892
1053 893
1054 894
1055 895
1056 896
1057 897
1058 898
1059 899
1060 900
1061 901
1062 902
1063 903
1064 904
1065 905
1066 906
1067 907
1068 908
1069 909
1070 910
1071 911
1072 912
1073 913
1074 914
1075 915
1076 916
1077 917
1078 918
1079 919
1080 920
1081 921
1082 922
1083 923
1084 924
1085 925
1086 926
1087 927
1088 928
1089 929
1090 930
1091 931
1092 932
1093 933
1094 934
1095 935
1096 936
1097 938
1098 6817
1099 4489
1100 939
1101 940
1102 941
1103 942
1104 943
1105 944
1106 945
1107 946
1108 947
1109 949
1110 950
1111 951
1112 952
1113 953
1114 954
1115 955
1116 956
1117 957
1118 958
1119 959
1120 960
1121 961
1122 962
1123 963
1124 964
1125 967
1126 966
1127 965
1128 968
1129 969
1130 970
1131 971
1132 974
1133 973
1134 972
1135 4980
1136 4979
1137 975
1138 976
1139 977
1140 978
1141 979
1142 980
1143 981
1144 982
1145 983
1146 984
1147 985
1148 986
1149 990
1150 989
1151 987
1152 991
1153 992
1154 993
1155 994
1156 995
1157 996
1158 997
1159 998
1160 999
1161 1000
1162 1001
1163 1002
1164 1003
1165 1004
1166 1005
1167 1006
1168 1008
1169 1007
1170 1009
1171 1010
1172 1011
1173 1012
1174 1013
1175 1014
1176 1015
1177 1016
1178 1017
1179 1018
1180 1019
1181 1020
1182 1021
1183 1022
1184 1023
1185 1024
1186 1828
1187 1827
1188 1826
1189 1825
1190 1824
1191 1822
1192 1217
1193 1161
1194 1026
1195 1025
1196 1027
1197 1028
1198 1029
1199 1030
1200 1031
1201 1032
1202 6660
1203 1033
1204 1034
1205 1035
1206 1037
1207 1036
1208 1038
1209 1039
1210 1040
1211 1041
1212 1042
1213 1043
1214 1044
1215 1045
1216 1046
1217 1047
1218 1048
1219 1049
1220 1050
1221 1051
1222 1052
1223 1053
1224 1054
1225 1055
1226 1056
1227 1057
1228 1058
1229 1059
1230 1060
1231 1061
1232 1062
1233 1063
1234 1064
1235 1065
1236 1066
1237 1069
1238 6718
1239 6493
1240 5480
1241 5479
1242 5478
1243 5477
1244 5476
1245 4006
1246 2868
1247 2582
1248 1070
1249 1071
1250 1072
1251 1073
1252 7164
1253 5821
1254 5820
1255 5328
1256 1075
1257 1076
1258 1077
1259 1078
1260 1080
1261 1079
1262 4707
1263 4706
1264 1081
1265 1082
1266 1083
1267 1084
1268 1085
1269 1087
1270 1086
1271 1088
1272 1089
1273 1090
1274 1091
1275 1092
1276 1093
1277 1094
1278 1095
1279 1096
1280 1097
1281 1098
1282 1099
1283 1100
1284 1101
1285 1102
1286 1103
1287 1104
1288 1105
1289 1106
1290 1107
1291 1108
1292 1109
1293 1110
1294 1111
1295 1112
1296 1115
1297 1114
1298 1113
1299 6264
1300 5056
1301 5055
1302 5053
1303 3667
1304 3662
1305 3115
1306 1116
1307 1118
1308 1117
1309 1119
1310 1120
1311 1121
1312 1122
1313 1123
1314 1124
1315 1125
1316 1126
1317 1127
1318 1128
1319 1129
1320 1131
1321 1132
1322 1133
1323 1134
1324 1135
1325 1136
1326 1137
1327 1138
1328 1139
1329 1140
1330 1141
1331 1142
1332 1143
1333 1144
1334 1145
1335 1146
1336 1147
1337 1148
1338 1149
1339 1150
1340 1151
1341 1152
1342 1153
1343 1154
1344 1155
1345 1156
1346 1157
1347 1158
1348 1162
1349 1159
1350 1163
1351 1164
1352 1165
1353 1166
1354 1167
1355 1168
1356 1169
1357 1170
1358 1171
1359 1172
1360 1173
1361 1174
1362 1175
1363 1176
1364 1177
1365 1178
1366 1179
1367 1180
1368 1181
1369 7017
1370 6489
1371 5688
1372 5391
1373 5390
1374 5389
1375 5388
1376 5387
1377 5386
1378 5385
1379 5025
1380 3726
1381 2586
1382 1182
1383 1183
1384 1184
1385 1185
1386 1186
1387 1187
1388 1188
1389 1189
1390 1190
1391 1194
1392 1193
1393 1192
1394 1191
1395 1195
1396 1196
1397 1197
1398 1199
1399 1198
1400 1200
1401 1201
1402 1202
1403 1203
1404 1204
1405 1205
1406 1206
1407 1207
1408 1208
1409 1209
1410 1211
1411 1210
1412 1212
1413 5898
1414 3307
1415 1214
1416 1213
1417 1215
1418 1216
1419 1218
1420 1219
1421 1221
1422 1222
1423 1223
1424 1226
1425 1227
1426 1228
1427 1231
1428 1230
1429 1229
1430 1232
1431 1233
1432 1234
1433 1235
1434 1236
1435 1237
1436 1238
1437 1239
1438 1240
1439 1241
1440 1242
1441 1243
1442 1244
1443 1245
1444 1246
1445 1247
1446 1248
1447 1249
1448 1250
1449 1251
1450 1252
1451 1253
1452 1255
1453 1256
1454 1257
1455 1258
1456 1260
1457 1259
1458 1261
1459 1262
1460 1263
1461 1264
1462 1265
1463 1266
1464 1267
1465 1268
1466 1269
1467 1270
1468 1271
1469 1272
1470 1273
1471 1274
1472 1275
1473 1276
1474 1277
1475 1278
1476 1279
1477 1280
1478 1282
1479 1284
1480 1285
1481 1286
1482 1287
1483 2177
1484 1288
1485 1289
1486 1291
1487 1290
1488 1292
1489 1293
1490 6715
1491 2721
1492 2158
1493 1932
1494 1732
1495 1302
1496 1301
1497 1300
1498 1299
1499 1298
1500 1297
1501 1296
1502 1295
1503 1294
1504 1303
1505 1305
1506 1304
1507 6399
1508 6398
1509 1306
1510 1307
1511 6513
1512 1308
1513 1309
1514 1310
1515 1311
1516 1312
1517 1313
1518 1314
1519 1315
1520 1316
1521 1317
1522 1318
1523 1319
1524 1320
1525 1321
1526 1322
1527 1323
1528 1324
1529 1325
1530 1326
1531 1327
1532 1328
1533 1329
1534 1330
1535 1331
1536 1332
1537 1333
1538 1334
1539 1335
1540 1336
1541 1337
1542 1338
1543 1339
1544 1340
1545 1341
1546 1342
1547 1343
1548 1345
1549 1346
1550 1347
1551 1348
1552 1349
1553 1350
1554 1352
1555 1351
1556 1353
1557 1354
1558 1355
1559 1356
1560 1357
1561 1358
1562 1359
1563 1362
1564 1361
1565 1363
1566 1364
1567 1365
1568 1366
1569 1367
1570 1368
1571 1369
1572 1371
1573 1370
1574 1372
1575 1373
1576 1374
1577 1375
1578 1376
1579 1377
1580 1378
1581 1380
1582 1381
1583 1382
1584 1383
1585 1384
1586 1385
1587 1386
1588 1387
1589 1388
1590 1400
1591 1389
1592 1390
1593 1391
1594 1392
1595 1393
1596 1394
1597 1395
1598 1396
1599 1397
1600 1404
1601 1402
1602 1401
1603 1398
1604 6269
1605 5266
1606 4099
1607 1667
1608 6991
1609 6894
1610 6788
1611 6787
1612 6720
1613 4680
1614 4674
1615 4673
1616 4672
1617 3759
1618 3364
1619 3363
1620 3163
1621 2335
1622 1762
1623 1761
1624 1760
1625 1759
1626 1758
1627 1757
1628 1755
1629 1406
1630 1407
1631 1408
1632 1409
1633 1410
1634 1411
1635 1412
1636 1413
1637 1414
1638 1415
1639 1417
1640 1416
1641 1418
1642 1419
1643 1420
1644 1421
1645 1422
1646 1424
1647 1423
1648 1425
1649 1426
1650 1428
1651 1427
1652 3593
1653 1429
1654 1430
1655 1431
1656 1432
1657 1433
1658 1434
1659 1435
1660 1436
1661 1437
1662 1438
1663 1439
1664 1440
1665 1441
1666 1442
1667 1443
1668 1444
1669 1445
1670 1446
1671 1447
1672 1448
1673 1449
1674 1450
1675 1451
1676 1452
1677 1453
1678 1454
1679 1455
1680 1456
1681 1457
1682 1458
1683 1459
1684 1460
1685 1461
1686 1462
1687 1463
1688 2478
1689 1464
1690 1465
1691 1466
1692 1468
1693 1467
1694 7321
1695 2903
1696 1469
1697 1470
1698 1471
1699 1472
1700 1473
1701 1474
1702 1475
1703 1476
1704 1477
1705 1478
1706 1479
1707 1480
1708 1481
1709 1482
1710 1483
1711 1484
1712 1485
1713 1486
1714 1487
1715 1488
1716 1490
1717 1491
1718 1492
1719 1493
1720 7028
1721 7027
1722 6944
1723 6844
1724 3385
1725 2626
1726 1494
1727 1495
1728 1496
1729 1497
1730 1498
1731 1499
1732 1500
1733 1501
1734 1502
1735 1503
1736 1504
1737 1505
1738 1506
1739 1507
1740 1508
1741 1509
1742 1510
1743 1511
1744 1512
1745 2440
1746 1513
1747 1514
1748 1515
1749 1516
1750 6943
1751 5020
1752 4547
1753 4307
1754 4048
1755 1519
1756 1520
1757 1521
1758 1522
1759 6640
1760 6639
1761 6638
1762 6637
1763 6636
1764 6635
1765 6634
1766 6633
1767 6464
1768 2698
1769 2109
1770 1523
1771 1524
1772 1525
1773 1526
1774 1527
1775 1528
1776 1529
1777 1530
1778 1531
1779 1532
1780 1533
1781 1534
1782 1535
1783 1536
1784 1537
1785 1538
1786 1539
1787 1540
1788 1541
1789 1542
1790 1543
1791 1544
1792 1545
1793 1546
1794 1547
1795 1548
1796 1549
1797 1550
1798 1551
1799 1552
1800 1553
1801 1554
1802 1555
1803 1556
1804 1557
1805 1558
1806 1559
1807 1560
1808 1561
1809 1562
1810 1563
1811 1564
1812 1565
1813 1566
1814 1567
1815 1568
1816 1569
1817 1570
1818 1571
1819 1572
1820 1573
1821 1574
1822 2249
1823 1575
1824 1576
1825 1577
1826 1578
1827 1580
1828 1579
1829 1581
1830 1583
1831 1584
1832 1585
1833 1586
1834 1587
1835 6765
1836 6764
1837 6763
1838 6762
1839 6761
1840 6760
1841 6759
1842 5209
1843 3847
1844 1588
1845 1589
1846 1590
1847 1591
1848 1592
1849 1593
1850 1594
1851 1595
1852 1596
1853 1597
1854 1598
1855 1600
1856 1601
1857 1602
1858 1603
1859 1604
1860 1605
1861 1606
1862 1607
1863 1608
1864 1609
1865 1610
1866 1611
1867 1612
1868 1613
1869 1614
1870 1615
1871 1616
1872 1617
1873 1618
1874 1619
1875 1620
1876 1621
1877 1622
1878 1623
1879 1624
1880 1625
1881 1626
1882 1628
1883 1629
1884 1630
1885 1631
1886 1632
1887 1633
1888 1634
1889 1635
1890 1636
1891 1637
1892 1638
1893 1639
1894 1640
1895 1641
1896 1642
1897 1643
1898 1644
1899 1645
1900 1646
1901 1647
1902 1648
1903 1649
1904 1650
1905 1651
1906 1652
1907 1653
1908 1654
1909 1655
1910 1656
1911 1657
1912 1658
1913 1659
1914 1660
1915 1661
1916 1662
1917 1663
1918 1664
1919 1665
1920 1666
1921 1668
1922 1669
1923 1671
1924 1670
1925 1672
1926 1673
1927 1674
1928 1675
1929 1677
1930 1678
1931 1679
1932 1680
1933 1682
1934 1683
1935 1684
1936 1685
1937 1686
1938 1687
1939 1688
1940 1689
1941 1690
1942 1691
1943 1692
1944 1693
1945 1694
1946 1695
1947 1696
1948 1697
1949 1698
1950 1699
1951 1700
1952 1701
1953 1702
1954 1703
1955 1704
1956 1705
1957 1706
1958 1707
1959 1708
1960 1709
1961 1710
1962 1711
1963 1712
1964 1713
1965 1714
1966 1715
1967 1716
1968 1717
1969 1718
1970 1719
1971 1720
1972 1721
1973 1722
1974 1723
1975 1724
1976 1725
1977 1726
1978 1727
1979 1728
1980 1729
1981 1730
1982 1731
1983 1733
1984 1734
1985 1735
1986 1736
1987 1737
1988 1738
1989 1739
1990 1740
1991 1741
1992 1742
1993 1743
1994 1744
1995 1745
1996 1746
1997 1747
1998 1748
1999 1749
2000 1750
2001 1751
2002 1752
2003 1753
2004 1754
2005 1763
2006 1764
2007 1765
2008 1766
2009 1767
2010 1768
2011 1769
2012 1770
2013 1771
2014 1772
2015 1773
2016 1774
2017 1775
2018 1776
2019 1777
2020 1778
2021 1780
2022 1779
2023 1781
2024 1782
2025 1783
2026 1784
2027 1785
2028 1786
2029 1787
2030 1788
2031 1789
2032 1790
2033 1791
2034 1792
2035 1793
2036 1794
2037 1795
2038 1796
2039 1797
2040 1798
2041 1799
2042 1800
2043 1801
2044 1802
2045 1803
2046 1804
2047 1805
2048 1806
2049 1807
2050 1808
2051 1810
2052 1809
2053 1812
2054 6869
2055 6237
2056 1935
2057 1811
2058 1813
2059 1814
2060 1815
2061 1816
2062 1817
2063 1818
2064 1819
2065 1820
2066 1821
2067 1823
2068 1829
2069 1830
2070 1831
2071 1832
2072 1833
2073 7350
2074 7349
2075 7348
2076 7347
2077 7343
2078 7198
2079 7095
2080 6828
2081 6495
2082 6488
2083 6477
2084 6300
2085 4177
2086 3616
2087 3536
2088 3050
2089 3049
2090 2902
2091 2765
2092 2730
2093 2702
2094 1834
2095 1835
2096 2753
2097 1874
2098 1873
2099 1836
2100 1837
2101 1838
2102 1839
2103 1840
2104 1841
2105 1842
2106 1843
2107 5524
2108 5522
2109 5521
2110 1844
2111 1845
2112 1846
2113 1847
2114 1848
2115 1849
2116 1850
2117 1851
2118 1852
2119 1853
2120 1854
2121 1855
2122 1856
2123 1857
2124 1858
2125 1859
2126 1860
2127 1861
2128 1862
2129 1863
2130 1864
2131 1865
2132 1866
2133 1867
2134 1868
2135 1869
2136 1870
2137 1871
2138 1872
2139 1875
2140 1876
2141 1877
2142 1878
2143 1879
2144 1880
2145 1881
2146 1882
2147 1883
2148 1884
2149 1885
2150 1886
2151 1887
2152 1888
2153 1889
2154 1890
2155 1891
2156 1893
2157 1896
2158 1895
2159 1894
2160 1892
2161 1897
2162 1898
2163 6302
2164 5716
2165 5547
2166 5546
2167 5545
2168 5542
2169 5541
2170 3904
2171 3043
2172 2209
2173 1900
2174 1906
2175 1905
2176 1904
2177 1903
2178 1902
2179 1901
2180 1907
2181 1909
2182 1908
2183 1910
2184 1911
2185 1912
2186 1913
2187 1914
2188 1915
2189 1916
2190 1917
2191 1918
2192 1919
2193 1920
2194 1921
2195 1922
2196 1923
2197 1924
2198 1925
2199 1926
2200 1927
2201 1928
2202 6494
2203 3398
2204 2896
2205 1930
2206 1929
2207 1931
2208 1933
2209 1934
2210 1936
2211 1937
2212 1938
2213 1939
2214 1940
2215 1941
2216 1942
2217 1943
2218 1944
2219 1945
2220 1946
2221 1947
2222 1948
2223 6275
2224 6172
2225 1949
2226 1950
2227 1951
2228 1952
2229 1953
2230 1954
2231 1955
2232 1956
2233 1957
2234 1958
2235 5852
2236 3087
2237 2115
2238 1963
2239 1962
2240 1961
2241 1960
2242 1965
2243 1966
2244 1964
2245 7300
2246 7299
2247 1967
2248 1968
2249 1969
2250 1970
2251 1971
2252 1972
2253 1973
2254 1975
2255 1974
2256 1976
2257 1977
2258 1978
2259 1979
2260 1980
2261 1981
2262 1982
2263 1983
2264 1984
2265 1985
2266 1987
2267 1986
2268 1988
2269 1989
2270 1990
2271 1991
2272 1992
2273 1993
2274 1994
2275 1995
2276 1996
2277 1997
2278 1998
2279 1999
2280 2000
2281 2001
2282 2002
2283 2003
2284 2004
2285 2005
2286 2006
2287 2007
2288 2008
2289 2009
2290 2010
2291 2366
2292 2012
2293 2013
2294 2014
2295 2015
2296 2016
2297 2017
2298 2018
2299 2019
2300 2020
2301 2021
2302 2022
2303 2023
2304 2024
2305 2025
2306 2026
2307 4258
2308 4257
2309 4256
2310 2027
2311 2028
2312 2029
2313 2030
2314 2031
2315 2032
2316 2033
2317 2034
2318 2035
2319 2036
2320 2038
2321 2039
2322 2040
2323 2041
2324 2043
2325 2044
2326 2042
2327 2045
2328 2047
2329 2046
2330 2048
2331 2049
2332 2050
2333 2051
2334 2052
2335 2053
2336 2054
2337 2055
2338 2056
2339 2057
2340 2058
2341 2059
2342 2060
2343 2061
2344 2062
2345 2063
2346 2064
2347 2065
2348 2066
2349 2067
2350 2068
2351 2069
2352 2070
2353 2071
2354 2072
2355 2073
2356 2074
2357 2075
2358 2076
2359 2077
2360 2078
2361 2079
2362 2080
2363 2081
2364 2082
2365 2083
2366 2084
2367 2085
2368 2086
2369 2087
2370 2088
2371 2089
2372 2090
2373 2091
2374 2092
2375 2093
2376 2094
2377 2095
2378 2096
2379 2097
2380 2098
2381 2099
2382 2874
2383 2766
2384 2580
2385 2579
2386 2503
2387 2101
2388 2102
2389 2103
2390 2104
2391 2106
2392 2105
2393 2107
2394 2108
2395 2110
2396 2111
2397 2112
2398 2113
2399 2114
2400 2116
2401 2117
2402 2118
2403 2119
2404 2120
2405 2121
2406 2122
2407 2123
2408 2124
2409 2125
2410 2126
2411 2127
2412 2128
2413 2129
2414 2130
2415 2131
2416 2132
2417 2133
2418 2134
2419 2135
2420 2136
2421 2137
2422 2138
2423 2139
2424 2140
2425 2141
2426 2142
2427 2143
2428 2144
2429 2145
2430 2146
2431 2147
2432 2148
2433 2149
2434 2150
2435 2151
2436 2152
2437 2154
2438 2155
2439 2156
2440 2157
2441 2159
2442 2160
2443 2161
2444 2162
2445 2163
2446 2164
2447 2165
2448 2166
2449 2167
2450 2168
2451 2169
2452 2170
2453 2171
2454 2172
2455 2173
2456 2174
2457 2175
2458 2176
2459 3296
2460 2178
2461 2179
2462 2180
2463 2181
2464 2182
2465 2183
2466 2184
2467 2185
2468 2186
2469 2187
2470 2188
2471 2189
2472 2190
2473 2191
2474 2192
2475 2193
2476 2194
2477 2195
2478 2196
2479 2197
2480 2198
2481 2199
2482 2200
2483 2202
2484 2201
2485 2203
2486 2204
2487 2205
2488 2206
2489 2207
2490 2208
2491 2211
2492 2210
2493 2212
2494 2213
2495 2214
2496 2215
2497 2216
2498 2217
2499 2218
2500 2219
2501 2220
2502 2221
2503 2222
2504 2223
2505 2224
2506 2225
2507 2226
2508 2227
2509 2228
2510 2229
2511 2230
2512 2231
2513 2233
2514 2232
2515 2234
2516 2235
2517 2236
2518 2238
2519 2237
2520 2239
2521 2240
2522 2241
2523 6540
2524 2242
2525 2243
2526 2244
2527 2245
2528 2246
2529 2247
2530 2248
2531 5957
2532 2250
2533 2251
2534 2252
2535 2253
2536 2254
2537 2255
2538 2257
2539 2256
2540 2258
2541 2259
2542 2260
2543 2261
2544 2262
2545 2263
2546 2264
2547 2265
2548 2266
2549 2267
2550 2268
2551 2269
2552 2270
2553 2271
2554 2272
2555 2273
2556 2274
2557 2275
2558 2276
2559 2277
2560 2278
2561 2279
2562 2280
2563 2281
2564 2282
2565 2283
2566 2284
2567 2285
2568 2286
2569 2287
2570 2288
2571 2289
2572 2290
2573 2291
2574 2292
2575 2294
2576 2295
2577 2296
2578 2297
2579 2298
2580 2299
2581 2300
2582 2301
2583 2302
2584 2303
2585 2304
2586 2305
2587 2306
2588 2307
2589 2308
2590 2309
2591 2310
2592 2311
2593 2312
2594 2313
2595 2314
2596 2315
2597 2316
2598 2317
2599 2318
2600 2319
2601 2320
2602 2321
2603 2322
2604 2323
2605 2324
2606 2325
2607 2326
2608 2327
2609 2328
2610 2329
2611 2330
2612 2331
2613 2332
2614 2333
2615 2334
2616 2336
2617 2337
2618 2338
2619 2339
2620 2340
2621 2341
2622 2342
2623 2343
2624 2344
2625 2345
2626 2346
2627 2347
2628 2348
2629 2349
2630 2350
2631 2351
2632 2352
2633 2353
2634 2354
2635 2355
2636 2356
2637 2357
2638 2360
2639 2359
2640 2358
2641 2361
2642 2362
2643 2363
2644 2364
2645 2365
2646 2367
2647 2368
2648 2369
2649 2370
2650 2371
2651 2373
2652 2372
2653 2374
2654 2375
2655 2376
2656 2377
2657 2378
2658 2379
2659 2380
2660 2381
2661 2382
2662 2383
2663 2384
2664 2385
2665 2386
2666 2387
2667 2388
2668 2389
2669 2390
2670 2391
2671 2392
2672 2393
2673 2394
2674 2395
2675 2396
2676 2397
2677 2398
2678 2399
2679 2401
2680 2402
2681 2403
2682 2404
2683 2405
2684 2406
2685 2407
2686 2408
2687 2409
2688 2410
2689 2411
2690 2412
2691 2413
2692 2414
2693 2415
2694 2416
2695 2417
2696 2418
2697 2419
2698 2420
2699 2421
2700 2422
2701 2423
2702 2424
2703 2425
2704 2426
2705 2427
2706 2428
2707 2429
2708 2430
2709 2431
2710 2432
2711 2433
2712 2434
2713 2435
2714 2436
2715 2437
2716 2438
2717 2439
2718 2441
2719 2442
2720 2443
2721 2444
2722 2445
2723 2446
2724 2447
2725 2448
2726 2449
2727 2450
2728 2451
2729 2452
2730 2453
2731 2455
2732 2454
2733 2456
2734 2457
2735 2458
2736 2459
2737 2460
2738 2461
2739 2462
2740 2463
2741 2464
2742 2465
2743 2466
2744 2467
2745 2468
2746 2469
2747 2470
2748 2471
2749 2472
2750 2473
2751 2474
2752 2476
2753 2477
2754 2479
2755 2480
2756 2481
2757 2482
2758 2483
2759 2486
2760 2485
2761 2484
2762 2487
2763 2488
2764 2489
2765 2490
2766 2491
2767 2492
2768 2493
2769 2502
2770 2501
2771 2500
2772 2499
2773 2498
2774 2497
2775 2496
2776 2495
2777 2494
2778 2504
2779 2505
2780 2506
2781 2507
2782 2508
2783 5033
2784 2509
2785 2510
2786 2512
2787 2513
2788 2514
2789 2515
2790 2517
2791 2518
2792 2519
2793 2520
2794 2521
2795 2522
2796 2523
2797 2524
2798 2525
2799 2526
2800 2527
2801 2528
2802 2529
2803 2530
2804 2531
2805 2532
2806 2533
2807 2534
2808 2535
2809 2536
2810 2537
2811 2538
2812 2539
2813 2540
2814 2541
2815 2542
2816 2543
2817 2544
2818 2545
2819 2546
2820 2547
2821 2548
2822 2549
2823 2550
2824 2551
2825 2553
2826 2552
2827 2554
2828 2555
2829 2556
2830 2557
2831 2558
2832 2559
2833 2560
2834 2562
2835 2561
2836 2563
2837 2564
2838 2565
2839 2566
2840 2567
2841 2568
2842 2569
2843 2704
2844 2638
2845 2570
2846 2571
2847 2572
2848 2573
2849 2574
2850 2575
2851 2576
2852 2577
2853 2578
2854 2581
2855 3830
2856 2583
2857 2584
2858 2585
2859 2587
2860 6346
2861 2588
2862 2589
2863 2590
2864 2591
2865 2592
2866 2593
2867 2594
2868 2595
2869 2597
2870 2598
2871 2599
2872 2600
2873 2601
2874 2602
2875 2603
2876 2604
2877 2605
2878 2606
2879 2607
2880 2608
2881 2609
2882 2610
2883 2611
2884 2612
2885 2613
2886 2614
2887 2615
2888 2616
2889 2617
2890 2618
2891 2620
2892 2621
2893 2622
2894 2623
2895 2624
2896 2625
2897 5733
2898 5129
2899 5128
2900 5127
2901 5126
2902 3326
2903 2627
2904 2628
2905 2629
2906 2630
2907 2631
2908 2632
2909 2633
2910 2634
2911 2635
2912 2636
2913 2637
2914 2640
2915 2639
2916 6419
2917 6418
2918 2641
2919 2642
2920 2643
2921 2644
2922 2645
2923 2646
2924 2647
2925 2648
2926 2649
2927 2650
2928 2651
2929 2652
2930 2653
2931 2654
2932 2655
2933 2656
2934 2657
2935 2658
2936 2659
2937 2660
2938 2662
2939 2663
2940 2661
2941 2664
2942 2708
2943 2707
2944 2706
2945 2703
2946 2701
2947 2700
2948 2699
2949 2696
2950 2695
2951 2694
2952 2692
2953 2691
2954 2690
2955 2689
2956 2688
2957 2687
2958 2686
2959 2685
2960 2684
2961 2683
2962 2682
2963 2681
2964 2680
2965 2679
2966 2678
2967 2677
2968 2676
2969 2675
2970 2674
2971 2673
2972 2672
2973 2671
2974 2670
2975 2669
2976 2668
2977 2667
2978 2666
2979 2665
2980 6440
2981 6439
2982 6438
2983 5502
2984 5501
2985 5500
2986 5498
2987 5497
2988 5496
2989 5495
2990 5494
2991 5493
2992 5380
2993 6392
2994 4641
2995 6830
2996 6786
2997 5967
2998 5272
2999 4392
3000 2709
3001 2710
3002 2711
3003 2712
3004 2713
3005 2714
3006 2715
3007 2716
3008 2717
3009 2718
3010 2719
3011 2720
3012 2722
3013 2723
3014 2724
3015 2725
3016 2726
3017 2727
3018 2728
3019 2729
3020 2731
3021 2732
3022 2733
3023 2734
3024 2735
3025 2736
3026 2738
3027 2739
3028 2740
3029 2741
3030 2742
3031 2744
3032 2745
3033 2746
3034 2747
3035 2748
3036 2749
3037 2750
3038 2751
3039 2752
3040 2754
3041 4201
3042 2836
3043 2755
3044 2756
3045 2757
3046 2758
3047 2759
3048 2761
3049 2760
3050 2762
3051 2763
3052 2764
3053 2767
3054 2768
3055 3055
3056 2769
3057 2770
3058 2771
3059 2772
3060 2773
3061 2774
3062 2775
3063 2776
3064 2777
3065 2778
3066 2779
3067 2780
3068 2781
3069 2782
3070 2783
3071 2784
3072 2785
3073 2786
3074 2787
3075 2800
3076 2797
3077 2796
3078 2795
3079 2794
3080 2793
3081 2792
3082 2791
3083 2790
3084 2789
3085 2788
3086 7354
3087 7257
3088 4890
3089 3608
3090 2801
3091 2802
3092 2803
3093 2804
3094 2805
3095 2806
3096 2807
3097 2808
3098 2809
3099 2810
3100 2811
3101 2812
3102 2813
3103 2814
3104 2815
3105 2816
3106 2817
3107 2818
3108 2819
3109 2820
3110 2821
3111 2822
3112 2823
3113 2824
3114 2825
3115 2826
3116 2827
3117 2828
3118 2829
3119 2830
3120 2831
3121 2832
3122 2837
3123 2835
3124 2834
3125 2833
3126 2838
3127 2839
3128 2840
3129 2841
3130 2842
3131 2843
3132 2844
3133 2845
3134 2846
3135 2847
3136 2848
3137 2849
3138 2850
3139 2851
3140 2852
3141 2853
3142 2854
3143 2855
3144 2857
3145 2856
3146 2858
3147 2859
3148 2860
3149 2861
3150 2862
3151 2863
3152 2864
3153 2865
3154 2866
3155 2867
3156 5411
3157 5290
3158 4558
3159 2869
3160 2870
3161 2871
3162 2872
3163 2873
3164 2875
3165 2876
3166 2877
3167 2878
3168 2879
3169 2880
3170 2881
3171 2882
3172 2883
3173 2884
3174 2885
3175 2886
3176 2887
3177 2888
3178 2889
3179 2890
3180 2891
3181 2892
3182 2893
3183 2894
3184 2895
3185 2897
3186 2898
3187 2899
3188 2901
3189 2900
3190 2904
3191 2905
3192 2906
3193 2907
3194 2908
3195 2909
3196 2910
3197 4208
3198 4207
3199 4206
3200 4205
3201 4204
3202 2911
3203 2912
3204 2913
3205 2914
3206 2915
3207 2916
3208 2918
3209 2919
3210 2920
3211 2921
3212 2922
3213 2923
3214 2924
3215 2925
3216 2927
3217 2926
3218 2928
3219 2929
3220 2930
3221 2931
3222 2932
3223 2933
3224 2934
3225 2935
3226 2936
3227 2937
3228 2938
3229 2939
3230 2940
3231 2941
3232 2942
3233 2943
3234 2944
3235 2945
3236 2946
3237 2947
3238 2948
3239 2949
3240 2950
3241 2951
3242 2952
3243 2953
3244 2955
3245 2954
3246 6851
3247 2956
3248 2957
3249 2958
3250 2959
3251 2960
3252 2961
3253 2962
3254 2963
3255 2964
3256 2965
3257 2966
3258 2967
3259 2968
3260 2969
3261 2970
3262 2971
3263 2972
3264 2973
3265 2974
3266 2975
3267 2976
3268 2977
3269 2978
3270 2979
3271 2980
3272 2981
3273 5631
3274 5362
3275 2983
3276 2984
3277 2985
3278 2986
3279 2987
3280 2988
3281 2989
3282 2990
3283 2991
3284 2992
3285 2993
3286 2994
3287 2995
3288 2996
3289 2997
3290 2998
3291 2999
3292 3000
3293 3001
3294 3002
3295 3003
3296 3004
3297 3005
3298 3006
3299 3007
3300 3008
3301 3009
3302 3010
3303 3011
3304 3012
3305 3013
3306 3014
3307 3015
3308 3016
3309 3017
3310 3018
3311 3019
3312 3020
3313 3021
3314 3022
3315 3023
3316 3024
3317 3025
3318 3026
3319 3027
3320 3028
3321 3029
3322 3030
3323 3031
3324 3032
3325 3033
3326 3034
3327 3035
3328 3036
3329 3037
3330 3038
3331 3039
3332 3040
3333 3041
3334 3042
3335 3044
3336 3045
3337 3046
3338 3048
3339 3051
3340 3052
3341 3053
3342 3054
3343 3056
3344 3057
3345 3058
3346 3059
3347 3060
3348 3061
3349 3062
3350 3063
3351 3064
3352 3065
3353 3066
3354 3067
3355 3068
3356 3069
3357 3070
3358 3071
3359 3072
3360 3073
3361 3074
3362 3075
3363 3076
3364 3077
3365 3078
3366 3079
3367 3080
3368 3081
3369 3082
3370 3083
3371 3084
3372 3086
3373 3085
3374 3088
3375 3089
3376 3090
3377 3091
3378 3092
3379 6722
3380 6643
3381 6542
3382 6541
3383 6539
3384 6538
3385 6537
3386 6535
3387 6534
3388 6533
3389 6530
3390 6529
3391 6528
3392 6527
3393 6526
3394 6525
3395 6524
3396 6523
3397 6522
3398 6521
3399 6520
3400 6519
3401 6518
3402 6517
3403 6516
3404 6515
3405 6514
3406 6512
3407 6511
3408 6510
3409 6509
3410 6508
3411 6507
3412 6506
3413 6505
3414 6503
3415 6502
3416 6501
3417 6500
3418 6499
3419 6498
3420 6497
3421 6496
3422 6492
3423 6491
3424 6490
3425 6457
3426 6456
3427 6409
3428 6408
3429 6407
3430 6320
3431 6110
3432 6098
3433 5623
3434 5344
3435 5335
3436 5233
3437 4975
3438 4620
3439 4299
3440 3169
3441 3093
3442 3094
3443 3095
3444 3096
3445 3097
3446 3098
3447 3099
3448 3100
3449 3101
3450 3102
3451 3103
3452 3104
3453 3105
3454 3106
3455 3107
3456 3108
3457 3109
3458 3110
3459 3111
3460 3112
3461 3113
3462 3114
3463 5054
3464 5052
3465 5051
3466 4880
3467 4200
3468 3655
3469 3654
3470 3653
3471 3652
3472 3651
3473 3650
3474 3649
3475 3648
3476 3647
3477 3646
3478 3645
3479 3644
3480 3643
3481 3642
3482 3150
3483 3116
3484 3117
3485 3118
3486 3119
3487 3120
3488 3121
3489 3122
3490 3123
3491 3124
3492 3125
3493 3126
3494 3127
3495 3128
3496 3129
3497 3130
3498 3131
3499 3132
3500 3133
3501 3134
3502 3135
3503 3136
3504 3137
3505 3138
3506 3139
3507 3140
3508 3141
3509 3142
3510 3143
3511 3144
3512 3145
3513 3146
3514 3147
3515 3148
3516 3149
3517 3151
3518 3152
3519 3153
3520 3154
3521 3155
3522 3156
3523 3157
3524 3158
3525 3159
3526 3160
3527 3161
3528 3162
3529 3164
3530 3166
3531 3165
3532 3167
3533 3168
3534 3170
3535 3171
3536 3172
3537 3173
3538 3174
3539 3175
3540 3176
3541 3177
3542 3178
3543 3179
3544 3180
3545 3181
3546 3182
3547 3183
3548 3184
3549 3185
3550 3186
3551 3187
3552 3188
3553 3189
3554 3190
3555 3191
3556 3192
3557 3193
3558 3194
3559 3195
3560 3196
3561 3197
3562 3198
3563 3199
3564 3200
3565 3201
3566 3202
3567 3203
3568 3204
3569 3205
3570 4303
3571 3206
3572 3207
3573 3208
3574 3209
3575 3211
3576 3210
3577 3212
3578 3213
3579 3214
3580 3215
3581 3216
3582 3217
3583 3218
3584 3219
3585 3220
3586 3221
3587 3222
3588 3223
3589 3224
3590 3225
3591 3226
3592 3227
3593 3228
3594 3229
3595 3230
3596 3231
3597 3232
3598 3233
3599 3234
3600 3235
3601 3236
3602 3237
3603 3238
3604 3239
3605 3240
3606 3241
3607 3242
3608 3243
3609 3244
3610 3245
3611 3246
3612 3247
3613 3248
3614 3249
3615 3250
3616 3251
3617 3252
3618 3253
3619 3254
3620 3255
3621 3256
3622 3257
3623 3258
3624 3259
3625 3260
3626 3261
3627 3262
3628 3264
3629 3263
3630 4247
3631 3265
3632 3266
3633 3267
3634 3268
3635 3269
3636 3270
3637 3271
3638 3272
3639 3273
3640 3274
3641 3275
3642 3276
3643 3277
3644 3278
3645 3279
3646 3280
3647 3281
3648 3282
3649 3283
3650 3284
3651 3285
3652 3286
3653 3287
3654 3288
3655 3289
3656 3290
3657 3291
3658 3292
3659 3293
3660 3294
3661 3295
3662 3297
3663 3298
3664 3299
3665 3300
3666 3301
3667 3302
3668 3303
3669 3304
3670 3305
3671 3306
3672 3308
3673 3309
3674 3310
3675 3311
3676 3312
3677 3313
3678 3314
3679 3315
3680 3317
3681 3316
3682 3318
3683 3319
3684 3320
3685 3321
3686 3322
3687 3323
3688 3324
3689 3325
3690 3327
3691 3328
3692 3329
3693 3330
3694 3331
3695 3332
3696 3333
3697 3334
3698 3335
3699 3336
3700 3337
3701 3338
3702 3339
3703 3340
3704 3341
3705 3342
3706 3343
3707 3344
3708 3345
3709 3346
3710 3347
3711 3348
3712 3349
3713 4173
3714 3350
3715 3351
3716 3352
3717 3353
3718 3354
3719 3355
3720 3356
3721 3357
3722 3358
3723 3360
3724 3359
3725 3362
3726 4769
3727 3365
3728 3366
3729 3367
3730 3368
3731 3369
3732 3370
3733 3371
3734 3372
3735 3373
3736 3374
3737 3375
3738 3376
3739 3377
3740 3378
3741 3379
3742 3380
3743 3381
3744 3382
3745 3383
3746 3384
3747 3386
3748 3387
3749 3388
3750 3389
3751 3390
3752 3391
3753 3392
3754 3393
3755 3394
3756 3395
3757 3396
3758 3397
3759 3399
3760 3400
3761 3401
3762 3402
3763 3403
3764 3404
3765 3405
3766 3406
3767 3407
3768 3408
3769 3409
3770 3410
3771 3411
3772 3413
3773 3412
3774 5836
3775 3414
3776 3415
3777 3416
3778 3417
3779 3418
3780 3419
3781 3420
3782 3421
3783 3422
3784 3423
3785 3424
3786 3425
3787 3426
3788 3427
3789 3428
3790 3429
3791 3430
3792 3431
3793 3432
3794 3433
3795 3434
3796 3435
3797 3436
3798 3437
3799 3438
3800 3439
3801 3440
3802 3441
3803 3442
3804 3443
3805 3444
3806 3445
3807 3446
3808 3447
3809 3448
3810 3449
3811 3451
3812 3452
3813 3453
3814 3454
3815 3455
3816 3456
3817 3457
3818 3458
3819 3459
3820 3460
3821 3461
3822 3462
3823 3463
3824 3464
3825 3465
3826 3466
3827 3467
3828 3468
3829 3469
3830 3470
3831 3471
3832 3472
3833 3473
3834 3474
3835 3475
3836 3476
3837 3477
3838 3478
3839 3480
3840 3479
3841 3481
3842 3482
3843 3483
3844 3484
3845 3485
3846 3486
3847 3487
3848 3488
3849 3489
3850 3490
3851 3491
3852 3492
3853 3493
3854 3494
3855 3495
3856 3496
3857 3497
3858 3498
3859 3499
3860 3500
3861 3501
3862 3502
3863 3503
3864 3504
3865 3505
3866 3506
3867 3507
3868 3508
3869 3509
3870 3510
3871 3511
3872 3512
3873 3513
3874 3514
3875 3515
3876 3517
3877 3516
3878 3518
3879 3519
3880 3520
3881 3521
3882 3522
3883 3523
3884 3525
3885 3526
3886 3527
3887 3528
3888 3529
3889 3530
3890 3531
3891 3532
3892 3533
3893 3534
3894 3535
3895 3537
3896 3538
3897 3539
3898 3540
3899 3541
3900 3542
3901 3543
3902 3544
3903 3545
3904 3546
3905 3547
3906 3548
3907 3549
3908 3550
3909 3551
3910 3552
3911 3553
3912 3554
3913 3556
3914 3557
3915 3558
3916 3559
3917 3562
3918 3561
3919 3560
3920 3563
3921 3564
3922 3565
3923 3566
3924 3567
3925 3568
3926 3569
3927 3570
3928 3571
3929 3572
3930 3573
3931 3574
3932 3575
3933 3576
3934 3577
3935 3578
3936 3579
3937 3580
3938 3581
3939 3582
3940 3583
3941 3584
3942 3585
3943 3586
3944 3587
3945 3588
3946 3589
3947 3590
3948 3591
3949 3592
3950 3594
3951 3595
3952 3596
3953 3597
3954 3598
3955 3599
3956 3600
3957 3601
3958 3602
3959 5997
3960 5457
3961 3603
3962 3604
3963 3605
3964 3606
3965 3607
3966 3609
3967 3610
3968 3611
3969 3612
3970 3613
3971 3614
3972 3615
3973 3617
3974 3618
3975 3619
3976 3620
3977 3621
3978 3623
3979 3622
3980 3624
3981 3625
3982 3626
3983 3627
3984 3628
3985 3629
3986 3630
3987 3631
3988 3632
3989 3633
3990 3634
3991 3635
3992 3636
3993 3637
3994 3638
3995 3639
3996 3640
3997 3641
3998 3656
3999 3657
4000 3658
4001 3659
4002 3660
4003 3661
4004 3663
4005 3664
4006 3665
4007 3666
4008 3668
4009 3669
4010 3670
4011 3671
4012 3672
4013 3673
4014 3674
4015 3675
4016 3677
4017 3676
4018 3678
4019 3679
4020 3680
4021 3681
4022 3682
4023 3683
4024 3684
4025 3685
4026 3686
4027 3687
4028 3688
4029 3689
4030 3690
4031 3691
4032 3692
4033 3693
4034 3694
4035 3695
4036 3696
4037 3697
4038 3698
4039 3699
4040 3700
4041 3701
4042 3702
4043 3703
4044 3704
4045 3705
4046 3706
4047 3707
4048 3708
4049 3709
4050 3710
4051 3711
4052 3712
4053 3713
4054 3714
4055 3715
4056 3716
4057 3717
4058 3718
4059 3719
4060 3720
4061 3721
4062 3722
4063 3723
4064 3724
4065 3725
4066 5057
4067 3727
4068 3728
4069 3729
4070 3730
4071 3731
4072 3732
4073 3733
4074 3734
4075 3735
4076 3736
4077 3737
4078 3738
4079 3739
4080 3742
4081 3741
4082 3740
4083 3743
4084 3744
4085 3745
4086 3746
4087 3747
4088 3748
4089 3749
4090 3750
4091 3751
4092 3752
4093 3753
4094 3754
4095 3755
4096 3756
4097 3757
4098 3758
4099 3760
4100 3761
4101 3762
4102 3763
4103 3764
4104 3765
4105 3766
4106 3767
4107 3768
4108 3769
4109 3770
4110 3771
4111 3772
4112 3774
4113 3775
4114 3776
4115 3777
4116 3778
4117 3779
4118 3780
4119 3781
4120 3782
4121 3783
4122 3784
4123 3785
4124 3786
4125 3787
4126 3788
4127 3789
4128 3790
4129 3791
4130 3792
4131 3793
4132 3794
4133 3795
4134 3796
4135 3797
4136 3798
4137 3799
4138 3800
4139 3801
4140 3802
4141 3803
4142 3804
4143 3806
4144 3805
4145 3807
4146 3808
4147 3809
4148 7064
4149 6292
4150 3810
4151 3811
4152 3812
4153 3813
4154 3814
4155 3818
4156 3817
4157 3816
4158 3815
4159 4715
4160 4400
4161 3880
4162 3819
4163 3820
4164 3821
4165 3822
4166 3823
4167 3824
4168 3825
4169 3826
4170 3827
4171 3828
4172 3829
4173 3831
4174 3832
4175 3833
4176 3834
4177 3835
4178 3836
4179 3837
4180 3838
4181 3839
4182 3841
4183 3840
4184 3842
4185 3843
4186 3844
4187 3845
4188 3846
4189 3848
4190 3849
4191 3850
4192 3851
4193 3852
4194 3853
4195 3854
4196 3855
4197 3856
4198 3857
4199 3858
4200 3859
4201 3860
4202 3862
4203 3863
4204 3864
4205 3865
4206 3866
4207 3867
4208 3868
4209 3869
4210 3870
4211 3871
4212 3872
4213 3873
4214 3874
4215 3875
4216 3876
4217 3877
4218 3878
4219 3879
4220 3881
4221 3882
4222 3883
4223 3884
4224 3886
4225 3885
4226 3887
4227 3888
4228 3889
4229 3892
4230 3913
4231 3912
4232 3911
4233 3910
4234 3909
4235 3908
4236 3907
4237 3906
4238 3905
4239 3903
4240 3902
4241 3901
4242 3899
4243 3898
4244 3897
4245 3896
4246 3895
4247 3894
4248 3893
4249 3891
4250 6054
4251 5766
4252 4081
4253 3914
4254 3915
4255 3916
4256 3917
4257 3918
4258 3919
4259 3920
4260 3921
4261 3922
4262 3923
4263 3924
4264 3925
4265 3926
4266 3927
4267 3928
4268 3929
4269 3930
4270 3931
4271 3932
4272 3933
4273 3935
4274 3934
4275 3936
4276 3937
4277 3938
4278 3939
4279 3940
4280 3941
4281 3942
4282 3943
4283 3944
4284 3945
4285 3946
4286 3947
4287 3948
4288 3949
4289 3950
4290 3951
4291 3952
4292 3953
4293 3954
4294 3955
4295 3956
4296 3957
4297 3958
4298 3959
4299 3960
4300 3961
4301 3962
4302 3963
4303 3964
4304 3965
4305 3966
4306 3967
4307 3968
4308 3969
4309 3970
4310 3971
4311 3972
4312 3973
4313 3974
4314 3975
4315 3976
4316 3977
4317 3978
4318 3979
4319 3980
4320 3981
4321 3982
4322 3983
4323 3984
4324 3985
4325 3986
4326 3987
4327 3988
4328 3989
4329 3990
4330 3991
4331 3992
4332 3993
4333 3994
4334 3995
4335 3996
4336 3997
4337 3998
4338 3999
4339 4000
4340 4001
4341 4002
4342 4003
4343 4004
4344 4008
4345 4007
4346 4005
4347 4009
4348 4010
4349 4011
4350 4012
4351 4013
4352 4014
4353 4015
4354 4016
4355 4017
4356 4018
4357 4019
4358 4020
4359 4021
4360 4022
4361 4023
4362 4024
4363 4025
4364 4026
4365 4027
4366 4028
4367 4029
4368 4030
4369 4032
4370 6667
4371 4033
4372 4034
4373 4035
4374 4036
4375 4037
4376 4038
4377 4039
4378 4040
4379 4041
4380 4042
4381 4043
4382 4044
4383 4045
4384 4046
4385 4047
4386 4049
4387 4050
4388 4051
4389 4052
4390 4053
4391 4054
4392 4055
4393 4056
4394 4057
4395 4058
4396 4059
4397 4060
4398 4061
4399 4062
4400 4063
4401 4064
4402 4065
4403 4066
4404 4067
4405 4068
4406 4069
4407 4070
4408 5252
4409 4071
4410 4072
4411 4073
4412 4074
4413 4075
4414 4076
4415 4077
4416 4078
4417 4079
4418 4080
4419 5846
4420 5354
4421 5353
4422 4082
4423 4083
4424 4084
4425 4085
4426 4086
4427 4087
4428 4088
4429 4089
4430 4090
4431 4091
4432 4507
4433 4092
4434 4093
4435 4094
4436 4095
4437 4096
4438 4097
4439 4098
4440 4100
4441 4101
4442 4102
4443 4103
4444 4104
4445 4105
4446 4106
4447 4107
4448 4108
4449 4109
4450 4110
4451 4111
4452 4112
4453 4113
4454 4114
4455 4115
4456 4117
4457 4118
4458 4119
4459 4120
4460 4121
4461 4122
4462 4123
4463 4124
4464 4125
4465 4126
4466 4127
4467 4128
4468 4129
4469 4130
4470 4131
4471 4132
4472 4133
4473 4134
4474 4135
4475 4136
4476 4137
4477 4138
4478 4139
4479 4140
4480 4141
4481 4142
4482 4143
4483 4144
4484 4145
4485 4146
4486 4147
4487 4148
4488 4149
4489 4150
4490 4151
4491 4152
4492 4153
4493 4154
4494 4155
4495 4156
4496 4157
4497 4158
4498 4159
4499 4160
4500 4161
4501 4162
4502 4163
4503 4164
4504 4165
4505 4166
4506 4167
4507 4169
4508 4168
4509 4170
4510 4171
4511 4172
4512 4174
4513 4175
4514 4176
4515 4178
4516 4179
4517 4180
4518 4181
4519 4182
4520 4183
4521 4184
4522 4185
4523 4186
4524 4187
4525 4188
4526 4189
4527 4190
4528 4191
4529 4192
4530 4193
4531 4194
4532 4195
4533 4196
4534 4199
4535 4198
4536 4197
4537 4202
4538 4203
4539 4211
4540 4212
4541 4213
4542 4215
4543 4216
4544 4217
4545 4218
4546 4219
4547 4220
4548 4221
4549 4222
4550 4223
4551 4446
4552 4320
4553 4226
4554 4224
4555 4225
4556 4227
4557 4228
4558 4229
4559 4230
4560 4231
4561 4232
4562 4233
4563 4234
4564 4235
4565 4236
4566 4237
4567 4238
4568 4239
4569 4240
4570 4241
4571 4242
4572 4243
4573 4245
4574 4244
4575 4246
4576 4248
4577 4249
4578 4250
4579 4251
4580 4252
4581 4253
4582 4254
4583 4255
4584 4259
4585 4260
4586 4261
4587 4262
4588 4263
4589 4264
4590 4266
4591 4265
4592 4267
4593 4268
4594 4269
4595 4272
4596 4273
4597 4274
4598 4275
4599 4276
4600 4277
4601 4278
4602 4279
4603 4280
4604 4281
4605 4282
4606 4283
4607 4284
4608 4285
4609 4286
4610 4287
4611 4288
4612 4289
4613 4290
4614 4291
4615 4292
4616 4293
4617 4294
4618 4295
4619 4296
4620 4297
4621 4298
4622 4300
4623 4301
4624 4305
4625 4306
4626 4308
4627 4309
4628 4310
4629 4311
4630 4312
4631 4313
4632 4314
4633 4315
4634 4316
4635 4317
4636 4318
4637 4319
4638 4321
4639 4322
4640 4323
4641 4324
4642 4325
4643 4326
4644 4327
4645 4328
4646 4329
4647 4330
4648 4331
4649 4332
4650 4333
4651 4334
4652 4335
4653 4336
4654 4337
4655 4338
4656 4339
4657 4340
4658 4341
4659 4342
4660 4343
4661 4344
4662 4345
4663 4346
4664 4347
4665 4348
4666 4349
4667 4350
4668 4351
4669 4352
4670 4353
4671 4354
4672 4356
4673 4357
4674 4358
4675 4359
4676 4360
4677 4361
4678 4362
4679 4363
4680 4364
4681 4365
4682 4366
4683 4367
4684 4368
4685 4369
4686 4370
4687 4371
4688 4372
4689 4373
4690 4374
4691 4375
4692 4376
4693 4377
4694 4378
4695 4379
4696 4380
4697 4381
4698 4382
4699 4383
4700 4384
4701 4385
4702 4386
4703 4387
4704 4388
4705 4389
4706 4390
4707 4391
4708 4393
4709 4394
4710 4395
4711 4396
4712 4397
4713 4398
4714 4399
4715 4401
4716 4402
4717 4403
4718 4404
4719 4405
4720 4406
4721 4407
4722 4408
4723 4409
4724 4410
4725 4411
4726 4412
4727 4413
4728 4414
4729 4415
4730 4416
4731 4417
4732 4418
4733 4419
4734 4420
4735 4421
4736 4422
4737 4423
4738 4424
4739 4426
4740 4427
4741 4428
4742 4429
4743 4430
4744 4431
4745 4432
4746 4433
4747 4435
4748 4436
4749 4437
4750 4438
4751 4439
4752 4440
4753 4441
4754 4442
4755 4443
4756 4444
4757 4445
4758 4447
4759 4448
4760 4449
4761 4450
4762 4451
4763 4452
4764 4453
4765 4454
4766 4455
4767 4456
4768 4457
4769 4458
4770 4459
4771 4460
4772 4461
4773 4462
4774 4463
4775 4464
4776 4465
4777 4466
4778 4467
4779 4468
4780 4469
4781 4470
4782 4471
4783 4472
4784 4473
4785 4474
4786 4475
4787 4476
4788 4477
4789 4478
4790 4479
4791 4480
4792 4481
4793 4482
4794 4483
4795 4484
4796 4485
4797 4486
4798 4487
4799 5924
4800 4490
4801 4491
4802 4492
4803 4493
4804 4494
4805 4495
4806 4496
4807 4497
4808 4498
4809 4499
4810 4500
4811 4501
4812 4502
4813 4503
4814 4504
4815 4505
4816 4506
4817 4508
4818 4509
4819 4510
4820 4511
4821 4512
4822 4513
4823 4514
4824 4515
4825 4516
4826 4517
4827 4518
4828 4519
4829 4520
4830 4521
4831 4522
4832 4523
4833 4524
4834 4525
4835 4526
4836 4527
4837 4528
4838 4529
4839 4530
4840 4531
4841 4532
4842 4533
4843 4534
4844 4535
4845 4536
4846 4537
4847 5673
4848 4539
4849 4540
4850 4541
4851 4542
4852 4543
4853 4544
4854 4545
4855 4548
4856 4549
4857 4550
4858 4594
4859 4595
4860 4596
4861 4597
4862 4598
4863 4599
4864 4600
4865 4601
4866 4602
4867 4603
4868 4604
4869 4605
4870 4606
4871 4607
4872 4608
4873 4609
4874 4610
4875 4613
4876 4612
4877 4611
4878 4614
4879 4615
4880 4616
4881 4618
4882 4619
4883 5764
4884 4630
4885 4629
4886 4628
4887 4627
4888 4626
4889 4625
4890 4624
4891 4623
4892 4622
4893 4621
4894 4631
4895 4632
4896 4633
4897 4634
4898 4635
4899 4636
4900 4637
4901 4638
4902 4639
4903 4640
4904 4643
4905 4642
4906 4644
4907 4645
4908 4646
4909 4647
4910 4648
4911 4649
4912 4650
4913 4651
4914 4652
4915 4653
4916 4654
4917 4655
4918 4656
4919 4657
4920 4658
4921 4659
4922 4660
4923 4661
4924 4662
4925 4663
4926 4664
4927 4665
4928 4666
4929 4668
4930 4667
4931 4669
4932 4670
4933 4671
4934 5985
4935 5984
4936 5982
4937 5222
4938 4689
4939 4675
4940 4676
4941 4677
4942 4678
4943 4679
4944 4681
4945 4682
4946 4683
4947 4684
4948 4685
4949 4686
4950 4687
4951 4688
4952 4745
4953 4690
4954 4691
4955 4692
4956 4693
4957 4694
4958 4695
4959 4696
4960 4697
4961 4698
4962 4699
4963 4700
4964 4701
4965 4702
4966 4704
4967 4703
4968 6034
4969 6033
4970 6032
4971 6031
4972 4705
4973 4708
4974 4709
4975 4710
4976 4711
4977 4712
4978 4713
4979 6019
4980 4716
4981 4717
4982 4718
4983 4719
4984 4720
4985 4721
4986 4722
4987 4723
4988 4724
4989 4725
4990 4726
4991 4727
4992 4728
4993 4729
4994 4730
4995 4731
4996 4732
4997 4733
4998 4734
4999 4736
5000 4737
5001 4738
5002 4739
5003 4740
5004 4742
5005 4741
5006 4743
5007 4746
5008 4744
5009 4747
5010 4749
5011 4748
5012 4750
5013 4751
5014 4752
5015 4753
5016 4754
5017 4755
5018 4756
5019 4757
5020 4758
5021 4759
5022 4760
5023 4761
5024 4762
5025 4763
5026 4764
5027 4765
5028 4766
5029 4767
5030 4768
5031 5003
5032 4770
5033 4771
5034 4772
5035 4773
5036 4774
5037 4775
5038 4777
5039 4778
5040 4779
5041 4780
5042 4781
5043 4782
5044 4783
5045 4784
5046 4785
5047 4786
5048 4787
5049 4788
5050 4789
5051 4790
5052 4791
5053 4792
5054 4793
5055 4794
5056 4795
5057 4796
5058 4797
5059 4798
5060 4799
5061 4800
5062 4801
5063 4802
5064 4803
5065 4804
5066 4805
5067 4806
5068 4808
5069 6453
5070 4807
5071 4809
5072 4810
5073 4811
5074 4812
5075 4813
5076 4814
5077 4815
5078 4816
5079 4817
5080 4818
5081 4819
5082 4820
5083 4821
5084 4822
5085 4823
5086 4824
5087 4825
5088 4826
5089 4827
5090 4829
5091 4828
5092 4830
5093 4831
5094 4832
5095 4833
5096 4834
5097 4835
5098 4836
5099 4837
5100 4838
5101 4839
5102 4840
5103 4841
5104 4843
5105 4844
5106 4845
5107 4847
5108 4846
5109 4848
5110 4849
5111 4850
5112 4851
5113 4852
5114 4853
5115 4854
5116 4855
5117 4856
5118 4857
5119 4858
5120 4859
5121 4860
5122 4861
5123 4862
5124 4863
5125 4864
5126 4865
5127 4866
5128 4867
5129 4868
5130 4869
5131 4870
5132 4871
5133 4872
5134 4873
5135 4874
5136 4875
5137 4876
5138 4877
5139 4878
5140 4879
5141 4881
5142 4883
5143 4882
5144 4884
5145 4885
5146 4886
5147 4887
5148 5921
5149 5920
5150 4888
5151 4889
5152 7120
5153 6623
5154 4893
5155 4892
5156 4891
5157 4894
5158 4895
5159 4896
5160 4897
5161 4898
5162 4899
5163 4900
5164 4901
5165 4902
5166 4903
5167 4904
5168 4905
5169 4906
5170 4907
5171 4908
5172 4909
5173 4910
5174 4911
5175 4912
5176 4914
5177 4913
5178 6819
5179 6818
5180 6816
5181 6450
5182 6449
5183 6446
5184 5281
5185 5280
5186 4915
5187 4916
5188 4917
5189 4918
5190 4919
5191 4920
5192 4921
5193 4922
5194 4923
5195 4924
5196 4925
5197 4926
5198 4927
5199 4928
5200 4929
5201 4931
5202 4932
5203 4933
5204 4934
5205 4935
5206 4936
5207 4937
5208 4938
5209 4939
5210 4940
5211 4941
5212 4942
5213 4943
5214 4944
5215 4945
5216 4946
5217 4947
5218 4948
5219 4949
5220 4950
5221 4951
5222 4952
5223 4953
5224 4954
5225 4955
5226 4956
5227 4957
5228 4958
5229 4959
5230 4960
5231 4961
5232 4962
5233 4963
5234 4964
5235 4965
5236 4966
5237 4967
5238 4968
5239 4969
5240 4970
5241 4971
5242 4972
5243 4973
5244 4974
5245 4977
5246 4976
5247 4978
5248 4981
5249 4982
5250 4983
5251 4984
5252 4985
5253 4986
5254 4987
5255 4988
5256 4989
5257 4990
5258 4991
5259 4992
5260 4993
5261 4994
5262 4995
5263 4996
5264 4998
5265 4997
5266 4999
5267 5000
5268 5002
5269 5001
5270 5004
5271 5005
5272 5006
5273 5007
5274 5008
5275 5009
5276 5010
5277 5011
5278 5012
5279 5013
5280 5014
5281 5015
5282 5016
5283 5017
5284 5018
5285 5019
5286 5021
5287 5022
5288 5023
5289 5024
5290 5026
5291 5027
5292 5032
5293 5031
5294 5030
5295 5029
5296 5028
5297 5034
5298 5035
5299 5036
5300 5037
5301 5038
5302 5039
5303 5040
5304 5041
5305 5042
5306 5043
5307 5044
5308 5045
5309 5046
5310 5047
5311 5048
5312 5049
5313 5050
5314 5058
5315 5059
5316 5060
5317 5061
5318 5062
5319 5063
5320 5064
5321 5065
5322 5066
5323 5067
5324 5068
5325 5069
5326 5070
5327 5071
5328 5072
5329 5073
5330 5074
5331 5075
5332 5076
5333 5077
5334 5078
5335 5079
5336 5080
5337 5081
5338 5082
5339 5083
5340 5084
5341 5085
5342 5086
5343 5087
5344 5088
5345 5089
5346 5090
5347 5091
5348 5092
5349 5093
5350 5094
5351 5095
5352 5096
5353 5097
5354 5098
5355 5099
5356 5100
5357 5101
5358 5102
5359 5103
5360 5104
5361 5105
5362 5106
5363 5107
5364 5108
5365 5109
5366 5110
5367 5111
5368 5112
5369 5113
5370 5114
5371 5115
5372 5116
5373 5117
5374 5118
5375 5119
5376 5120
5377 5121
5378 5122
5379 5123
5380 5124
5381 5125
5382 5130
5383 5131
5384 5132
5385 5133
5386 5134
5387 5135
5388 5136
5389 5137
5390 5138
5391 5139
5392 5140
5393 5141
5394 5142
5395 5143
5396 5144
5397 5145
5398 5146
5399 5147
5400 5148
5401 5149
5402 5150
5403 5151
5404 5152
5405 5153
5406 5154
5407 5155
5408 5157
5409 5158
5410 5156
5411 5159
5412 5160
5413 5161
5414 5162
5415 5163
5416 5164
5417 5165
5418 5166
5419 5167
5420 5168
5421 5169
5422 5170
5423 5171
5424 5172
5425 5174
5426 5173
5427 5175
5428 5176
5429 5177
5430 5178
5431 5179
5432 5180
5433 5181
5434 5182
5435 5183
5436 5184
5437 5185
5438 5186
5439 5187
5440 5188
5441 5189
5442 5190
5443 5191
5444 5192
5445 5193
5446 5194
5447 5195
5448 5197
5449 5198
5450 5200
5451 5199
5452 5201
5453 5202
5454 5203
5455 5204
5456 5205
5457 5206
5458 5207
5459 5208
5460 5210
5461 5211
5462 5212
5463 5213
5464 5214
5465 5215
5466 5216
5467 5217
5468 5218
5469 5219
5470 5220
5471 5221
5472 5223
5473 5224
5474 5225
5475 5226
5476 5227
5477 5228
5478 5229
5479 5230
5480 5231
5481 5232
5482 7204
5483 7114
5484 7003
5485 6836
5486 6710
5487 6345
5488 5897
5489 5896
5490 5894
5491 5648
5492 5234
5493 5235
5494 5236
5495 5237
5496 5238
5497 5239
5498 5240
5499 5241
5500 5242
5501 5243
5502 5244
5503 5245
5504 5246
5505 5247
5506 5248
5507 5249
5508 5250
5509 5251
5510 5253
5511 5254
5512 5256
5513 5257
5514 5258
5515 5259
5516 5260
5517 5261
5518 5262
5519 5263
5520 5264
5521 5265
5522 5267
5523 5268
5524 5269
5525 5270
5526 5271
5527 5273
5528 5274
5529 5275
5530 5276
5531 5277
5532 5278
5533 5279
5534 5282
5535 5283
5536 5285
5537 5284
5538 5286
5539 5287
5540 5288
5541 5289
5542 5291
5543 5292
5544 5293
5545 5294
5546 5295
5547 5296
5548 5297
5549 5298
5550 5299
5551 5300
5552 5301
5553 5302
5554 5303
5555 5304
5556 5305
5557 5306
5558 5307
5559 5308
5560 5309
5561 5310
5562 5312
5563 5311
5564 5313
5565 5314
5566 5315
5567 5316
5568 5317
5569 5318
5570 5319
5571 5320
5572 5321
5573 5322
5574 5323
5575 5324
5576 5325
5577 5326
5578 5327
5579 5329
5580 5330
5581 5331
5582 5332
5583 5333
5584 5334
5585 5336
5586 5337
5587 5338
5588 5339
5589 5340
5590 5341
5591 5342
5592 5343
5593 5345
5594 5346
5595 5347
5596 5348
5597 5349
5598 5350
5599 5351
5600 5352
5601 5355
5602 5356
5603 5357
5604 5358
5605 5359
5606 5360
5607 5363
5608 5364
5609 5365
5610 5366
5611 5367
5612 5368
5613 5369
5614 5370
5615 5371
5616 5372
5617 5373
5618 5374
5619 5375
5620 5376
5621 5377
5622 5378
5623 5379
5624 5381
5625 5382
5626 5383
5627 5384
5628 5392
5629 5393
5630 5394
5631 5395
5632 5396
5633 5397
5634 5399
5635 5398
5636 5400
5637 5401
5638 5402
5639 5403
5640 5404
5641 5405
5642 5406
5643 5407
5644 5408
5645 5409
5646 5410
5647 5412
5648 5413
5649 5414
5650 5415
5651 5416
5652 5417
5653 5418
5654 5420
5655 5419
5656 5421
5657 5422
5658 5423
5659 5424
5660 5425
5661 5426
5662 5427
5663 5428
5664 5429
5665 5430
5666 5431
5667 5432
5668 5433
5669 5434
5670 5435
5671 5436
5672 5437
5673 5438
5674 5439
5675 5440
5676 5442
5677 5441
5678 5443
5679 5444
5680 5445
5681 5446
5682 5447
5683 5448
5684 5449
5685 5450
5686 5451
5687 5452
5688 5453
5689 5454
5690 5455
5691 5456
5692 5458
5693 5459
5694 5460
5695 5461
5696 5462
5697 5463
5698 5464
5699 5465
5700 5466
5701 5467
5702 5468
5703 5469
5704 5470
5705 5471
5706 5472
5707 5473
5708 5474
5709 5475
5710 5481
5711 5482
5712 5483
5713 5484
5714 5485
5715 5486
5716 5487
5717 5488
5718 5489
5719 5490
5720 5491
5721 5492
5722 5955
5723 5503
5724 5504
5725 5505
5726 5506
5727 5507
5728 5508
5729 5509
5730 5510
5731 5511
5732 5512
5733 5513
5734 5514
5735 5515
5736 5516
5737 5517
5738 5518
5739 5519
5740 5520
5741 5525
5742 5526
5743 5527
5744 5528
5745 5529
5746 5530
5747 5531
5748 5532
5749 5533
5750 5534
5751 5535
5752 5536
5753 5537
5754 5538
5755 5539
5756 5540
5757 5548
5758 5549
5759 5550
5760 5551
5761 5553
5762 5552
5763 5554
5764 5555
5765 5556
5766 5557
5767 5558
5768 5559
5769 5560
5770 5561
5771 5562
5772 5563
5773 5564
5774 5565
5775 5566
5776 5567
5777 5568
5778 5569
5779 5570
5780 5571
5781 5572
5782 5573
5783 5574
5784 5575
5785 5576
5786 5577
5787 5578
5788 5579
5789 5580
5790 5581
5791 5582
5792 5583
5793 5584
5794 5585
5795 5586
5796 5587
5797 5588
5798 5589
5799 5590
5800 5592
5801 5591
5802 5593
5803 5594
5804 5595
5805 5596
5806 5597
5807 5598
5808 5599
5809 5600
5810 5601
5811 5602
5812 5603
5813 5604
5814 5605
5815 5606
5816 5607
5817 5608
5818 5609
5819 5610
5820 5611
5821 5612
5822 5613
5823 5614
5824 5615
5825 5616
5826 5617
5827 5618
5828 5619
5829 5620
5830 5621
5831 5622
5832 5624
5833 5625
5834 5626
5835 5627
5836 5628
5837 5629
5838 5630
5839 5632
5840 5633
5841 5634
5842 5635
5843 5637
5844 5638
5845 5639
5846 5640
5847 5641
5848 5642
5849 5643
5850 5644
5851 5645
5852 5646
5853 5647
5854 5649
5855 5650
5856 5651
5857 5652
5858 5653
5859 5654
5860 5655
5861 5657
5862 5658
5863 5659
5864 5660
5865 5661
5866 5662
5867 5663
5868 5664
5869 5665
5870 5666
5871 5667
5872 5668
5873 5669
5874 5670
5875 5671
5876 5672
5877 5674
5878 5675
5879 5676
5880 5677
5881 5678
5882 5679
5883 5680
5884 5681
5885 5682
5886 5683
5887 5684
5888 5685
5889 5686
5890 5687
5891 5689
5892 5690
5893 5691
5894 5692
5895 5693
5896 5694
5897 5695
5898 5696
5899 5697
5900 5698
5901 5699
5902 5700
5903 5701
5904 5702
5905 5703
5906 5704
5907 5705
5908 5706
5909 5707
5910 5708
5911 5709
5912 6239
5913 5710
5914 5711
5915 5712
5916 5713
5917 5714
5918 5715
5919 5717
5920 5718
5921 5719
5922 5720
5923 5721
5924 5722
5925 5723
5926 5724
5927 5725
5928 5726
5929 5727
5930 5728
5931 5729
5932 5730
5933 5731
5934 5732
5935 6805
5936 6804
5937 5734
5938 5735
5939 5736
5940 5737
5941 5738
5942 5739
5943 5740
5944 5741
5945 5742
5946 5743
5947 5744
5948 5745
5949 5746
5950 5747
5951 5748
5952 5749
5953 5750
5954 5751
5955 5752
5956 5754
5957 5755
5958 5753
5959 5756
5960 5757
5961 5758
5962 5759
5963 5760
5964 5762
5965 5763
5966 5765
5967 5767
5968 5768
5969 5769
5970 5770
5971 5771
5972 5772
5973 5773
5974 5774
5975 5775
5976 5776
5977 5777
5978 5778
5979 5779
5980 5780
5981 5781
5982 5782
5983 5783
5984 5784
5985 5785
5986 5786
5987 5787
5988 5788
5989 5789
5990 5790
5991 5791
5992 5792
5993 5793
5994 5794
5995 5795
5996 5796
5997 5797
5998 5798
5999 5799
6000 5800
6001 5801
6002 5802
6003 5803
6004 5804
6005 5805
6006 5806
6007 5807
6008 5808
6009 5809
6010 5810
6011 5811
6012 5812
6013 5813
6014 5814
6015 5815
6016 5816
6017 5817
6018 5818
6019 5819
6020 5822
6021 5823
6022 5824
6023 5825
6024 5826
6025 5827
6026 5828
6027 5829
6028 5830
6029 5831
6030 5832
6031 5833
6032 5834
6033 5835
6034 5837
6035 5838
6036 5839
6037 5840
6038 5845
6039 5844
6040 5843
6041 5842
6042 5841
6043 5847
6044 5848
6045 5849
6046 5850
6047 5851
6048 5853
6049 5854
6050 5855
6051 5856
6052 5857
6053 5858
6054 5859
6055 5860
6056 5861
6057 5862
6058 5863
6059 5865
6060 5866
6061 5867
6062 5868
6063 5869
6064 5870
6065 5871
6066 5872
6067 5873
6068 5874
6069 5875
6070 5876
6071 5877
6072 5878
6073 5879
6074 5880
6075 5881
6076 5882
6077 5883
6078 5884
6079 5885
6080 5886
6081 5887
6082 5888
6083 5889
6084 5890
6085 5891
6086 5892
6087 5893
6088 5895
6089 5899
6090 5900
6091 5901
6092 5902
6093 5903
6094 5904
6095 5905
6096 5906
6097 5907
6098 5908
6099 5909
6100 5910
6101 5912
6102 5911
6103 5913
6104 5914
6105 5915
6106 5916
6107 5917
6108 5918
6109 5919
6110 5922
6111 5923
6112 5925
6113 5926
6114 5927
6115 5930
6116 5931
6117 5932
6118 5933
6119 5934
6120 5935
6121 5936
6122 5938
6123 5939
6124 5940
6125 5941
6126 5942
6127 5943
6128 5944
6129 5945
6130 5946
6131 5947
6132 5948
6133 5949
6134 5950
6135 5951
6136 5952
6137 5953
6138 5954
6139 5956
6140 5958
6141 5959
6142 5960
6143 5961
6144 5962
6145 5963
6146 5964
6147 5965
6148 5966
6149 5968
6150 5969
6151 5970
6152 5971
6153 5972
6154 5973
6155 5974
6156 5975
6157 5976
6158 5977
6159 5978
6160 5979
6161 5980
6162 5981
6163 5986
6164 5988
6165 5987
6166 5989
6167 5990
6168 5991
6169 5992
6170 5993
6171 5994
6172 5995
6173 5996
6174 5998
6175 5999
6176 6000
6177 6001
6178 6002
6179 6003
6180 6004
6181 6005
6182 6006
6183 6007
6184 6008
6185 6009
6186 6010
6187 6011
6188 6012
6189 6013
6190 6014
6191 6015
6192 6016
6193 6017
6194 6018
6195 6020
6196 6021
6197 6022
6198 6023
6199 6024
6200 6025
6201 6026
6202 6027
6203 6028
6204 6030
6205 6035
6206 6029
6207 6036
6208 6037
6209 6038
6210 6039
6211 6040
6212 6041
6213 6043
6214 6042
6215 6044
6216 6045
6217 6046
6218 6047
6219 6048
6220 6049
6221 6050
6222 6051
6223 6052
6224 6053
6225 6055
6226 6056
6227 6057
6228 6058
6229 6059
6230 6060
6231 6061
6232 6062
6233 6063
6234 6064
6235 6065
6236 6066
6237 6067
6238 6068
6239 6069
6240 6070
6241 6071
6242 6072
6243 6073
6244 6074
6245 6075
6246 6076
6247 6077
6248 6078
6249 6079
6250 6080
6251 6081
6252 6082
6253 6083
6254 6084
6255 6085
6256 6086
6257 6087
6258 6088
6259 6089
6260 6090
6261 6091
6262 6092
6263 6093
6264 6094
6265 6095
6266 6096
6267 6097
6268 6099
6269 6100
6270 6108
6271 6107
6272 6106
6273 6105
6274 6104
6275 6103
6276 6102
6277 6101
6278 6167
6279 6166
6280 6109
6281 6111
6282 6112
6283 6113
6284 6114
6285 6115
6286 6116
6287 6117
6288 6118
6289 6119
6290 6120
6291 6121
6292 6122
6293 6123
6294 6124
6295 6125
6296 6126
6297 6127
6298 6128
6299 6129
6300 6130
6301 6131
6302 6132
6303 6133
6304 6134
6305 6135
6306 6136
6307 6138
6308 6137
6309 6139
6310 6140
6311 6141
6312 6142
6313 6143
6314 6144
6315 6145
6316 6146
6317 6147
6318 6148
6319 6149
6320 6150
6321 6151
6322 6152
6323 6153
6324 6154
6325 6155
6326 6156
6327 6157
6328 6158
6329 6159
6330 6160
6331 6161
6332 6162
6333 6163
6334 6164
6335 6165
6336 6733
6337 6732
6338 6731
6339 6730
6340 6729
6341 6728
6342 6168
6343 6169
6344 6170
6345 6171
6346 6173
6347 6174
6348 6175
6349 6176
6350 6177
6351 6178
6352 6179
6353 6180
6354 6181
6355 6182
6356 6183
6357 6184
6358 6185
6359 6187
6360 6186
6361 6188
6362 6189
6363 6190
6364 6191
6365 6192
6366 6193
6367 6194
6368 6195
6369 6210
6370 6196
6371 6197
6372 6198
6373 6199
6374 6201
6375 6202
6376 6200
6377 6203
6378 6204
6379 6205
6380 6206
6381 6207
6382 6208
6383 6209
6384 6678
6385 6211
6386 6212
6387 6213
6388 6214
6389 6215
6390 6216
6391 6217
6392 6218
6393 6219
6394 6220
6395 6221
6396 6226
6397 6225
6398 6224
6399 6223
6400 6222
6401 6227
6402 6228
6403 6229
6404 6230
6405 6231
6406 6232
6407 6233
6408 6234
6409 6235
6410 6236
6411 6238
6412 6240
6413 6241
6414 6242
6415 6243
6416 6244
6417 6245
6418 6246
6419 6247
6420 6248
6421 6249
6422 6250
6423 6251
6424 6252
6425 6253
6426 6254
6427 6255
6428 6256
6429 6257
6430 6258
6431 6259
6432 6260
6433 6261
6434 6262
6435 6263
6436 6265
6437 6266
6438 6267
6439 6268
6440 6270
6441 6271
6442 6274
6443 6273
6444 6272
6445 6276
6446 6277
6447 6278
6448 6279
6449 6280
6450 6281
6451 6282
6452 6283
6453 6284
6454 6285
6455 6286
6456 6287
6457 6288
6458 6289
6459 6290
6460 6291
6461 6293
6462 6294
6463 6295
6464 6296
6465 6299
6466 6297
6467 6298
6468 6301
6469 6303
6470 6304
6471 6305
6472 6306
6473 6307
6474 6308
6475 6309
6476 6310
6477 6311
6478 6312
6479 6313
6480 6314
6481 6315
6482 6316
6483 6317
6484 6318
6485 6319
6486 6322
6487 6321
6488 6323
6489 6324
6490 6325
6491 6326
6492 6327
6493 6328
6494 6329
6495 6330
6496 6331
6497 6332
6498 6333
6499 6334
6500 6335
6501 6336
6502 6337
6503 6338
6504 6339
6505 6340
6506 6341
6507 6343
6508 6342
6509 6344
6510 6704
6511 6347
6512 6348
6513 6349
6514 6350
6515 6351
6516 6352
6517 6353
6518 6354
6519 6355
6520 6356
6521 6357
6522 6358
6523 6361
6524 6362
6525 6363
6526 6364
6527 6365
6528 6366
6529 6367
6530 6368
6531 6369
6532 6370
6533 6371
6534 6372
6535 6373
6536 6374
6537 6375
6538 6376
6539 6377
6540 6378
6541 6379
6542 6380
6543 6381
6544 6382
6545 6383
6546 6384
6547 6385
6548 6386
6549 6387
6550 6388
6551 6389
6552 6390
6553 6391
6554 6393
6555 6394
6556 6395
6557 6396
6558 6397
6559 6400
6560 6401
6561 6402
6562 6403
6563 6404
6564 6405
6565 6406
6566 6410
6567 6411
6568 6412
6569 6413
6570 6414
6571 6415
6572 6417
6573 6416
6574 6420
6575 6421
6576 6422
6577 6423
6578 6424
6579 6425
6580 6426
6581 6427
6582 6428
6583 6429
6584 6430
6585 6431
6586 6432
6587 6433
6588 6434
6589 6435
6590 6436
6591 6437
6592 6441
6593 6442
6594 6443
6595 6444
6596 6445
6597 6451
6598 6452
6599 6454
6600 6455
6601 6459
6602 6458
6603 6460
6604 6461
6605 6462
6606 6463
6607 6465
6608 6466
6609 6467
6610 6468
6611 6469
6612 6470
6613 6471
6614 6472
6615 6473
6616 6474
6617 6475
6618 6476
6619 6478
6620 6479
6621 6480
6622 6481
6623 6482
6624 6483
6625 6484
6626 6485
6627 6486
6628 6487
6629 7296
6630 7295
6631 7294
6632 7293
6633 7185
6634 6543
6635 6544
6636 6545
6637 6546
6638 6547
6639 6548
6640 6549
6641 6550
6642 6551
6643 6552
6644 6553
6645 6554
6646 6555
6647 6556
6648 6557
6649 6558
6650 6559
6651 6560
6652 6561
6653 6562
6654 6563
6655 6564
6656 6565
6657 6566
6658 6567
6659 6568
6660 6569
6661 6570
6662 6571
6663 6572
6664 6573
6665 6574
6666 6575
6667 6576
6668 6577
6669 6578
6670 6579
6671 6580
6672 6581
6673 6582
6674 6583
6675 6584
6676 6585
6677 6586
6678 6587
6679 6589
6680 6588
6681 6590
6682 6591
6683 6592
6684 6593
6685 6594
6686 6595
6687 6596
6688 6597
6689 6598
6690 6599
6691 6600
6692 6601
6693 6602
6694 6603
6695 6604
6696 6605
6697 6606
6698 6607
6699 6608
6700 6609
6701 6610
6702 6611
6703 6612
6704 6613
6705 6614
6706 6615
6707 6616
6708 6617
6709 6618
6710 6619
6711 6620
6712 6621
6713 6622
6714 6624
6715 6625
6716 6626
6717 6627
6718 6628
6719 6629
6720 6632
6721 6631
6722 6630
6723 6641
6724 6642
6725 6644
6726 6645
6727 6646
6728 6647
6729 6648
6730 6649
6731 6650
6732 6651
6733 6652
6734 6653
6735 6654
6736 6655
6737 6656
6738 6658
6739 6657
6740 6925
6741 7358
6742 7357
6743 6659
6744 6661
6745 6662
6746 6663
6747 6664
6748 6665
6749 6666
6750 6668
6751 6669
6752 6670
6753 6671
6754 6672
6755 6673
6756 6674
6757 6675
6758 6676
6759 6677
6760 6679
6761 6681
6762 6682
6763 6683
6764 6684
6765 6685
6766 6686
6767 6687
6768 6689
6769 6688
6770 6690
6771 6691
6772 6692
6773 6693
6774 6694
6775 6695
6776 6696
6777 6697
6778 6698
6779 6699
6780 6700
6781 6701
6782 6702
6783 6703
6784 6706
6785 6705
6786 6707
6787 6708
6788 6709
6789 6711
6790 6712
6791 6713
6792 6714
6793 6716
6794 7246
6795 7245
6796 6723
6797 6724
6798 6725
6799 6726
6800 6727
6801 6734
6802 6735
6803 6740
6804 6739
6805 6738
6806 6737
6807 6736
6808 6741
6809 6742
6810 6743
6811 6744
6812 6745
6813 6746
6814 6747
6815 6748
6816 6749
6817 6750
6818 6751
6819 6752
6820 6753
6821 6755
6822 6754
6823 6756
6824 6757
6825 6758
6826 6766
6827 6767
6828 6768
6829 6769
6830 6771
6831 6770
6832 6772
6833 6773
6834 6774
6835 6775
6836 6776
6837 6777
6838 6778
6839 6783
6840 6782
6841 6781
6842 6780
6843 6779
6844 6784
6845 6785
6846 6789
6847 6790
6848 6791
6849 6792
6850 6793
6851 6794
6852 6795
6853 6796
6854 6797
6855 6798
6856 6799
6857 6800
6858 6801
6859 6802
6860 6803
6861 6806
6862 6807
6863 6808
6864 6809
6865 6810
6866 6811
6867 6812
6868 6813
6869 6814
6870 6815
6871 6820
6872 6821
6873 6822
6874 6823
6875 6824
6876 6825
6877 6826
6878 6827
6879 6829
6880 6831
6881 6832
6882 6833
6883 6834
6884 6835
6885 6837
6886 6838
6887 6839
6888 6840
6889 6842
6890 6841
6891 6843
6892 6845
6893 6846
6894 6847
6895 6849
6896 6848
6897 6850
6898 6852
6899 6853
6900 6854
6901 6855
6902 6856
6903 6857
6904 6858
6905 6859
6906 6860
6907 6861
6908 6862
6909 6863
6910 6872
6911 6871
6912 6870
6913 6868
6914 6867
6915 6866
6916 6865
6917 6864
6918 6961
6919 6960
6920 6959
6921 6958
6922 6957
6923 6873
6924 6874
6925 6875
6926 6876
6927 6877
6928 6878
6929 6879
6930 6880
6931 6881
6932 6882
6933 6883
6934 6884
6935 6885
6936 6886
6937 6887
6938 6888
6939 6889
6940 6890
6941 6891
6942 6892
6943 6893
6944 6895
6945 6896
6946 6897
6947 6898
6948 6899
6949 6900
6950 6901
6951 6902
6952 6903
6953 6904
6954 6905
6955 6906
6956 6907
6957 6908
6958 6909
6959 6910
6960 6911
6961 6912
6962 6913
6963 6914
6964 6915
6965 6916
6966 6917
6967 6918
6968 6919
6969 6920
6970 6921
6971 6922
6972 6923
6973 6924
6974 6926
6975 6928
6976 6927
6977 6929
6978 6930
6979 6931
6980 6932
6981 6933
6982 6934
6983 6935
6984 6936
6985 6937
6986 6938
6987 6939
6988 6940
6989 6941
6990 6942
6991 6945
6992 6946
6993 6947
6994 6948
6995 6949
6996 6950
6997 6951
6998 6952
6999 6953
7000 6954
7001 6955
7002 6956
7003 6962
7004 6963
7005 6964
7006 6965
7007 6966
7008 6967
7009 6968
7010 6969
7011 6970
7012 6971
7013 6972
7014 6973
7015 6974
7016 6975
7017 6976
7018 6978
7019 6977
7020 6979
7021 6980
7022 6981
7023 6982
7024 6983
7025 6984
7026 6985
7027 6986
7028 6987
7029 6988
7030 6989
7031 6990
7032 6992
7033 6993
7034 6994
7035 6995
7036 6996
7037 6997
7038 6998
7039 6999
7040 7000
7041 7001
7042 7002
7043 7004
7044 7005
7045 7006
7046 7007
7047 7008
7048 7009
7049 7010
7050 7011
7051 7012
7052 7013
7053 7014
7054 7015
7055 7016
7056 7018
7057 7019
7058 7020
7059 7021
7060 7022
7061 7023
7062 7024
7063 7025
7064 7026
7065 7253
7066 7252
7067 7251
7068 7029
7069 7030
7070 7031
7071 7032
7072 7033
7073 7034
7074 7035
7075 7036
7076 7037
7077 7038
7078 7039
7079 7040
7080 7041
7081 7042
7082 7043
7083 7044
7084 7045
7085 7046
7086 7047
7087 7048
7088 7049
7089 7050
7090 7051
7091 7052
7092 7053
7093 7054
7094 7055
7095 7056
7096 7057
7097 7058
7098 7059
7099 7060
7100 7061
7101 7062
7102 7063
7103 7065
7104 7066
7105 7067
7106 7068
7107 7069
7108 7070
7109 7071
7110 7072
7111 7073
7112 7074
7113 7075
7114 7076
7115 7077
7116 7078
7117 7079
7118 7080
7119 7081
7120 7082
7121 7083
7122 7084
7123 7085
7124 7087
7125 7086
7126 7088
7127 7089
7128 7093
7129 7092
7130 7091
7131 7090
7132 7094
7133 7096
7134 7097
7135 7098
7136 7099
7137 7100
7138 7101
7139 7102
7140 7103
7141 7104
7142 7105
7143 7106
7144 7107
7145 7108
7146 7109
7147 7110
7148 7111
7149 7112
7150 7113
7151 7115
7152 7116
7153 7117
7154 7118
7155 7119
7156 7121
7157 7122
7158 7123
7159 7125
7160 7124
7161 7126
7162 7127
7163 7128
7164 7129
7165 7130
7166 7131
7167 7132
7168 7133
7169 7134
7170 7135
7171 7136
7172 7137
7173 7138
7174 7139
7175 7140
7176 7141
7177 7142
7178 7143
7179 7144
7180 7145
7181 7146
7182 7147
7183 7148
7184 7149
7185 7150
7186 7151
7187 7152
7188 7153
7189 7154
7190 7155
7191 7156
7192 7157
7193 7158
7194 7159
7195 7160
7196 7161
7197 7162
7198 7163
7199 7165
7200 7166
7201 7167
7202 7168
7203 7169
7204 7170
7205 7171
7206 7172
7207 7176
7208 7175
7209 7174
7210 7173
7211 7178
7212 7179
7213 7180
7214 7181
7215 7182
7216 7183
7217 7184
7218 7186
7219 7187
7220 7188
7221 7189
7222 7191
7223 7190
7224 7192
7225 7193
7226 7194
7227 7195
7228 7196
7229 7197
7230 7199
7231 7200
7232 7202
7233 7203
7234 7205
7235 7206
7236 7207
7237 7208
7238 7209
7239 7210
7240 7211
7241 7212
7242 7213
7243 7214
7244 7215
7245 7216
7246 7217
7247 7218
7248 7220
7249 7219
7250 7221
7251 7222
7252 7223
7253 7224
7254 7225
7255 7226
7256 7227
7257 7228
7258 7229
7259 7230
7260 7233
7261 7234
7262 7235
7263 7236
7264 7237
7265 7238
7266 7239
7267 7240
7268 7241
7269 7242
7270 7243
7271 7244
7272 7247
7273 7248
7274 7249
7275 7250
7276 7254
7277 7255
7278 7256
7279 7258
7280 7271
7281 7270
7282 7269
7283 7268
7284 7267
7285 7266
7286 7265
7287 7264
7288 7263
7289 7262
7290 7261
7291 7260
7292 7259
7293 7304
7294 7273
7295 7274
7296 7275
7297 7276
7298 7277
7299 7283
7300 7284
7301 7285
7302 7286
7303 7287
7304 7288
7305 7289
7306 7290
7307 7291
7308 7292
7309 7297
7310 7298
7311 7301
7312 7302
7313 7303
7314 7305
7315 7306
7316 7307
7317 7308
7318 7310
7319 7309
7320 7311
7321 7312
7322 7313
7323 7314
7324 7315
7325 7316
7326 7317
7327 7318
7328 7319
7329 7320
7330 7322
7331 7323
7332 7324
7333 7326
7334 7325
7335 7327
7336 7328
7337 7329
7338 7330
7339 7331
7340 7332
7341 7333
7342 7334
7343 7335
7344 7336
7345 7337
7346 7338
7347 7339
7348 7340
7349 7341
7350 7342
7351 7344
7352 7345
7353 7346
7354 7351
7355 7352
7356 7353
7357 7355
7358 7356
