0 0
1 1
2 2
3 3
4 4
5 5
6 6
7 7
8 8
9 9
10 10
11 11
12 12
13 13
14 14
15 15
16 16
17 17
18 18
19 19
20 20
21 21
22 22
23 23
24 24
25 25
26 26
27 27
28 28
29 29
30 30
31 31
32 32
33 33
34 34
35 35
36 36
37 37
38 38
39 39
40 40
41 41
42 42
43 43
44 44
45 45
46 46
47 47
48 48
49 49
50 50
51 51
52 52
53 53
54 54
55 55
56 56
57 57
58 58
59 59
60 60
61 61
62 62
63 63
64 64
65 65
66 66
67 67
68 68
69 69
70 70
71 71
72 72
73 73
74 74
75 75
76 76
77 77
78 78
79 79
80 80
81 81
82 82
83 83
84 84
85 85
86 86
87 87
88 88
89 89
90 90
91 91
92 92
93 93
94 94
95 95
96 96
97 97
98 98
99 99
100 100
101 101
102 102
103 103
104 104
105 105
106 106
107 107
108 108
109 109
110 110
111 111
112 112
113 113
114 114
115 115
116 116
117 117
118 118
119 119
120 120
121 121
122 122
123 123
124 124
125 125
126 126
127 127
128 128
129 129
130 130
131 131
132 132
133 133
134 134
135 135
136 136
137 137
138 138
139 139
140 140
141 141
142 142
143 143
144 144
145 145
146 146
147 147
148 148
149 149
150 150
151 151
152 152
153 153
154 154
155 155
156 156
157 157
158 158
159 159
160 160
161 161
162 162
163 163
164 164
165 165
166 166
167 167
168 168
169 169
170 170
171 171
172 172
173 173
174 174
175 175
176 176
177 177
178 178
179 179
180 180
181 181
182 182
183 183
184 184
185 185
186 186
187 187
188 188
189 189
190 190
191 191
192 192
193 193
194 194
195 195
196 196
197 197
198 198
199 199
200 200
201 201
202 202
203 5594
204 5593
205 5592
206 1851
207 203
208 204
209 205
210 206
211 207
212 208
213 209
214 210
215 211
216 212
217 213
218 214
219 215
220 216
221 217
222 218
223 219
224 220
225 221
226 222
227 223
228 224
229 225
230 226
231 227
232 228
233 229
234 230
235 231
236 232
237 233
238 234
239 235
240 236
241 237
242 238
243 239
244 240
245 241
246 242
247 243
248 244
249 245
250 246
251 247
252 248
253 249
254 250
255 251
256 252
257 253
258 254
259 255
260 256
261 257
262 258
263 259
264 260
265 261
266 262
267 264
268 269
269 268
270 267
271 266
272 265
273 263
274 270
275 271
276 272
277 273
278 274
279 275
280 276
281 277
282 278
283 279
284 280
285 281
286 282
287 283
288 284
289 285
290 286
291 287
292 288
293 289
294 290
295 291
296 292
297 293
298 294
299 295
300 296
301 297
302 298
303 299
304 300
305 301
306 302
307 303
308 304
309 305
310 306
311 307
312 308
313 309
314 310
315 311
316 312
317 313
318 314
319 315
320 316
321 317
322 318
323 319
324 320
325 321
326 322
327 323
328 324
329 325
330 326
331 327
332 328
333 329
334 330
335 331
336 332
337 333
338 334
339 335
340 336
341 337
342 338
343 339
344 340
345 341
346 342
347 343
348 344
349 345
350 346
351 347
352 348
353 349
354 350
355 351
356 352
357 353
358 354
359 355
360 356
361 357
362 358
363 359
364 360
365 361
366 362
367 363
368 364
369 365
370 366
371 367
372 368
373 369
374 370
375 371
376 372
377 373
378 374
379 375
380 376
381 377
382 378
383 379
384 380
385 381
386 382
387 383
388 384
389 385
390 386
391 387
392 388
393 389
394 390
395 391
396 393
397 394
398 392
399 395
400 396
401 397
402 398
403 399
404 400
405 401
406 402
407 403
408 404
409 405
410 406
411 407
412 408
413 409
414 410
415 411
416 412
417 413
418 414
419 415
420 416
421 417
422 418
423 419
424 420
425 421
426 422
427 423
428 424
429 425
430 426
431 427
432 428
433 429
434 430
435 431
436 432
437 433
438 434
439 435
440 436
441 437
442 438
443 439
444 440
445 441
446 442
447 443
448 444
449 445
450 446
451 447
452 448
453 449
454 450
455 451
456 452
457 453
458 454
459 455
460 456
461 457
462 458
463 459
464 460
465 461
466 462
467 463
468 464
469 465
470 466
471 467
472 468
473 469
474 470
475 471
476 472
477 473
478 474
479 475
480 476
481 477
482 478
483 479
484 480
485 481
486 482
487 483
488 484
489 485
490 486
491 487
492 488
493 489
494 490
495 491
496 492
497 493
498 494
499 495
500 496
501 498
502 497
503 499
504 500
505 501
506 502
507 503
508 504
509 505
510 506
511 507
512 508
513 509
514 510
515 511
516 512
517 513
518 514
519 515
520 516
521 517
522 518
523 519
524 520
525 521
526 522
527 523
528 524
529 525
530 526
531 527
532 528
533 529
534 530
535 531
536 532
537 533
538 534
539 535
540 536
541 537
542 538
543 539
544 540
545 541
546 542
547 543
548 544
549 545
550 546
551 547
552 548
553 549
554 550
555 551
556 552
557 553
558 554
559 555
560 556
561 557
562 558
563 559
564 560
565 561
566 562
567 563
568 564
569 565
570 566
571 567
572 568
573 569
574 571
575 570
576 572
577 573
578 574
579 575
580 576
581 577
582 578
583 579
584 580
585 581
586 582
587 583
588 584
589 585
590 586
591 587
592 588
593 589
594 590
595 591
596 592
597 593
598 594
599 596
600 595
601 597
602 598
603 599
604 600
605 601
606 602
607 603
608 604
609 605
610 606
611 607
612 608
613 609
614 610
615 611
616 612
617 613
618 614
619 615
620 616
621 617
622 618
623 619
624 620
625 621
626 622
627 623
628 624
629 625
630 626
631 627
632 628
633 629
634 631
635 630
636 632
637 633
638 634
639 635
640 636
641 637
642 638
643 639
644 640
645 641
646 642
647 643
648 644
649 645
650 646
651 647
652 648
653 649
654 650
655 651
656 652
657 653
658 654
659 655
660 656
661 657
662 658
663 659
664 660
665 661
666 662
667 663
668 664
669 665
670 666
671 667
672 668
673 669
674 670
675 671
676 672
677 673
678 674
679 675
680 676
681 677
682 678
683 679
684 680
685 681
686 682
687 683
688 684
689 685
690 686
691 687
692 688
693 689
694 690
695 691
696 692
697 693
698 694
699 695
700 696
701 697
702 698
703 699
704 700
705 701
706 702
707 703
708 704
709 705
710 706
711 707
712 708
713 709
714 710
715 711
716 712
717 713
718 714
719 715
720 716
721 717
722 718
723 719
724 720
725 721
726 722
727 723
728 724
729 725
730 726
731 727
732 728
733 729
734 730
735 731
736 732
737 733
738 734
739 735
740 736
741 737
742 738
743 739
744 740
745 741
746 742
747 743
748 744
749 745
750 746
751 747
752 748
753 749
754 751
755 750
756 752
757 753
758 754
759 755
760 756
761 757
762 758
763 759
764 760
765 761
766 762
767 763
768 764
769 765
770 766
771 767
772 768
773 769
774 770
775 771
776 772
777 773
778 774
779 775
780 776
781 777
782 778
783 779
784 780
785 781
786 782
787 783
788 784
789 785
790 786
791 787
792 788
793 789
794 790
795 791
796 792
797 793
798 794
799 795
800 796
801 797
802 798
803 799
804 800
805 801
806 802
807 803
808 804
809 805
810 806
811 807
812 808
813 809
814 810
815 811
816 812
817 813
818 814
819 815
820 816
821 817
822 818
823 819
824 820
825 821
826 822
827 823
828 824
829 825
830 826
831 827
832 828
833 829
834 830
835 831
836 832
837 833
838 834
839 835
840 836
841 837
842 838
843 839
844 840
845 841
846 842
847 843
848 844
849 845
850 846
851 847
852 848
853 849
854 850
855 851
856 852
857 853
858 854
859 855
860 856
861 857
862 858
863 859
864 860
865 861
866 862
867 863
868 864
869 865
870 866
871 867
872 868
873 869
874 870
875 871
876 872
877 873
878 874
879 875
880 876
881 877
882 878
883 879
884 880
885 881
886 882
887 883
888 884
889 885
890 886
891 887
892 888
893 889
894 890
895 891
896 892
897 893
898 894
899 895
900 896
901 897
902 898
903 899
904 900
905 901
906 902
907 903
908 904
909 905
910 906
911 907
912 908
913 909
914 910
915 911
916 912
917 913
918 914
919 915
920 916
921 917
922 918
923 919
924 920
925 921
926 922
927 923
928 924
929 925
930 926
931 927
932 928
933 929
934 930
935 931
936 932
937 933
938 934
939 935
940 936
941 937
942 938
943 939
944 940
945 941
946 942
947 943
948 944
949 945
950 946
951 947
952 948
953 949
954 950
955 951
956 952
957 953
958 954
959 955
960 956
961 957
962 958
963 959
964 960
965 961
966 962
967 963
968 964
969 965
970 966
971 967
972 968
973 969
974 970
975 971
976 972
977 973
978 974
979 975
980 976
981 977
982 978
983 979
984 980
985 981
986 982
987 983
988 984
989 985
990 986
991 987
992 988
993 989
994 990
995 991
996 992
997 993
998 994
999 996
1000 997
1001 995
1002 998
1003 999
1004 1000
1005 1001
1006 1002
1007 1003
1008 1004
1009 1005
1010 1006
1011 1007
1012 1008
1013 1009
1014 1010
1015 1011
1016 1012
1017 1013
1018 1014
1019 1015
1020 1016
1021 1017
1022 1018
1023 1019
1024 1020
1025 1021
1026 1022
1027 1023
1028 1024
1029 1025
1030 1026
1031 1027
1032 1028
1033 1029
1034 1030
1035 1031
1036 1032
1037 1033
1038 1034
1039 1035
1040 1036
1041 1037
1042 1038
1043 1039
1044 1040
1045 1041
1046 1042
1047 1043
1048 1044
1049 1045
1050 1046
1051 1047
1052 1048
1053 1049
1054 1050
1055 1051
1056 1052
1057 1053
1058 1054
1059 1055
1060 1056
1061 1057
1062 1058
1063 1059
1064 1060
1065 1061
1066 1062
1067 1063
1068 1064
1069 1065
1070 1066
1071 1068
1072 1067
1073 1069
1074 1070
1075 1071
1076 1072
1077 1073
1078 1074
1079 1075
1080 1076
1081 1077
1082 1078
1083 1079
1084 1080
1085 1081
1086 1082
1087 1083
1088 1084
1089 1085
1090 1086
1091 1087
1092 1088
1093 1089
1094 1090
1095 1091
1096 1092
1097 1093
1098 1094
1099 1095
1100 1096
1101 1097
1102 1098
1103 1099
1104 1100
1105 1101
1106 1102
1107 1103
1108 1104
1109 1105
1110 1106
1111 1107
1112 1108
1113 1109
1114 1110
1115 1111
1116 1112
1117 1113
1118 1114
1119 1115
1120 1116
1121 1117
1122 1118
1123 1119
1124 1120
1125 1121
1126 1122
1127 1123
1128 1124
1129 1125
1130 1126
1131 1127
1132 1128
1133 1129
1134 1130
1135 1131
1136 1132
1137 1133
1138 1134
1139 1135
1140 1136
1141 1137
1142 1138
1143 1139
1144 1140
1145 1141
1146 1142
1147 1143
1148 1144
1149 1145
1150 1146
1151 1147
1152 1148
1153 1149
1154 1150
1155 1151
1156 1152
1157 1153
1158 1155
1159 1154
1160 1156
1161 1157
1162 1158
1163 1159
1164 1161
1165 1160
1166 1162
1167 1163
1168 1164
1169 1165
1170 1166
1171 1167
1172 1168
1173 1169
1174 1170
1175 1171
1176 3680
1177 3679
1178 1624
1179 1172
1180 1173
1181 1175
1182 1174
1183 1176
1184 1177
1185 1178
1186 1179
1187 1180
1188 1181
1189 1182
1190 1183
1191 1184
1192 1185
1193 1186
1194 1187
1195 1188
1196 1189
1197 1190
1198 1191
1199 1192
1200 1193
1201 1194
1202 1195
1203 1196
1204 1197
1205 1198
1206 1199
1207 1200
1208 1201
1209 1202
1210 1204
1211 1203
1212 1205
1213 1206
1214 1207
1215 1208
1216 1209
1217 1210
1218 1211
1219 1212
1220 1213
1221 1214
1222 1215
1223 1216
1224 1217
1225 1218
1226 1219
1227 1220
1228 1221
1229 1222
1230 1223
1231 1224
1232 1225
1233 1226
1234 1227
1235 1228
1236 1229
1237 1230
1238 1231
1239 1232
1240 1233
1241 1234
1242 1235
1243 1236
1244 1237
1245 1238
1246 1239
1247 1240
1248 1241
1249 1242
1250 1244
1251 1243
1252 1245
1253 1246
1254 1247
1255 1248
1256 1249
1257 1250
1258 1251
1259 1252
1260 1253
1261 1254
1262 1255
1263 1256
1264 1257
1265 1258
1266 1259
1267 1260
1268 1262
1269 1261
1270 1263
1271 1264
1272 1265
1273 1266
1274 1267
1275 1268
1276 1269
1277 1270
1278 1271
1279 1272
1280 1273
1281 1274
1282 1275
1283 1276
1284 1277
1285 1278
1286 1279
1287 1280
1288 1281
1289 1282
1290 1283
1291 1284
1292 1285
1293 1286
1294 1287
1295 1288
1296 1289
1297 1290
1298 1291
1299 1292
1300 1293
1301 1294
1302 1295
1303 1296
1304 1297
1305 1298
1306 1299
1307 1300
1308 1301
1309 1302
1310 1303
1311 1304
1312 1306
1313 1305
1314 1307
1315 1308
1316 1309
1317 1310
1318 1311
1319 1312
1320 1313
1321 1314
1322 1315
1323 1316
1324 1317
1325 1318
1326 1319
1327 1320
1328 1321
1329 1322
1330 1323
1331 1324
1332 1325
1333 1326
1334 1327
1335 1328
1336 1329
1337 1330
1338 1331
1339 1332
1340 1333
1341 1334
1342 1335
1343 1336
1344 1337
1345 1338
1346 1339
1347 1340
1348 1341
1349 1342
1350 1343
1351 1344
1352 1345
1353 1346
1354 1347
1355 1348
1356 1349
1357 1350
1358 1351
1359 1352
1360 1353
1361 1354
1362 1355
1363 1356
1364 1357
1365 1358
1366 1359
1367 1360
1368 1361
1369 1362
1370 1363
1371 1364
1372 1365
1373 1366
1374 1367
1375 1368
1376 1369
1377 1370
1378 1371
1379 1372
1380 1373
1381 1374
1382 1375
1383 1376
1384 1377
1385 1378
1386 1379
1387 1380
1388 1381
1389 1382
1390 1383
1391 1384
1392 1385
1393 1386
1394 1387
1395 1388
1396 1389
1397 1390
1398 1391
1399 1392
1400 1393
1401 1394
1402 1395
1403 1396
1404 1398
1405 1397
1406 1399
1407 1400
1408 1401
1409 1402
1410 1403
1411 1404
1412 1405
1413 1406
1414 1407
1415 1408
1416 1409
1417 1410
1418 1411
1419 1412
1420 1413
1421 1414
1422 1415
1423 1417
1424 1416
1425 1418
1426 1419
1427 1420
1428 1421
1429 1422
1430 1423
1431 1424
1432 1425
1433 1426
1434 1427
1435 1428
1436 1429
1437 1430
1438 1431
1439 1432
1440 1433
1441 1434
1442 1435
1443 1436
1444 1437
1445 1438
1446 1439
1447 1440
1448 1441
1449 1443
1450 1442
1451 1444
1452 1445
1453 1446
1454 1447
1455 1448
1456 1449
1457 1450
1458 1451
1459 1452
1460 1453
1461 1454
1462 1455
1463 1456
1464 1457
1465 1458
1466 1459
1467 1460
1468 1461
1469 1462
1470 1463
1471 1464
1472 1465
1473 1466
1474 1467
1475 1468
1476 1469
1477 1470
1478 1471
1479 1472
1480 1473
1481 1474
1482 1475
1483 1476
1484 1477
1485 1478
1486 1479
1487 1480
1488 1481
1489 1482
1490 1483
1491 1484
1492 1485
1493 1486
1494 1487
1495 1488
1496 1489
1497 1490
1498 1491
1499 1493
1500 1492
1501 1494
1502 1495
1503 1496
1504 1497
1505 1498
1506 1499
1507 1500
1508 1501
1509 1502
1510 1503
1511 1504
1512 1505
1513 1506
1514 1507
1515 1508
1516 1509
1517 1510
1518 1511
1519 1512
1520 1513
1521 1514
1522 1515
1523 1516
1524 1517
1525 1518
1526 1519
1527 1520
1528 1521
1529 1522
1530 1523
1531 1524
1532 1525
1533 1526
1534 1527
1535 1528
1536 1529
1537 1530
1538 1531
1539 1532
1540 1533
1541 1534
1542 1535
1543 1536
1544 1537
1545 1538
1546 1539
1547 1540
1548 1541
1549 1542
1550 1543
1551 1544
1552 1545
1553 1546
1554 1547
1555 1548
1556 1549
1557 1550
1558 1551
1559 1552
1560 1553
1561 1554
1562 1555
1563 1556
1564 1557
1565 1558
1566 1559
1567 1560
1568 1561
1569 1562
1570 1563
1571 1564
1572 1565
1573 1566
1574 1567
1575 1568
1576 1569
1577 1570
1578 1571
1579 1572
1580 1573
1581 1574
1582 1575
1583 1576
1584 1577
1585 1578
1586 1579
1587 1580
1588 1581
1589 1628
1590 1627
1591 1626
1592 1625
1593 1623
1594 1622
1595 1621
1596 1620
1597 1619
1598 1618
1599 1617
1600 1616
1601 1615
1602 1614
1603 1613
1604 1612
1605 1611
1606 1610
1607 1609
1608 1608
1609 1607
1610 1606
1611 1605
1612 1604
1613 1603
1614 1602
1615 1601
1616 1600
1617 1599
1618 1598
1619 1597
1620 1596
1621 1595
1622 1594
1623 1593
1624 1592
1625 1591
1626 1590
1627 1589
1628 1588
1629 1587
1630 1586
1631 1585
1632 1584
1633 1583
1634 1582
1635 1629
1636 1630
1637 1631
1638 1632
1639 1633
1640 1634
1641 1635
1642 1636
1643 1637
1644 1638
1645 1639
1646 1640
1647 1641
1648 1642
1649 1643
1650 1644
1651 1645
1652 1646
1653 1647
1654 1648
1655 1649
1656 1650
1657 1651
1658 1652
1659 1653
1660 1654
1661 1655
1662 1656
1663 1658
1664 1657
1665 1659
1666 1660
1667 1661
1668 1662
1669 1663
1670 1664
1671 1665
1672 1666
1673 1667
1674 1668
1675 1669
1676 1670
1677 1671
1678 1672
1679 1673
1680 1674
1681 1675
1682 1676
1683 1677
1684 1678
1685 1679
1686 1680
1687 1681
1688 1682
1689 1683
1690 1684
1691 1685
1692 1686
1693 1687
1694 1688
1695 1689
1696 1690
1697 1691
1698 1692
1699 1693
1700 1694
1701 1695
1702 1696
1703 1697
1704 1698
1705 1699
1706 1700
1707 1701
1708 1702
1709 1703
1710 1704
1711 1705
1712 1706
1713 1707
1714 1708
1715 1710
1716 1709
1717 1711
1718 1712
1719 1713
1720 1714
1721 1715
1722 1716
1723 1717
1724 1718
1725 1719
1726 1720
1727 1721
1728 1722
1729 1723
1730 1724
1731 1725
1732 1726
1733 1727
1734 1728
1735 1729
1736 1730
1737 1731
1738 1732
1739 1733
1740 1734
1741 1735
1742 1736
1743 1737
1744 1738
1745 1739
1746 1740
1747 1741
1748 1742
1749 1743
1750 1744
1751 1745
1752 1746
1753 1747
1754 1748
1755 1749
1756 1750
1757 1751
1758 1752
1759 1753
1760 1754
1761 1755
1762 1756
1763 1757
1764 1758
1765 1759
1766 1760
1767 1761
1768 1762
1769 1763
1770 1764
1771 1765
1772 1766
1773 1767
1774 1768
1775 1769
1776 1770
1777 1771
1778 1772
1779 1773
1780 1774
1781 1775
1782 1776
1783 1777
1784 1778
1785 1779
1786 1780
1787 1781
1788 1782
1789 1783
1790 1784
1791 1785
1792 1786
1793 1787
1794 1788
1795 1789
1796 1790
1797 1791
1798 1792
1799 1793
1800 1794
1801 1795
1802 1796
1803 1797
1804 1798
1805 1799
1806 1800
1807 1801
1808 1802
1809 1803
1810 1804
1811 1805
1812 1806
1813 1807
1814 1808
1815 1809
1816 1810
1817 1811
1818 1812
1819 1813
1820 1814
1821 1815
1822 1816
1823 1817
1824 1818
1825 1819
1826 1820
1827 1821
1828 1822
1829 1823
1830 1824
1831 1825
1832 1826
1833 1827
1834 1828
1835 1829
1836 1830
1837 1831
1838 1832
1839 1833
1840 1834
1841 1835
1842 1836
1843 1837
1844 1838
1845 1839
1846 1840
1847 1841
1848 1842
1849 1843
1850 1844
1851 1845
1852 1846
1853 1847
1854 1848
1855 1849
1856 1850
1857 1852
1858 1853
1859 1854
1860 1855
1861 1856
1862 1857
1863 1858
1864 1859
1865 1860
1866 1862
1867 1866
1868 1865
1869 1864
1870 1863
1871 1861
1872 1867
1873 1868
1874 1869
1875 1870
1876 1871
1877 1872
1878 1873
1879 1874
1880 1875
1881 1876
1882 1877
1883 1878
1884 1879
1885 1880
1886 1881
1887 1882
1888 1883
1889 1884
1890 1885
1891 1886
1892 1887
1893 1888
1894 1889
1895 1890
1896 1891
1897 1892
1898 1893
1899 1894
1900 1895
1901 1896
1902 1897
1903 1898
1904 1899
1905 1900
1906 1901
1907 1902
1908 1903
1909 1904
1910 1905
1911 1906
1912 1907
1913 1908
1914 1909
1915 1910
1916 1911
1917 1912
1918 1913
1919 1914
1920 1915
1921 1916
1922 1917
1923 1918
1924 1919
1925 1920
1926 1921
1927 1922
1928 1923
1929 1924
1930 1925
1931 1926
1932 1927
1933 1928
1934 1929
1935 1930
1936 1931
1937 1932
1938 1933
1939 1934
1940 1935
1941 1936
1942 1937
1943 1938
1944 1939
1945 1940
1946 1941
1947 1942
1948 1943
1949 1944
1950 1945
1951 1946
1952 1947
1953 1948
1954 1949
1955 1950
1956 1951
1957 1952
1958 1953
1959 1954
1960 1955
1961 1956
1962 1957
1963 1958
1964 1959
1965 1960
1966 1961
1967 1962
1968 1963
1969 1964
1970 1965
1971 1966
1972 1967
1973 1968
1974 1969
1975 1970
1976 1971
1977 1972
1978 1973
1979 1974
1980 1975
1981 1976
1982 1977
1983 1978
1984 1979
1985 1980
1986 1981
1987 1982
1988 1983
1989 1984
1990 1985
1991 1986
1992 1987
1993 1988
1994 1989
1995 1991
1996 1990
1997 1992
1998 1993
1999 1994
2000 1995
2001 1996
2002 1997
2003 1998
2004 1999
2005 2000
2006 2001
2007 2002
2008 2003
2009 2004
2010 2005
2011 2006
2012 2007
2013 2008
2014 2009
2015 2010
2016 2011
2017 2012
2018 2013
2019 2014
2020 2015
2021 2016
2022 2017
2023 2018
2024 2019
2025 2020
2026 2021
2027 2022
2028 2023
2029 2024
2030 2025
2031 2026
2032 2027
2033 2028
2034 2029
2035 2030
2036 2031
2037 2033
2038 2040
2039 2039
2040 2038
2041 2037
2042 2036
2043 2035
2044 2034
2045 2032
2046 2041
2047 2042
2048 2043
2049 2044
2050 2046
2051 2045
2052 2047
2053 2048
2054 2049
2055 2050
2056 2051
2057 2052
2058 2053
2059 2054
2060 2055
2061 2056
2062 2057
2063 2058
2064 2059
2065 2060
2066 2061
2067 2062
2068 2063
2069 2064
2070 2065
2071 2066
2072 2067
2073 2068
2074 2069
2075 2070
2076 2071
2077 2072
2078 2073
2079 2074
2080 2075
2081 2076
2082 2077
2083 2078
2084 2079
2085 2080
2086 2081
2087 2082
2088 2083
2089 2084
2090 2085
2091 2086
2092 2087
2093 2088
2094 2089
2095 2090
2096 2091
2097 2092
2098 2093
2099 2094
2100 2095
2101 2096
2102 2097
2103 2098
2104 2099
2105 2100
2106 2101
2107 2102
2108 2103
2109 2104
2110 2105
2111 2106
2112 2107
2113 2108
2114 2109
2115 2110
2116 2111
2117 2112
2118 2113
2119 2114
2120 2115
2121 2116
2122 2117
2123 2118
2124 2120
2125 2119
2126 2121
2127 2122
2128 2123
2129 2124
2130 2125
2131 2127
2132 2136
2133 2135
2134 2134
2135 2133
2136 2132
2137 2131
2138 2130
2139 2129
2140 2128
2141 2126
2142 2137
2143 2138
2144 2139
2145 2140
2146 2141
2147 2142
2148 2143
2149 2144
2150 2145
2151 2146
2152 2147
2153 2148
2154 2149
2155 2150
2156 2151
2157 2152
2158 2153
2159 2154
2160 2155
2161 2156
2162 2157
2163 2159
2164 2158
2165 2160
2166 2161
2167 2162
2168 2163
2169 2164
2170 2165
2171 2166
2172 2167
2173 2168
2174 2169
2175 2170
2176 2171
2177 2172
2178 2173
2179 2174
2180 2175
2181 2176
2182 2177
2183 2178
2184 2179
2185 2180
2186 2181
2187 2182
2188 2183
2189 2184
2190 2185
2191 2186
2192 2187
2193 2188
2194 2189
2195 2190
2196 2191
2197 2192
2198 2193
2199 2194
2200 2195
2201 2196
2202 2197
2203 2198
2204 2199
2205 2200
2206 2201
2207 2202
2208 2203
2209 2204
2210 2205
2211 2206
2212 2207
2213 2208
2214 2209
2215 2210
2216 2211
2217 2212
2218 2213
2219 2214
2220 2215
2221 2216
2222 2217
2223 2218
2224 2219
2225 2220
2226 2221
2227 2222
2228 2223
2229 2224
2230 2225
2231 2226
2232 2227
2233 2228
2234 2229
2235 2230
2236 2231
2237 2232
2238 2233
2239 2234
2240 2235
2241 2236
2242 2237
2243 2238
2244 2239
2245 2240
2246 2241
2247 2242
2248 2243
2249 2244
2250 2245
2251 2246
2252 2247
2253 2248
2254 2249
2255 2250
2256 2251
2257 2252
2258 2253
2259 2254
2260 2255
2261 2256
2262 2257
2263 2258
2264 2259
2265 2260
2266 2261
2267 2263
2268 2262
2269 2264
2270 2265
2271 2266
2272 2267
2273 2268
2274 2269
2275 2270
2276 2272
2277 2271
2278 2273
2279 2274
2280 2275
2281 2276
2282 2277
2283 2278
2284 2279
2285 2280
2286 2281
2287 2282
2288 2283
2289 2284
2290 2285
2291 2286
2292 2287
2293 2288
2294 2289
2295 2290
2296 2291
2297 2293
2298 2294
2299 2292
2300 2295
2301 2296
2302 2297
2303 2298
2304 2299
2305 2300
2306 2301
2307 2302
2308 2303
2309 2304
2310 2305
2311 2306
2312 2307
2313 2308
2314 2309
2315 2310
2316 2311
2317 2312
2318 2313
2319 2314
2320 2315
2321 2316
2322 2317
2323 2318
2324 2319
2325 2320
2326 2321
2327 2322
2328 2323
2329 2324
2330 2325
2331 2326
2332 2327
2333 2328
2334 2329
2335 2330
2336 2331
2337 2332
2338 2333
2339 2334
2340 2335
2341 2336
2342 2337
2343 2338
2344 2339
2345 2340
2346 2341
2347 2342
2348 2343
2349 2344
2350 2345
2351 2346
2352 2347
2353 2348
2354 2349
2355 2350
2356 2351
2357 2352
2358 2353
2359 2354
2360 2355
2361 2356
2362 2357
2363 2358
2364 2359
2365 2360
2366 2361
2367 2362
2368 2363
2369 2364
2370 2365
2371 2366
2372 2367
2373 2368
2374 2369
2375 2370
2376 2371
2377 2372
2378 2373
2379 2374
2380 2375
2381 2376
2382 2377
2383 2379
2384 2378
2385 2380
2386 2381
2387 2382
2388 2383
2389 2384
2390 2385
2391 2386
2392 2387
2393 2388
2394 2389
2395 2390
2396 2391
2397 2392
2398 2393
2399 2394
2400 2395
2401 2396
2402 2397
2403 2398
2404 2399
2405 2400
2406 2401
2407 2402
2408 2403
2409 2406
2410 2405
2411 2404
2412 2407
2413 2408
2414 2409
2415 2410
2416 2411
2417 2412
2418 2413
2419 2414
2420 2415
2421 2416
2422 2417
2423 2418
2424 2419
2425 2420
2426 2421
2427 2422
2428 2423
2429 2424
2430 2425
2431 2426
2432 2427
2433 2428
2434 2429
2435 2430
2436 2431
2437 2432
2438 2433
2439 2434
2440 2435
2441 2436
2442 2437
2443 2438
2444 2439
2445 2440
2446 2441
2447 2442
2448 2443
2449 2444
2450 2445
2451 2446
2452 2449
2453 2448
2454 2447
2455 2450
2456 2451
2457 2452
2458 2453
2459 2454
2460 2455
2461 2456
2462 2457
2463 2458
2464 2459
2465 2460
2466 2461
2467 2462
2468 2463
2469 2464
2470 2465
2471 2466
2472 2467
2473 2468
2474 2469
2475 2470
2476 2471
2477 2472
2478 2473
2479 2474
2480 2475
2481 2476
2482 2477
2483 2478
2484 2479
2485 2480
2486 2481
2487 2482
2488 2483
2489 2484
2490 2485
2491 2486
2492 2487
2493 2488
2494 2489
2495 2490
2496 2491
2497 2492
2498 2493
2499 2494
2500 2495
2501 2496
2502 2497
2503 2498
2504 2499
2505 2500
2506 2501
2507 2502
2508 2503
2509 2504
2510 2505
2511 2506
2512 2507
2513 2508
2514 2509
2515 2510
2516 2511
2517 2512
2518 2513
2519 2514
2520 2515
2521 2516
2522 2517
2523 2518
2524 2519
2525 2520
2526 2521
2527 2522
2528 2523
2529 2524
2530 2525
2531 2526
2532 2527
2533 2528
2534 2529
2535 2530
2536 2531
2537 2532
2538 2533
2539 2534
2540 2535
2541 2536
2542 2537
2543 2538
2544 2539
2545 2540
2546 2541
2547 2542
2548 2543
2549 2544
2550 2545
2551 2546
2552 2547
2553 2548
2554 2549
2555 2550
2556 2551
2557 2552
2558 2553
2559 2555
2560 2554
2561 2556
2562 2557
2563 2558
2564 2559
2565 2560
2566 2561
2567 2562
2568 2563
2569 2564
2570 2565
2571 2566
2572 2567
2573 2568
2574 2569
2575 2570
2576 2571
2577 2572
2578 2573
2579 2574
2580 2575
2581 2576
2582 2577
2583 2578
2584 2579
2585 2580
2586 2581
2587 2582
2588 2583
2589 2584
2590 2585
2591 2586
2592 2587
2593 2588
2594 2589
2595 2590
2596 2591
2597 2592
2598 2593
2599 2594
2600 2595
2601 2596
2602 2597
2603 2598
2604 2599
2605 2600
2606 2601
2607 2602
2608 2603
2609 2604
2610 2605
2611 2606
2612 2607
2613 2608
2614 2609
2615 2610
2616 2611
2617 2612
2618 2613
2619 2614
2620 2615
2621 2616
2622 2617
2623 2618
2624 2619
2625 2620
2626 2621
2627 2622
2628 2623
2629 2624
2630 2625
2631 2626
2632 2627
2633 2628
2634 2629
2635 2630
2636 2631
2637 2632
2638 2633
2639 2634
2640 2635
2641 2636
2642 2637
2643 2639
2644 2638
2645 2640
2646 2641
2647 2642
2648 2643
2649 2644
2650 2645
2651 2646
2652 2647
2653 2648
2654 2649
2655 2650
2656 2651
2657 2652
2658 2653
2659 2654
2660 2655
2661 2656
2662 2657
2663 2658
2664 2659
2665 2660
2666 2661
2667 2662
2668 2663
2669 2664
2670 2665
2671 2666
2672 2667
2673 2668
2674 2669
2675 2670
2676 2671
2677 2672
2678 2673
2679 2674
2680 2675
2681 2676
2682 2677
2683 2678
2684 2679
2685 2680
2686 2681
2687 2682
2688 2683
2689 2684
2690 2685
2691 2686
2692 2687
2693 2688
2694 2689
2695 2690
2696 2691
2697 2692
2698 2693
2699 2694
2700 2695
2701 2696
2702 2697
2703 2698
2704 2699
2705 2700
2706 2701
2707 2702
2708 2703
2709 2704
2710 2705
2711 2706
2712 2707
2713 2708
2714 2709
2715 2710
2716 2711
2717 2712
2718 2713
2719 2714
2720 2715
2721 2716
2722 2717
2723 2718
2724 2719
2725 2720
2726 2721
2727 2722
2728 2723
2729 2724
2730 2725
2731 2726
2732 2727
2733 2728
2734 2729
2735 2730
2736 2731
2737 2732
2738 2733
2739 2734
2740 2735
2741 2736
2742 2737
2743 2738
2744 2739
2745 2740
2746 2741
2747 2742
2748 2743
2749 2744
2750 2745
2751 2746
2752 2747
2753 2748
2754 2749
2755 2788
2756 2787
2757 2786
2758 2785
2759 2784
2760 2783
2761 2782
2762 2781
2763 2780
2764 2779
2765 2778
2766 2777
2767 2776
2768 2775
2769 2774
2770 2773
2771 2772
2772 2771
2773 2770
2774 2769
2775 2768
2776 2767
2777 2766
2778 2765
2779 2764
2780 2763
2781 2762
2782 2761
2783 2760
2784 2759
2785 2758
2786 2757
2787 2756
2788 2755
2789 2754
2790 2753
2791 2752
2792 2751
2793 2750
2794 2789
2795 2790
2796 2791
2797 2792
2798 2793
2799 2799
2800 2798
2801 2797
2802 2796
2803 2795
2804 2794
2805 2800
2806 2801
2807 2802
2808 2803
2809 2804
2810 2805
2811 2806
2812 2807
2813 2808
2814 2809
2815 2810
2816 2811
2817 2812
2818 2813
2819 2814
2820 2815
2821 2816
2822 2817
2823 2818
2824 2819
2825 2820
2826 2821
2827 2822
2828 2823
2829 2824
2830 2825
2831 2826
2832 2827
2833 2828
2834 2829
2835 2830
2836 2831
2837 2832
2838 2833
2839 2834
2840 2835
2841 2836
2842 2837
2843 2838
2844 2839
2845 2840
2846 2841
2847 2842
2848 2843
2849 2844
2850 2845
2851 2846
2852 2847
2853 2848
2854 2849
2855 2850
2856 2851
2857 2852
2858 2853
2859 2854
2860 2855
2861 2856
2862 2857
2863 2858
2864 2859
2865 2860
2866 2861
2867 2862
2868 2863
2869 2864
2870 2865
2871 2866
2872 2867
2873 2868
2874 2869
2875 2870
2876 2871
2877 2872
2878 2873
2879 2874
2880 2875
2881 2876
2882 2877
2883 2878
2884 2879
2885 2880
2886 2881
2887 2882
2888 2883
2889 2884
2890 2885
2891 2886
2892 2887
2893 2888
2894 2889
2895 2890
2896 2891
2897 2892
2898 2893
2899 2894
2900 2895
2901 2896
2902 2897
2903 2898
2904 2899
2905 2900
2906 2901
2907 2902
2908 2903
2909 2904
2910 2905
2911 2906
2912 2907
2913 2908
2914 2909
2915 2910
2916 2911
2917 2912
2918 2913
2919 2914
2920 2915
2921 2916
2922 2917
2923 2918
2924 2919
2925 2920
2926 2921
2927 2922
2928 2923
2929 2924
2930 2925
2931 2926
2932 2927
2933 2928
2934 2929
2935 2930
2936 2931
2937 2932
2938 2933
2939 2934
2940 2935
2941 2936
2942 2937
2943 2938
2944 2939
2945 2940
2946 2941
2947 2943
2948 2942
2949 2944
2950 2945
2951 2946
2952 2947
2953 2948
2954 2949
2955 2950
2956 2951
2957 2952
2958 2953
2959 2954
2960 2955
2961 2956
2962 2957
2963 2958
2964 2959
2965 2961
2966 2960
2967 2962
2968 2963
2969 2964
2970 2965
2971 2967
2972 2968
2973 2966
2974 2969
2975 2970
2976 2971
2977 2972
2978 2973
2979 2974
2980 2975
2981 2976
2982 2977
2983 2978
2984 2979
2985 2980
2986 2981
2987 2982
2988 2983
2989 2984
2990 2985
2991 2986
2992 2987
2993 2988
2994 2989
2995 2990
2996 2991
2997 2992
2998 2993
2999 2994
3000 2995
3001 2996
3002 2997
3003 2998
3004 2999
3005 3000
3006 3001
3007 3002
3008 3003
3009 3004
3010 3005
3011 3006
3012 3007
3013 3008
3014 3009
3015 3010
3016 3011
3017 3012
3018 3013
3019 3014
3020 3015
3021 3016
3022 3017
3023 3018
3024 3020
3025 3023
3026 3022
3027 3021
3028 3019
3029 3024
3030 3025
3031 3026
3032 3027
3033 3028
3034 3029
3035 3030
3036 3031
3037 3032
3038 3033
3039 3034
3040 3035
3041 3036
3042 3037
3043 3038
3044 3039
3045 3040
3046 3041
3047 3042
3048 3043
3049 3044
3050 3045
3051 3046
3052 3047
3053 3048
3054 3049
3055 3050
3056 3051
3057 3052
3058 3053
3059 3054
3060 3055
3061 3056
3062 3058
3063 3057
3064 3059
3065 3060
3066 3061
3067 3062
3068 3063
3069 3065
3070 3064
3071 3066
3072 3067
3073 3068
3074 3069
3075 3070
3076 3071
3077 3072
3078 3073
3079 3074
3080 3075
3081 3076
3082 3077
3083 3078
3084 3079
3085 3080
3086 3082
3087 3081
3088 3083
3089 3084
3090 3085
3091 3086
3092 3087
3093 3088
3094 3089
3095 3091
3096 3090
3097 3092
3098 3093
3099 3094
3100 3095
3101 3096
3102 3097
3103 3098
3104 3099
3105 3100
3106 3101
3107 3102
3108 3103
3109 3104
3110 3105
3111 3106
3112 3107
3113 3108
3114 3109
3115 3110
3116 3111
3117 3112
3118 3113
3119 3114
3120 3115
3121 3116
3122 3117
3123 3118
3124 3119
3125 3120
3126 3121
3127 3122
3128 3123
3129 3124
3130 3125
3131 3126
3132 3127
3133 3128
3134 3129
3135 3130
3136 3131
3137 3132
3138 3133
3139 3134
3140 3135
3141 3136
3142 3137
3143 3138
3144 3139
3145 3140
3146 3141
3147 3142
3148 3143
3149 3144
3150 3145
3151 3146
3152 3147
3153 3148
3154 3149
3155 3150
3156 3151
3157 3152
3158 3153
3159 3154
3160 3155
3161 3156
3162 3157
3163 3158
3164 3159
3165 3160
3166 3161
3167 3162
3168 3163
3169 3164
3170 3165
3171 3166
3172 3167
3173 3168
3174 3170
3175 3169
3176 3171
3177 3172
3178 3173
3179 3174
3180 3175
3181 3176
3182 3177
3183 3178
3184 3179
3185 3180
3186 3181
3187 3182
3188 3183
3189 3184
3190 3185
3191 3186
3192 3187
3193 3188
3194 3189
3195 3190
3196 3191
3197 3192
3198 3193
3199 3194
3200 3195
3201 3196
3202 3197
3203 3198
3204 3199
3205 3200
3206 3201
3207 3202
3208 3203
3209 3204
3210 3205
3211 3206
3212 3207
3213 3208
3214 3209
3215 3210
3216 3211
3217 3212
3218 3213
3219 3214
3220 3215
3221 3216
3222 3217
3223 3218
3224 3219
3225 3220
3226 3221
3227 3222
3228 3223
3229 3224
3230 3225
3231 3226
3232 3227
3233 3228
3234 3229
3235 3230
3236 3231
3237 3232
3238 3233
3239 3234
3240 3235
3241 3236
3242 3237
3243 3238
3244 3239
3245 3240
3246 3241
3247 3242
3248 3243
3249 3244
3250 3245
3251 3246
3252 3247
3253 3248
3254 3249
3255 3250
3256 3251
3257 3252
3258 3253
3259 3254
3260 3255
3261 3256
3262 3257
3263 3258
3264 3259
3265 3260
3266 3261
3267 3262
3268 3263
3269 3264
3270 3265
3271 3266
3272 3267
3273 3268
3274 3269
3275 3270
3276 3271
3277 3272
3278 3273
3279 3274
3280 3275
3281 3276
3282 3277
3283 3278
3284 3279
3285 3280
3286 3281
3287 3282
3288 3283
3289 3284
3290 3285
3291 3286
3292 3287
3293 3288
3294 3289
3295 3290
3296 3291
3297 3292
3298 3293
3299 3294
3300 3295
3301 3296
3302 3297
3303 3298
3304 3299
3305 3300
3306 3301
3307 3302
3308 3303
3309 3304
3310 3305
3311 3306
3312 3307
3313 3308
3314 3309
3315 3310
3316 3311
3317 3312
3318 3313
3319 3314
3320 3315
3321 3316
3322 3317
3323 3318
3324 3319
3325 3320
3326 3321
3327 3322
3328 3323
3329 3324
3330 3326
3331 3325
3332 3327
3333 3328
3334 3329
3335 3330
3336 3331
3337 3332
3338 3333
3339 3334
3340 3335
3341 3336
3342 3337
3343 3338
3344 3339
3345 3340
3346 3341
3347 3342
3348 3343
3349 3344
3350 3345
3351 3346
3352 3347
3353 3348
3354 3349
3355 3350
3356 3351
3357 3352
3358 3353
3359 3354
3360 3355
3361 3356
3362 3357
3363 3358
3364 3359
3365 3360
3366 3361
3367 3362
3368 3363
3369 3364
3370 3365
3371 3366
3372 3367
3373 3368
3374 3369
3375 3370
3376 3371
3377 3372
3378 3373
3379 3374
3380 3375
3381 3376
3382 3377
3383 3378
3384 3379
3385 3380
3386 3381
3387 3382
3388 3383
3389 3384
3390 3385
3391 3386
3392 3387
3393 3388
3394 3389
3395 3390
3396 3391
3397 3392
3398 3393
3399 3394
3400 3395
3401 3396
3402 3397
3403 3398
3404 3399
3405 3400
3406 3401
3407 3402
3408 3403
3409 3404
3410 3405
3411 3406
3412 3407
3413 3408
3414 3409
3415 3410
3416 3411
3417 3412
3418 3413
3419 3414
3420 3415
3421 3416
3422 3417
3423 3418
3424 3419
3425 3420
3426 3421
3427 3422
3428 3423
3429 3424
3430 3425
3431 3426
3432 3427
3433 3428
3434 3429
3435 3430
3436 3431
3437 3432
3438 3433
3439 3434
3440 3435
3441 3436
3442 3437
3443 3438
3444 3439
3445 3440
3446 3441
3447 3442
3448 3443
3449 3444
3450 3445
3451 3446
3452 3447
3453 3448
3454 3449
3455 3450
3456 3451
3457 3452
3458 3453
3459 3454
3460 3455
3461 3456
3462 3457
3463 3458
3464 3459
3465 3460
3466 3461
3467 3462
3468 3463
3469 3464
3470 3466
3471 3465
3472 3467
3473 3468
3474 3469
3475 3470
3476 3471
3477 3472
3478 3473
3479 3474
3480 3475
3481 3476
3482 3477
3483 3478
3484 3479
3485 3480
3486 3481
3487 3482
3488 3483
3489 3484
3490 3485
3491 3486
3492 3487
3493 3488
3494 3489
3495 3490
3496 3491
3497 3492
3498 3493
3499 3494
3500 3495
3501 3496
3502 3497
3503 3498
3504 3499
3505 3500
3506 3501
3507 3502
3508 3503
3509 3504
3510 3505
3511 3506
3512 3507
3513 3508
3514 3509
3515 3510
3516 3511
3517 3512
3518 3513
3519 3514
3520 3515
3521 3517
3522 3520
3523 3519
3524 3518
3525 3516
3526 3521
3527 3522
3528 3523
3529 3524
3530 3525
3531 3526
3532 3527
3533 3528
3534 3529
3535 3530
3536 3531
3537 3532
3538 3533
3539 3534
3540 3535
3541 3536
3542 3537
3543 3538
3544 3540
3545 3539
3546 3541
3547 3542
3548 3543
3549 3544
3550 3545
3551 3546
3552 3547
3553 3548
3554 3549
3555 3550
3556 3551
3557 3552
3558 3553
3559 3554
3560 3555
3561 3556
3562 3557
3563 3558
3564 3559
3565 3560
3566 3561
3567 3562
3568 3563
3569 3564
3570 3565
3571 3566
3572 3567
3573 3568
3574 3569
3575 3570
3576 3571
3577 3572
3578 3573
3579 3574
3580 3575
3581 3576
3582 3577
3583 3578
3584 3579
3585 3580
3586 3581
3587 3582
3588 3583
3589 3584
3590 3585
3591 3586
3592 3587
3593 3588
3594 3589
3595 3590
3596 3591
3597 3592
3598 3593
3599 3594
3600 3595
3601 3596
3602 3597
3603 3598
3604 3599
3605 3600
3606 3601
3607 3602
3608 3603
3609 3604
3610 3605
3611 3606
3612 3607
3613 3608
3614 3609
3615 3610
3616 3611
3617 3612
3618 3613
3619 3614
3620 3615
3621 3616
3622 3617
3623 3618
3624 3619
3625 3620
3626 3621
3627 3622
3628 3623
3629 3624
3630 3625
3631 3626
3632 3627
3633 3628
3634 3629
3635 3630
3636 3631
3637 3632
3638 3633
3639 3634
3640 3635
3641 3636
3642 3637
3643 3638
3644 3639
3645 3640
3646 3641
3647 3642
3648 3643
3649 3644
3650 3645
3651 3646
3652 3647
3653 3648
3654 3649
3655 3650
3656 3651
3657 3652
3658 3653
3659 3654
3660 3655
3661 3656
3662 3657
3663 3658
3664 3659
3665 3660
3666 3661
3667 3662
3668 3663
3669 3664
3670 3665
3671 3666
3672 3667
3673 3668
3674 3669
3675 3670
3676 3671
3677 3672
3678 3673
3679 3674
3680 3675
3681 3676
3682 3677
3683 3678
3684 3681
3685 3682
3686 3683
3687 3684
3688 3685
3689 3686
3690 3687
3691 3688
3692 3689
3693 3690
3694 3691
3695 3692
3696 3693
3697 3694
3698 3695
3699 3696
3700 3697
3701 3698
3702 3699
3703 3700
3704 3701
3705 3702
3706 3703
3707 3704
3708 3705
3709 3706
3710 3707
3711 3708
3712 3709
3713 3710
3714 3711
3715 3712
3716 3713
3717 3714
3718 3715
3719 3716
3720 3717
3721 3718
3722 3719
3723 3720
3724 3721
3725 3722
3726 3723
3727 3725
3728 3724
3729 3726
3730 3727
3731 3728
3732 3729
3733 3730
3734 3731
3735 3732
3736 3733
3737 3734
3738 3735
3739 3736
3740 3737
3741 3738
3742 3739
3743 3740
3744 3741
3745 3742
3746 3743
3747 3744
3748 3745
3749 3746
3750 3747
3751 3748
3752 3749
3753 3750
3754 3751
3755 3752
3756 3754
3757 3755
3758 3753
3759 3756
3760 3757
3761 3758
3762 3759
3763 3760
3764 3761
3765 3762
3766 3763
3767 3764
3768 3765
3769 3766
3770 3767
3771 3768
3772 3769
3773 3770
3774 3772
3775 3773
3776 3771
3777 3774
3778 3775
3779 3776
3780 3777
3781 3778
3782 3779
3783 3780
3784 3781
3785 3782
3786 3783
3787 3784
3788 3785
3789 3786
3790 3787
3791 3788
3792 3789
3793 3790
3794 3791
3795 3792
3796 3793
3797 3794
3798 3795
3799 3796
3800 3797
3801 3798
3802 3799
3803 3800
3804 3801
3805 3802
3806 3803
3807 3804
3808 3805
3809 3806
3810 3807
3811 3808
3812 3809
3813 3810
3814 3811
3815 3812
3816 3813
3817 3814
3818 3815
3819 3816
3820 3817
3821 3818
3822 3819
3823 3820
3824 3821
3825 3822
3826 3823
3827 3824
3828 3825
3829 3826
3830 3827
3831 3828
3832 3829
3833 3830
3834 3831
3835 3832
3836 3833
3837 3834
3838 3835
3839 3836
3840 3837
3841 3838
3842 3839
3843 3840
3844 3841
3845 3842
3846 3843
3847 3844
3848 3845
3849 3847
3850 3846
3851 3848
3852 3849
3853 3850
3854 3851
3855 3852
3856 3853
3857 3854
3858 3855
3859 3856
3860 3857
3861 3858
3862 3859
3863 3860
3864 3861
3865 3862
3866 3863
3867 3864
3868 3865
3869 3866
3870 3867
3871 3868
3872 3869
3873 3870
3874 3871
3875 3872
3876 3873
3877 3874
3878 3875
3879 3876
3880 3877
3881 3878
3882 3879
3883 3880
3884 3881
3885 3882
3886 3883
3887 3884
3888 3885
3889 3886
3890 3887
3891 3888
3892 3889
3893 3890
3894 3891
3895 3892
3896 3893
3897 3894
3898 3895
3899 3896
3900 3897
3901 3898
3902 3899
3903 3900
3904 3901
3905 3902
3906 3903
3907 3904
3908 3905
3909 3906
3910 3907
3911 3908
3912 3909
3913 3910
3914 3911
3915 3912
3916 3913
3917 3914
3918 3915
3919 3916
3920 3917
3921 3918
3922 3919
3923 3920
3924 3921
3925 3922
3926 3923
3927 3924
3928 3925
3929 3926
3930 3927
3931 3928
3932 3929
3933 3930
3934 3931
3935 3932
3936 3933
3937 3934
3938 3935
3939 3936
3940 3937
3941 3938
3942 3939
3943 3940
3944 3941
3945 3942
3946 3943
3947 3944
3948 3945
3949 3946
3950 3947
3951 3948
3952 3949
3953 3950
3954 3951
3955 3952
3956 3953
3957 3954
3958 3955
3959 3956
3960 3957
3961 3958
3962 3959
3963 3960
3964 3961
3965 3962
3966 3963
3967 3964
3968 3965
3969 3966
3970 3967
3971 3968
3972 3969
3973 3970
3974 3971
3975 3972
3976 3973
3977 3974
3978 3975
3979 3976
3980 3977
3981 3978
3982 3979
3983 3980
3984 3981
3985 3982
3986 3983
3987 3984
3988 3985
3989 3986
3990 3987
3991 3988
3992 3989
3993 3990
3994 3991
3995 3992
3996 3993
3997 3994
3998 3995
3999 3996
4000 3997
4001 3999
4002 3998
4003 4000
4004 4001
4005 4002
4006 4003
4007 4004
4008 4005
4009 4006
4010 4007
4011 4008
4012 4009
4013 4010
4014 4011
4015 4012
4016 4013
4017 4014
4018 4015
4019 4016
4020 4017
4021 4018
4022 4019
4023 4020
4024 4021
4025 4022
4026 4023
4027 4024
4028 4025
4029 4026
4030 4027
4031 4028
4032 4029
4033 4030
4034 4031
4035 4032
4036 4033
4037 4034
4038 4035
4039 4036
4040 4037
4041 4038
4042 4039
4043 4041
4044 4040
4045 4042
4046 4043
4047 4044
4048 4045
4049 4046
4050 4047
4051 4048
4052 4049
4053 4050
4054 4051
4055 4052
4056 4053
4057 4054
4058 4055
4059 4056
4060 4057
4061 4058
4062 4059
4063 4060
4064 4061
4065 4062
4066 4063
4067 4064
4068 4065
4069 4066
4070 4067
4071 4068
4072 4069
4073 4070
4074 4071
4075 4073
4076 4075
4077 4074
4078 4072
4079 4076
4080 4077
4081 4078
4082 4079
4083 4080
4084 4081
4085 4082
4086 4083
4087 4084
4088 4085
4089 4086
4090 4087
4091 4088
4092 4089
4093 4090
4094 4091
4095 4092
4096 4093
4097 4094
4098 4095
4099 4096
4100 4097
4101 4098
4102 4099
4103 4100
4104 4101
4105 4102
4106 4104
4107 4103
4108 4105
4109 4106
4110 4107
4111 4108
4112 4109
4113 4110
4114 4111
4115 4112
4116 4113
4117 4114
4118 4115
4119 4116
4120 4117
4121 4118
4122 4119
4123 4120
4124 4121
4125 4122
4126 4123
4127 4124
4128 4125
4129 4126
4130 4127
4131 4128
4132 4129
4133 4130
4134 4131
4135 4132
4136 4133
4137 4134
4138 4135
4139 4136
4140 4137
4141 4138
4142 4139
4143 4140
4144 4141
4145 4142
4146 4143
4147 4144
4148 4145
4149 4146
4150 4147
4151 4148
4152 4149
4153 4150
4154 4151
4155 4152
4156 4153
4157 4154
4158 4155
4159 4156
4160 4157
4161 4158
4162 4159
4163 4160
4164 4161
4165 4162
4166 4163
4167 4164
4168 4165
4169 4166
4170 4167
4171 4168
4172 4169
4173 4170
4174 4171
4175 4172
4176 4173
4177 4174
4178 4175
4179 4176
4180 4177
4181 4178
4182 4179
4183 4180
4184 4181
4185 4182
4186 4183
4187 4184
4188 4185
4189 4186
4190 4187
4191 4188
4192 4189
4193 4190
4194 4191
4195 4192
4196 4193
4197 4194
4198 4195
4199 4196
4200 4197
4201 4198
4202 4200
4203 4199
4204 4201
4205 4202
4206 4203
4207 4204
4208 4205
4209 4206
4210 4207
4211 4208
4212 4209
4213 4210
4214 4211
4215 4212
4216 4213
4217 4214
4218 4215
4219 4216
4220 4217
4221 4218
4222 4219
4223 4220
4224 4221
4225 4222
4226 4223
4227 4224
4228 4225
4229 4226
4230 4227
4231 4228
4232 4229
4233 4230
4234 4231
4235 4232
4236 4233
4237 4234
4238 4235
4239 4236
4240 4237
4241 4238
4242 4239
4243 4240
4244 4241
4245 4242
4246 4243
4247 4244
4248 4245
4249 4246
4250 4247
4251 4248
4252 4249
4253 4250
4254 4251
4255 4252
4256 4253
4257 4254
4258 4255
4259 4256
4260 4257
4261 4258
4262 4259
4263 4260
4264 4261
4265 4262
4266 4263
4267 4264
4268 4265
4269 4266
4270 4267
4271 4268
4272 4269
4273 4270
4274 4271
4275 4272
4276 4273
4277 4274
4278 4276
4279 4275
4280 4277
4281 4278
4282 4279
4283 4280
4284 4281
4285 4282
4286 4283
4287 4284
4288 4285
4289 4286
4290 4287
4291 4288
4292 4289
4293 4290
4294 4291
4295 4292
4296 4293
4297 4294
4298 4295
4299 4296
4300 4297
4301 4298
4302 4299
4303 4300
4304 4301
4305 4302
4306 4303
4307 4304
4308 4305
4309 4306
4310 4308
4311 4307
4312 4309
4313 4310
4314 4311
4315 4312
4316 4313
4317 4314
4318 4315
4319 4316
4320 4317
4321 4318
4322 4319
4323 4320
4324 4321
4325 4322
4326 4323
4327 4324
4328 4325
4329 4326
4330 4327
4331 4328
4332 4329
4333 4330
4334 4331
4335 4332
4336 4333
4337 4334
4338 4335
4339 4336
4340 4337
4341 4338
4342 4339
4343 4340
4344 4341
4345 4342
4346 4343
4347 4344
4348 4345
4349 4346
4350 4347
4351 4348
4352 4349
4353 4350
4354 4351
4355 4352
4356 4353
4357 4354
4358 4355
4359 4356
4360 4357
4361 4358
4362 4359
4363 4360
4364 4361
4365 4362
4366 4363
4367 4364
4368 4365
4369 4366
4370 4367
4371 4368
4372 4369
4373 4370
4374 4371
4375 4372
4376 4373
4377 4374
4378 4375
4379 4376
4380 4377
4381 4378
4382 4379
4383 4380
4384 4381
4385 4382
4386 4383
4387 4384
4388 4385
4389 4386
4390 4387
4391 4388
4392 4389
4393 4390
4394 4391
4395 4392
4396 4393
4397 4394
4398 4395
4399 4396
4400 4397
4401 4398
4402 4399
4403 4400
4404 4401
4405 4402
4406 4403
4407 4404
4408 4405
4409 4406
4410 4407
4411 4408
4412 4409
4413 4410
4414 4417
4415 4416
4416 4415
4417 4414
4418 4413
4419 4412
4420 4411
4421 4418
4422 4419
4423 4420
4424 4421
4425 4422
4426 4423
4427 4424
4428 4425
4429 4426
4430 4427
4431 4428
4432 4429
4433 4430
4434 4431
4435 4432
4436 4433
4437 4434
4438 4435
4439 4436
4440 4437
4441 4439
4442 4438
4443 4440
4444 4441
4445 4442
4446 4443
4447 4444
4448 4445
4449 4446
4450 4447
4451 4448
4452 4449
4453 4450
4454 4451
4455 4452
4456 4453
4457 4454
4458 4455
4459 4456
4460 4457
4461 4458
4462 4459
4463 4460
4464 4461
4465 4462
4466 4463
4467 4464
4468 4465
4469 4466
4470 4467
4471 4468
4472 4469
4473 4470
4474 4471
4475 4472
4476 4473
4477 4474
4478 4475
4479 4476
4480 4477
4481 4478
4482 4479
4483 4480
4484 4481
4485 4482
4486 4483
4487 4484
4488 4485
4489 4486
4490 4487
4491 4488
4492 4489
4493 4490
4494 4491
4495 4492
4496 4493
4497 4494
4498 4495
4499 4496
4500 4497
4501 4498
4502 4499
4503 4500
4504 4501
4505 4502
4506 4503
4507 4504
4508 4505
4509 4506
4510 4507
4511 4508
4512 4509
4513 4511
4514 4510
4515 4512
4516 4513
4517 4514
4518 4515
4519 4516
4520 4517
4521 4518
4522 4519
4523 4520
4524 4521
4525 4522
4526 4523
4527 4524
4528 4525
4529 4526
4530 4527
4531 4528
4532 4529
4533 4530
4534 4531
4535 4532
4536 4533
4537 4534
4538 4535
4539 4536
4540 4537
4541 4538
4542 4539
4543 4540
4544 4541
4545 4542
4546 4543
4547 4544
4548 4545
4549 4546
4550 4547
4551 4548
4552 4549
4553 4550
4554 4551
4555 4552
4556 4553
4557 4554
4558 4555
4559 4556
4560 4557
4561 4558
4562 4559
4563 4560
4564 4561
4565 4562
4566 4563
4567 4564
4568 4565
4569 4566
4570 4567
4571 4568
4572 4569
4573 4570
4574 4571
4575 4572
4576 4573
4577 4574
4578 4575
4579 4576
4580 4577
4581 4578
4582 4579
4583 4580
4584 4581
4585 4582
4586 4584
4587 4589
4588 4588
4589 4587
4590 4586
4591 4585
4592 4583
4593 4590
4594 4591
4595 4592
4596 4593
4597 4594
4598 4595
4599 4596
4600 4597
4601 4598
4602 4599
4603 4600
4604 4601
4605 4602
4606 4603
4607 4604
4608 4605
4609 4606
4610 4608
4611 4611
4612 4610
4613 4609
4614 4607
4615 4612
4616 4613
4617 4614
4618 4615
4619 4616
4620 4617
4621 4618
4622 4619
4623 4620
4624 4621
4625 4622
4626 4623
4627 4624
4628 4625
4629 4626
4630 4628
4631 4627
4632 4629
4633 4630
4634 4631
4635 4632
4636 4633
4637 4634
4638 4635
4639 4636
4640 4637
4641 4638
4642 4639
4643 4640
4644 4641
4645 4642
4646 4643
4647 4644
4648 4645
4649 4646
4650 4647
4651 4648
4652 4649
4653 4650
4654 4651
4655 4652
4656 4653
4657 4654
4658 4655
4659 4656
4660 4657
4661 4658
4662 4659
4663 4660
4664 4661
4665 4662
4666 4663
4667 4664
4668 4666
4669 4669
4670 4668
4671 4667
4672 4665
4673 4670
4674 4672
4675 4673
4676 4671
4677 4674
4678 4675
4679 4676
4680 4678
4681 4679
4682 4677
4683 4680
4684 4681
4685 4682
4686 4683
4687 4684
4688 4685
4689 4686
4690 4687
4691 4688
4692 4689
4693 4690
4694 4691
4695 4692
4696 4693
4697 4695
4698 4694
4699 4696
4700 4697
4701 4698
4702 4699
4703 4700
4704 4701
4705 4702
4706 4703
4707 4704
4708 4705
4709 4706
4710 4707
4711 4709
4712 4708
4713 4710
4714 4711
4715 4712
4716 4713
4717 4714
4718 4715
4719 4716
4720 4717
4721 4718
4722 4719
4723 4720
4724 4721
4725 4722
4726 4723
4727 4724
4728 4725
4729 4726
4730 4727
4731 4728
4732 4729
4733 4730
4734 4731
4735 4732
4736 4733
4737 4734
4738 4735
4739 4736
4740 4737
4741 4738
4742 4740
4743 4739
4744 4741
4745 4742
4746 4743
4747 4744
4748 4745
4749 4746
4750 4747
4751 4748
4752 4749
4753 4751
4754 4752
4755 4750
4756 4753
4757 4754
4758 4755
4759 4756
4760 4757
4761 4758
4762 4759
4763 4760
4764 4761
4765 4762
4766 4763
4767 4764
4768 4765
4769 4766
4770 4767
4771 4768
4772 4769
4773 4770
4774 4771
4775 4772
4776 4773
4777 4774
4778 4775
4779 4776
4780 4777
4781 4778
4782 4779
4783 4781
4784 4780
4785 4782
4786 4783
4787 4784
4788 4785
4789 4786
4790 4787
4791 4788
4792 4789
4793 4790
4794 4791
4795 4792
4796 4793
4797 4794
4798 4795
4799 4796
4800 4797
4801 4798
4802 4799
4803 4800
4804 4801
4805 4802
4806 4803
4807 4804
4808 4805
4809 4806
4810 4807
4811 4808
4812 4809
4813 4810
4814 4811
4815 4812
4816 4813
4817 4814
4818 4815
4819 4816
4820 4817
4821 4818
4822 4819
4823 4820
4824 4821
4825 4822
4826 4823
4827 4824
4828 4825
4829 4826
4830 4827
4831 4828
4832 4829
4833 4830
4834 4831
4835 4832
4836 4833
4837 4834
4838 4835
4839 4836
4840 4837
4841 4838
4842 4839
4843 4840
4844 4841
4845 4842
4846 4843
4847 4844
4848 4845
4849 4846
4850 4847
4851 4848
4852 4849
4853 4850
4854 4851
4855 4852
4856 4853
4857 4854
4858 4855
4859 4856
4860 4857
4861 4858
4862 4859
4863 4860
4864 4861
4865 4862
4866 4863
4867 4864
4868 4865
4869 4866
4870 4867
4871 4868
4872 4869
4873 4870
4874 4871
4875 4872
4876 4873
4877 4874
4878 4875
4879 4876
4880 4877
4881 4878
4882 4879
4883 4880
4884 4881
4885 4882
4886 4883
4887 4884
4888 4885
4889 4886
4890 4888
4891 4890
4892 4889
4893 4887
4894 4891
4895 4892
4896 4893
4897 4894
4898 4895
4899 4896
4900 4897
4901 4898
4902 4899
4903 4900
4904 4901
4905 4902
4906 4903
4907 4904
4908 4905
4909 4906
4910 4907
4911 4908
4912 4909
4913 4910
4914 4911
4915 4912
4916 4913
4917 4914
4918 4915
4919 4916
4920 4917
4921 4918
4922 4919
4923 4921
4924 4924
4925 4923
4926 4922
4927 4920
4928 4925
4929 4926
4930 4927
4931 4928
4932 4929
4933 4930
4934 4931
4935 4932
4936 4933
4937 4934
4938 4936
4939 4935
4940 4937
4941 4938
4942 4939
4943 4940
4944 4941
4945 4942
4946 4943
4947 4944
4948 4945
4949 4946
4950 4947
4951 4948
4952 4949
4953 4950
4954 4951
4955 4952
4956 4953
4957 4955
4958 4954
4959 4956
4960 4957
4961 4958
4962 4959
4963 4960
4964 4961
4965 4962
4966 4963
4967 4964
4968 4965
4969 4966
4970 4967
4971 4968
4972 4969
4973 4970
4974 4971
4975 4972
4976 4973
4977 4974
4978 4975
4979 4976
4980 4978
4981 4977
4982 4979
4983 4980
4984 4981
4985 4982
4986 4983
4987 4984
4988 4985
4989 4986
4990 4987
4991 4988
4992 4989
4993 4990
4994 4991
4995 4992
4996 4993
4997 4994
4998 4995
4999 4996
5000 4998
5001 4997
5002 4999
5003 5000
5004 5001
5005 5002
5006 5003
5007 5004
5008 5005
5009 5006
5010 5007
5011 5008
5012 5009
5013 5010
5014 5011
5015 5012
5016 5013
5017 5014
5018 5015
5019 5016
5020 5017
5021 5018
5022 5019
5023 5020
5024 5021
5025 5022
5026 5023
5027 5024
5028 5025
5029 5026
5030 5027
5031 5028
5032 5029
5033 5030
5034 5031
5035 5032
5036 5033
5037 5034
5038 5035
5039 5036
5040 5037
5041 5038
5042 5039
5043 5040
5044 5041
5045 5042
5046 5043
5047 5044
5048 5045
5049 5046
5050 5047
5051 5048
5052 5050
5053 5049
5054 5051
5055 5052
5056 5053
5057 5055
5058 5054
5059 5056
5060 5057
5061 5058
5062 5059
5063 5060
5064 5061
5065 5062
5066 5063
5067 5064
5068 5065
5069 5066
5070 5067
5071 5068
5072 5069
5073 5070
5074 5071
5075 5072
5076 5073
5077 5074
5078 5075
5079 5076
5080 5077
5081 5078
5082 5079
5083 5080
5084 5081
5085 5082
5086 5083
5087 5084
5088 5085
5089 5086
5090 5087
5091 5088
5092 5089
5093 5090
5094 5091
5095 5092
5096 5093
5097 5094
5098 5095
5099 5096
5100 5097
5101 5098
5102 5099
5103 5100
5104 5101
5105 5103
5106 5102
5107 5104
5108 5105
5109 5106
5110 5107
5111 5108
5112 5109
5113 5110
5114 5111
5115 5112
5116 5113
5117 5114
5118 5115
5119 5116
5120 5117
5121 5118
5122 5119
5123 5121
5124 5120
5125 5122
5126 5124
5127 5123
5128 5125
5129 5126
5130 5127
5131 5128
5132 5129
5133 5130
5134 5131
5135 5132
5136 5133
5137 5134
5138 5135
5139 5146
5140 5145
5141 5144
5142 5143
5143 5142
5144 5141
5145 5140
5146 5139
5147 5138
5148 5137
5149 5136
5150 5147
5151 5148
5152 5149
5153 5150
5154 5151
5155 5152
5156 5153
5157 5154
5158 5155
5159 5156
5160 5157
5161 5158
5162 5159
5163 5160
5164 5161
5165 5162
5166 5163
5167 5164
5168 5165
5169 5166
5170 5167
5171 5168
5172 5169
5173 5170
5174 5171
5175 5172
5176 5173
5177 5174
5178 5175
5179 5176
5180 5178
5181 5177
5182 5179
5183 5180
5184 5181
5185 5182
5186 5183
5187 5185
5188 5184
5189 5186
5190 5187
5191 5188
5192 5189
5193 5190
5194 5191
5195 5192
5196 5193
5197 5194
5198 5195
5199 5196
5200 5197
5201 5198
5202 5199
5203 5200
5204 5201
5205 5202
5206 5203
5207 5204
5208 5205
5209 5206
5210 5207
5211 5209
5212 5218
5213 5217
5214 5216
5215 5215
5216 5214
5217 5213
5218 5212
5219 5211
5220 5210
5221 5208
5222 5219
5223 5220
5224 5221
5225 5222
5226 5223
5227 5224
5228 5225
5229 5226
5230 5227
5231 5228
5232 5229
5233 5230
5234 5231
5235 5232
5236 5233
5237 5234
5238 5235
5239 5236
5240 5237
5241 5238
5242 5239
5243 5240
5244 5241
5245 5242
5246 5243
5247 5244
5248 5245
5249 5246
5250 5247
5251 5249
5252 5270
5253 5269
5254 5268
5255 5267
5256 5266
5257 5265
5258 5264
5259 5263
5260 5262
5261 5261
5262 5260
5263 5259
5264 5258
5265 5257
5266 5256
5267 5255
5268 5254
5269 5253
5270 5252
5271 5251
5272 5250
5273 5248
5274 5271
5275 5272
5276 5273
5277 5274
5278 5275
5279 5276
5280 5277
5281 5278
5282 5279
5283 5280
5284 5281
5285 5282
5286 5283
5287 5284
5288 5286
5289 5285
5290 5287
5291 5288
5292 5289
5293 5290
5294 5291
5295 5292
5296 5293
5297 5294
5298 5295
5299 5296
5300 5297
5301 5298
5302 5299
5303 5300
5304 5301
5305 5302
5306 5303
5307 5304
5308 5305
5309 5306
5310 5307
5311 5308
5312 5309
5313 5310
5314 5311
5315 5312
5316 5313
5317 5314
5318 5315
5319 5316
5320 5317
5321 5318
5322 5319
5323 5320
5324 5321
5325 5322
5326 5323
5327 5324
5328 5325
5329 5326
5330 5327
5331 5328
5332 5329
5333 5330
5334 5331
5335 5332
5336 5333
5337 5334
5338 5335
5339 5336
5340 5337
5341 5338
5342 5339
5343 5340
5344 5341
5345 5342
5346 5343
5347 5344
5348 5345
5349 5346
5350 5347
5351 5348
5352 5349
5353 5350
5354 5351
5355 5352
5356 5353
5357 5354
5358 5355
5359 5356
5360 5357
5361 5358
5362 5359
5363 5360
5364 5362
5365 5361
5366 5363
5367 5364
5368 5365
5369 5366
5370 5367
5371 5368
5372 5369
5373 5370
5374 5371
5375 5372
5376 5373
5377 5374
5378 5375
5379 5376
5380 5377
5381 5378
5382 5379
5383 5380
5384 5381
5385 5382
5386 5383
5387 5384
5388 5385
5389 5386
5390 5387
5391 5388
5392 5389
5393 5390
5394 5391
5395 5392
5396 5393
5397 5394
5398 5395
5399 5396
5400 5397
5401 5398
5402 5399
5403 5400
5404 5401
5405 5402
5406 5403
5407 5404
5408 5405
5409 5407
5410 5406
5411 5408
5412 5409
5413 5410
5414 5411
5415 5412
5416 5413
5417 5414
5418 5415
5419 5416
5420 5417
5421 5418
5422 5419
5423 5420
5424 5421
5425 5422
5426 5424
5427 5425
5428 5423
5429 5426
5430 5427
5431 5428
5432 5429
5433 5430
5434 5431
5435 5432
5436 5433
5437 5434
5438 5435
5439 5436
5440 5437
5441 5438
5442 5439
5443 5440
5444 5441
5445 5442
5446 5443
5447 5444
5448 5445
5449 5446
5450 5447
5451 5448
5452 5449
5453 5450
5454 5451
5455 5452
5456 5453
5457 5454
5458 5455
5459 5456
5460 5457
5461 5458
5462 5459
5463 5460
5464 5461
5465 5462
5466 5463
5467 5464
5468 5465
5469 5466
5470 5467
5471 5468
5472 5469
5473 5470
5474 5471
5475 5472
5476 5473
5477 5474
5478 5475
5479 5476
5480 5477
5481 5478
5482 5479
5483 5480
5484 5481
5485 5482
5486 5483
5487 5484
5488 5485
5489 5486
5490 5487
5491 5488
5492 5489
5493 5490
5494 5491
5495 5492
5496 5493
5497 5494
5498 5495
5499 5496
5500 5497
5501 5498
5502 5499
5503 5500
5504 5501
5505 5502
5506 5503
5507 5504
5508 5505
5509 5506
5510 5507
5511 5508
5512 5509
5513 5510
5514 5511
5515 5512
5516 5513
5517 5514
5518 5515
5519 5516
5520 5517
5521 5518
5522 5519
5523 5520
5524 5522
5525 5523
5526 5521
5527 5524
5528 5525
5529 5526
5530 5527
5531 5528
5532 5529
5533 5530
5534 5531
5535 5533
5536 5532
5537 5534
5538 5535
5539 5536
5540 5537
5541 5538
5542 5539
5543 5540
5544 5541
5545 5542
5546 5544
5547 5543
5548 5545
5549 5546
5550 5547
5551 5548
5552 5549
5553 5550
5554 5551
5555 5552
5556 5553
5557 5554
5558 5555
5559 5556
5560 5557
5561 5558
5562 5559
5563 5560
5564 5561
5565 5562
5566 5563
5567 5565
5568 5566
5569 5564
5570 5567
5571 5568
5572 5569
5573 5570
5574 5571
5575 5572
5576 5573
5577 5585
5578 5584
5579 5583
5580 5582
5581 5581
5582 5580
5583 5579
5584 5578
5585 5577
5586 5576
5587 5575
5588 5574
5589 5586
5590 5587
5591 5588
5592 5589
5593 5590
5594 5591
5595 5595
5596 5596
5597 5597
5598 5598
5599 5599
5600 5600
5601 5601
5602 5603
5603 5604
5604 5602
5605 5605
5606 5606
5607 5607
5608 5608
5609 5609
5610 5610
5611 5611
5612 5612
5613 5613
5614 5614
5615 5615
5616 5616
5617 5617
5618 5618
5619 5619
5620 5620
5621 5621
5622 5622
5623 5623
5624 5624
5625 5625
5626 5626
5627 5627
5628 5628
5629 5629
5630 5630
5631 5631
5632 5632
5633 5633
5634 5634
5635 5635
5636 5636
5637 5637
5638 5638
5639 5639
5640 5640
5641 5641
5642 5642
5643 5643
5644 5644
5645 5645
5646 5646
5647 5648
5648 5653
5649 5652
5650 5651
5651 5650
5652 5649
5653 5647
5654 5654
5655 5655
5656 5656
5657 5657
5658 5658
5659 5659
5660 5660
5661 5661
5662 5662
5663 5663
5664 5664
5665 5665
5666 5666
5667 5667
5668 5668
5669 5669
5670 5670
5671 5671
5672 5672
5673 5673
5674 5674
5675 5675
5676 5676
5677 5677
5678 5678
5679 5679
5680 5680
5681 5681
5682 5682
5683 5683
5684 5684
5685 5685
5686 5686
5687 5687
5688 5689
5689 5692
5690 5691
5691 5690
5692 5688
