0 0
1 2
2 1
3 1207
4 3
5 4
6 5
7 6
8 7
9 8
10 9
11 10
12 11
13 12
14 13
15 14
16 15
17 16
18 17
19 18
20 19
21 20
22 21
23 22
24 23
25 24
26 25
27 26
28 27
29 30
30 29
31 28
32 515
33 31
34 32
35 33
36 34
37 35
38 36
39 37
40 38
41 39
42 40
43 41
44 42
45 44
46 43
47 45
48 46
49 47
50 48
51 49
52 50
53 51
54 52
55 53
56 54
57 55
58 57
59 56
60 58
61 59
62 60
63 61
64 62
65 63
66 64
67 67
68 66
69 65
70 68
71 69
72 70
73 563
74 399
75 71
76 72
77 74
78 73
79 4296
80 4295
81 75
82 76
83 77
84 78
85 79
86 80
87 81
88 82
89 83
90 84
91 85
92 86
93 87
94 88
95 89
96 90
97 91
98 92
99 93
100 94
101 95
102 96
103 97
104 98
105 99
106 100
107 101
108 103
109 102
110 104
111 105
112 106
113 107
114 108
115 109
116 111
117 110
118 112
119 113
120 114
121 115
122 116
123 117
124 118
125 119
126 120
127 121
128 122
129 123
130 125
131 124
132 126
133 127
134 128
135 129
136 130
137 131
138 8155
139 7206
140 132
141 133
142 134
143 135
144 136
145 137
146 138
147 139
148 140
149 141
150 142
151 143
152 144
153 145
154 146
155 147
156 148
157 149
158 150
159 151
160 152
161 153
162 154
163 155
164 156
165 157
166 158
167 159
168 160
169 161
170 162
171 163
172 164
173 165
174 166
175 167
176 168
177 169
178 170
179 171
180 172
181 173
182 174
183 175
184 176
185 177
186 178
187 179
188 180
189 181
190 182
191 183
192 184
193 185
194 186
195 187
196 188
197 189
198 190
199 191
200 192
201 193
202 194
203 195
204 196
205 197
206 198
207 199
208 200
209 201
210 202
211 203
212 204
213 205
214 206
215 207
216 208
217 209
218 210
219 211
220 212
221 213
222 214
223 215
224 216
225 217
226 218
227 219
228 220
229 221
230 222
231 223
232 224
233 225
234 226
235 227
236 228
237 229
238 230
239 231
240 232
241 233
242 234
243 235
244 236
245 237
246 238
247 239
248 240
249 241
250 242
251 243
252 244
253 245
254 247
255 246
256 248
257 249
258 250
259 251
260 252
261 253
262 254
263 255
264 256
265 257
266 258
267 259
268 260
269 261
270 262
271 263
272 264
273 265
274 266
275 267
276 268
277 269
278 270
279 271
280 272
281 273
282 274
283 275
284 276
285 277
286 278
287 279
288 280
289 281
290 282
291 283
292 284
293 285
294 286
295 287
296 288
297 289
298 290
299 291
300 292
301 293
302 294
303 295
304 296
305 297
306 298
307 299
308 300
309 301
310 302
311 1699
312 1698
313 303
314 304
315 305
316 306
317 307
318 308
319 309
320 310
321 311
322 312
323 313
324 314
325 315
326 316
327 317
328 318
329 319
330 320
331 321
332 322
333 323
334 324
335 325
336 326
337 327
338 328
339 329
340 330
341 331
342 333
343 332
344 334
345 335
346 336
347 338
348 337
349 339
350 340
351 341
352 342
353 343
354 344
355 345
356 346
357 347
358 348
359 349
360 350
361 351
362 352
363 353
364 354
365 356
366 355
367 357
368 359
369 358
370 360
371 361
372 362
373 363
374 365
375 364
376 366
377 367
378 368
379 369
380 370
381 371
382 372
383 373
384 375
385 374
386 376
387 377
388 378
389 380
390 379
391 381
392 382
393 383
394 384
395 385
396 386
397 387
398 388
399 389
400 390
401 391
402 392
403 393
404 394
405 395
406 396
407 397
408 398
409 400
410 401
411 402
412 403
413 404
414 405
415 406
416 407
417 408
418 409
419 410
420 411
421 412
422 413
423 414
424 415
425 416
426 417
427 418
428 419
429 420
430 421
431 422
432 2558
433 423
434 424
435 425
436 426
437 427
438 428
439 429
440 430
441 431
442 432
443 433
444 434
445 435
446 436
447 437
448 438
449 440
450 439
451 441
452 442
453 443
454 444
455 445
456 446
457 447
458 448
459 449
460 450
461 451
462 452
463 453
464 454
465 455
466 456
467 457
468 458
469 459
470 460
471 461
472 462
473 463
474 464
475 465
476 466
477 467
478 468
479 469
480 470
481 471
482 472
483 473
484 474
485 475
486 476
487 477
488 478
489 479
490 480
491 481
492 482
493 483
494 485
495 484
496 486
497 487
498 488
499 489
500 490
501 491
502 492
503 493
504 494
505 495
506 496
507 497
508 498
509 499
510 500
511 501
512 502
513 504
514 503
515 505
516 506
517 507
518 508
519 509
520 510
521 511
522 512
523 513
524 514
525 516
526 517
527 518
528 519
529 520
530 521
531 522
532 523
533 525
534 524
535 526
536 527
537 528
538 529
539 530
540 531
541 532
542 533
543 534
544 535
545 536
546 537
547 538
548 539
549 540
550 541
551 542
552 543
553 544
554 545
555 546
556 547
557 548
558 549
559 551
560 550
561 552
562 553
563 554
564 555
565 556
566 557
567 559
568 558
569 560
570 567
571 566
572 565
573 564
574 562
575 561
576 568
577 569
578 570
579 571
580 572
581 574
582 573
583 575
584 576
585 577
586 578
587 579
588 580
589 581
590 582
591 583
592 584
593 585
594 587
595 586
596 588
597 589
598 590
599 591
600 592
601 593
602 594
603 595
604 596
605 597
606 598
607 599
608 600
609 601
610 602
611 604
612 603
613 605
614 606
615 607
616 608
617 609
618 610
619 611
620 612
621 613
622 614
623 615
624 616
625 617
626 618
627 619
628 620
629 621
630 622
631 623
632 624
633 625
634 626
635 627
636 628
637 629
638 630
639 631
640 632
641 633
642 634
643 636
644 635
645 637
646 638
647 639
648 640
649 641
650 642
651 643
652 644
653 645
654 646
655 647
656 648
657 650
658 649
659 651
660 652
661 653
662 654
663 655
664 656
665 657
666 658
667 659
668 660
669 661
670 662
671 663
672 664
673 665
674 666
675 667
676 668
677 669
678 670
679 671
680 672
681 673
682 674
683 675
684 676
685 677
686 678
687 679
688 680
689 681
690 682
691 683
692 684
693 685
694 686
695 687
696 688
697 689
698 690
699 692
700 691
701 693
702 694
703 695
704 696
705 697
706 698
707 699
708 700
709 701
710 702
711 703
712 704
713 705
714 706
715 707
716 708
717 709
718 710
719 711
720 712
721 713
722 714
723 715
724 716
725 717
726 718
727 719
728 720
729 721
730 722
731 723
732 724
733 3960
734 2233
735 725
736 726
737 727
738 728
739 729
740 730
741 731
742 732
743 733
744 734
745 735
746 736
747 737
748 738
749 739
750 740
751 741
752 742
753 743
754 744
755 745
756 746
757 747
758 748
759 749
760 750
761 751
762 753
763 752
764 754
765 755
766 756
767 757
768 758
769 759
770 760
771 761
772 762
773 763
774 764
775 766
776 765
777 767
778 768
779 769
780 770
781 772
782 771
783 773
784 775
785 774
786 776
787 777
788 778
789 831
790 830
791 779
792 780
793 781
794 782
795 783
796 784
797 785
798 786
799 787
800 788
801 789
802 790
803 791
804 792
805 793
806 794
807 795
808 796
809 797
810 798
811 799
812 800
813 801
814 802
815 803
816 804
817 805
818 806
819 807
820 808
821 809
822 810
823 811
824 812
825 813
826 814
827 815
828 816
829 817
830 818
831 819
832 820
833 821
834 822
835 823
836 824
837 825
838 827
839 826
840 828
841 829
842 832
843 833
844 834
845 835
846 836
847 837
848 838
849 839
850 840
851 841
852 842
853 843
854 844
855 845
856 846
857 848
858 847
859 849
860 850
861 851
862 852
863 853
864 854
865 855
866 856
867 857
868 858
869 859
870 860
871 861
872 862
873 863
874 864
875 865
876 866
877 867
878 868
879 869
880 870
881 871
882 873
883 872
884 874
885 875
886 876
887 877
888 878
889 879
890 880
891 881
892 882
893 883
894 884
895 885
896 886
897 887
898 888
899 889
900 890
901 891
902 892
903 893
904 894
905 895
906 896
907 897
908 898
909 899
910 900
911 901
912 902
913 903
914 904
915 905
916 906
917 907
918 908
919 909
920 910
921 911
922 912
923 914
924 913
925 915
926 916
927 917
928 918
929 919
930 920
931 921
932 922
933 923
934 924
935 925
936 926
937 927
938 928
939 929
940 930
941 931
942 932
943 933
944 934
945 935
946 936
947 937
948 938
949 939
950 940
951 941
952 942
953 943
954 945
955 944
956 946
957 947
958 948
959 949
960 952
961 950
962 951
963 953
964 954
965 955
966 956
967 957
968 958
969 959
970 960
971 962
972 961
973 963
974 964
975 7904
976 965
977 966
978 967
979 968
980 969
981 970
982 971
983 972
984 973
985 974
986 975
987 977
988 978
989 976
990 979
991 980
992 982
993 981
994 983
995 984
996 985
997 986
998 987
999 988
1000 989
1001 990
1002 991
1003 992
1004 993
1005 994
1006 995
1007 996
1008 997
1009 998
1010 999
1011 1001
1012 1002
1013 1000
1014 1003
1015 1004
1016 1005
1017 1006
1018 1007
1019 1008
1020 1009
1021 1010
1022 1011
1023 1012
1024 1013
1025 1014
1026 1015
1027 1016
1028 1017
1029 1018
1030 1019
1031 1020
1032 1021
1033 1022
1034 1023
1035 1024
1036 1026
1037 1025
1038 1027
1039 1028
1040 1029
1041 1030
1042 1031
1043 1032
1044 1034
1045 1033
1046 1035
1047 1036
1048 1037
1049 1038
1050 1039
1051 1040
1052 1041
1053 1042
1054 1043
1055 1044
1056 1045
1057 1046
1058 1047
1059 1048
1060 1049
1061 1050
1062 1051
1063 1052
1064 1053
1065 1054
1066 1055
1067 1056
1068 1057
1069 1058
1070 1059
1071 1060
1072 1061
1073 1062
1074 1063
1075 1064
1076 1065
1077 1066
1078 1067
1079 1068
1080 1069
1081 1070
1082 1071
1083 1072
1084 1073
1085 1074
1086 1077
1087 1076
1088 1075
1089 1078
1090 1079
1091 1080
1092 1081
1093 1082
1094 1083
1095 1084
1096 1085
1097 1086
1098 1087
1099 1088
1100 1089
1101 1090
1102 1091
1103 1092
1104 1093
1105 1094
1106 1095
1107 1096
1108 1097
1109 1098
1110 1099
1111 1100
1112 1101
1113 1102
1114 1103
1115 1104
1116 1105
1117 1106
1118 1107
1119 1108
1120 1109
1121 1110
1122 1111
1123 1112
1124 1113
1125 6019
1126 1114
1127 1115
1128 1116
1129 1117
1130 1118
1131 1119
1132 1120
1133 1121
1134 1122
1135 1124
1136 1123
1137 1125
1138 1126
1139 1127
1140 1128
1141 1129
1142 1130
1143 1131
1144 1132
1145 1133
1146 1134
1147 1135
1148 1136
1149 1137
1150 1138
1151 1139
1152 1140
1153 1141
1154 1142
1155 1143
1156 1144
1157 1145
1158 1146
1159 1147
1160 1148
1161 1149
1162 1150
1163 1151
1164 1152
1165 1153
1166 1157
1167 1156
1168 1155
1169 1154
1170 1158
1171 1159
1172 1160
1173 1163
1174 1161
1175 1162
1176 1164
1177 1165
1178 1166
1179 1167
1180 1168
1181 1169
1182 1170
1183 1171
1184 1172
1185 1173
1186 1174
1187 1175
1188 1177
1189 1176
1190 1178
1191 1179
1192 1180
1193 1181
1194 1182
1195 1183
1196 1184
1197 1185
1198 1186
1199 1187
1200 1188
1201 1189
1202 1190
1203 1191
1204 1192
1205 1193
1206 1194
1207 1195
1208 1196
1209 1197
1210 1198
1211 1199
1212 1200
1213 1201
1214 1202
1215 1203
1216 1204
1217 1205
1218 1206
1219 1208
1220 1209
1221 1210
1222 1211
1223 1212
1224 1213
1225 1214
1226 1215
1227 1216
1228 1217
1229 1218
1230 1219
1231 1220
1232 1221
1233 1222
1234 1223
1235 1224
1236 1225
1237 1226
1238 1227
1239 1228
1240 1229
1241 1230
1242 1231
1243 1232
1244 1233
1245 1234
1246 1235
1247 1236
1248 1237
1249 1238
1250 1239
1251 1240
1252 1241
1253 1242
1254 1243
1255 1245
1256 1244
1257 1246
1258 1247
1259 1248
1260 1249
1261 1250
1262 1251
1263 1252
1264 1253
1265 1254
1266 1255
1267 1256
1268 1257
1269 1258
1270 1259
1271 1260
1272 1261
1273 1262
1274 1263
1275 1264
1276 1265
1277 1266
1278 1267
1279 1268
1280 1269
1281 1270
1282 1271
1283 1272
1284 1275
1285 1274
1286 1273
1287 1589
1288 1588
1289 1587
1290 1586
1291 1585
1292 1276
1293 1277
1294 1278
1295 1279
1296 1280
1297 1281
1298 1282
1299 1283
1300 1284
1301 1285
1302 1286
1303 1287
1304 1288
1305 1289
1306 1290
1307 1291
1308 1292
1309 1293
1310 1294
1311 1296
1312 1295
1313 1297
1314 1298
1315 1299
1316 1300
1317 1301
1318 1302
1319 1303
1320 1304
1321 1305
1322 1306
1323 1307
1324 1308
1325 1309
1326 1310
1327 1311
1328 1312
1329 1313
1330 1314
1331 1315
1332 1316
1333 1317
1334 1318
1335 1319
1336 1320
1337 1321
1338 1322
1339 1323
1340 1324
1341 1325
1342 1326
1343 1327
1344 1329
1345 1328
1346 1330
1347 1331
1348 1332
1349 1333
1350 1334
1351 1335
1352 1336
1353 1337
1354 1338
1355 1339
1356 1340
1357 1341
1358 1342
1359 1343
1360 1344
1361 1345
1362 1346
1363 1347
1364 1348
1365 1349
1366 1350
1367 1351
1368 1352
1369 1353
1370 1354
1371 1355
1372 1356
1373 1357
1374 1358
1375 1359
1376 1360
1377 1361
1378 1362
1379 1363
1380 1364
1381 1365
1382 1366
1383 1367
1384 1369
1385 1368
1386 1370
1387 1371
1388 1372
1389 1373
1390 1374
1391 1375
1392 1376
1393 1377
1394 1378
1395 1379
1396 1380
1397 1381
1398 1382
1399 1383
1400 1384
1401 1385
1402 1386
1403 1387
1404 1388
1405 1389
1406 1390
1407 1391
1408 1392
1409 1393
1410 1394
1411 1395
1412 1396
1413 1397
1414 1398
1415 1399
1416 1400
1417 1401
1418 1402
1419 1403
1420 1404
1421 1405
1422 1406
1423 1407
1424 1408
1425 1409
1426 1410
1427 1411
1428 1412
1429 1413
1430 1414
1431 1415
1432 1416
1433 1417
1434 1418
1435 1419
1436 1420
1437 1421
1438 1422
1439 1423
1440 1424
1441 1425
1442 1426
1443 1427
1444 1428
1445 1429
1446 1431
1447 1430
1448 1433
1449 1432
1450 1434
1451 1435
1452 1436
1453 1437
1454 1438
1455 1439
1456 1440
1457 1441
1458 1442
1459 1443
1460 1444
1461 1445
1462 1446
1463 1447
1464 1448
1465 1450
1466 1449
1467 1451
1468 1452
1469 1453
1470 1454
1471 1456
1472 1455
1473 1457
1474 1458
1475 1459
1476 1460
1477 1461
1478 1462
1479 1463
1480 1464
1481 1465
1482 1466
1483 1467
1484 1468
1485 1469
1486 1470
1487 1471
1488 1472
1489 1473
1490 1474
1491 1475
1492 1476
1493 1477
1494 1478
1495 1479
1496 1480
1497 1481
1498 1482
1499 1483
1500 1484
1501 1485
1502 1486
1503 1487
1504 1488
1505 1489
1506 1490
1507 1491
1508 1492
1509 1493
1510 1494
1511 1495
1512 1496
1513 1497
1514 1498
1515 1499
1516 1500
1517 1501
1518 1502
1519 1503
1520 1504
1521 1505
1522 1506
1523 1507
1524 1508
1525 1509
1526 1510
1527 1511
1528 1513
1529 1512
1530 1514
1531 1515
1532 1516
1533 1517
1534 1518
1535 1519
1536 1520
1537 1521
1538 1522
1539 1523
1540 1524
1541 1525
1542 1526
1543 1527
1544 1528
1545 1529
1546 1530
1547 1531
1548 1533
1549 1532
1550 1534
1551 1535
1552 1536
1553 1537
1554 1538
1555 1539
1556 1540
1557 1541
1558 1542
1559 1543
1560 1544
1561 1545
1562 1546
1563 1547
1564 1548
1565 1549
1566 1550
1567 1551
1568 1552
1569 1553
1570 1554
1571 1555
1572 1556
1573 1557
1574 1558
1575 1559
1576 1560
1577 1561
1578 1562
1579 1563
1580 1564
1581 1565
1582 1566
1583 1567
1584 1568
1585 1569
1586 1570
1587 1571
1588 1572
1589 1574
1590 1573
1591 1575
1592 1576
1593 1577
1594 1578
1595 1579
1596 1580
1597 1581
1598 1582
1599 1583
1600 1584
1601 1590
1602 1591
1603 1593
1604 1592
1605 1594
1606 1595
1607 1596
1608 1597
1609 1598
1610 1599
1611 1600
1612 1601
1613 1602
1614 1603
1615 1604
1616 1605
1617 1606
1618 1607
1619 1608
1620 1609
1621 1610
1622 1611
1623 1612
1624 1613
1625 1614
1626 1615
1627 1616
1628 1617
1629 1618
1630 1619
1631 1620
1632 1622
1633 1621
1634 1623
1635 1624
1636 1625
1637 1626
1638 1627
1639 1628
1640 1629
1641 1630
1642 1631
1643 1632
1644 1633
1645 1634
1646 1635
1647 1636
1648 1637
1649 1638
1650 1639
1651 1640
1652 1641
1653 1642
1654 1644
1655 1643
1656 1645
1657 1646
1658 1647
1659 1648
1660 1649
1661 1650
1662 1651
1663 1652
1664 1653
1665 1654
1666 1655
1667 1656
1668 1657
1669 1658
1670 1660
1671 1659
1672 1661
1673 1662
1674 1663
1675 1665
1676 1664
1677 1666
1678 1667
1679 1668
1680 1844
1681 1669
1682 1670
1683 1671
1684 1672
1685 1674
1686 1673
1687 1675
1688 1676
1689 1677
1690 1678
1691 1679
1692 1680
1693 1681
1694 1682
1695 1683
1696 1684
1697 1686
1698 1685
1699 1687
1700 1688
1701 1689
1702 1690
1703 1691
1704 1692
1705 1693
1706 1694
1707 1695
1708 1696
1709 1697
1710 1700
1711 1701
1712 1702
1713 1703
1714 1704
1715 1706
1716 1709
1717 1708
1718 1707
1719 1705
1720 1710
1721 1711
1722 1713
1723 1712
1724 1714
1725 1715
1726 1716
1727 1717
1728 1719
1729 1718
1730 1720
1731 1721
1732 1722
1733 1723
1734 1724
1735 1725
1736 1726
1737 1727
1738 1728
1739 1730
1740 1729
1741 1731
1742 1732
1743 1733
1744 1735
1745 1734
1746 1736
1747 1737
1748 1738
1749 1739
1750 1740
1751 1741
1752 1742
1753 1743
1754 1744
1755 1745
1756 1746
1757 1747
1758 1748
1759 1749
1760 1750
1761 1751
1762 1752
1763 1753
1764 1754
1765 1755
1766 1756
1767 1757
1768 1758
1769 1759
1770 1760
1771 1761
1772 1762
1773 1763
1774 1764
1775 1765
1776 1766
1777 1767
1778 1768
1779 1769
1780 1770
1781 1771
1782 1772
1783 1773
1784 1774
1785 1775
1786 1776
1787 1777
1788 1778
1789 1779
1790 1780
1791 1781
1792 1782
1793 1783
1794 1784
1795 1785
1796 1786
1797 1787
1798 1788
1799 1789
1800 1790
1801 1791
1802 1792
1803 1793
1804 1794
1805 1795
1806 1796
1807 1797
1808 1798
1809 1799
1810 1800
1811 1801
1812 1802
1813 1803
1814 1804
1815 1805
1816 1806
1817 1807
1818 1808
1819 1809
1820 1810
1821 1811
1822 1812
1823 1813
1824 1814
1825 1815
1826 1816
1827 1817
1828 1818
1829 1819
1830 1820
1831 1821
1832 1822
1833 1823
1834 1824
1835 1825
1836 1826
1837 1828
1838 1827
1839 1829
1840 1830
1841 1831
1842 1832
1843 1833
1844 1834
1845 1835
1846 1836
1847 1837
1848 1838
1849 1839
1850 1840
1851 1841
1852 1842
1853 1843
1854 1845
1855 1846
1856 1847
1857 1848
1858 1849
1859 1851
1860 1850
1861 1852
1862 1853
1863 1854
1864 1855
1865 1856
1866 1857
1867 1858
1868 1859
1869 1860
1870 1862
1871 1861
1872 1863
1873 1864
1874 1865
1875 1867
1876 1866
1877 1868
1878 1869
1879 1870
1880 1871
1881 1872
1882 1873
1883 1874
1884 1875
1885 1878
1886 1876
1887 1877
1888 1879
1889 1880
1890 1881
1891 1882
1892 1883
1893 1884
1894 1885
1895 1886
1896 1887
1897 1888
1898 1889
1899 1890
1900 1891
1901 1892
1902 1893
1903 1894
1904 1895
1905 1896
1906 1897
1907 1898
1908 1899
1909 1900
1910 1901
1911 1903
1912 1902
1913 1904
1914 1905
1915 1906
1916 1907
1917 1908
1918 1909
1919 1910
1920 1911
1921 1912
1922 1913
1923 1914
1924 1915
1925 1916
1926 1917
1927 1918
1928 1919
1929 1920
1930 1921
1931 1922
1932 1923
1933 1925
1934 1924
1935 1926
1936 1927
1937 1928
1938 1929
1939 1930
1940 1931
1941 1932
1942 1933
1943 1934
1944 1935
1945 1936
1946 1937
1947 1938
1948 1939
1949 1940
1950 1941
1951 1942
1952 1943
1953 1944
1954 1945
1955 1946
1956 1949
1957 1948
1958 1947
1959 1950
1960 1951
1961 1952
1962 1953
1963 1954
1964 1955
1965 1957
1966 1958
1967 1956
1968 1959
1969 1960
1970 1961
1971 1962
1972 1963
1973 1964
1974 1965
1975 1966
1976 1967
1977 1968
1978 1969
1979 1970
1980 1971
1981 1972
1982 1973
1983 1974
1984 1975
1985 1976
1986 1977
1987 1978
1988 1979
1989 1980
1990 1981
1991 1982
1992 1983
1993 1984
1994 1985
1995 1986
1996 1987
1997 1988
1998 1989
1999 1990
2000 1991
2001 1992
2002 1993
2003 1994
2004 1995
2005 1997
2006 1996
2007 1999
2008 1998
2009 2000
2010 2001
2011 2002
2012 2003
2013 2004
2014 2005
2015 2006
2016 2007
2017 2008
2018 2009
2019 2010
2020 2011
2021 2012
2022 2013
2023 2014
2024 2015
2025 2016
2026 2017
2027 2018
2028 2019
2029 2020
2030 2021
2031 2023
2032 2022
2033 2024
2034 2025
2035 2026
2036 2027
2037 2028
2038 2029
2039 2030
2040 2031
2041 2032
2042 2033
2043 2034
2044 2035
2045 2036
2046 2037
2047 2038
2048 2039
2049 2040
2050 2041
2051 3894
2052 2042
2053 2043
2054 2044
2055 2045
2056 2046
2057 2047
2058 2048
2059 2049
2060 2050
2061 2051
2062 2052
2063 2053
2064 2054
2065 2055
2066 2056
2067 2057
2068 2058
2069 2059
2070 2060
2071 2061
2072 2063
2073 2062
2074 2064
2075 2065
2076 2066
2077 2067
2078 2068
2079 2069
2080 2070
2081 2071
2082 2072
2083 2073
2084 2074
2085 2075
2086 2076
2087 2077
2088 2078
2089 2079
2090 2080
2091 2081
2092 2083
2093 2082
2094 2085
2095 2084
2096 2086
2097 2087
2098 2088
2099 2089
2100 2090
2101 2091
2102 2092
2103 2093
2104 2094
2105 2095
2106 2096
2107 2097
2108 2098
2109 2099
2110 2100
2111 2101
2112 2102
2113 2103
2114 2104
2115 2105
2116 2106
2117 2107
2118 2110
2119 2109
2120 2108
2121 2111
2122 2112
2123 2114
2124 2113
2125 2115
2126 2116
2127 2118
2128 2117
2129 2119
2130 2120
2131 2121
2132 2122
2133 2123
2134 2124
2135 2125
2136 2126
2137 2127
2138 2128
2139 2129
2140 2130
2141 2131
2142 2132
2143 2133
2144 2134
2145 2136
2146 2135
2147 8611
2148 2137
2149 2138
2150 2139
2151 2140
2152 2141
2153 2142
2154 2143
2155 2144
2156 2145
2157 2147
2158 2146
2159 2148
2160 2149
2161 2150
2162 2151
2163 2153
2164 2152
2165 2154
2166 2155
2167 2156
2168 2157
2169 2159
2170 2158
2171 2160
2172 2161
2173 2162
2174 2163
2175 2164
2176 2165
2177 2166
2178 2167
2179 2168
2180 2169
2181 2170
2182 2171
2183 2172
2184 2173
2185 2174
2186 2175
2187 2176
2188 2177
2189 2178
2190 2179
2191 2180
2192 2181
2193 2182
2194 2183
2195 2184
2196 2185
2197 2186
2198 2187
2199 2188
2200 2189
2201 2190
2202 2191
2203 2192
2204 2193
2205 2194
2206 2195
2207 2196
2208 2197
2209 2198
2210 2199
2211 2200
2212 2201
2213 2202
2214 2203
2215 2204
2216 2205
2217 2206
2218 2207
2219 2209
2220 2210
2221 2208
2222 2211
2223 2212
2224 2213
2225 2214
2226 2215
2227 2216
2228 2217
2229 2218
2230 2219
2231 2220
2232 2221
2233 2223
2234 2222
2235 2224
2236 2225
2237 2226
2238 2227
2239 2228
2240 2229
2241 2230
2242 2231
2243 2232
2244 2234
2245 2235
2246 2236
2247 2237
2248 2238
2249 2239
2250 2240
2251 2241
2252 2242
2253 2243
2254 2245
2255 2244
2256 2246
2257 2247
2258 2248
2259 2249
2260 2250
2261 2251
2262 2252
2263 2253
2264 2254
2265 2255
2266 2256
2267 2257
2268 2258
2269 2259
2270 2260
2271 2261
2272 2262
2273 2263
2274 2264
2275 2265
2276 2266
2277 2267
2278 2268
2279 2269
2280 2270
2281 2271
2282 2272
2283 2273
2284 2274
2285 2275
2286 2276
2287 2277
2288 2278
2289 2279
2290 2280
2291 2281
2292 2282
2293 2283
2294 2284
2295 2285
2296 2286
2297 2287
2298 2288
2299 2289
2300 2290
2301 2291
2302 2293
2303 2292
2304 2294
2305 2295
2306 2296
2307 2297
2308 2298
2309 2300
2310 2299
2311 2301
2312 2302
2313 2304
2314 2303
2315 2305
2316 2306
2317 2307
2318 2308
2319 2309
2320 2310
2321 2311
2322 2312
2323 2313
2324 2315
2325 2314
2326 2316
2327 2317
2328 2319
2329 2318
2330 2320
2331 2322
2332 2321
2333 2323
2334 2324
2335 2325
2336 2326
2337 2327
2338 2328
2339 2329
2340 2330
2341 2331
2342 2332
2343 2333
2344 2334
2345 2336
2346 2335
2347 2337
2348 2338
2349 2339
2350 2340
2351 2341
2352 2343
2353 2342
2354 2344
2355 2345
2356 2346
2357 2347
2358 2348
2359 2349
2360 2351
2361 2350
2362 2352
2363 2353
2364 2354
2365 2355
2366 2356
2367 2357
2368 2358
2369 2359
2370 2360
2371 2361
2372 2362
2373 2363
2374 2364
2375 2365
2376 2366
2377 2367
2378 2368
2379 2369
2380 2370
2381 2371
2382 2372
2383 2373
2384 2374
2385 2375
2386 2376
2387 2377
2388 2378
2389 2379
2390 2380
2391 2381
2392 2382
2393 2383
2394 2384
2395 2385
2396 2386
2397 2387
2398 2388
2399 2389
2400 2390
2401 2391
2402 2392
2403 2393
2404 2394
2405 2395
2406 2396
2407 2398
2408 2397
2409 2399
2410 2400
2411 2401
2412 2402
2413 2403
2414 2404
2415 2405
2416 2406
2417 2407
2418 2408
2419 2409
2420 2410
2421 2411
2422 2412
2423 2413
2424 2414
2425 2415
2426 2417
2427 2416
2428 2418
2429 2419
2430 2420
2431 2421
2432 2422
2433 2423
2434 2424
2435 2425
2436 2426
2437 2427
2438 2428
2439 2429
2440 2430
2441 2431
2442 2436
2443 2435
2444 2434
2445 2433
2446 2432
2447 2437
2448 2438
2449 2439
2450 2440
2451 2441
2452 2442
2453 2443
2454 2444
2455 2445
2456 2446
2457 2447
2458 2449
2459 2448
2460 2450
2461 2451
2462 2452
2463 2453
2464 2454
2465 2455
2466 2456
2467 2457
2468 2458
2469 2459
2470 2460
2471 2461
2472 2462
2473 2463
2474 2464
2475 2465
2476 2466
2477 2467
2478 2468
2479 2470
2480 2469
2481 2471
2482 2472
2483 2473
2484 2474
2485 2475
2486 2476
2487 2477
2488 2478
2489 2479
2490 2480
2491 2481
2492 2482
2493 2483
2494 2484
2495 2485
2496 2486
2497 2487
2498 2488
2499 2489
2500 2490
2501 2491
2502 2492
2503 2493
2504 2494
2505 2495
2506 2496
2507 2497
2508 2498
2509 2499
2510 2500
2511 2501
2512 2502
2513 2503
2514 2504
2515 2505
2516 2506
2517 2507
2518 2508
2519 2509
2520 2510
2521 2511
2522 2512
2523 2513
2524 2514
2525 2515
2526 2516
2527 2518
2528 2517
2529 2519
2530 2520
2531 2521
2532 2522
2533 2523
2534 2524
2535 2525
2536 2526
2537 2527
2538 2528
2539 2529
2540 2530
2541 2531
2542 2532
2543 2533
2544 2534
2545 2535
2546 2536
2547 2537
2548 2539
2549 2538
2550 2540
2551 2541
2552 2542
2553 2543
2554 2544
2555 2545
2556 2547
2557 2546
2558 2548
2559 2549
2560 2550
2561 2551
2562 2552
2563 2553
2564 2554
2565 2555
2566 2556
2567 2557
2568 2559
2569 2560
2570 2561
2571 2562
2572 2563
2573 2564
2574 2565
2575 2566
2576 2567
2577 2568
2578 2569
2579 2570
2580 2571
2581 2572
2582 2574
2583 2573
2584 2576
2585 2575
2586 2577
2587 2578
2588 2579
2589 2580
2590 2581
2591 2582
2592 2583
2593 2584
2594 2585
2595 2587
2596 2586
2597 2588
2598 2589
2599 2590
2600 2591
2601 2592
2602 2593
2603 2595
2604 2594
2605 2596
2606 2597
2607 2598
2608 2599
2609 2600
2610 2602
2611 2601
2612 2603
2613 2604
2614 2605
2615 2606
2616 2607
2617 2608
2618 2609
2619 2610
2620 2611
2621 2612
2622 2613
2623 2614
2624 2615
2625 2617
2626 2616
2627 2618
2628 2619
2629 2620
2630 2621
2631 2622
2632 2623
2633 2624
2634 2625
2635 2626
2636 2627
2637 2628
2638 2629
2639 2630
2640 8824
2641 2631
2642 2632
2643 2633
2644 2634
2645 2635
2646 2636
2647 2637
2648 2638
2649 2639
2650 2640
2651 2641
2652 2642
2653 2643
2654 2644
2655 2645
2656 2646
2657 2647
2658 2648
2659 2649
2660 2650
2661 2651
2662 2652
2663 2653
2664 2654
2665 2655
2666 2656
2667 2657
2668 2658
2669 2660
2670 2659
2671 2661
2672 2662
2673 2663
2674 2664
2675 2665
2676 2666
2677 2667
2678 2668
2679 2669
2680 2670
2681 2671
2682 2672
2683 2673
2684 2674
2685 2675
2686 2676
2687 2678
2688 2677
2689 2679
2690 2680
2691 2681
2692 2682
2693 2683
2694 2684
2695 2685
2696 2686
2697 2687
2698 2688
2699 2689
2700 2690
2701 2691
2702 2692
2703 2693
2704 2694
2705 2695
2706 2696
2707 2697
2708 2699
2709 2698
2710 2700
2711 2701
2712 2702
2713 2703
2714 2704
2715 2705
2716 2706
2717 2707
2718 2708
2719 2709
2720 2710
2721 2711
2722 2712
2723 2713
2724 2714
2725 2715
2726 2716
2727 2717
2728 2719
2729 2718
2730 2720
2731 2721
2732 2722
2733 2724
2734 2723
2735 2725
2736 2726
2737 2727
2738 2728
2739 2729
2740 2730
2741 2731
2742 2732
2743 2974
2744 2973
2745 2733
2746 2734
2747 2735
2748 2736
2749 2737
2750 2738
2751 2739
2752 2740
2753 2741
2754 2742
2755 2743
2756 2744
2757 2746
2758 2745
2759 2747
2760 2749
2761 2748
2762 2750
2763 2751
2764 2752
2765 2753
2766 2754
2767 2755
2768 2756
2769 2757
2770 2758
2771 2759
2772 2760
2773 2761
2774 2762
2775 2763
2776 2764
2777 2765
2778 2766
2779 2767
2780 2768
2781 2770
2782 2769
2783 2772
2784 2771
2785 2773
2786 2774
2787 2775
2788 2776
2789 2777
2790 2778
2791 2779
2792 2780
2793 2781
2794 2782
2795 2783
2796 2784
2797 2785
2798 2786
2799 2788
2800 2787
2801 2789
2802 2790
2803 2791
2804 2792
2805 2793
2806 2794
2807 2795
2808 2797
2809 2796
2810 2798
2811 2799
2812 2800
2813 2801
2814 2802
2815 2803
2816 2804
2817 2805
2818 2806
2819 2807
2820 2808
2821 2809
2822 2810
2823 2811
2824 2812
2825 2813
2826 2814
2827 2815
2828 2816
2829 2817
2830 2818
2831 2819
2832 2820
2833 2822
2834 2821
2835 2823
2836 2824
2837 2825
2838 2826
2839 2827
2840 2828
2841 2829
2842 2830
2843 2831
2844 2833
2845 2832
2846 2834
2847 2835
2848 2836
2849 2837
2850 2838
2851 2839
2852 2840
2853 2841
2854 2842
2855 2843
2856 2844
2857 2845
2858 2846
2859 2847
2860 2848
2861 2849
2862 2850
2863 2851
2864 2852
2865 2853
2866 2854
2867 2856
2868 2855
2869 2857
2870 2858
2871 2859
2872 2860
2873 2861
2874 2862
2875 2863
2876 2864
2877 2866
2878 2865
2879 2867
2880 2868
2881 2869
2882 2870
2883 2871
2884 2872
2885 2873
2886 2874
2887 2875
2888 2876
2889 2877
2890 2878
2891 2879
2892 2880
2893 2881
2894 2884
2895 2883
2896 2882
2897 2885
2898 2886
2899 2887
2900 2888
2901 2889
2902 2890
2903 2891
2904 2892
2905 2893
2906 2894
2907 2895
2908 2896
2909 2897
2910 2898
2911 2899
2912 2900
2913 2904
2914 2901
2915 2902
2916 2903
2917 2905
2918 2906
2919 2907
2920 2908
2921 2909
2922 2910
2923 2911
2924 2912
2925 2913
2926 2914
2927 2915
2928 2917
2929 2916
2930 2918
2931 2919
2932 2920
2933 2921
2934 2922
2935 2923
2936 2924
2937 2925
2938 2926
2939 2928
2940 2927
2941 2930
2942 2929
2943 2931
2944 2932
2945 2933
2946 2934
2947 2935
2948 2937
2949 2938
2950 2936
2951 2939
2952 2940
2953 2942
2954 2941
2955 2943
2956 2944
2957 2945
2958 2946
2959 2947
2960 2948
2961 2949
2962 2951
2963 2950
2964 2952
2965 2953
2966 2954
2967 2955
2968 2956
2969 2957
2970 2958
2971 2959
2972 2960
2973 2961
2974 2962
2975 2963
2976 2964
2977 2965
2978 2966
2979 2967
2980 2968
2981 2969
2982 2971
2983 2970
2984 2972
2985 2975
2986 2976
2987 2977
2988 2978
2989 2979
2990 2980
2991 2981
2992 2982
2993 2983
2994 2984
2995 2985
2996 2986
2997 2987
2998 2988
2999 2989
3000 2990
3001 2991
3002 3040
3003 2992
3004 2993
3005 2994
3006 2995
3007 2996
3008 2997
3009 2998
3010 2999
3011 3000
3012 3001
3013 3002
3014 3003
3015 3004
3016 3005
3017 3006
3018 3007
3019 3008
3020 3009
3021 3010
3022 3011
3023 3012
3024 3013
3025 3014
3026 3015
3027 3016
3028 3017
3029 3018
3030 3019
3031 3020
3032 3021
3033 3022
3034 3023
3035 3024
3036 3025
3037 3026
3038 3027
3039 3028
3040 3029
3041 3030
3042 3031
3043 3032
3044 3034
3045 3033
3046 3035
3047 3036
3048 3037
3049 3038
3050 3039
3051 3041
3052 3042
3053 3043
3054 3044
3055 3045
3056 3046
3057 3047
3058 3048
3059 3049
3060 3050
3061 3051
3062 3052
3063 3053
3064 3054
3065 3055
3066 3056
3067 3057
3068 3059
3069 3058
3070 3060
3071 3061
3072 3062
3073 3063
3074 3064
3075 3065
3076 3066
3077 3067
3078 3068
3079 3069
3080 3070
3081 3071
3082 3072
3083 3073
3084 3074
3085 3075
3086 3076
3087 3077
3088 3078
3089 3079
3090 3080
3091 3082
3092 3081
3093 3083
3094 3084
3095 3085
3096 3086
3097 3087
3098 3088
3099 3089
3100 3090
3101 3091
3102 3092
3103 3093
3104 3094
3105 3095
3106 3096
3107 3097
3108 3098
3109 3099
3110 3101
3111 3100
3112 3102
3113 3103
3114 3104
3115 3105
3116 3106
3117 3107
3118 3108
3119 3109
3120 3110
3121 3111
3122 3112
3123 3113
3124 3114
3125 3115
3126 3116
3127 3117
3128 3118
3129 3119
3130 3120
3131 3121
3132 3122
3133 3123
3134 3124
3135 3125
3136 3126
3137 3127
3138 3128
3139 3129
3140 3130
3141 3131
3142 3132
3143 3133
3144 3134
3145 3135
3146 3136
3147 3137
3148 3138
3149 3139
3150 3140
3151 3141
3152 3142
3153 3144
3154 3143
3155 3145
3156 3146
3157 3147
3158 3148
3159 3149
3160 3150
3161 3151
3162 3152
3163 3153
3164 3154
3165 3155
3166 3156
3167 3157
3168 3158
3169 3159
3170 3160
3171 3161
3172 3162
3173 3163
3174 3164
3175 3166
3176 3167
3177 3165
3178 3168
3179 3169
3180 3170
3181 3171
3182 3172
3183 3173
3184 3174
3185 3175
3186 3176
3187 3177
3188 3178
3189 3179
3190 3180
3191 3181
3192 3182
3193 3183
3194 3184
3195 3185
3196 3186
3197 3187
3198 3188
3199 3189
3200 3190
3201 3191
3202 3192
3203 3193
3204 3194
3205 3195
3206 3196
3207 3197
3208 3198
3209 3199
3210 3200
3211 3201
3212 3202
3213 3203
3214 3204
3215 3205
3216 3206
3217 3207
3218 3208
3219 3209
3220 3210
3221 3211
3222 3212
3223 3213
3224 3214
3225 3216
3226 3215
3227 3217
3228 3218
3229 3219
3230 3220
3231 3221
3232 3222
3233 3223
3234 3224
3235 3225
3236 3226
3237 3227
3238 3228
3239 3230
3240 3229
3241 3231
3242 3232
3243 3233
3244 3234
3245 3235
3246 3236
3247 3237
3248 3238
3249 3239
3250 3240
3251 3241
3252 3242
3253 3243
3254 3244
3255 3245
3256 3246
3257 3247
3258 3248
3259 3249
3260 3250
3261 3251
3262 3252
3263 3253
3264 3254
3265 3255
3266 3256
3267 3257
3268 3258
3269 3259
3270 3260
3271 3261
3272 3262
3273 3263
3274 3264
3275 3265
3276 3266
3277 3267
3278 3268
3279 3269
3280 3270
3281 3271
3282 3272
3283 3273
3284 3274
3285 3275
3286 3276
3287 3277
3288 3278
3289 3279
3290 3280
3291 3282
3292 3281
3293 3283
3294 3285
3295 3284
3296 3286
3297 3287
3298 3288
3299 3289
3300 3290
3301 3291
3302 3293
3303 3292
3304 3294
3305 3296
3306 3295
3307 3297
3308 3298
3309 3299
3310 3300
3311 3301
3312 3302
3313 3303
3314 3304
3315 3305
3316 3306
3317 3307
3318 3308
3319 3309
3320 3310
3321 3311
3322 3312
3323 3313
3324 3314
3325 3315
3326 3316
3327 3317
3328 3318
3329 3319
3330 3320
3331 3321
3332 3322
3333 3323
3334 3324
3335 3325
3336 3326
3337 3327
3338 3328
3339 3329
3340 3330
3341 3332
3342 3331
3343 3333
3344 3334
3345 3336
3346 3335
3347 3337
3348 3338
3349 3339
3350 3340
3351 3341
3352 3342
3353 3343
3354 3344
3355 3345
3356 3346
3357 3347
3358 3348
3359 3349
3360 3350
3361 3351
3362 3352
3363 3353
3364 3354
3365 3355
3366 3356
3367 3357
3368 3358
3369 3359
3370 3360
3371 3362
3372 3361
3373 3363
3374 3364
3375 3365
3376 3366
3377 3368
3378 3367
3379 3369
3380 3370
3381 3371
3382 3372
3383 3373
3384 3375
3385 3374
3386 3376
3387 3377
3388 3378
3389 3380
3390 3379
3391 3381
3392 3382
3393 3383
3394 3384
3395 3385
3396 3386
3397 3387
3398 3388
3399 3389
3400 3390
3401 3391
3402 3392
3403 3393
3404 3394
3405 3395
3406 3396
3407 3397
3408 3398
3409 3399
3410 3400
3411 3401
3412 3402
3413 3403
3414 3404
3415 3405
3416 3406
3417 3407
3418 3408
3419 3409
3420 3411
3421 3410
3422 3412
3423 3413
3424 3414
3425 3415
3426 3416
3427 3418
3428 3417
3429 3419
3430 3420
3431 3421
3432 3422
3433 3423
3434 3424
3435 3425
3436 3426
3437 3427
3438 3428
3439 3429
3440 3430
3441 3431
3442 3432
3443 3433
3444 3434
3445 3435
3446 3436
3447 3437
3448 3438
3449 3439
3450 3440
3451 3441
3452 3442
3453 3443
3454 3444
3455 3445
3456 3446
3457 3448
3458 3447
3459 3449
3460 3450
3461 3451
3462 3452
3463 3453
3464 3454
3465 3455
3466 3456
3467 3457
3468 3458
3469 3459
3470 3460
3471 3461
3472 3462
3473 3463
3474 3464
3475 3465
3476 3466
3477 3468
3478 3467
3479 3469
3480 3470
3481 3471
3482 3472
3483 3473
3484 3474
3485 3475
3486 3476
3487 3477
3488 3478
3489 3479
3490 3482
3491 3481
3492 3480
3493 3483
3494 3484
3495 3485
3496 3486
3497 3487
3498 3488
3499 3489
3500 3490
3501 3491
3502 3492
3503 3493
3504 3494
3505 3495
3506 3496
3507 3497
3508 3498
3509 3499
3510 3500
3511 3501
3512 3502
3513 3503
3514 3504
3515 3505
3516 3506
3517 3507
3518 3508
3519 3509
3520 3510
3521 3511
3522 3512
3523 3514
3524 3513
3525 3515
3526 3516
3527 3517
3528 3518
3529 3520
3530 3519
3531 3521
3532 3522
3533 3523
3534 3524
3535 3525
3536 3526
3537 3527
3538 3528
3539 3529
3540 3530
3541 3531
3542 3532
3543 3533
3544 3534
3545 3535
3546 3536
3547 3537
3548 3538
3549 3540
3550 3539
3551 3541
3552 3542
3553 3543
3554 3544
3555 3546
3556 3545
3557 3547
3558 3548
3559 3549
3560 3550
3561 3551
3562 3552
3563 3553
3564 3554
3565 3555
3566 3556
3567 3557
3568 3558
3569 3559
3570 3560
3571 3561
3572 3562
3573 3563
3574 3564
3575 3565
3576 3566
3577 3567
3578 3568
3579 3569
3580 3570
3581 3571
3582 3572
3583 3573
3584 3574
3585 3575
3586 3576
3587 3577
3588 3578
3589 3579
3590 3580
3591 3581
3592 3582
3593 3583
3594 3585
3595 3584
3596 3586
3597 3587
3598 3588
3599 3589
3600 3590
3601 3591
3602 3592
3603 3594
3604 3593
3605 3595
3606 3596
3607 3597
3608 3598
3609 3599
3610 3600
3611 3601
3612 3602
3613 3604
3614 3603
3615 3605
3616 3606
3617 3607
3618 3608
3619 3610
3620 3609
3621 3611
3622 3612
3623 3613
3624 3615
3625 3614
3626 3616
3627 3617
3628 3618
3629 3619
3630 3620
3631 3621
3632 3622
3633 3623
3634 3624
3635 3625
3636 3627
3637 3626
3638 3628
3639 3629
3640 3630
3641 3631
3642 3632
3643 3633
3644 3634
3645 3635
3646 3636
3647 3637
3648 3638
3649 3639
3650 3640
3651 3641
3652 3642
3653 3643
3654 3644
3655 3645
3656 3646
3657 3647
3658 3648
3659 3649
3660 3650
3661 3651
3662 3652
3663 3653
3664 3654
3665 3655
3666 3656
3667 3657
3668 3659
3669 3658
3670 3660
3671 3661
3672 3662
3673 3663
3674 3664
3675 3665
3676 3666
3677 3667
3678 3668
3679 3669
3680 3670
3681 3671
3682 3672
3683 3673
3684 3674
3685 3675
3686 3676
3687 3677
3688 3678
3689 3679
3690 3680
3691 3681
3692 3682
3693 3683
3694 6706
3695 6705
3696 6704
3697 3684
3698 3686
3699 3685
3700 3687
3701 3688
3702 3689
3703 3690
3704 3691
3705 3692
3706 3693
3707 3694
3708 3695
3709 3696
3710 3697
3711 3698
3712 3699
3713 3700
3714 3701
3715 3702
3716 3703
3717 3704
3718 3705
3719 3706
3720 3707
3721 3708
3722 3709
3723 3710
3724 3711
3725 3712
3726 3713
3727 3714
3728 3715
3729 3716
3730 3717
3731 3718
3732 3719
3733 3720
3734 3721
3735 3722
3736 3723
3737 3724
3738 3725
3739 3726
3740 3727
3741 3728
3742 3729
3743 3730
3744 3731
3745 3732
3746 3733
3747 3734
3748 3735
3749 3736
3750 3737
3751 3738
3752 3739
3753 3740
3754 3741
3755 3742
3756 3743
3757 3744
3758 3745
3759 3746
3760 3747
3761 3748
3762 4571
3763 4570
3764 4569
3765 4568
3766 4567
3767 4565
3768 4159
3769 4156
3770 4155
3771 3758
3772 3757
3773 3756
3774 3755
3775 3754
3776 3753
3777 3752
3778 3751
3779 3750
3780 3749
3781 3759
3782 3760
3783 3761
3784 3762
3785 3763
3786 3764
3787 3765
3788 3766
3789 3767
3790 3769
3791 3768
3792 3770
3793 3771
3794 3772
3795 3773
3796 3774
3797 3775
3798 3776
3799 3777
3800 3778
3801 3779
3802 3780
3803 3781
3804 3783
3805 3782
3806 3784
3807 3785
3808 3786
3809 3787
3810 3788
3811 3789
3812 3790
3813 3791
3814 3792
3815 3793
3816 3794
3817 3795
3818 3796
3819 3797
3820 3798
3821 3799
3822 3800
3823 3801
3824 3802
3825 3803
3826 3804
3827 3805
3828 4196
3829 4195
3830 3806
3831 3807
3832 3808
3833 3809
3834 3810
3835 3811
3836 3812
3837 3813
3838 3814
3839 3815
3840 3816
3841 3817
3842 3818
3843 3819
3844 3820
3845 3821
3846 3822
3847 3823
3848 3824
3849 3825
3850 3826
3851 3827
3852 3828
3853 3829
3854 3830
3855 3831
3856 3832
3857 3833
3858 3834
3859 3835
3860 3836
3861 3837
3862 3838
3863 3839
3864 3840
3865 3841
3866 3842
3867 3843
3868 3844
3869 3845
3870 3846
3871 3847
3872 3848
3873 3849
3874 3850
3875 3851
3876 3852
3877 3853
3878 3854
3879 3855
3880 3856
3881 3857
3882 3858
3883 3859
3884 3860
3885 3861
3886 3863
3887 3862
3888 3864
3889 3865
3890 4003
3891 3866
3892 3867
3893 3868
3894 3869
3895 3870
3896 3871
3897 3872
3898 3873
3899 3874
3900 3876
3901 3875
3902 3877
3903 3878
3904 3880
3905 3879
3906 3881
3907 3882
3908 3883
3909 3884
3910 3885
3911 3886
3912 3887
3913 3888
3914 3889
3915 3890
3916 3891
3917 3892
3918 3893
3919 3895
3920 3896
3921 3897
3922 3898
3923 3899
3924 3900
3925 3901
3926 3903
3927 3902
3928 3904
3929 3905
3930 3906
3931 3907
3932 3908
3933 3909
3934 3910
3935 3911
3936 3912
3937 3913
3938 3914
3939 3915
3940 3917
3941 3916
3942 3918
3943 3919
3944 3920
3945 3921
3946 3922
3947 3924
3948 3923
3949 3925
3950 3926
3951 3927
3952 3928
3953 3929
3954 3930
3955 3932
3956 3931
3957 3933
3958 3935
3959 3934
3960 3936
3961 3937
3962 3938
3963 3940
3964 3939
3965 3941
3966 3943
3967 3942
3968 3944
3969 3946
3970 3945
3971 3947
3972 3948
3973 3949
3974 3950
3975 3951
3976 3952
3977 3953
3978 3954
3979 3955
3980 3956
3981 3957
3982 3958
3983 3959
3984 3961
3985 3962
3986 3963
3987 3964
3988 3965
3989 3966
3990 3967
3991 3968
3992 3969
3993 3970
3994 3971
3995 3972
3996 3973
3997 3974
3998 3975
3999 3977
4000 3976
4001 3978
4002 3980
4003 3979
4004 3981
4005 3982
4006 3983
4007 3984
4008 3985
4009 3986
4010 3987
4011 3988
4012 3989
4013 3990
4014 3991
4015 3992
4016 3993
4017 3994
4018 3995
4019 3996
4020 3997
4021 3998
4022 3999
4023 4000
4024 4001
4025 4002
4026 9269
4027 7727
4028 4004
4029 4005
4030 4006
4031 4007
4032 4008
4033 4009
4034 4010
4035 4011
4036 4012
4037 4013
4038 4014
4039 4015
4040 4017
4041 4016
4042 4019
4043 4018
4044 4020
4045 4021
4046 4022
4047 4023
4048 4024
4049 4025
4050 4026
4051 4027
4052 4028
4053 4029
4054 4030
4055 4031
4056 4032
4057 4033
4058 4034
4059 4035
4060 4037
4061 4036
4062 4038
4063 4039
4064 4040
4065 4041
4066 4042
4067 4044
4068 4043
4069 4045
4070 4046
4071 4047
4072 4048
4073 4049
4074 4050
4075 4051
4076 4052
4077 4053
4078 4054
4079 4055
4080 4056
4081 4057
4082 4058
4083 4059
4084 4060
4085 4061
4086 4062
4087 4063
4088 4064
4089 4065
4090 4066
4091 4067
4092 4068
4093 4069
4094 4070
4095 4071
4096 4072
4097 4073
4098 4074
4099 4075
4100 4076
4101 4077
4102 4078
4103 4079
4104 4080
4105 4081
4106 4082
4107 4083
4108 4084
4109 4085
4110 4086
4111 4088
4112 4087
4113 4089
4114 4090
4115 4092
4116 4091
4117 4093
4118 4094
4119 4095
4120 4096
4121 4097
4122 4098
4123 4099
4124 4100
4125 4101
4126 4102
4127 4103
4128 4104
4129 4105
4130 4106
4131 4107
4132 4108
4133 4109
4134 4110
4135 4111
4136 4112
4137 4113
4138 4114
4139 4115
4140 4116
4141 4117
4142 4118
4143 4119
4144 4120
4145 4121
4146 4122
4147 4123
4148 4124
4149 4125
4150 4126
4151 4127
4152 4129
4153 4128
4154 4130
4155 4131
4156 4132
4157 4133
4158 4134
4159 4135
4160 4136
4161 4137
4162 4138
4163 4140
4164 4139
4165 4141
4166 4142
4167 4143
4168 4144
4169 4145
4170 4146
4171 4147
4172 4148
4173 4149
4174 4150
4175 4151
4176 4152
4177 4153
4178 4158
4179 4157
4180 4154
4181 6921
4182 6920
4183 6150
4184 6149
4185 6925
4186 6924
4187 6923
4188 6922
4189 6414
4190 4160
4191 4161
4192 4163
4193 4162
4194 4164
4195 4165
4196 4166
4197 4167
4198 4168
4199 4169
4200 4170
4201 4171
4202 4172
4203 4173
4204 4174
4205 4175
4206 4176
4207 4177
4208 4178
4209 4179
4210 4180
4211 4181
4212 4182
4213 4183
4214 4184
4215 4185
4216 4186
4217 4187
4218 4188
4219 4189
4220 4190
4221 4191
4222 4193
4223 4192
4224 4194
4225 4197
4226 4198
4227 4199
4228 4200
4229 4201
4230 4202
4231 4203
4232 4204
4233 4205
4234 4206
4235 4207
4236 4208
4237 4209
4238 4210
4239 4211
4240 4212
4241 4213
4242 4214
4243 4215
4244 4216
4245 4217
4246 4218
4247 4219
4248 4220
4249 4221
4250 4222
4251 4223
4252 4224
4253 4225
4254 4226
4255 4227
4256 4228
4257 4229
4258 4230
4259 4231
4260 4232
4261 4233
4262 4234
4263 4236
4264 4235
4265 4237
4266 4238
4267 4239
4268 4240
4269 4241
4270 4242
4271 4243
4272 4244
4273 4245
4274 4247
4275 4246
4276 4248
4277 4249
4278 4250
4279 4254
4280 4253
4281 4252
4282 4251
4283 4255
4284 4256
4285 4257
4286 4258
4287 4259
4288 4260
4289 4261
4290 4262
4291 4263
4292 4264
4293 4265
4294 4266
4295 4267
4296 4268
4297 4269
4298 4270
4299 4271
4300 4272
4301 4273
4302 4274
4303 4275
4304 4276
4305 4277
4306 4278
4307 4279
4308 4280
4309 4281
4310 4282
4311 4283
4312 4284
4313 4285
4314 4286
4315 4287
4316 4288
4317 4289
4318 4291
4319 4290
4320 4292
4321 4293
4322 4294
4323 4297
4324 4298
4325 4299
4326 4300
4327 4301
4328 4302
4329 4303
4330 4304
4331 4305
4332 4306
4333 4307
4334 4308
4335 4310
4336 4309
4337 4311
4338 4312
4339 4313
4340 4314
4341 4315
4342 4316
4343 4317
4344 4318
4345 4319
4346 4320
4347 4321
4348 4323
4349 4322
4350 4324
4351 4325
4352 4326
4353 4327
4354 4328
4355 4329
4356 4330
4357 4331
4358 4332
4359 4333
4360 4334
4361 4335
4362 4336
4363 4337
4364 4338
4365 4339
4366 4340
4367 4341
4368 4342
4369 4343
4370 4344
4371 4345
4372 4347
4373 4346
4374 4348
4375 4349
4376 4350
4377 4351
4378 4352
4379 4353
4380 4355
4381 4356
4382 4354
4383 4357
4384 4358
4385 4359
4386 4360
4387 4361
4388 4362
4389 4363
4390 4364
4391 4365
4392 4366
4393 4367
4394 4369
4395 4368
4396 4370
4397 4377
4398 4376
4399 4375
4400 4374
4401 4373
4402 4372
4403 4371
4404 4378
4405 4379
4406 4380
4407 4381
4408 4382
4409 4383
4410 4384
4411 4385
4412 4386
4413 4387
4414 4388
4415 4389
4416 4390
4417 4391
4418 4392
4419 4393
4420 4394
4421 4395
4422 4396
4423 4397
4424 4398
4425 4399
4426 4400
4427 4402
4428 4401
4429 4403
4430 4404
4431 4405
4432 4406
4433 4407
4434 4408
4435 4409
4436 4410
4437 4411
4438 4412
4439 4413
4440 4414
4441 4415
4442 4416
4443 4417
4444 4418
4445 4419
4446 4420
4447 4421
4448 4422
4449 4423
4450 4424
4451 4425
4452 4426
4453 4427
4454 4428
4455 4429
4456 4431
4457 4430
4458 4432
4459 4433
4460 4434
4461 4436
4462 4435
4463 4437
4464 4438
4465 4439
4466 4440
4467 4441
4468 4442
4469 4443
4470 4444
4471 4445
4472 4446
4473 4447
4474 4448
4475 4449
4476 4450
4477 4451
4478 4452
4479 4453
4480 4454
4481 4455
4482 4456
4483 4457
4484 4458
4485 4459
4486 4460
4487 4461
4488 4462
4489 4463
4490 4464
4491 4465
4492 4466
4493 4467
4494 4468
4495 4470
4496 4469
4497 4471
4498 4472
4499 4473
4500 4474
4501 4475
4502 4477
4503 4476
4504 4478
4505 4479
4506 4481
4507 4480
4508 4482
4509 4483
4510 4484
4511 4485
4512 4486
4513 4487
4514 4488
4515 4489
4516 4490
4517 4494
4518 4493
4519 4492
4520 4491
4521 4495
4522 4496
4523 4499
4524 4498
4525 4497
4526 4500
4527 4501
4528 4502
4529 4503
4530 4504
4531 4505
4532 4506
4533 4507
4534 4508
4535 4509
4536 4510
4537 4511
4538 4512
4539 4513
4540 4514
4541 4515
4542 4516
4543 4517
4544 4518
4545 4519
4546 4520
4547 4521
4548 4522
4549 4523
4550 4524
4551 4525
4552 4526
4553 4527
4554 4528
4555 4529
4556 4531
4557 4530
4558 4532
4559 4533
4560 4534
4561 4535
4562 4537
4563 4536
4564 4538
4565 4539
4566 4540
4567 4541
4568 4542
4569 4543
4570 4544
4571 4545
4572 4546
4573 4547
4574 4548
4575 4549
4576 4550
4577 4551
4578 4552
4579 4553
4580 5629
4581 4554
4582 4555
4583 4556
4584 4557
4585 4558
4586 4559
4587 4560
4588 4561
4589 4562
4590 4563
4591 4564
4592 4574
4593 4573
4594 4572
4595 4566
4596 4575
4597 4576
4598 4577
4599 4578
4600 4579
4601 4580
4602 4581
4603 4582
4604 4583
4605 4584
4606 4585
4607 4586
4608 4587
4609 4588
4610 4589
4611 4590
4612 4591
4613 4592
4614 4594
4615 4593
4616 4595
4617 4596
4618 4597
4619 4598
4620 4599
4621 4600
4622 4601
4623 4602
4624 4603
4625 4605
4626 4604
4627 4606
4628 4607
4629 4608
4630 4609
4631 4610
4632 4611
4633 4612
4634 4613
4635 4614
4636 4615
4637 4616
4638 4617
4639 4618
4640 4619
4641 4620
4642 4621
4643 4622
4644 4623
4645 4624
4646 4625
4647 4626
4648 4627
4649 4628
4650 4629
4651 4630
4652 4631
4653 4633
4654 4632
4655 4635
4656 4634
4657 4636
4658 4637
4659 4638
4660 4639
4661 4640
4662 4641
4663 4642
4664 4643
4665 4644
4666 4645
4667 4646
4668 4647
4669 4648
4670 4649
4671 4650
4672 4651
4673 4652
4674 4653
4675 4654
4676 4655
4677 4656
4678 4657
4679 4658
4680 4659
4681 4660
4682 4661
4683 4662
4684 4663
4685 4664
4686 4665
4687 4666
4688 4667
4689 4668
4690 4669
4691 4670
4692 4671
4693 4673
4694 4672
4695 4674
4696 4675
4697 4676
4698 4681
4699 4680
4700 4679
4701 4678
4702 4677
4703 4682
4704 4683
4705 4684
4706 4685
4707 4686
4708 4688
4709 4687
4710 4689
4711 4690
4712 4691
4713 4692
4714 4694
4715 4693
4716 4695
4717 4696
4718 4697
4719 4698
4720 4699
4721 4701
4722 4700
4723 4702
4724 4703
4725 4704
4726 4705
4727 4706
4728 4707
4729 4708
4730 4709
4731 4710
4732 4711
4733 4712
4734 4713
4735 4714
4736 4716
4737 4715
4738 4717
4739 4718
4740 4720
4741 4719
4742 4721
4743 4722
4744 4723
4745 4724
4746 4725
4747 4726
4748 4727
4749 4728
4750 4729
4751 4730
4752 4731
4753 4732
4754 4734
4755 4733
4756 4735
4757 4736
4758 4737
4759 4738
4760 4739
4761 4740
4762 4741
4763 4743
4764 4742
4765 4745
4766 4744
4767 4746
4768 4747
4769 4748
4770 4750
4771 4749
4772 4751
4773 4753
4774 4752
4775 4754
4776 4755
4777 4756
4778 4758
4779 4757
4780 4759
4781 4760
4782 4761
4783 4762
4784 4763
4785 4764
4786 4765
4787 4766
4788 4767
4789 4768
4790 4769
4791 4770
4792 4771
4793 4772
4794 4773
4795 4774
4796 4775
4797 4776
4798 4777
4799 4778
4800 4779
4801 4780
4802 4781
4803 4782
4804 4783
4805 4784
4806 4785
4807 4786
4808 4787
4809 4788
4810 4789
4811 4790
4812 4791
4813 4792
4814 4793
4815 4794
4816 4795
4817 4796
4818 4797
4819 4798
4820 4799
4821 4800
4822 4801
4823 4802
4824 4803
4825 4804
4826 4805
4827 4806
4828 4807
4829 4808
4830 4809
4831 4810
4832 4811
4833 4812
4834 4813
4835 4814
4836 4815
4837 4816
4838 4817
4839 4818
4840 4819
4841 4820
4842 4821
4843 4822
4844 4824
4845 4823
4846 4825
4847 4826
4848 4827
4849 4828
4850 4829
4851 4830
4852 4831
4853 4832
4854 4833
4855 4834
4856 4835
4857 4836
4858 4837
4859 4838
4860 4839
4861 4840
4862 4841
4863 4842
4864 4843
4865 4844
4866 4845
4867 4846
4868 4847
4869 4849
4870 4848
4871 4850
4872 4852
4873 4851
4874 4853
4875 4854
4876 4855
4877 4857
4878 4856
4879 4858
4880 4859
4881 4860
4882 4861
4883 4862
4884 4863
4885 4864
4886 4865
4887 4866
4888 4867
4889 4868
4890 4869
4891 4870
4892 4871
4893 4872
4894 4873
4895 4874
4896 4875
4897 4876
4898 4877
4899 4878
4900 4879
4901 4880
4902 4881
4903 4882
4904 4883
4905 4884
4906 4885
4907 4886
4908 4887
4909 4888
4910 4889
4911 4890
4912 4891
4913 4892
4914 4893
4915 4894
4916 4895
4917 4896
4918 4897
4919 4898
4920 4899
4921 4900
4922 4901
4923 4902
4924 4903
4925 4904
4926 4905
4927 4906
4928 4907
4929 4908
4930 4909
4931 4910
4932 4911
4933 4912
4934 4913
4935 4914
4936 4915
4937 4916
4938 4918
4939 4917
4940 4919
4941 4920
4942 4922
4943 4921
4944 4923
4945 4924
4946 4925
4947 4926
4948 4927
4949 4928
4950 4929
4951 4930
4952 4931
4953 4932
4954 4934
4955 4933
4956 4935
4957 4936
4958 4937
4959 4938
4960 4939
4961 4940
4962 4941
4963 4942
4964 4943
4965 4944
4966 4945
4967 4946
4968 4947
4969 4948
4970 4949
4971 4950
4972 4951
4973 4952
4974 4953
4975 4954
4976 4955
4977 8511
4978 8510
4979 4956
4980 4957
4981 4958
4982 4959
4983 4960
4984 4961
4985 4962
4986 4963
4987 4964
4988 4965
4989 4966
4990 4967
4991 4969
4992 4968
4993 4970
4994 4971
4995 4972
4996 4973
4997 4974
4998 4975
4999 4976
5000 4977
5001 4978
5002 4979
5003 4980
5004 4981
5005 4982
5006 4983
5007 4984
5008 4985
5009 4986
5010 4987
5011 4989
5012 4988
5013 4990
5014 4991
5015 4992
5016 4993
5017 4995
5018 5001
5019 5000
5020 4999
5021 4998
5022 4997
5023 4996
5024 4994
5025 5002
5026 5003
5027 5004
5028 5005
5029 5006
5030 5007
5031 5008
5032 5009
5033 5010
5034 5011
5035 5012
5036 5014
5037 5013
5038 5015
5039 5016
5040 5019
5041 5018
5042 5017
5043 5020
5044 5021
5045 5022
5046 5023
5047 5024
5048 5025
5049 5026
5050 5027
5051 5028
5052 5029
5053 5030
5054 5031
5055 5032
5056 5033
5057 5034
5058 5035
5059 5036
5060 5037
5061 5038
5062 5039
5063 5040
5064 5041
5065 5042
5066 5043
5067 5044
5068 5045
5069 5046
5070 5047
5071 5048
5072 5049
5073 5050
5074 5051
5075 5052
5076 5053
5077 5054
5078 5055
5079 5056
5080 5057
5081 5058
5082 5059
5083 5060
5084 5061
5085 5062
5086 5063
5087 5064
5088 5065
5089 5066
5090 5067
5091 5068
5092 5069
5093 5070
5094 5071
5095 5072
5096 5073
5097 5075
5098 5074
5099 5076
5100 5077
5101 5078
5102 5079
5103 5080
5104 5081
5105 5082
5106 5083
5107 5084
5108 5085
5109 5086
5110 5087
5111 5088
5112 5090
5113 5089
5114 5091
5115 5092
5116 5094
5117 5093
5118 5095
5119 5096
5120 5097
5121 5098
5122 5099
5123 5100
5124 5101
5125 5102
5126 5103
5127 5104
5128 5105
5129 5106
5130 5107
5131 5108
5132 5109
5133 5110
5134 5111
5135 5112
5136 5113
5137 5114
5138 5115
5139 5116
5140 5117
5141 5118
5142 5119
5143 5120
5144 5121
5145 5123
5146 5122
5147 5124
5148 5126
5149 5125
5150 5128
5151 5127
5152 5129
5153 5130
5154 5131
5155 5133
5156 5132
5157 5134
5158 5135
5159 5136
5160 5137
5161 5138
5162 5139
5163 5140
5164 5141
5165 5142
5166 5144
5167 5143
5168 5145
5169 5146
5170 5147
5171 5148
5172 5149
5173 5150
5174 5152
5175 5151
5176 5154
5177 5153
5178 5155
5179 5156
5180 5157
5181 5158
5182 5159
5183 5160
5184 5161
5185 5162
5186 5163
5187 5164
5188 5165
5189 5166
5190 5167
5191 5168
5192 5170
5193 5169
5194 5171
5195 5172
5196 5174
5197 5173
5198 5175
5199 5176
5200 5177
5201 5179
5202 5178
5203 5180
5204 5181
5205 5182
5206 5183
5207 5184
5208 5185
5209 5186
5210 5189
5211 5188
5212 5187
5213 5190
5214 5191
5215 5192
5216 5193
5217 5194
5218 5195
5219 5196
5220 5197
5221 5198
5222 5199
5223 5200
5224 5201
5225 5202
5226 5203
5227 5204
5228 5205
5229 5206
5230 5208
5231 5207
5232 5209
5233 5210
5234 5211
5235 5212
5236 5213
5237 5214
5238 5215
5239 5216
5240 5217
5241 5218
5242 5219
5243 5220
5244 5221
5245 5222
5246 5223
5247 5224
5248 5225
5249 5227
5250 5226
5251 5228
5252 5229
5253 5230
5254 5231
5255 5232
5256 5233
5257 5234
5258 5235
5259 5236
5260 5237
5261 5238
5262 5239
5263 5240
5264 5241
5265 5242
5266 5243
5267 5244
5268 5245
5269 5246
5270 5247
5271 5248
5272 5249
5273 5250
5274 5251
5275 5252
5276 5253
5277 5254
5278 5255
5279 5256
5280 5257
5281 5259
5282 5258
5283 5260
5284 5261
5285 5262
5286 5264
5287 5263
5288 5265
5289 5266
5290 5267
5291 5268
5292 5269
5293 5270
5294 5271
5295 5272
5296 5273
5297 5275
5298 5274
5299 5276
5300 5277
5301 5278
5302 5279
5303 5280
5304 5281
5305 5282
5306 5283
5307 5284
5308 5285
5309 5286
5310 5287
5311 5289
5312 5288
5313 5290
5314 5291
5315 5292
5316 5293
5317 5294
5318 5295
5319 5296
5320 5297
5321 5298
5322 5299
5323 5300
5324 5301
5325 5302
5326 5303
5327 5304
5328 5305
5329 5306
5330 5307
5331 5308
5332 5309
5333 5310
5334 5311
5335 5312
5336 5313
5337 5314
5338 5315
5339 5316
5340 5317
5341 5318
5342 5319
5343 5320
5344 5321
5345 5323
5346 5322
5347 5325
5348 5324
5349 5326
5350 5327
5351 5328
5352 5329
5353 5330
5354 5331
5355 5332
5356 5333
5357 5334
5358 5335
5359 5337
5360 5336
5361 5338
5362 5339
5363 5340
5364 5341
5365 5342
5366 5343
5367 5344
5368 5345
5369 5346
5370 5347
5371 5348
5372 5349
5373 5350
5374 5351
5375 5352
5376 5353
5377 5354
5378 5355
5379 5356
5380 5357
5381 5358
5382 5359
5383 7807
5384 5360
5385 5361
5386 5362
5387 5363
5388 5364
5389 5365
5390 5366
5391 5367
5392 5368
5393 5369
5394 5370
5395 5372
5396 5373
5397 5371
5398 5374
5399 5375
5400 5376
5401 5377
5402 5378
5403 5379
5404 5380
5405 5381
5406 5382
5407 5383
5408 5384
5409 5385
5410 5386
5411 5387
5412 5388
5413 5389
5414 5390
5415 5391
5416 5392
5417 5393
5418 5394
5419 5395
5420 5397
5421 5396
5422 5399
5423 5398
5424 5400
5425 5401
5426 5402
5427 5403
5428 5404
5429 5405
5430 5406
5431 5407
5432 5408
5433 5409
5434 5410
5435 5411
5436 5412
5437 5413
5438 5416
5439 5415
5440 5414
5441 5417
5442 5418
5443 5419
5444 5420
5445 5421
5446 5422
5447 5423
5448 5424
5449 5425
5450 5426
5451 5427
5452 5428
5453 5429
5454 5430
5455 5431
5456 5432
5457 5433
5458 5434
5459 5435
5460 5436
5461 5437
5462 5438
5463 5439
5464 5440
5465 5441
5466 5442
5467 5443
5468 5444
5469 5445
5470 5446
5471 5447
5472 5448
5473 5449
5474 5450
5475 5451
5476 5452
5477 5453
5478 5454
5479 5455
5480 5456
5481 5457
5482 5459
5483 5458
5484 5460
5485 5461
5486 5462
5487 5463
5488 5464
5489 5465
5490 5466
5491 5467
5492 5468
5493 5469
5494 5470
5495 5471
5496 5472
5497 5473
5498 5474
5499 5475
5500 5476
5501 5477
5502 5478
5503 5479
5504 5480
5505 5482
5506 5481
5507 5483
5508 5484
5509 5485
5510 5486
5511 5487
5512 5488
5513 5489
5514 5490
5515 5491
5516 5492
5517 5493
5518 5494
5519 5495
5520 5496
5521 5497
5522 5498
5523 5499
5524 5500
5525 5501
5526 5502
5527 5503
5528 5504
5529 5505
5530 5506
5531 5508
5532 5507
5533 5509
5534 5510
5535 5511
5536 5512
5537 5513
5538 5515
5539 5514
5540 5516
5541 5517
5542 5518
5543 5519
5544 5520
5545 5521
5546 5522
5547 5523
5548 5524
5549 5525
5550 5526
5551 5527
5552 5528
5553 5529
5554 5530
5555 5531
5556 5532
5557 5533
5558 5534
5559 5535
5560 5536
5561 5537
5562 5538
5563 5539
5564 5540
5565 5541
5566 5542
5567 5543
5568 5544
5569 5546
5570 5545
5571 5547
5572 5548
5573 5549
5574 5550
5575 5551
5576 5552
5577 5553
5578 5554
5579 5555
5580 5556
5581 5557
5582 5558
5583 5560
5584 5559
5585 5561
5586 5562
5587 5563
5588 5564
5589 5565
5590 5566
5591 5567
5592 5568
5593 5569
5594 5570
5595 5571
5596 5573
5597 5572
5598 5575
5599 5574
5600 5576
5601 5577
5602 5578
5603 5579
5604 5580
5605 5581
5606 5582
5607 5583
5608 5585
5609 5584
5610 5586
5611 5587
5612 5588
5613 5589
5614 5590
5615 5591
5616 5592
5617 5594
5618 5593
5619 5595
5620 5597
5621 5596
5622 5599
5623 5598
5624 5600
5625 5601
5626 5602
5627 5603
5628 5605
5629 5604
5630 5606
5631 5607
5632 5608
5633 5609
5634 5610
5635 5611
5636 5612
5637 5613
5638 5614
5639 5615
5640 5616
5641 5617
5642 5618
5643 5619
5644 5620
5645 5621
5646 5622
5647 5623
5648 5624
5649 5625
5650 5626
5651 5627
5652 5628
5653 5630
5654 5631
5655 5632
5656 5633
5657 5634
5658 5635
5659 5636
5660 5637
5661 5638
5662 5639
5663 5640
5664 5641
5665 5642
5666 5643
5667 5644
5668 5646
5669 5645
5670 5647
5671 5648
5672 5649
5673 5650
5674 5651
5675 5652
5676 5653
5677 5654
5678 5655
5679 5656
5680 5657
5681 5658
5682 5659
5683 5660
5684 5661
5685 5663
5686 5662
5687 5664
5688 5665
5689 5666
5690 5667
5691 5668
5692 5669
5693 5670
5694 5671
5695 5672
5696 5673
5697 5674
5698 5675
5699 5676
5700 5677
5701 5678
5702 5680
5703 5679
5704 5681
5705 5682
5706 5683
5707 5684
5708 5685
5709 5686
5710 5687
5711 5688
5712 5689
5713 5690
5714 5691
5715 5693
5716 5692
5717 5694
5718 5695
5719 5696
5720 5697
5721 5698
5722 5699
5723 5700
5724 5701
5725 5702
5726 5703
5727 5704
5728 5705
5729 5706
5730 5707
5731 5708
5732 5709
5733 5710
5734 5711
5735 5712
5736 5713
5737 5714
5738 5715
5739 5716
5740 5717
5741 5718
5742 5719
5743 5720
5744 5721
5745 5722
5746 5723
5747 5724
5748 5725
5749 5726
5750 5727
5751 5728
5752 5729
5753 5730
5754 5731
5755 5732
5756 5733
5757 5734
5758 5735
5759 5736
5760 5737
5761 5738
5762 5739
5763 5740
5764 5741
5765 5742
5766 5743
5767 5744
5768 5745
5769 5746
5770 5747
5771 5748
5772 5750
5773 5749
5774 5751
5775 5752
5776 5753
5777 5754
5778 5755
5779 5756
5780 5757
5781 5758
5782 5759
5783 5760
5784 5761
5785 5762
5786 5763
5787 5764
5788 5765
5789 5766
5790 5767
5791 5768
5792 5769
5793 5770
5794 5771
5795 5772
5796 5773
5797 5774
5798 5776
5799 5775
5800 5777
5801 5778
5802 5779
5803 5780
5804 5781
5805 5782
5806 5783
5807 5784
5808 5785
5809 5786
5810 5787
5811 5788
5812 5789
5813 5791
5814 5790
5815 5792
5816 5793
5817 5794
5818 5795
5819 5796
5820 5797
5821 5798
5822 5799
5823 5801
5824 5800
5825 5802
5826 5803
5827 5804
5828 5805
5829 5806
5830 5807
5831 5808
5832 5809
5833 5810
5834 5812
5835 5811
5836 5813
5837 5814
5838 5815
5839 5816
5840 5817
5841 5818
5842 5819
5843 5820
5844 5821
5845 5822
5846 5824
5847 5823
5848 5825
5849 5826
5850 5827
5851 5828
5852 5830
5853 5829
5854 5831
5855 5832
5856 5833
5857 5834
5858 5835
5859 5836
5860 5837
5861 5838
5862 5839
5863 5840
5864 5841
5865 5842
5866 5843
5867 5844
5868 5845
5869 5846
5870 5847
5871 5848
5872 5849
5873 5850
5874 5851
5875 5852
5876 5853
5877 5854
5878 5855
5879 5856
5880 5857
5881 5858
5882 5860
5883 5859
5884 5861
5885 5863
5886 5862
5887 5864
5888 5865
5889 5866
5890 5867
5891 5868
5892 5869
5893 5870
5894 5871
5895 5872
5896 5873
5897 5874
5898 5875
5899 5876
5900 5877
5901 5878
5902 5879
5903 5880
5904 5881
5905 5882
5906 5883
5907 5885
5908 5884
5909 5887
5910 5886
5911 5888
5912 5889
5913 5890
5914 5891
5915 5892
5916 5894
5917 5893
5918 5895
5919 5896
5920 5897
5921 5898
5922 5899
5923 5900
5924 5901
5925 5902
5926 5903
5927 5904
5928 5905
5929 5906
5930 5907
5931 5908
5932 5909
5933 5910
5934 5911
5935 5912
5936 5913
5937 5914
5938 5915
5939 5916
5940 5917
5941 5918
5942 5919
5943 5920
5944 5921
5945 5922
5946 5923
5947 5924
5948 5925
5949 5926
5950 5927
5951 5928
5952 5929
5953 5930
5954 5931
5955 5932
5956 5933
5957 5934
5958 5935
5959 5936
5960 5937
5961 5938
5962 5939
5963 5940
5964 5941
5965 5942
5966 5943
5967 5944
5968 5945
5969 5946
5970 5947
5971 5948
5972 5949
5973 5950
5974 5951
5975 5952
5976 5954
5977 5953
5978 5955
5979 5956
5980 5958
5981 5957
5982 5959
5983 5960
5984 5961
5985 5962
5986 5963
5987 5964
5988 5965
5989 5966
5990 5967
5991 5968
5992 5970
5993 5969
5994 5971
5995 5972
5996 5973
5997 5974
5998 5975
5999 5977
6000 5976
6001 5978
6002 5979
6003 5980
6004 5981
6005 5982
6006 5983
6007 5984
6008 5985
6009 5986
6010 5987
6011 5988
6012 5989
6013 5990
6014 5991
6015 5992
6016 5993
6017 5994
6018 5995
6019 5996
6020 5997
6021 5998
6022 5999
6023 6000
6024 6001
6025 6002
6026 6003
6027 6005
6028 6004
6029 6006
6030 6008
6031 6007
6032 6009
6033 6010
6034 6011
6035 6012
6036 6013
6037 6016
6038 6015
6039 6014
6040 6017
6041 6018
6042 6020
6043 6021
6044 6022
6045 6023
6046 6024
6047 6025
6048 6026
6049 6027
6050 6028
6051 6029
6052 6030
6053 6031
6054 6032
6055 6033
6056 6034
6057 6035
6058 6036
6059 6037
6060 6038
6061 6039
6062 6040
6063 6041
6064 6042
6065 6043
6066 6044
6067 6045
6068 6046
6069 6047
6070 6048
6071 6049
6072 6051
6073 6050
6074 6053
6075 6052
6076 6054
6077 6055
6078 6056
6079 6057
6080 6058
6081 6059
6082 6060
6083 6061
6084 6062
6085 6063
6086 6064
6087 6065
6088 6066
6089 6067
6090 6068
6091 6070
6092 6069
6093 6071
6094 6072
6095 6073
6096 6074
6097 6075
6098 6076
6099 6077
6100 6079
6101 6078
6102 6080
6103 6081
6104 6082
6105 6083
6106 6085
6107 6084
6108 6086
6109 6087
6110 6088
6111 6089
6112 6090
6113 6091
6114 6092
6115 6094
6116 6093
6117 6095
6118 6096
6119 6097
6120 6098
6121 6099
6122 6101
6123 6100
6124 6102
6125 6103
6126 6104
6127 6105
6128 6106
6129 6107
6130 6108
6131 6109
6132 6110
6133 6111
6134 6112
6135 6113
6136 6114
6137 6115
6138 6116
6139 6117
6140 6118
6141 6119
6142 6120
6143 6121
6144 6122
6145 6123
6146 6124
6147 6125
6148 6126
6149 6127
6150 6128
6151 6129
6152 6130
6153 6131
6154 6132
6155 6133
6156 6134
6157 6135
6158 6136
6159 6137
6160 6138
6161 6139
6162 6140
6163 6141
6164 6142
6165 6143
6166 6144
6167 6145
6168 6146
6169 6147
6170 6148
6171 6151
6172 6152
6173 6153
6174 6154
6175 6156
6176 6155
6177 6157
6178 6158
6179 6159
6180 6160
6181 6161
6182 6162
6183 6163
6184 6164
6185 6165
6186 6166
6187 6167
6188 6171
6189 6170
6190 6169
6191 6168
6192 6172
6193 6173
6194 6174
6195 6175
6196 6176
6197 6177
6198 6178
6199 6179
6200 6180
6201 6181
6202 6182
6203 6183
6204 6184
6205 6185
6206 6186
6207 6187
6208 6188
6209 6895
6210 6189
6211 6190
6212 6191
6213 6192
6214 6194
6215 6193
6216 6195
6217 6196
6218 6197
6219 6198
6220 6199
6221 6200
6222 6201
6223 6202
6224 6203
6225 6204
6226 6206
6227 6205
6228 6207
6229 6208
6230 6209
6231 6210
6232 6211
6233 6212
6234 6213
6235 6214
6236 6215
6237 6216
6238 6218
6239 6217
6240 6219
6241 6220
6242 6221
6243 6222
6244 6223
6245 6224
6246 6225
6247 6226
6248 6227
6249 6228
6250 6229
6251 6230
6252 6231
6253 6233
6254 6232
6255 6234
6256 6235
6257 6236
6258 6237
6259 6238
6260 6239
6261 6240
6262 6241
6263 6242
6264 6244
6265 6243
6266 6245
6267 6246
6268 6247
6269 6248
6270 6249
6271 6250
6272 6251
6273 6252
6274 6253
6275 6254
6276 6255
6277 6256
6278 6257
6279 6258
6280 6259
6281 6260
6282 6262
6283 6261
6284 6263
6285 6264
6286 6266
6287 6265
6288 6267
6289 6268
6290 6269
6291 6270
6292 6271
6293 6272
6294 6273
6295 6274
6296 6275
6297 6276
6298 6277
6299 6278
6300 6279
6301 6281
6302 6280
6303 6282
6304 6283
6305 6284
6306 6285
6307 6286
6308 6287
6309 6288
6310 6289
6311 6290
6312 6291
6313 6292
6314 6293
6315 7640
6316 6294
6317 6295
6318 6296
6319 6297
6320 6298
6321 6299
6322 6300
6323 6301
6324 6302
6325 6303
6326 6304
6327 6305
6328 6306
6329 6307
6330 6308
6331 6309
6332 6310
6333 6311
6334 6312
6335 6313
6336 6314
6337 6315
6338 6316
6339 6317
6340 6318
6341 6319
6342 6320
6343 6321
6344 6322
6345 6323
6346 6324
6347 6325
6348 6326
6349 8366
6350 6327
6351 6329
6352 6328
6353 6330
6354 6331
6355 6332
6356 6334
6357 6333
6358 6335
6359 6336
6360 6337
6361 6338
6362 6339
6363 6341
6364 6340
6365 6342
6366 6343
6367 6344
6368 6345
6369 6346
6370 6348
6371 6347
6372 6349
6373 6350
6374 6351
6375 6352
6376 6353
6377 6354
6378 6355
6379 6356
6380 6357
6381 6358
6382 6359
6383 6360
6384 6361
6385 6362
6386 6363
6387 6364
6388 6365
6389 6366
6390 6367
6391 6368
6392 6369
6393 6371
6394 6370
6395 6372
6396 6373
6397 6374
6398 6375
6399 6376
6400 6377
6401 6378
6402 6379
6403 6380
6404 6381
6405 6382
6406 6383
6407 6384
6408 6385
6409 6386
6410 6387
6411 6388
6412 6390
6413 6389
6414 6391
6415 6392
6416 6393
6417 6394
6418 6395
6419 6396
6420 6397
6421 6398
6422 6399
6423 6400
6424 6401
6425 6404
6426 6403
6427 6402
6428 6405
6429 6406
6430 6407
6431 6408
6432 6409
6433 6410
6434 6411
6435 6412
6436 6413
6437 6516
6438 6496
6439 6495
6440 6494
6441 6493
6442 6492
6443 6415
6444 6416
6445 6417
6446 6418
6447 6419
6448 6420
6449 6421
6450 6423
6451 6422
6452 6424
6453 6425
6454 6426
6455 6427
6456 6428
6457 6429
6458 6430
6459 6431
6460 6433
6461 6432
6462 6434
6463 6435
6464 6436
6465 6438
6466 6437
6467 6439
6468 6440
6469 6441
6470 6442
6471 6443
6472 6444
6473 6445
6474 6447
6475 6446
6476 6448
6477 6449
6478 6450
6479 6451
6480 6452
6481 6453
6482 6454
6483 6455
6484 6456
6485 6457
6486 6458
6487 6459
6488 6461
6489 6460
6490 6462
6491 6463
6492 6464
6493 6465
6494 6466
6495 6471
6496 6470
6497 6469
6498 6468
6499 6467
6500 6472
6501 6473
6502 6474
6503 6475
6504 6476
6505 6477
6506 6479
6507 6478
6508 6480
6509 6481
6510 6482
6511 6483
6512 6484
6513 6485
6514 6486
6515 6487
6516 6488
6517 6489
6518 6490
6519 6491
6520 6497
6521 6498
6522 6499
6523 6500
6524 6501
6525 6502
6526 6504
6527 6503
6528 6505
6529 6506
6530 6507
6531 6508
6532 6509
6533 6510
6534 6511
6535 6512
6536 6513
6537 6514
6538 6515
6539 6517
6540 6518
6541 6519
6542 6520
6543 6521
6544 6522
6545 6523
6546 6524
6547 6525
6548 6526
6549 6527
6550 6528
6551 6530
6552 6529
6553 6531
6554 6532
6555 6533
6556 6534
6557 6535
6558 6536
6559 6537
6560 6539
6561 6538
6562 6540
6563 6541
6564 6542
6565 6543
6566 6544
6567 6545
6568 6546
6569 6547
6570 6550
6571 6549
6572 6548
6573 6551
6574 6552
6575 6553
6576 6558
6577 6557
6578 6556
6579 6555
6580 6554
6581 6559
6582 6560
6583 6561
6584 6562
6585 6563
6586 6564
6587 6565
6588 6566
6589 6567
6590 6568
6591 6569
6592 6570
6593 6571
6594 6572
6595 6573
6596 6574
6597 6575
6598 6576
6599 6577
6600 6578
6601 6579
6602 6580
6603 6581
6604 6582
6605 6583
6606 6584
6607 6585
6608 6586
6609 6587
6610 6588
6611 6589
6612 6590
6613 6592
6614 6591
6615 6593
6616 6594
6617 6595
6618 6596
6619 6597
6620 6598
6621 6599
6622 6600
6623 6601
6624 6602
6625 6603
6626 6604
6627 6605
6628 6606
6629 6607
6630 6608
6631 6609
6632 6610
6633 6611
6634 6612
6635 6613
6636 6614
6637 6616
6638 6615
6639 6617
6640 6618
6641 6619
6642 6620
6643 6621
6644 6622
6645 6623
6646 6624
6647 6625
6648 6626
6649 6627
6650 6628
6651 6629
6652 6630
6653 6631
6654 6632
6655 6633
6656 6634
6657 6635
6658 6636
6659 6637
6660 6638
6661 6639
6662 6640
6663 6641
6664 6642
6665 6643
6666 6644
6667 6646
6668 6645
6669 6647
6670 6648
6671 6649
6672 6650
6673 6651
6674 6652
6675 6653
6676 6655
6677 6654
6678 6656
6679 6657
6680 6658
6681 6659
6682 6660
6683 6661
6684 6662
6685 6663
6686 6664
6687 6665
6688 6666
6689 6667
6690 6668
6691 6669
6692 6670
6693 6671
6694 6672
6695 6673
6696 6674
6697 6675
6698 6676
6699 7607
6700 6677
6701 6678
6702 6679
6703 6680
6704 6681
6705 6682
6706 6683
6707 6684
6708 6685
6709 6686
6710 6687
6711 6688
6712 6689
6713 6690
6714 6691
6715 6692
6716 6693
6717 6694
6718 6695
6719 6696
6720 6697
6721 6698
6722 6699
6723 6700
6724 6701
6725 6702
6726 6703
6727 6707
6728 6881
6729 6708
6730 6709
6731 6710
6732 6711
6733 6712
6734 6713
6735 6714
6736 6716
6737 6715
6738 6717
6739 6718
6740 6719
6741 6720
6742 6721
6743 6722
6744 6723
6745 6724
6746 6725
6747 6726
6748 6728
6749 6727
6750 6729
6751 6730
6752 6731
6753 6734
6754 6733
6755 6732
6756 6735
6757 6736
6758 6737
6759 6738
6760 6739
6761 6740
6762 6741
6763 6742
6764 6743
6765 6744
6766 6745
6767 6746
6768 6747
6769 6748
6770 6749
6771 6751
6772 6750
6773 6752
6774 6754
6775 6753
6776 6755
6777 6756
6778 6757
6779 6758
6780 6759
6781 6760
6782 6761
6783 6762
6784 6763
6785 7610
6786 6764
6787 6765
6788 6767
6789 6766
6790 6768
6791 6769
6792 6770
6793 6771
6794 6772
6795 6773
6796 6774
6797 6775
6798 6776
6799 6777
6800 6778
6801 6779
6802 6780
6803 6782
6804 6781
6805 6783
6806 6784
6807 6785
6808 6786
6809 6787
6810 6788
6811 6789
6812 6790
6813 6791
6814 6792
6815 6794
6816 6793
6817 6796
6818 6795
6819 6797
6820 6798
6821 6799
6822 6800
6823 6801
6824 6802
6825 6803
6826 6804
6827 6805
6828 6806
6829 6807
6830 6808
6831 6809
6832 6810
6833 6811
6834 6812
6835 6813
6836 6814
6837 6815
6838 6816
6839 6817
6840 6818
6841 6819
6842 6820
6843 6821
6844 6822
6845 6823
6846 6824
6847 6825
6848 6827
6849 6826
6850 6828
6851 6829
6852 6830
6853 6831
6854 6832
6855 6833
6856 6835
6857 6834
6858 6836
6859 6837
6860 6838
6861 6839
6862 6840
6863 6841
6864 6842
6865 6843
6866 6844
6867 6845
6868 6846
6869 6847
6870 6848
6871 6849
6872 6850
6873 6851
6874 6852
6875 6853
6876 6855
6877 6854
6878 6856
6879 6857
6880 6858
6881 6859
6882 6860
6883 6861
6884 6862
6885 6864
6886 6865
6887 6863
6888 6866
6889 6867
6890 6868
6891 6869
6892 6870
6893 6871
6894 6872
6895 6873
6896 6875
6897 6874
6898 6877
6899 6876
6900 6878
6901 6879
6902 6880
6903 6883
6904 6882
6905 6884
6906 6885
6907 6886
6908 6887
6909 6888
6910 6889
6911 6890
6912 6891
6913 6892
6914 6893
6915 6894
6916 6896
6917 6897
6918 6898
6919 6899
6920 6900
6921 6901
6922 6902
6923 6903
6924 6904
6925 6905
6926 6906
6927 6907
6928 6908
6929 6909
6930 6910
6931 6911
6932 6912
6933 6913
6934 6914
6935 6915
6936 6916
6937 6917
6938 6918
6939 6919
6940 6926
6941 6927
6942 6928
6943 6929
6944 6930
6945 6931
6946 6932
6947 6933
6948 6934
6949 6935
6950 6936
6951 6937
6952 6938
6953 6939
6954 6940
6955 6941
6956 6943
6957 6942
6958 6944
6959 6945
6960 6946
6961 6947
6962 6948
6963 6949
6964 6950
6965 6951
6966 6952
6967 6953
6968 6954
6969 6956
6970 6955
6971 6957
6972 6958
6973 6959
6974 6961
6975 6960
6976 6962
6977 6963
6978 6964
6979 6965
6980 6966
6981 6967
6982 6968
6983 6969
6984 6970
6985 6971
6986 6972
6987 6973
6988 6974
6989 6975
6990 6976
6991 6977
6992 6978
6993 6980
6994 6979
6995 6981
6996 6982
6997 6983
6998 6985
6999 6984
7000 6986
7001 6987
7002 6989
7003 6988
7004 6990
7005 6991
7006 6992
7007 6993
7008 6994
7009 6995
7010 6996
7011 6997
7012 6998
7013 7001
7014 6999
7015 7000
7016 7002
7017 7003
7018 7004
7019 7005
7020 7006
7021 7007
7022 7008
7023 7009
7024 7010
7025 7011
7026 7012
7027 7013
7028 7015
7029 7014
7030 7016
7031 7017
7032 7018
7033 7019
7034 7020
7035 7021
7036 7022
7037 7023
7038 7024
7039 7025
7040 7026
7041 7027
7042 7028
7043 7029
7044 7030
7045 7031
7046 7032
7047 7033
7048 7034
7049 7035
7050 7036
7051 7037
7052 7038
7053 7039
7054 7040
7055 7041
7056 7042
7057 7043
7058 7044
7059 7045
7060 7046
7061 7047
7062 7048
7063 7049
7064 7050
7065 7051
7066 7052
7067 7053
7068 7054
7069 7055
7070 7056
7071 7057
7072 7058
7073 7060
7074 7059
7075 7061
7076 7062
7077 7063
7078 7064
7079 7065
7080 7066
7081 7067
7082 7068
7083 7069
7084 7070
7085 7071
7086 7072
7087 7073
7088 7074
7089 7075
7090 7076
7091 7077
7092 7078
7093 7079
7094 7080
7095 7081
7096 7082
7097 7083
7098 7085
7099 7084
7100 7086
7101 7087
7102 7088
7103 7089
7104 7090
7105 7091
7106 7092
7107 7093
7108 7094
7109 7095
7110 7096
7111 7097
7112 7098
7113 7099
7114 7100
7115 7101
7116 7102
7117 7103
7118 7104
7119 7105
7120 7106
7121 7108
7122 7107
7123 7109
7124 7110
7125 7111
7126 7112
7127 7113
7128 7114
7129 7115
7130 7116
7131 7117
7132 7119
7133 7118
7134 7120
7135 7121
7136 7122
7137 7123
7138 7124
7139 7125
7140 7126
7141 7127
7142 7128
7143 7129
7144 7131
7145 7130
7146 7132
7147 7133
7148 7134
7149 7135
7150 7136
7151 7137
7152 7138
7153 7139
7154 7140
7155 7141
7156 7142
7157 7143
7158 7144
7159 7145
7160 7146
7161 7147
7162 7149
7163 7148
7164 7150
7165 7151
7166 7152
7167 7153
7168 7154
7169 7155
7170 7156
7171 7157
7172 7158
7173 7159
7174 7160
7175 7161
7176 7162
7177 7163
7178 7164
7179 7165
7180 7166
7181 7167
7182 7168
7183 7169
7184 7170
7185 7171
7186 7172
7187 7173
7188 7174
7189 7175
7190 7176
7191 7177
7192 7178
7193 7179
7194 7180
7195 7181
7196 7182
7197 7183
7198 7184
7199 7185
7200 7186
7201 7187
7202 7188
7203 7189
7204 7190
7205 7191
7206 7192
7207 7193
7208 7194
7209 7196
7210 7195
7211 7197
7212 7198
7213 7199
7214 7200
7215 7201
7216 7202
7217 7203
7218 7204
7219 7205
7220 7207
7221 7208
7222 7209
7223 7210
7224 7211
7225 7212
7226 7213
7227 7214
7228 7215
7229 7217
7230 7216
7231 7218
7232 7219
7233 7220
7234 7221
7235 7222
7236 7223
7237 7225
7238 7224
7239 7226
7240 7227
7241 7228
7242 7229
7243 7230
7244 7231
7245 7232
7246 7233
7247 7234
7248 7236
7249 7235
7250 7237
7251 7238
7252 7239
7253 7240
7254 7241
7255 7242
7256 7243
7257 7244
7258 7245
7259 7246
7260 7247
7261 7248
7262 7249
7263 7250
7264 7251
7265 7252
7266 7254
7267 7253
7268 7256
7269 7255
7270 7257
7271 7258
7272 7260
7273 7259
7274 7262
7275 7261
7276 7263
7277 7264
7278 7265
7279 7266
7280 7267
7281 7268
7282 7269
7283 7270
7284 7271
7285 7272
7286 7273
7287 7274
7288 7275
7289 7276
7290 7277
7291 7278
7292 7279
7293 7280
7294 7281
7295 7282
7296 7283
7297 7284
7298 7285
7299 7286
7300 7287
7301 7288
7302 7289
7303 7290
7304 7291
7305 7292
7306 7293
7307 7294
7308 7295
7309 7296
7310 7297
7311 7298
7312 7300
7313 7299
7314 7301
7315 7302
7316 7303
7317 7304
7318 7305
7319 7306
7320 7307
7321 7308
7322 7309
7323 7310
7324 7311
7325 7313
7326 7312
7327 7314
7328 7315
7329 7316
7330 7318
7331 7317
7332 7319
7333 7320
7334 7321
7335 7322
7336 7323
7337 7325
7338 7324
7339 7326
7340 7327
7341 7328
7342 7330
7343 7329
7344 7331
7345 7333
7346 7332
7347 7334
7348 7335
7349 7336
7350 7337
7351 7338
7352 7339
7353 7340
7354 7341
7355 7342
7356 7343
7357 7344
7358 7345
7359 7346
7360 7347
7361 7348
7362 7349
7363 7350
7364 7351
7365 7352
7366 7353
7367 7354
7368 7355
7369 7356
7370 7357
7371 7358
7372 7359
7373 7360
7374 7361
7375 7362
7376 7363
7377 7364
7378 7365
7379 7366
7380 7367
7381 7368
7382 7369
7383 7370
7384 7371
7385 7372
7386 7374
7387 7373
7388 7375
7389 7376
7390 7377
7391 7378
7392 7379
7393 7380
7394 7381
7395 7383
7396 7382
7397 7384
7398 7385
7399 7386
7400 7387
7401 7388
7402 7389
7403 7391
7404 7390
7405 7392
7406 7393
7407 7394
7408 7395
7409 7396
7410 7397
7411 7398
7412 7399
7413 7400
7414 7401
7415 7402
7416 7403
7417 7404
7418 7405
7419 7406
7420 7407
7421 7408
7422 7409
7423 7410
7424 7411
7425 7412
7426 7413
7427 7414
7428 7415
7429 7416
7430 7417
7431 7418
7432 7420
7433 7419
7434 7421
7435 7422
7436 7423
7437 7424
7438 7425
7439 7426
7440 7427
7441 7428
7442 7429
7443 7430
7444 7431
7445 7432
7446 7433
7447 7435
7448 7434
7449 7436
7450 7437
7451 7438
7452 7439
7453 7440
7454 7441
7455 7443
7456 7442
7457 7444
7458 7445
7459 7446
7460 7447
7461 7448
7462 7450
7463 7449
7464 7451
7465 7452
7466 7453
7467 7454
7468 7455
7469 7456
7470 7457
7471 7458
7472 7459
7473 7460
7474 7461
7475 7462
7476 7463
7477 7464
7478 7465
7479 7466
7480 7467
7481 7468
7482 7469
7483 7470
7484 7471
7485 7472
7486 7473
7487 7474
7488 7475
7489 7477
7490 7476
7491 7478
7492 7479
7493 7480
7494 7482
7495 7481
7496 7483
7497 7484
7498 7485
7499 7486
7500 7487
7501 7488
7502 7489
7503 7490
7504 7491
7505 7492
7506 7493
7507 7494
7508 7495
7509 7496
7510 7497
7511 7498
7512 7499
7513 7500
7514 7501
7515 7502
7516 7503
7517 7504
7518 7505
7519 7506
7520 7507
7521 7508
7522 7509
7523 7510
7524 7511
7525 7512
7526 7513
7527 7514
7528 7515
7529 7516
7530 7518
7531 7517
7532 7519
7533 7520
7534 7521
7535 7522
7536 7523
7537 7524
7538 7525
7539 7526
7540 7527
7541 7528
7542 7529
7543 7531
7544 7530
7545 7532
7546 7533
7547 7534
7548 7535
7549 7536
7550 7537
7551 7539
7552 7538
7553 7540
7554 7541
7555 7542
7556 7543
7557 7544
7558 7545
7559 7546
7560 7547
7561 7548
7562 7549
7563 7550
7564 7551
7565 7552
7566 7553
7567 7554
7568 7557
7569 7556
7570 7555
7571 7558
7572 7559
7573 7560
7574 7561
7575 7562
7576 7563
7577 7564
7578 7565
7579 7566
7580 7567
7581 7568
7582 7569
7583 7570
7584 7571
7585 7572
7586 7573
7587 7575
7588 7574
7589 7576
7590 7577
7591 7579
7592 7578
7593 7580
7594 7581
7595 7582
7596 7584
7597 7583
7598 7585
7599 7586
7600 7587
7601 7589
7602 7588
7603 7590
7604 7591
7605 7592
7606 7593
7607 7594
7608 7595
7609 7596
7610 7597
7611 7598
7612 7599
7613 7600
7614 7601
7615 7602
7616 7603
7617 7605
7618 7604
7619 7606
7620 7608
7621 7609
7622 7611
7623 7612
7624 7613
7625 7614
7626 7615
7627 7616
7628 7617
7629 7618
7630 7619
7631 7620
7632 7621
7633 7622
7634 7623
7635 7624
7636 7625
7637 7626
7638 7627
7639 7628
7640 7629
7641 7630
7642 7631
7643 7632
7644 7633
7645 7634
7646 7635
7647 7636
7648 7637
7649 7638
7650 7639
7651 7641
7652 7642
7653 7643
7654 7644
7655 7645
7656 7646
7657 7648
7658 7647
7659 7649
7660 7650
7661 7651
7662 7652
7663 7653
7664 7655
7665 7654
7666 7656
7667 7657
7668 7658
7669 7659
7670 7660
7671 7661
7672 7662
7673 7663
7674 7664
7675 7665
7676 7666
7677 7667
7678 7668
7679 7669
7680 7670
7681 7671
7682 7672
7683 7673
7684 7674
7685 7675
7686 7676
7687 7677
7688 7678
7689 7679
7690 7684
7691 7683
7692 7682
7693 7681
7694 7680
7695 7685
7696 7686
7697 7687
7698 7688
7699 7689
7700 7690
7701 7691
7702 7693
7703 7692
7704 7694
7705 7695
7706 7697
7707 7696
7708 7698
7709 7700
7710 7699
7711 7702
7712 7701
7713 7703
7714 7704
7715 7706
7716 7705
7717 7707
7718 7708
7719 7709
7720 7710
7721 7711
7722 7712
7723 7713
7724 7714
7725 7715
7726 7716
7727 7717
7728 7718
7729 7719
7730 7720
7731 7722
7732 7721
7733 7723
7734 7724
7735 7725
7736 7726
7737 7728
7738 7729
7739 7809
7740 7731
7741 7730
7742 7732
7743 7733
7744 7734
7745 7735
7746 7736
7747 7737
7748 7738
7749 7739
7750 7740
7751 7741
7752 7742
7753 7743
7754 7745
7755 7744
7756 7746
7757 7747
7758 7748
7759 7749
7760 7750
7761 7751
7762 7753
7763 7752
7764 7754
7765 7756
7766 7755
7767 7758
7768 7757
7769 7759
7770 7760
7771 7761
7772 7762
7773 7763
7774 7764
7775 7765
7776 7766
7777 7767
7778 7769
7779 7768
7780 7770
7781 7771
7782 7772
7783 7774
7784 7773
7785 7775
7786 7776
7787 7777
7788 7778
7789 7780
7790 7779
7791 7781
7792 7782
7793 7783
7794 7785
7795 7784
7796 7786
7797 7787
7798 7788
7799 7789
7800 7790
7801 7791
7802 7792
7803 7793
7804 7794
7805 7796
7806 7795
7807 7798
7808 7797
7809 7799
7810 7800
7811 7801
7812 7802
7813 7803
7814 7804
7815 7805
7816 7806
7817 7808
7818 7811
7819 7810
7820 7812
7821 7813
7822 7814
7823 7815
7824 7816
7825 7817
7826 7818
7827 7821
7828 7820
7829 7819
7830 7822
7831 7823
7832 7824
7833 7825
7834 7826
7835 7827
7836 7828
7837 7829
7838 7830
7839 7832
7840 7831
7841 7833
7842 7834
7843 7835
7844 7836
7845 7837
7846 7839
7847 7838
7848 7840
7849 7841
7850 7842
7851 7843
7852 7844
7853 7845
7854 7846
7855 7847
7856 7848
7857 7849
7858 7850
7859 7851
7860 7852
7861 7854
7862 7853
7863 7855
7864 7856
7865 7857
7866 7858
7867 7859
7868 7860
7869 7861
7870 7862
7871 7863
7872 7864
7873 7865
7874 7867
7875 7866
7876 7868
7877 7869
7878 7870
7879 7871
7880 7872
7881 7873
7882 7874
7883 7875
7884 7876
7885 7877
7886 7878
7887 7879
7888 7880
7889 7881
7890 7882
7891 7883
7892 7884
7893 7885
7894 7886
7895 7887
7896 7888
7897 7889
7898 7891
7899 7890
7900 7892
7901 7893
7902 7894
7903 7895
7904 7897
7905 7896
7906 7898
7907 7899
7908 7900
7909 7901
7910 7902
7911 7903
7912 7905
7913 7906
7914 7907
7915 7908
7916 7909
7917 7910
7918 7911
7919 7912
7920 7913
7921 7914
7922 7915
7923 7916
7924 7917
7925 7918
7926 7919
7927 7920
7928 7921
7929 7922
7930 7923
7931 7924
7932 7925
7933 7927
7934 7926
7935 7928
7936 7929
7937 7930
7938 7932
7939 7931
7940 7934
7941 7933
7942 7935
7943 7936
7944 7937
7945 7938
7946 7940
7947 7939
7948 7942
7949 7941
7950 7943
7951 7944
7952 7945
7953 7946
7954 7947
7955 7948
7956 7949
7957 7950
7958 8981
7959 7951
7960 7952
7961 7953
7962 7954
7963 7957
7964 7956
7965 7955
7966 7958
7967 7959
7968 7960
7969 7961
7970 7962
7971 7963
7972 7964
7973 7965
7974 7966
7975 7967
7976 7968
7977 7969
7978 7970
7979 7971
7980 7972
7981 7973
7982 7974
7983 7975
7984 7976
7985 7987
7986 7977
7987 7978
7988 7979
7989 7980
7990 7981
7991 7982
7992 7983
7993 7984
7994 7986
7995 7985
7996 7988
7997 7989
7998 7990
7999 7991
8000 7992
8001 7993
8002 7995
8003 7994
8004 7996
8005 7997
8006 7998
8007 7999
8008 8000
8009 8001
8010 8002
8011 8003
8012 8004
8013 8005
8014 8006
8015 8007
8016 8008
8017 8009
8018 8010
8019 8011
8020 8012
8021 8013
8022 8014
8023 8015
8024 8016
8025 8017
8026 8018
8027 8019
8028 8020
8029 8021
8030 8022
8031 8023
8032 8025
8033 8024
8034 8026
8035 8027
8036 8028
8037 8029
8038 8030
8039 8031
8040 8032
8041 8033
8042 8034
8043 8035
8044 8036
8045 8037
8046 8038
8047 8039
8048 8041
8049 8040
8050 8042
8051 8043
8052 8044
8053 8045
8054 8046
8055 8047
8056 8048
8057 8049
8058 8050
8059 8051
8060 8052
8061 8053
8062 8054
8063 8055
8064 8056
8065 8057
8066 8058
8067 8059
8068 8060
8069 8061
8070 8062
8071 8063
8072 8064
8073 8065
8074 8066
8075 8067
8076 8068
8077 8069
8078 8070
8079 8071
8080 8072
8081 8073
8082 8074
8083 8075
8084 8076
8085 8077
8086 8078
8087 8079
8088 8080
8089 8081
8090 8082
8091 8083
8092 8084
8093 8085
8094 8086
8095 8087
8096 8089
8097 8088
8098 8091
8099 8090
8100 8092
8101 8093
8102 8094
8103 8095
8104 8097
8105 8096
8106 8099
8107 8098
8108 8100
8109 8101
8110 8102
8111 8104
8112 8103
8113 8105
8114 8106
8115 8107
8116 8108
8117 8109
8118 8110
8119 8111
8120 8112
8121 8113
8122 8114
8123 8115
8124 8116
8125 8117
8126 8119
8127 8118
8128 8120
8129 8121
8130 8122
8131 8123
8132 8124
8133 8125
8134 8126
8135 8127
8136 8128
8137 8129
8138 8130
8139 8131
8140 8132
8141 8133
8142 8134
8143 8135
8144 8136
8145 8137
8146 8138
8147 8139
8148 8140
8149 8141
8150 8142
8151 8143
8152 8144
8153 8145
8154 8146
8155 8147
8156 8148
8157 8150
8158 8149
8159 8151
8160 8153
8161 8152
8162 8154
8163 8156
8164 8157
8165 8158
8166 8159
8167 8161
8168 8160
8169 8162
8170 8164
8171 8163
8172 8165
8173 8167
8174 8166
8175 8168
8176 8169
8177 8170
8178 8171
8179 8172
8180 8173
8181 8174
8182 8175
8183 8176
8184 8177
8185 8178
8186 8179
8187 8180
8188 8181
8189 8182
8190 8183
8191 8184
8192 8185
8193 8186
8194 8187
8195 8188
8196 8189
8197 8190
8198 8191
8199 8192
8200 8193
8201 8194
8202 8195
8203 8196
8204 8197
8205 8198
8206 8199
8207 8200
8208 8201
8209 8202
8210 8203
8211 8204
8212 8205
8213 8206
8214 8207
8215 8208
8216 8209
8217 8210
8218 8212
8219 8211
8220 8214
8221 8213
8222 8215
8223 8216
8224 8217
8225 8218
8226 8219
8227 8221
8228 8220
8229 8223
8230 8222
8231 8225
8232 8224
8233 8226
8234 8227
8235 8228
8236 8229
8237 8230
8238 8231
8239 8232
8240 8233
8241 8234
8242 8235
8243 8236
8244 8237
8245 8239
8246 8238
8247 8240
8248 8241
8249 8242
8250 8243
8251 8244
8252 8245
8253 8246
8254 8247
8255 8248
8256 8249
8257 8251
8258 8250
8259 8252
8260 8253
8261 8254
8262 8255
8263 8256
8264 8258
8265 8257
8266 8259
8267 8260
8268 8261
8269 8262
8270 8263
8271 8265
8272 8264
8273 8267
8274 8266
8275 8268
8276 8269
8277 8270
8278 8271
8279 8272
8280 8273
8281 8274
8282 8276
8283 8275
8284 8277
8285 8278
8286 8279
8287 8280
8288 8281
8289 8282
8290 8283
8291 8284
8292 8285
8293 8286
8294 8287
8295 8288
8296 8290
8297 8289
8298 8292
8299 8291
8300 8293
8301 8294
8302 8295
8303 8297
8304 8296
8305 8298
8306 8299
8307 8301
8308 8300
8309 8302
8310 8303
8311 8304
8312 8306
8313 8305
8314 8307
8315 8308
8316 8309
8317 8310
8318 8311
8319 8312
8320 8313
8321 8314
8322 8315
8323 8316
8324 8317
8325 8318
8326 8320
8327 8319
8328 8321
8329 8322
8330 8323
8331 8325
8332 8324
8333 8326
8334 8327
8335 8328
8336 8329
8337 8330
8338 8331
8339 8332
8340 8333
8341 8335
8342 8334
8343 8336
8344 8337
8345 8338
8346 8339
8347 8340
8348 8341
8349 8342
8350 8343
8351 8344
8352 8345
8353 8346
8354 8347
8355 8349
8356 8348
8357 8351
8358 8350
8359 8352
8360 8353
8361 8354
8362 8355
8363 8357
8364 8356
8365 8358
8366 8360
8367 8359
8368 8361
8369 8362
8370 8363
8371 8365
8372 8364
8373 8367
8374 8368
8375 8369
8376 8371
8377 8370
8378 8372
8379 8373
8380 8374
8381 8375
8382 8376
8383 8378
8384 8377
8385 8379
8386 8380
8387 8381
8388 8382
8389 8383
8390 8384
8391 8385
8392 8386
8393 8387
8394 8388
8395 8389
8396 8390
8397 8391
8398 8392
8399 8393
8400 8394
8401 8395
8402 8396
8403 8397
8404 8398
8405 8399
8406 8400
8407 8401
8408 8402
8409 8403
8410 8404
8411 8405
8412 8406
8413 8407
8414 8408
8415 8409
8416 8410
8417 8411
8418 8412
8419 8413
8420 8414
8421 8415
8422 8416
8423 8417
8424 8418
8425 8419
8426 8420
8427 8421
8428 8422
8429 8423
8430 8424
8431 8425
8432 8426
8433 8427
8434 8428
8435 8429
8436 8430
8437 8432
8438 8431
8439 8433
8440 8434
8441 8436
8442 8435
8443 8437
8444 8438
8445 8440
8446 8439
8447 8441
8448 8442
8449 8443
8450 8444
8451 8446
8452 8445
8453 8447
8454 8448
8455 8449
8456 8450
8457 8451
8458 8452
8459 8453
8460 8454
8461 8455
8462 8457
8463 8458
8464 8456
8465 8459
8466 8460
8467 8461
8468 8462
8469 8463
8470 8464
8471 8465
8472 8466
8473 8467
8474 8468
8475 8469
8476 8470
8477 8471
8478 8472
8479 8473
8480 8474
8481 8475
8482 8476
8483 8477
8484 8478
8485 8479
8486 8480
8487 8481
8488 8482
8489 8483
8490 8484
8491 8485
8492 8486
8493 8488
8494 8487
8495 8489
8496 8490
8497 8491
8498 8492
8499 8493
8500 8494
8501 8495
8502 8496
8503 8497
8504 8498
8505 8499
8506 8500
8507 8502
8508 8501
8509 8503
8510 8504
8511 8505
8512 8506
8513 8507
8514 8508
8515 8509
8516 8512
8517 8513
8518 8514
8519 8516
8520 8515
8521 8517
8522 8518
8523 8519
8524 8520
8525 8521
8526 8522
8527 8523
8528 8524
8529 8525
8530 8526
8531 8527
8532 8528
8533 8529
8534 8530
8535 8531
8536 8532
8537 8533
8538 8534
8539 8535
8540 8536
8541 8537
8542 8538
8543 8539
8544 8540
8545 8541
8546 8542
8547 8543
8548 8544
8549 8546
8550 8545
8551 8547
8552 8548
8553 8550
8554 8549
8555 8551
8556 8553
8557 8552
8558 8554
8559 8555
8560 8556
8561 8557
8562 8558
8563 8559
8564 8560
8565 8561
8566 8562
8567 8563
8568 8564
8569 8565
8570 8566
8571 8567
8572 8568
8573 8569
8574 8570
8575 8571
8576 8572
8577 8573
8578 8574
8579 8575
8580 8577
8581 8576
8582 8578
8583 8579
8584 8580
8585 8581
8586 8582
8587 8583
8588 8584
8589 8585
8590 8586
8591 8587
8592 8588
8593 8589
8594 8590
8595 8591
8596 8592
8597 8593
8598 8594
8599 8596
8600 8595
8601 8597
8602 8598
8603 8599
8604 8600
8605 8601
8606 8602
8607 8603
8608 8604
8609 8605
8610 8606
8611 8607
8612 8608
8613 8609
8614 8610
8615 8612
8616 8613
8617 8614
8618 8615
8619 8616
8620 8617
8621 8619
8622 8618
8623 8620
8624 8621
8625 8622
8626 8623
8627 8624
8628 8625
8629 8626
8630 8627
8631 8628
8632 8629
8633 8630
8634 8631
8635 8632
8636 8633
8637 8634
8638 8635
8639 8636
8640 8637
8641 8638
8642 8639
8643 8641
8644 8640
8645 8642
8646 8643
8647 8644
8648 8645
8649 8646
8650 8647
8651 8648
8652 8649
8653 8650
8654 8651
8655 8652
8656 8654
8657 8653
8658 8655
8659 8656
8660 8657
8661 8659
8662 8658
8663 8660
8664 8661
8665 8662
8666 8663
8667 8664
8668 8665
8669 8666
8670 8667
8671 8668
8672 8669
8673 8670
8674 8671
8675 8672
8676 8673
8677 8674
8678 8675
8679 8676
8680 8677
8681 8679
8682 8678
8683 8680
8684 8681
8685 8682
8686 8683
8687 8684
8688 8685
8689 8686
8690 8687
8691 8688
8692 8689
8693 8690
8694 8692
8695 8691
8696 8693
8697 8694
8698 8695
8699 8696
8700 8697
8701 8698
8702 8699
8703 8700
8704 8701
8705 8702
8706 8703
8707 8704
8708 8705
8709 8706
8710 8707
8711 8708
8712 8709
8713 8710
8714 8711
8715 8712
8716 8713
8717 8714
8718 8715
8719 8716
8720 8717
8721 8718
8722 8719
8723 8721
8724 8720
8725 8722
8726 8723
8727 8724
8728 8726
8729 8725
8730 8727
8731 8728
8732 8729
8733 8730
8734 8731
8735 8732
8736 8734
8737 8733
8738 8735
8739 8736
8740 8737
8741 8738
8742 8739
8743 8740
8744 8741
8745 8742
8746 8744
8747 8743
8748 8745
8749 8746
8750 8747
8751 8748
8752 8749
8753 8750
8754 8751
8755 8752
8756 8754
8757 8753
8758 8755
8759 8756
8760 8757
8761 8758
8762 8759
8763 8761
8764 8760
8765 8762
8766 8764
8767 8763
8768 8765
8769 8766
8770 8767
8771 8768
8772 8769
8773 8770
8774 8771
8775 8772
8776 8773
8777 8774
8778 8775
8779 8776
8780 8778
8781 8777
8782 8779
8783 8780
8784 8781
8785 8782
8786 8783
8787 8784
8788 8785
8789 8786
8790 8787
8791 8788
8792 8789
8793 8791
8794 8790
8795 8792
8796 8793
8797 8795
8798 8794
8799 8796
8800 8797
8801 8798
8802 8799
8803 8800
8804 8801
8805 8802
8806 8803
8807 8804
8808 8806
8809 8805
8810 8807
8811 8808
8812 8809
8813 8810
8814 8811
8815 8812
8816 8814
8817 8813
8818 8815
8819 8816
8820 8817
8821 8819
8822 8818
8823 8820
8824 8821
8825 8822
8826 8823
8827 8825
8828 8826
8829 8827
8830 8828
8831 8829
8832 8830
8833 8831
8834 8832
8835 8833
8836 8834
8837 8835
8838 8837
8839 8836
8840 8838
8841 8839
8842 8840
8843 8841
8844 8842
8845 8843
8846 8844
8847 8845
8848 8846
8849 8847
8850 8848
8851 8850
8852 8849
8853 8852
8854 8851
8855 8853
8856 8854
8857 8855
8858 8856
8859 8858
8860 8857
8861 8859
8862 8860
8863 8861
8864 8862
8865 8863
8866 8864
8867 8865
8868 8866
8869 8867
8870 8868
8871 8869
8872 8870
8873 8872
8874 8871
8875 8873
8876 8874
8877 8875
8878 8876
8879 8877
8880 8878
8881 8879
8882 8880
8883 8881
8884 8882
8885 8883
8886 8884
8887 8885
8888 8886
8889 8887
8890 8888
8891 8889
8892 8890
8893 8891
8894 8892
8895 8893
8896 8894
8897 8895
8898 8896
8899 8897
8900 8898
8901 8900
8902 8899
8903 8901
8904 8902
8905 8903
8906 8904
8907 8905
8908 8906
8909 8907
8910 8908
8911 8909
8912 8910
8913 8911
8914 8912
8915 8913
8916 8914
8917 8916
8918 8915
8919 8917
8920 8918
8921 8919
8922 8920
8923 8921
8924 8922
8925 8923
8926 8924
8927 8925
8928 8926
8929 8927
8930 8928
8931 8929
8932 8930
8933 8931
8934 8932
8935 8933
8936 8934
8937 8935
8938 8936
8939 8937
8940 8938
8941 8939
8942 8940
8943 8941
8944 8942
8945 8943
8946 8944
8947 8945
8948 8946
8949 8947
8950 8948
8951 8949
8952 8950
8953 8951
8954 8952
8955 8953
8956 8954
8957 8955
8958 8956
8959 8957
8960 8958
8961 8959
8962 8960
8963 8961
8964 8963
8965 8962
8966 8965
8967 8964
8968 8966
8969 8967
8970 8968
8971 8970
8972 8969
8973 8971
8974 8972
8975 8973
8976 8974
8977 8975
8978 8976
8979 8977
8980 8978
8981 8979
8982 8980
8983 8982
8984 8984
8985 8983
8986 8985
8987 8986
8988 8987
8989 8988
8990 8989
8991 8990
8992 8991
8993 8992
8994 8993
8995 8994
8996 8995
8997 8996
8998 8997
8999 8998
9000 8999
9001 9000
9002 9002
9003 9001
9004 9003
9005 9004
9006 9005
9007 9006
9008 9007
9009 9008
9010 9009
9011 9010
9012 9011
9013 9012
9014 9013
9015 9014
9016 9015
9017 9016
9018 9017
9019 9018
9020 9020
9021 9019
9022 9021
9023 9022
9024 9023
9025 9024
9026 9025
9027 9026
9028 9027
9029 9028
9030 9029
9031 9030
9032 9031
9033 9032
9034 9033
9035 9034
9036 9035
9037 9036
9038 9037
9039 9039
9040 9038
9041 9040
9042 9041
9043 9043
9044 9042
9045 9044
9046 9045
9047 9046
9048 9047
9049 9048
9050 9049
9051 9050
9052 9051
9053 9052
9054 9053
9055 9054
9056 9055
9057 9056
9058 9057
9059 9058
9060 9059
9061 9060
9062 9061
9063 9062
9064 9063
9065 9064
9066 9065
9067 9066
9068 9067
9069 9068
9070 9069
9071 9071
9072 9070
9073 9072
9074 9073
9075 9074
9076 9075
9077 9076
9078 9077
9079 9078
9080 9079
9081 9080
9082 9081
9083 9082
9084 9083
9085 9084
9086 9085
9087 9086
9088 9087
9089 9088
9090 9090
9091 9089
9092 9091
9093 9092
9094 9093
9095 9094
9096 9095
9097 9096
9098 9097
9099 9098
9100 9099
9101 9100
9102 9101
9103 9102
9104 9103
9105 9104
9106 9105
9107 9106
9108 9108
9109 9109
9110 9107
9111 9110
9112 9111
9113 9112
9114 9113
9115 9114
9116 9115
9117 9116
9118 9117
9119 9118
9120 9119
9121 9120
9122 9121
9123 9122
9124 9123
9125 9124
9126 9126
9127 9125
9128 9127
9129 9128
9130 9129
9131 9130
9132 9131
9133 9133
9134 9132
9135 9134
9136 9135
9137 9136
9138 9137
9139 9138
9140 9139
9141 9140
9142 9141
9143 9142
9144 9143
9145 9144
9146 9145
9147 9146
9148 9147
9149 9148
9150 9149
9151 9150
9152 9151
9153 9152
9154 9154
9155 9153
9156 9155
9157 9156
9158 9158
9159 9157
9160 9159
9161 9160
9162 9161
9163 9163
9164 9162
9165 9164
9166 9165
9167 9166
9168 9167
9169 9168
9170 9169
9171 9170
9172 9171
9173 9172
9174 9173
9175 9174
9176 9175
9177 9176
9178 9177
9179 9178
9180 9179
9181 9180
9182 9181
9183 9182
9184 9183
9185 9184
9186 9185
9187 9186
9188 9187
9189 9188
9190 9189
9191 9190
9192 9191
9193 9192
9194 9193
9195 9194
9196 9195
9197 9196
9198 9198
9199 9197
9200 9199
9201 9200
9202 9201
9203 9202
9204 9203
9205 9204
9206 9205
9207 9206
9208 9207
9209 9208
9210 9209
9211 9210
9212 9211
9213 9212
9214 9213
9215 9214
9216 9215
9217 9216
9218 9217
9219 9218
9220 9219
9221 9220
9222 9221
9223 9222
9224 9224
9225 9223
9226 9225
9227 9226
9228 9227
9229 9228
9230 9229
9231 9230
9232 9231
9233 9232
9234 9233
9235 9235
9236 9234
9237 9236
9238 9237
9239 9238
9240 9239
9241 9240
9242 9241
9243 9242
9244 9243
9245 9244
9246 9245
9247 9246
9248 9247
9249 9248
9250 9249
9251 9250
9252 9251
9253 9252
9254 9253
9255 9254
9256 9255
9257 9256
9258 9257
9259 9258
9260 9259
9261 9260
9262 9261
9263 9262
9264 9263
9265 9264
9266 9266
9267 9265
9268 9267
9269 9268
9270 9270
9271 9271
9272 9272
9273 9273
9274 9274
9275 9276
9276 9275
9277 9278
9278 9277
9279 9279
9280 9280
9281 9281
9282 9282
9283 9283
9284 9284
9285 9285
9286 9286
9287 9287
9288 9288
9289 9290
9290 9289
9291 9291
9292 9292
9293 9293
9294 9294
9295 9295
9296 9296
9297 9297
9298 9298
9299 9299
9300 9300
9301 9301
9302 9302
9303 9303
9304 9304
9305 9305
9306 9306
9307 9307
9308 9308
9309 9309
9310 9310
9311 9311
9312 9312
9313 9313
9314 9314
9315 9315
9316 9316
9317 9317
9318 9318
9319 9319
9320 9320
9321 9321
9322 9322
9323 9323
9324 9324
9325 9325
9326 9326
9327 9327
9328 9329
9329 9328
9330 9330
9331 9331
9332 9332
9333 9333
9334 9334
9335 9335
9336 9336
9337 9337
9338 9338
9339 9339
9340 9340
9341 9341
9342 9342
9343 9343
9344 9344
9345 9345
9346 9346
9347 9347
9348 9348
9349 9349
9350 9350
9351 9351
9352 9352
9353 9353
9354 9354
9355 9355
9356 9356
9357 9357
9358 9359
9359 9358
9360 9360
9361 9361
9362 9362
9363 9363
9364 9364
9365 9365
9366 9366
9367 9367
