0 0
1 1
2 113
3 70
4 2
5 3
6 4
7 5
8 6538
9 6537
10 2808
11 6
12 7
13 8
14 9
15 10
16 11
17 12
18 15
19 14
20 13
21 16
22 17
23 18
24 19
25 21
26 20
27 22
28 23
29 25
30 24
31 26
32 27
33 29
34 28
35 30
36 31
37 413
38 33
39 32
40 34
41 36
42 35
43 38
44 37
45 39
46 40
47 41
48 42
49 43
50 44
51 46
52 45
53 47
54 48
55 49
56 50
57 51
58 52
59 53
60 1849
61 54
62 55
63 56
64 57
65 58
66 59
67 60
68 61
69 62
70 63
71 64
72 65
73 66
74 67
75 68
76 69
77 8487
78 3815
79 2644
80 2265
81 1737
82 1038
83 688
84 687
85 686
86 560
87 71
88 72
89 74
90 73
91 7461
92 7432
93 7431
94 7430
95 7390
96 4798
97 3432
98 127
99 75
100 76
101 77
102 78
103 79
104 80
105 3104
106 81
107 83
108 82
109 84
110 85
111 86
112 87
113 88
114 93
115 92
116 91
117 90
118 89
119 94
120 99
121 98
122 97
123 96
124 95
125 1713
126 674
127 403
128 100
129 101
130 102
131 103
132 104
133 105
134 106
135 107
136 109
137 108
138 110
139 111
140 112
141 114
142 115
143 116
144 117
145 118
146 2748
147 119
148 120
149 121
150 122
151 124
152 123
153 125
154 126
155 128
156 129
157 130
158 131
159 2637
160 132
161 135
162 134
163 133
164 136
165 138
166 137
167 139
168 141
169 140
170 142
171 149
172 148
173 147
174 146
175 145
176 143
177 144
178 150
179 151
180 152
181 153
182 1757
183 154
184 155
185 156
186 158
187 157
188 252
189 1317
190 582
191 159
192 160
193 161
194 162
195 163
196 164
197 165
198 166
199 167
200 168
201 171
202 170
203 169
204 173
205 172
206 174
207 175
208 176
209 177
210 178
211 179
212 1310
213 911
214 577
215 180
216 181
217 1070
218 1069
219 1068
220 1067
221 1066
222 902
223 182
224 185
225 184
226 183
227 186
228 190
229 189
230 188
231 187
232 2081
233 191
234 192
235 195
236 194
237 193
238 196
239 197
240 198
241 6805
242 3528
243 199
244 200
245 201
246 202
247 203
248 204
249 206
250 205
251 207
252 208
253 209
254 210
255 211
256 212
257 213
258 214
259 215
260 216
261 217
262 218
263 5530
264 2208
265 219
266 220
267 221
268 222
269 223
270 224
271 225
272 226
273 227
274 228
275 229
276 230
277 231
278 9023
279 315
280 232
281 234
282 233
283 2064
284 3560
285 1987
286 501
287 422
288 235
289 236
290 237
291 238
292 239
293 240
294 241
295 242
296 244
297 243
298 245
299 246
300 247
301 248
302 249
303 250
304 251
305 708
306 253
307 254
308 255
309 256
310 257
311 258
312 259
313 260
314 6725
315 2522
316 261
317 262
318 263
319 264
320 265
321 266
322 267
323 268
324 269
325 270
326 271
327 8500
328 1615
329 1614
330 1613
331 1612
332 1611
333 1610
334 1609
335 1608
336 1607
337 1606
338 796
339 439
340 384
341 272
342 273
343 274
344 275
345 276
346 277
347 278
348 280
349 279
350 281
351 282
352 434
353 283
354 284
355 285
356 286
357 287
358 288
359 289
360 291
361 290
362 292
363 293
364 294
365 295
366 296
367 297
368 298
369 300
370 299
371 301
372 302
373 307
374 306
375 305
376 304
377 303
378 308
379 309
380 310
381 312
382 311
383 313
384 314
385 316
386 317
387 319
388 318
389 320
390 321
391 322
392 323
393 324
394 2253
395 2180
396 325
397 326
398 327
399 328
400 329
401 331
402 330
403 332
404 333
405 334
406 335
407 336
408 338
409 337
410 339
411 340
412 341
413 342
414 343
415 346
416 345
417 344
418 348
419 347
420 349
421 350
422 351
423 352
424 353
425 354
426 355
427 356
428 3083
429 357
430 358
431 359
432 360
433 361
434 362
435 363
436 364
437 365
438 366
439 367
440 368
441 369
442 371
443 370
444 372
445 373
446 374
447 376
448 375
449 377
450 378
451 379
452 380
453 381
454 382
455 385
456 383
457 386
458 387
459 388
460 389
461 390
462 391
463 392
464 393
465 394
466 395
467 396
468 397
469 401
470 400
471 399
472 398
473 402
474 404
475 405
476 406
477 407
478 408
479 410
480 409
481 411
482 412
483 414
484 415
485 416
486 417
487 418
488 419
489 420
490 421
491 6664
492 4152
493 423
494 424
495 425
496 426
497 427
498 1867
499 428
500 429
501 430
502 431
503 432
504 435
505 433
506 2692
507 436
508 437
509 441
510 440
511 438
512 442
513 445
514 444
515 443
516 6994
517 446
518 447
519 448
520 449
521 450
522 451
523 452
524 453
525 454
526 455
527 456
528 457
529 459
530 458
531 611
532 610
533 609
534 460
535 461
536 462
537 463
538 464
539 465
540 466
541 467
542 469
543 468
544 470
545 471
546 472
547 473
548 474
549 475
550 476
551 477
552 1855
553 1854
554 1853
555 1852
556 1851
557 744
558 478
559 479
560 480
561 481
562 483
563 482
564 484
565 485
566 487
567 486
568 488
569 489
570 490
571 491
572 492
573 496
574 495
575 494
576 493
577 497
578 498
579 499
580 500
581 502
582 503
583 3342
584 3341
585 504
586 505
587 506
588 507
589 508
590 509
591 510
592 511
593 9174
594 512
595 513
596 517
597 516
598 515
599 514
600 518
601 519
602 520
603 521
604 522
605 523
606 524
607 525
608 526
609 527
610 528
611 529
612 530
613 535
614 534
615 533
616 532
617 531
618 536
619 537
620 538
621 539
622 540
623 541
624 542
625 543
626 544
627 545
628 546
629 547
630 548
631 550
632 549
633 1402
634 552
635 551
636 553
637 554
638 555
639 556
640 558
641 557
642 559
643 561
644 562
645 563
646 565
647 564
648 566
649 567
650 568
651 569
652 570
653 571
654 572
655 573
656 574
657 575
658 576
659 625
660 578
661 580
662 579
663 7749
664 834
665 581
666 7495
667 2346
668 1762
669 583
670 584
671 585
672 586
673 587
674 588
675 589
676 590
677 591
678 8142
679 1015
680 592
681 593
682 594
683 595
684 596
685 597
686 598
687 599
688 601
689 600
690 3602
691 3601
692 3600
693 816
694 602
695 603
696 606
697 605
698 604
699 607
700 608
701 612
702 614
703 613
704 615
705 616
706 617
707 618
708 619
709 620
710 621
711 622
712 623
713 624
714 626
715 627
716 628
717 629
718 630
719 631
720 632
721 633
722 634
723 636
724 635
725 637
726 638
727 639
728 640
729 641
730 642
731 643
732 645
733 644
734 7127
735 646
736 647
737 648
738 649
739 650
740 651
741 652
742 653
743 655
744 654
745 656
746 657
747 658
748 659
749 660
750 661
751 5064
752 662
753 663
754 665
755 664
756 666
757 667
758 668
759 669
760 670
761 671
762 8255
763 8254
764 8253
765 8252
766 3810
767 1403
768 672
769 673
770 677
771 676
772 675
773 5333
774 3108
775 2935
776 2934
777 678
778 679
779 680
780 681
781 682
782 684
783 683
784 685
785 689
786 691
787 690
788 692
789 693
790 694
791 695
792 696
793 697
794 698
795 699
796 700
797 701
798 702
799 703
800 704
801 705
802 706
803 769
804 707
805 6846
806 709
807 710
808 711
809 712
810 713
811 714
812 715
813 716
814 718
815 717
816 719
817 720
818 721
819 722
820 723
821 724
822 725
823 726
824 727
825 728
826 729
827 730
828 731
829 732
830 733
831 4252
832 4251
833 4250
834 2083
835 1590
836 734
837 735
838 736
839 737
840 738
841 739
842 740
843 741
844 742
845 743
846 745
847 746
848 747
849 748
850 750
851 749
852 751
853 752
854 753
855 754
856 755
857 757
858 756
859 758
860 759
861 760
862 761
863 764
864 763
865 762
866 765
867 766
868 767
869 768
870 770
871 6842
872 3377
873 5380
874 771
875 772
876 773
877 774
878 775
879 776
880 777
881 778
882 779
883 780
884 781
885 782
886 783
887 784
888 786
889 785
890 788
891 787
892 789
893 791
894 790
895 792
896 793
897 794
898 795
899 4836
900 797
901 798
902 799
903 800
904 801
905 802
906 804
907 803
908 805
909 806
910 807
911 808
912 809
913 810
914 811
915 812
916 813
917 814
918 815
919 817
920 818
921 819
922 820
923 821
924 822
925 823
926 824
927 826
928 825
929 827
930 828
931 829
932 830
933 831
934 832
935 833
936 835
937 837
938 836
939 838
940 840
941 839
942 841
943 843
944 842
945 844
946 845
947 5023
948 846
949 847
950 848
951 849
952 850
953 851
954 855
955 852
956 853
957 854
958 856
959 857
960 858
961 859
962 860
963 861
964 863
965 862
966 864
967 865
968 866
969 867
970 868
971 869
972 870
973 871
974 872
975 873
976 874
977 875
978 876
979 877
980 879
981 878
982 880
983 881
984 882
985 884
986 883
987 885
988 886
989 887
990 888
991 891
992 890
993 889
994 892
995 893
996 894
997 898
998 897
999 896
1000 895
1001 8842
1002 8841
1003 8329
1004 899
1005 903
1006 901
1007 900
1008 904
1009 906
1010 905
1011 907
1012 908
1013 909
1014 910
1015 5132
1016 912
1017 913
1018 914
1019 915
1020 916
1021 917
1022 918
1023 919
1024 920
1025 921
1026 922
1027 923
1028 924
1029 925
1030 926
1031 928
1032 927
1033 929
1034 930
1035 931
1036 932
1037 933
1038 934
1039 935
1040 936
1041 937
1042 938
1043 939
1044 940
1045 941
1046 942
1047 943
1048 944
1049 945
1050 946
1051 947
1052 948
1053 949
1054 950
1055 951
1056 952
1057 953
1058 954
1059 955
1060 956
1061 957
1062 959
1063 958
1064 960
1065 961
1066 963
1067 962
1068 964
1069 965
1070 966
1071 967
1072 968
1073 969
1074 970
1075 971
1076 972
1077 973
1078 974
1079 975
1080 976
1081 977
1082 978
1083 979
1084 980
1085 981
1086 982
1087 983
1088 984
1089 985
1090 986
1091 987
1092 988
1093 989
1094 990
1095 991
1096 992
1097 993
1098 994
1099 996
1100 995
1101 4899
1102 4898
1103 4897
1104 997
1105 998
1106 999
1107 1000
1108 1001
1109 1002
1110 1003
1111 1010
1112 1009
1113 1008
1114 1007
1115 1006
1116 1005
1117 1004
1118 1011
1119 1012
1120 1013
1121 1014
1122 1016
1123 1017
1124 1018
1125 1019
1126 1020
1127 1021
1128 1022
1129 1023
1130 1024
1131 1025
1132 1026
1133 1027
1134 1028
1135 1029
1136 1030
1137 1032
1138 1031
1139 1033
1140 1034
1141 1035
1142 1036
1143 1037
1144 1039
1145 1040
1146 1041
1147 1042
1148 1043
1149 1044
1150 1045
1151 1046
1152 1047
1153 1048
1154 1049
1155 1050
1156 1051
1157 1052
1158 1053
1159 1054
1160 1055
1161 1056
1162 1057
1163 1058
1164 1059
1165 1060
1166 1061
1167 1062
1168 1063
1169 1064
1170 1065
1171 2731
1172 8744
1173 7519
1174 4137
1175 1071
1176 1072
1177 1073
1178 1074
1179 1075
1180 1076
1181 1077
1182 1078
1183 1079
1184 1080
1185 1081
1186 1082
1187 1083
1188 1084
1189 1085
1190 1086
1191 1087
1192 1088
1193 1089
1194 1090
1195 1091
1196 1092
1197 1093
1198 1095
1199 1094
1200 1096
1201 1097
1202 1098
1203 1099
1204 1100
1205 1101
1206 1102
1207 1103
1208 1104
1209 1105
1210 1106
1211 1107
1212 1108
1213 1109
1214 1112
1215 1111
1216 1110
1217 1113
1218 1114
1219 1115
1220 1116
1221 1117
1222 1118
1223 1119
1224 1120
1225 1121
1226 1122
1227 1123
1228 1124
1229 1125
1230 1126
1231 1127
1232 1128
1233 1129
1234 1130
1235 1131
1236 1132
1237 1133
1238 1134
1239 1135
1240 1136
1241 1137
1242 1138
1243 1139
1244 1140
1245 1141
1246 1142
1247 1143
1248 1144
1249 1145
1250 1146
1251 1147
1252 1148
1253 1149
1254 1150
1255 1151
1256 1152
1257 1153
1258 1154
1259 1155
1260 1156
1261 1157
1262 1158
1263 1159
1264 1160
1265 1161
1266 1162
1267 1163
1268 1164
1269 1165
1270 1166
1271 1167
1272 1168
1273 1169
1274 1170
1275 1171
1276 1172
1277 1173
1278 1175
1279 1174
1280 1176
1281 1177
1282 1178
1283 1179
1284 1180
1285 1181
1286 1182
1287 1183
1288 1184
1289 1185
1290 1186
1291 1187
1292 1188
1293 1189
1294 1190
1295 1193
1296 1192
1297 1191
1298 1194
1299 1195
1300 1196
1301 1197
1302 1198
1303 1199
1304 1200
1305 1201
1306 1202
1307 1203
1308 1204
1309 1205
1310 1206
1311 1207
1312 1208
1313 1209
1314 1210
1315 1212
1316 1211
1317 1213
1318 1214
1319 1215
1320 1216
1321 1217
1322 1218
1323 1219
1324 1220
1325 1221
1326 1222
1327 1223
1328 1224
1329 1225
1330 1226
1331 1227
1332 1228
1333 1229
1334 1230
1335 1231
1336 1232
1337 1233
1338 1234
1339 1235
1340 1236
1341 1237
1342 1238
1343 1239
1344 1240
1345 1241
1346 1242
1347 1243
1348 1244
1349 1245
1350 1246
1351 1247
1352 1248
1353 1249
1354 1250
1355 1251
1356 1252
1357 1253
1358 1254
1359 1255
1360 1256
1361 1257
1362 1258
1363 1259
1364 1260
1365 1261
1366 1262
1367 1263
1368 1264
1369 1265
1370 1266
1371 1267
1372 1268
1373 1269
1374 1270
1375 1271
1376 1272
1377 1273
1378 1274
1379 1275
1380 1276
1381 1277
1382 1278
1383 1279
1384 1280
1385 1281
1386 1282
1387 1283
1388 1284
1389 1285
1390 1286
1391 1288
1392 1287
1393 1289
1394 1290
1395 2619
1396 1901
1397 1291
1398 1292
1399 1293
1400 1294
1401 1295
1402 1296
1403 1297
1404 1298
1405 1299
1406 1300
1407 1301
1408 1302
1409 1303
1410 1306
1411 1305
1412 1304
1413 1307
1414 1308
1415 1309
1416 8184
1417 8183
1418 8182
1419 8181
1420 8180
1421 8179
1422 8178
1423 8177
1424 8176
1425 6687
1426 1311
1427 1312
1428 1315
1429 1314
1430 1313
1431 1316
1432 1318
1433 1319
1434 1320
1435 1321
1436 1322
1437 1323
1438 1324
1439 1325
1440 1326
1441 1327
1442 1328
1443 1329
1444 1331
1445 1330
1446 1332
1447 1333
1448 1334
1449 1336
1450 1335
1451 1827
1452 1337
1453 1338
1454 1339
1455 1340
1456 1342
1457 1341
1458 1343
1459 1344
1460 1345
1461 1348
1462 1347
1463 1346
1464 1349
1465 1350
1466 1351
1467 1352
1468 1353
1469 1355
1470 1354
1471 4829
1472 1356
1473 1357
1474 1358
1475 6551
1476 1359
1477 1360
1478 1362
1479 1361
1480 1363
1481 1364
1482 1367
1483 1366
1484 1365
1485 1368
1486 1369
1487 1370
1488 1371
1489 1372
1490 1373
1491 1374
1492 1375
1493 1376
1494 1377
1495 1378
1496 1379
1497 1380
1498 1381
1499 1382
1500 1383
1501 1384
1502 1385
1503 1386
1504 1387
1505 1390
1506 1389
1507 1388
1508 1391
1509 1392
1510 1393
1511 1394
1512 1395
1513 1396
1514 1397
1515 1398
1516 1399
1517 1401
1518 1400
1519 1404
1520 1405
1521 1406
1522 1407
1523 1408
1524 1409
1525 1410
1526 1411
1527 1412
1528 1413
1529 1415
1530 1414
1531 3777
1532 1416
1533 1417
1534 1418
1535 1419
1536 1420
1537 1421
1538 1422
1539 1425
1540 1424
1541 1423
1542 1426
1543 1427
1544 1428
1545 1429
1546 1430
1547 3904
1548 1431
1549 1432
1550 1433
1551 1434
1552 1435
1553 1436
1554 1437
1555 1438
1556 1439
1557 1440
1558 1441
1559 1442
1560 1443
1561 1444
1562 1445
1563 1446
1564 1447
1565 1448
1566 1449
1567 1450
1568 1451
1569 1452
1570 1453
1571 1454
1572 1455
1573 1456
1574 1458
1575 1457
1576 1578
1577 1577
1578 1576
1579 1575
1580 1459
1581 1460
1582 1461
1583 1462
1584 1463
1585 1464
1586 1469
1587 1468
1588 1467
1589 1466
1590 1465
1591 1470
1592 1471
1593 1472
1594 2875
1595 2596
1596 1532
1597 1473
1598 1474
1599 1475
1600 1476
1601 1477
1602 1478
1603 1479
1604 1480
1605 1481
1606 1482
1607 1483
1608 1484
1609 7239
1610 4968
1611 4578
1612 3699
1613 3698
1614 1485
1615 1486
1616 1487
1617 1488
1618 1489
1619 1490
1620 7596
1621 2519
1622 1491
1623 1492
1624 1497
1625 1496
1626 1495
1627 1494
1628 1493
1629 1498
1630 1499
1631 1502
1632 1500
1633 1501
1634 1503
1635 1504
1636 1505
1637 1506
1638 1507
1639 1508
1640 1509
1641 1510
1642 1511
1643 1512
1644 1513
1645 1514
1646 1515
1647 1516
1648 1518
1649 1517
1650 1519
1651 1520
1652 1521
1653 1522
1654 1523
1655 1524
1656 1525
1657 1526
1658 1527
1659 1528
1660 1529
1661 1530
1662 1531
1663 1533
1664 1534
1665 1535
1666 1536
1667 1537
1668 1538
1669 1539
1670 1541
1671 1544
1672 1543
1673 1542
1674 1540
1675 1545
1676 1547
1677 1546
1678 1548
1679 1552
1680 1551
1681 1550
1682 1549
1683 2055
1684 2054
1685 1553
1686 1554
1687 1555
1688 1556
1689 1557
1690 1558
1691 1559
1692 1560
1693 1561
1694 1562
1695 1563
1696 1564
1697 1565
1698 1566
1699 1567
1700 1568
1701 1569
1702 1570
1703 1571
1704 1573
1705 1572
1706 1574
1707 1579
1708 1580
1709 1581
1710 1582
1711 1583
1712 1584
1713 6809
1714 1585
1715 1586
1716 1587
1717 1588
1718 1589
1719 7851
1720 1591
1721 1592
1722 1593
1723 1594
1724 1595
1725 1596
1726 1597
1727 1598
1728 1599
1729 1600
1730 1601
1731 1602
1732 1603
1733 1604
1734 1605
1735 5973
1736 5784
1737 8066
1738 3724
1739 2003
1740 7347
1741 7346
1742 7345
1743 3195
1744 1695
1745 1616
1746 1617
1747 1618
1748 1619
1749 1620
1750 1621
1751 1622
1752 1623
1753 1624
1754 1625
1755 1626
1756 1627
1757 1628
1758 1629
1759 1631
1760 1630
1761 1632
1762 1633
1763 1634
1764 1635
1765 1636
1766 1637
1767 1638
1768 1639
1769 1640
1770 1641
1771 1642
1772 1643
1773 1644
1774 1645
1775 1646
1776 1647
1777 1648
1778 1649
1779 1650
1780 1651
1781 1652
1782 1653
1783 1654
1784 1655
1785 1656
1786 1657
1787 1658
1788 1659
1789 1660
1790 1661
1791 1662
1792 1663
1793 1664
1794 1665
1795 1666
1796 1667
1797 1668
1798 1669
1799 1670
1800 1671
1801 1672
1802 1673
1803 1674
1804 1675
1805 1676
1806 1677
1807 1678
1808 1679
1809 1680
1810 1681
1811 1682
1812 1683
1813 1684
1814 1685
1815 1686
1816 1687
1817 1688
1818 1690
1819 1689
1820 1691
1821 1692
1822 1693
1823 1694
1824 1696
1825 1697
1826 1698
1827 1699
1828 1700
1829 1701
1830 1702
1831 1703
1832 1704
1833 1705
1834 1707
1835 1706
1836 1708
1837 1709
1838 1710
1839 1711
1840 1712
1841 1714
1842 1716
1843 1715
1844 1717
1845 1720
1846 1719
1847 1718
1848 1721
1849 1722
1850 1723
1851 1724
1852 1725
1853 1726
1854 4752
1855 1727
1856 1728
1857 1729
1858 1730
1859 1732
1860 1731
1861 1777
1862 1733
1863 1734
1864 1735
1865 1736
1866 1738
1867 1739
1868 1740
1869 1741
1870 1742
1871 1743
1872 1744
1873 1745
1874 1746
1875 1749
1876 1748
1877 1747
1878 1750
1879 1751
1880 1752
1881 1755
1882 1754
1883 1753
1884 1756
1885 1758
1886 1759
1887 1760
1888 1761
1889 1763
1890 1764
1891 1765
1892 1768
1893 1767
1894 1766
1895 1769
1896 1770
1897 1771
1898 1772
1899 1773
1900 1774
1901 1775
1902 1776
1903 1778
1904 1779
1905 1780
1906 1781
1907 1782
1908 1783
1909 1784
1910 1785
1911 1786
1912 1787
1913 1788
1914 1789
1915 1790
1916 1791
1917 1792
1918 1793
1919 1794
1920 1796
1921 1795
1922 1797
1923 1798
1924 1799
1925 1800
1926 1801
1927 1802
1928 1803
1929 1804
1930 1807
1931 1806
1932 1805
1933 1808
1934 1809
1935 1810
1936 1812
1937 1811
1938 7958
1939 1813
1940 1814
1941 1815
1942 1816
1943 1817
1944 1818
1945 1819
1946 1820
1947 1821
1948 1823
1949 1822
1950 1824
1951 1825
1952 1826
1953 1828
1954 1829
1955 1830
1956 1831
1957 1832
1958 1833
1959 1834
1960 1835
1961 1836
1962 1837
1963 1838
1964 1839
1965 1840
1966 1841
1967 3593
1968 3061
1969 1931
1970 1842
1971 1843
1972 1844
1973 1845
1974 1846
1975 1847
1976 1848
1977 1850
1978 1856
1979 1857
1980 1858
1981 1859
1982 1860
1983 1862
1984 1861
1985 1863
1986 1864
1987 1865
1988 1866
1989 1868
1990 1869
1991 1870
1992 3653
1993 1871
1994 1872
1995 8989
1996 1873
1997 1874
1998 1875
1999 1876
2000 4881
2001 4879
2002 4379
2003 3776
2004 3775
2005 3774
2006 3773
2007 3743
2008 3621
2009 3042
2010 2642
2011 2400
2012 2374
2013 1899
2014 1898
2015 1877
2016 1878
2017 1879
2018 1880
2019 1881
2020 1883
2021 1882
2022 1884
2023 1885
2024 1886
2025 1887
2026 1888
2027 1889
2028 1891
2029 1890
2030 1892
2031 1893
2032 1894
2033 1895
2034 1896
2035 1897
2036 1900
2037 1902
2038 1903
2039 1904
2040 1905
2041 1906
2042 1907
2043 1908
2044 1909
2045 1911
2046 1910
2047 1912
2048 1913
2049 1914
2050 1916
2051 1915
2052 1917
2053 1918
2054 1919
2055 1920
2056 1921
2057 1922
2058 1923
2059 1924
2060 1925
2061 1926
2062 1927
2063 1928
2064 1929
2065 1930
2066 1932
2067 1933
2068 1934
2069 1935
2070 1936
2071 1937
2072 1938
2073 1939
2074 1940
2075 1941
2076 1942
2077 1943
2078 1944
2079 1945
2080 1946
2081 1947
2082 1948
2083 1949
2084 1950
2085 1951
2086 1952
2087 1953
2088 1954
2089 1955
2090 1957
2091 1956
2092 1958
2093 1959
2094 1960
2095 1961
2096 1962
2097 1963
2098 1965
2099 1964
2100 1966
2101 1967
2102 4361
2103 4360
2104 4359
2105 4358
2106 1969
2107 1968
2108 1970
2109 1971
2110 7594
2111 7593
2112 7592
2113 7591
2114 1972
2115 1973
2116 1974
2117 1975
2118 1976
2119 1977
2120 2330
2121 2329
2122 1978
2123 1979
2124 1980
2125 1981
2126 1982
2127 1985
2128 1984
2129 1983
2130 1986
2131 1988
2132 1989
2133 1990
2134 1991
2135 1992
2136 1993
2137 1995
2138 1994
2139 1996
2140 1997
2141 1998
2142 1999
2143 2000
2144 2001
2145 2002
2146 2004
2147 2005
2148 6321
2149 6320
2150 2006
2151 2007
2152 2008
2153 2010
2154 2009
2155 2011
2156 2012
2157 2013
2158 2016
2159 2015
2160 2014
2161 2017
2162 2018
2163 2019
2164 2020
2165 2021
2166 2022
2167 2023
2168 2024
2169 2025
2170 2026
2171 2027
2172 2028
2173 2029
2174 2030
2175 2031
2176 2032
2177 2034
2178 2033
2179 2035
2180 2036
2181 2037
2182 2038
2183 2040
2184 2039
2185 2041
2186 2042
2187 2043
2188 2044
2189 2045
2190 2047
2191 2046
2192 2048
2193 2050
2194 2049
2195 2051
2196 2052
2197 2053
2198 2491
2199 2056
2200 2057
2201 2058
2202 2059
2203 2060
2204 2061
2205 7900
2206 7725
2207 2062
2208 2063
2209 2065
2210 2066
2211 2067
2212 2068
2213 2069
2214 2070
2215 2071
2216 2072
2217 2073
2218 2074
2219 2075
2220 2076
2221 2077
2222 2078
2223 2079
2224 2080
2225 3419
2226 2082
2227 2084
2228 2088
2229 2087
2230 2086
2231 2085
2232 5880
2233 2089
2234 2090
2235 2091
2236 2092
2237 2093
2238 2094
2239 2095
2240 2096
2241 2098
2242 2097
2243 2126
2244 2099
2245 2100
2246 2101
2247 2103
2248 2102
2249 4345
2250 4344
2251 2104
2252 2105
2253 2106
2254 2107
2255 2108
2256 2109
2257 2110
2258 2111
2259 2112
2260 2113
2261 2114
2262 2115
2263 2116
2264 2117
2265 2118
2266 2119
2267 2120
2268 2121
2269 2122
2270 2123
2271 2124
2272 2125
2273 2127
2274 2128
2275 2129
2276 2130
2277 2131
2278 2132
2279 2133
2280 2134
2281 2135
2282 2136
2283 2137
2284 2138
2285 2139
2286 2140
2287 2141
2288 2142
2289 2143
2290 2144
2291 2145
2292 2146
2293 2147
2294 2148
2295 2149
2296 2150
2297 2151
2298 2152
2299 2153
2300 2154
2301 2155
2302 2156
2303 2157
2304 2158
2305 2159
2306 2160
2307 2161
2308 2162
2309 2163
2310 2164
2311 2165
2312 2166
2313 2167
2314 2168
2315 2169
2316 2170
2317 2171
2318 2172
2319 2173
2320 2174
2321 2175
2322 2176
2323 2177
2324 2670
2325 2178
2326 2179
2327 2362
2328 2181
2329 2182
2330 2183
2331 2184
2332 2185
2333 2186
2334 2187
2335 2188
2336 2189
2337 2190
2338 2191
2339 2192
2340 2193
2341 2194
2342 2195
2343 2197
2344 2196
2345 2198
2346 2199
2347 2200
2348 2201
2349 2202
2350 2203
2351 2204
2352 2205
2353 2206
2354 2207
2355 2209
2356 2210
2357 2211
2358 2212
2359 2213
2360 2214
2361 2215
2362 2216
2363 2217
2364 2218
2365 2223
2366 2222
2367 2221
2368 2220
2369 2219
2370 2224
2371 2225
2372 2227
2373 2226
2374 2228
2375 2229
2376 2231
2377 2230
2378 2232
2379 2233
2380 2235
2381 2234
2382 6816
2383 2236
2384 2237
2385 2238
2386 2239
2387 2240
2388 2241
2389 2242
2390 2243
2391 7733
2392 2244
2393 2246
2394 2245
2395 2247
2396 2248
2397 2249
2398 2250
2399 2251
2400 2252
2401 2254
2402 2255
2403 2256
2404 2257
2405 2258
2406 2259
2407 2260
2408 2261
2409 2262
2410 2263
2411 2264
2412 2266
2413 2267
2414 6211
2415 3654
2416 2268
2417 2269
2418 2270
2419 2271
2420 2272
2421 2273
2422 2274
2423 2275
2424 2276
2425 2277
2426 2278
2427 2279
2428 2280
2429 2281
2430 2282
2431 2283
2432 2284
2433 2285
2434 5816
2435 2286
2436 2287
2437 2288
2438 2290
2439 2289
2440 2291
2441 2292
2442 2293
2443 2294
2444 2295
2445 2296
2446 2297
2447 2298
2448 2299
2449 2301
2450 2300
2451 2302
2452 2303
2453 2304
2454 2305
2455 2307
2456 2306
2457 2308
2458 2309
2459 2310
2460 2312
2461 2311
2462 2313
2463 2314
2464 2315
2465 2316
2466 2317
2467 2318
2468 2319
2469 2320
2470 2321
2471 2322
2472 2323
2473 2325
2474 2324
2475 2326
2476 2327
2477 2328
2478 2345
2479 2331
2480 2332
2481 2333
2482 2334
2483 2335
2484 2336
2485 2338
2486 2337
2487 2339
2488 2340
2489 2341
2490 2342
2491 2343
2492 2344
2493 2347
2494 2348
2495 2349
2496 2350
2497 2351
2498 2352
2499 2353
2500 2354
2501 2355
2502 2356
2503 2357
2504 2358
2505 6507
2506 5324
2507 2359
2508 2361
2509 2360
2510 2363
2511 2364
2512 2365
2513 2366
2514 2367
2515 2368
2516 2369
2517 2371
2518 2370
2519 2372
2520 2373
2521 2376
2522 2375
2523 2377
2524 2378
2525 2379
2526 2380
2527 2381
2528 2382
2529 2383
2530 2384
2531 2385
2532 2386
2533 2387
2534 2388
2535 2389
2536 2390
2537 2391
2538 2392
2539 2393
2540 2394
2541 2395
2542 2396
2543 2397
2544 2398
2545 2399
2546 2401
2547 2402
2548 2403
2549 2404
2550 2405
2551 2406
2552 2407
2553 2408
2554 2409
2555 2411
2556 2412
2557 2410
2558 2413
2559 2414
2560 2415
2561 2416
2562 2417
2563 2418
2564 2419
2565 2420
2566 2421
2567 2422
2568 2423
2569 2424
2570 2425
2571 2426
2572 2427
2573 2428
2574 2429
2575 2430
2576 2431
2577 2439
2578 2438
2579 2437
2580 2436
2581 2435
2582 2434
2583 2433
2584 2432
2585 2440
2586 2441
2587 2442
2588 2443
2589 2444
2590 2446
2591 2445
2592 2447
2593 2448
2594 2449
2595 2450
2596 2451
2597 2452
2598 2453
2599 2454
2600 2455
2601 2456
2602 2457
2603 2458
2604 2459
2605 2460
2606 2461
2607 2462
2608 2463
2609 2464
2610 2465
2611 2466
2612 2469
2613 2468
2614 2467
2615 2470
2616 2471
2617 2472
2618 2473
2619 2474
2620 2475
2621 2476
2622 2477
2623 2478
2624 2479
2625 2480
2626 2481
2627 2482
2628 2483
2629 7411
2630 7410
2631 4150
2632 2484
2633 2485
2634 2486
2635 2487
2636 2488
2637 2489
2638 2490
2639 2492
2640 2493
2641 2494
2642 2495
2643 2496
2644 2497
2645 2498
2646 2499
2647 2500
2648 2501
2649 2502
2650 2503
2651 2504
2652 2505
2653 2506
2654 2507
2655 2508
2656 2509
2657 2510
2658 2511
2659 2512
2660 2513
2661 2514
2662 2515
2663 2516
2664 2517
2665 2518
2666 2520
2667 2521
2668 2524
2669 2523
2670 2525
2671 2526
2672 2528
2673 3364
2674 2783
2675 2576
2676 2530
2677 2529
2678 2527
2679 2531
2680 2532
2681 2533
2682 2534
2683 2535
2684 2536
2685 2537
2686 2538
2687 2539
2688 2540
2689 2541
2690 2542
2691 2543
2692 2544
2693 2545
2694 2546
2695 2548
2696 2547
2697 2549
2698 2550
2699 2551
2700 2552
2701 2553
2702 2554
2703 2555
2704 2556
2705 2557
2706 2558
2707 2559
2708 2560
2709 2561
2710 2562
2711 2563
2712 2564
2713 2566
2714 2565
2715 2567
2716 2568
2717 2569
2718 2570
2719 2571
2720 2572
2721 2573
2722 2574
2723 2575
2724 2577
2725 2578
2726 2579
2727 2580
2728 2581
2729 2582
2730 2583
2731 2584
2732 2585
2733 2586
2734 2587
2735 2588
2736 2589
2737 2590
2738 2591
2739 2592
2740 2593
2741 2594
2742 2595
2743 2597
2744 2598
2745 2599
2746 2600
2747 2601
2748 2602
2749 2603
2750 2604
2751 2605
2752 2606
2753 2607
2754 2608
2755 2609
2756 7959
2757 2610
2758 2611
2759 2612
2760 2613
2761 2614
2762 2616
2763 2615
2764 2617
2765 2618
2766 3684
2767 3363
2768 2620
2769 2621
2770 2622
2771 2623
2772 2624
2773 2625
2774 2626
2775 2627
2776 2628
2777 2629
2778 2630
2779 2631
2780 2632
2781 2633
2782 2634
2783 2635
2784 2636
2785 2638
2786 2639
2787 2640
2788 2641
2789 2643
2790 2645
2791 2646
2792 2647
2793 2648
2794 2649
2795 2652
2796 2650
2797 2651
2798 2653
2799 2654
2800 2655
2801 2656
2802 2657
2803 2843
2804 2658
2805 2659
2806 2660
2807 2661
2808 2662
2809 2663
2810 2664
2811 2665
2812 2666
2813 2667
2814 2668
2815 2669
2816 7633
2817 4315
2818 2671
2819 2673
2820 2672
2821 2674
2822 2675
2823 2676
2824 2677
2825 2678
2826 2679
2827 2681
2828 2680
2829 3425
2830 3424
2831 3423
2832 3422
2833 2682
2834 2683
2835 2684
2836 2685
2837 2686
2838 2687
2839 6894
2840 5507
2841 2688
2842 2689
2843 2690
2844 2691
2845 2693
2846 2694
2847 2695
2848 2696
2849 2697
2850 2698
2851 2699
2852 2700
2853 2701
2854 2702
2855 2703
2856 2704
2857 2705
2858 5571
2859 2706
2860 2707
2861 7990
2862 7989
2863 7988
2864 7891
2865 2708
2866 2709
2867 2711
2868 2710
2869 2712
2870 2713
2871 2714
2872 2716
2873 2715
2874 2717
2875 2718
2876 2719
2877 2732
2878 2720
2879 2721
2880 2722
2881 2723
2882 2725
2883 2724
2884 2726
2885 2727
2886 2728
2887 2729
2888 2730
2889 2733
2890 2734
2891 2735
2892 2736
2893 2737
2894 2738
2895 2739
2896 2740
2897 2741
2898 2742
2899 2743
2900 2744
2901 2745
2902 2746
2903 2747
2904 2749
2905 2750
2906 2751
2907 2752
2908 2753
2909 2754
2910 2755
2911 2756
2912 2757
2913 2758
2914 2759
2915 2760
2916 2761
2917 2762
2918 2763
2919 2768
2920 2767
2921 2765
2922 2764
2923 2766
2924 2769
2925 2770
2926 2771
2927 2772
2928 2773
2929 2774
2930 2775
2931 2776
2932 2777
2933 2778
2934 2779
2935 2780
2936 2781
2937 2782
2938 4533
2939 4346
2940 2784
2941 2785
2942 2786
2943 2787
2944 2788
2945 2789
2946 2790
2947 2791
2948 2792
2949 2793
2950 2794
2951 2795
2952 2796
2953 2797
2954 2798
2955 2799
2956 2800
2957 2801
2958 2802
2959 2803
2960 2804
2961 2805
2962 2806
2963 2807
2964 2809
2965 2810
2966 2811
2967 2812
2968 2813
2969 2814
2970 2815
2971 2816
2972 2817
2973 2818
2974 2819
2975 2821
2976 2820
2977 2822
2978 2823
2979 2824
2980 2825
2981 2826
2982 2827
2983 2828
2984 2829
2985 2830
2986 2831
2987 2832
2988 2835
2989 2834
2990 2833
2991 2836
2992 2837
2993 2838
2994 2839
2995 2840
2996 2841
2997 2842
2998 2844
2999 2845
3000 2846
3001 2849
3002 2848
3003 2847
3004 2850
3005 2851
3006 2852
3007 2853
3008 7121
3009 6251
3010 2854
3011 2855
3012 2856
3013 2857
3014 2858
3015 2859
3016 2860
3017 2861
3018 2862
3019 2863
3020 2864
3021 2865
3022 2866
3023 2867
3024 2868
3025 2869
3026 2870
3027 2871
3028 2872
3029 2873
3030 2874
3031 2876
3032 2877
3033 2878
3034 2879
3035 2880
3036 2881
3037 2882
3038 2883
3039 2884
3040 2885
3041 2886
3042 2887
3043 2888
3044 4241
3045 2889
3046 2890
3047 2891
3048 2892
3049 2893
3050 2894
3051 2895
3052 2896
3053 2897
3054 2898
3055 2899
3056 2900
3057 2902
3058 2901
3059 2903
3060 2904
3061 2905
3062 2906
3063 2907
3064 2908
3065 2909
3066 2910
3067 2911
3068 2912
3069 2913
3070 2914
3071 2915
3072 2916
3073 2917
3074 2918
3075 2919
3076 2920
3077 2921
3078 2922
3079 2923
3080 2924
3081 2925
3082 2926
3083 2927
3084 2928
3085 2929
3086 2930
3087 2931
3088 2932
3089 2933
3090 3415
3091 2936
3092 2937
3093 2938
3094 2939
3095 2940
3096 2941
3097 2942
3098 2943
3099 2944
3100 2945
3101 2946
3102 2947
3103 2948
3104 2949
3105 2950
3106 2952
3107 2951
3108 2953
3109 2954
3110 2955
3111 2956
3112 2957
3113 2958
3114 2959
3115 2960
3116 2961
3117 2962
3118 2963
3119 2964
3120 2965
3121 2966
3122 2967
3123 2968
3124 2969
3125 2970
3126 2971
3127 2972
3128 2973
3129 2974
3130 2975
3131 2976
3132 2977
3133 2978
3134 2979
3135 2980
3136 2981
3137 2982
3138 2983
3139 2984
3140 2985
3141 2986
3142 2987
3143 2988
3144 2989
3145 2990
3146 2991
3147 2992
3148 2993
3149 2994
3150 2995
3151 2996
3152 2997
3153 2998
3154 2999
3155 3000
3156 3001
3157 3002
3158 3003
3159 3004
3160 3005
3161 3006
3162 3007
3163 3008
3164 3009
3165 3010
3166 3011
3167 3012
3168 3013
3169 3014
3170 3015
3171 3016
3172 3017
3173 3018
3174 3019
3175 3020
3176 3021
3177 3022
3178 3023
3179 3024
3180 3025
3181 3026
3182 3027
3183 3028
3184 3029
3185 3030
3186 3031
3187 3032
3188 3033
3189 3034
3190 3035
3191 3036
3192 3037
3193 3038
3194 3039
3195 3040
3196 3041
3197 3043
3198 3044
3199 3046
3200 3045
3201 3047
3202 3048
3203 3049
3204 3050
3205 3051
3206 3052
3207 3054
3208 3053
3209 3055
3210 3056
3211 3057
3212 3058
3213 3059
3214 3060
3215 3062
3216 3063
3217 3064
3218 3065
3219 3066
3220 3067
3221 3068
3222 3069
3223 3070
3224 3071
3225 3072
3226 3073
3227 3074
3228 3075
3229 3076
3230 3077
3231 3078
3232 3079
3233 3082
3234 3081
3235 3080
3236 4663
3237 3084
3238 3085
3239 3086
3240 3087
3241 3088
3242 3089
3243 3090
3244 3091
3245 3092
3246 3093
3247 3094
3248 3095
3249 3097
3250 3096
3251 3098
3252 3099
3253 3100
3254 3101
3255 3102
3256 3103
3257 3105
3258 3106
3259 3107
3260 3109
3261 3110
3262 3111
3263 3113
3264 3112
3265 7155
3266 6940
3267 6939
3268 6938
3269 6937
3270 4508
3271 3114
3272 3115
3273 3116
3274 3117
3275 8775
3276 5737
3277 3118
3278 3119
3279 3120
3280 3121
3281 3122
3282 3123
3283 3124
3284 3125
3285 3126
3286 3127
3287 3128
3288 3129
3289 3130
3290 3131
3291 3132
3292 3133
3293 3134
3294 3135
3295 3136
3296 3137
3297 3138
3298 3139
3299 3140
3300 3141
3301 3142
3302 3143
3303 3144
3304 3145
3305 3147
3306 3146
3307 3148
3308 3149
3309 3150
3310 3151
3311 3152
3312 3153
3313 3154
3314 3155
3315 3156
3316 3157
3317 3158
3318 3159
3319 3160
3320 3161
3321 3162
3322 3163
3323 3164
3324 3165
3325 3166
3326 3167
3327 3168
3328 3169
3329 3170
3330 3171
3331 3173
3332 3172
3333 3174
3334 3175
3335 3176
3336 3178
3337 3177
3338 3179
3339 3180
3340 3181
3341 3182
3342 3183
3343 3184
3344 3186
3345 3185
3346 3187
3347 3188
3348 3189
3349 3190
3350 3193
3351 3192
3352 3191
3353 3194
3354 3196
3355 3197
3356 3198
3357 3200
3358 3199
3359 3201
3360 3202
3361 3203
3362 3204
3363 3205
3364 3206
3365 3207
3366 3208
3367 3209
3368 3210
3369 3211
3370 3212
3371 3213
3372 3214
3373 3215
3374 3216
3375 3217
3376 4210
3377 3218
3378 3219
3379 3220
3380 3221
3381 3222
3382 3223
3383 3224
3384 3226
3385 3225
3386 3227
3387 3228
3388 3229
3389 3230
3390 7824
3391 3231
3392 3232
3393 3233
3394 3234
3395 3235
3396 3236
3397 3237
3398 3238
3399 3239
3400 3240
3401 3241
3402 3242
3403 3243
3404 3244
3405 3245
3406 3246
3407 3247
3408 3248
3409 3249
3410 3250
3411 3251
3412 3253
3413 3252
3414 3254
3415 3255
3416 3256
3417 3258
3418 3257
3419 3259
3420 3260
3421 3261
3422 3262
3423 3263
3424 3264
3425 3265
3426 3266
3427 3267
3428 3268
3429 3269
3430 3270
3431 3271
3432 3272
3433 3273
3434 3274
3435 3275
3436 3276
3437 3277
3438 3278
3439 3279
3440 3280
3441 3281
3442 3282
3443 3283
3444 3284
3445 3285
3446 3286
3447 3287
3448 3288
3449 3289
3450 3291
3451 3290
3452 3292
3453 3293
3454 3294
3455 3295
3456 3296
3457 3297
3458 3298
3459 3299
3460 3300
3461 3301
3462 3302
3463 3303
3464 3304
3465 3305
3466 3306
3467 3307
3468 3308
3469 3309
3470 3310
3471 3311
3472 3312
3473 3313
3474 3314
3475 3315
3476 3316
3477 3317
3478 3318
3479 3319
3480 3320
3481 3321
3482 3322
3483 3323
3484 3324
3485 3325
3486 3327
3487 3326
3488 3328
3489 3329
3490 3330
3491 3331
3492 3332
3493 3333
3494 3334
3495 3335
3496 3336
3497 3337
3498 3338
3499 3339
3500 3340
3501 7408
3502 3343
3503 3344
3504 3345
3505 3346
3506 3347
3507 3348
3508 3349
3509 3350
3510 3351
3511 3352
3512 3353
3513 3354
3514 3355
3515 3356
3516 3463
3517 3461
3518 3460
3519 3459
3520 3357
3521 3358
3522 3359
3523 3360
3524 3361
3525 3362
3526 3434
3527 3365
3528 3367
3529 3366
3530 3368
3531 3369
3532 3370
3533 3373
3534 3372
3535 3371
3536 3374
3537 3375
3538 3376
3539 3378
3540 3379
3541 3380
3542 3381
3543 3383
3544 3382
3545 3384
3546 3385
3547 3386
3548 3387
3549 3388
3550 3389
3551 3390
3552 3391
3553 3392
3554 3393
3555 3394
3556 3395
3557 3396
3558 3397
3559 3398
3560 3399
3561 3401
3562 3400
3563 3402
3564 3403
3565 3404
3566 3405
3567 3407
3568 3406
3569 3408
3570 3409
3571 3410
3572 3411
3573 3412
3574 3413
3575 3414
3576 3416
3577 3417
3578 3418
3579 3420
3580 3421
3581 3426
3582 3427
3583 3428
3584 3429
3585 3430
3586 3431
3587 3433
3588 3435
3589 3436
3590 3437
3591 3439
3592 3438
3593 3440
3594 3441
3595 3442
3596 3443
3597 3444
3598 3445
3599 3446
3600 3447
3601 3448
3602 3449
3603 3450
3604 3451
3605 3452
3606 3453
3607 3454
3608 3455
3609 3456
3610 3457
3611 3458
3612 3462
3613 3464
3614 3465
3615 3466
3616 3467
3617 3468
3618 3469
3619 3470
3620 3471
3621 3472
3622 3473
3623 3474
3624 3475
3625 3476
3626 3477
3627 3478
3628 3479
3629 3480
3630 3481
3631 3482
3632 3483
3633 3484
3634 3485
3635 3486
3636 3487
3637 3488
3638 3489
3639 3490
3640 3491
3641 3492
3642 3493
3643 3494
3644 3495
3645 3496
3646 3497
3647 3498
3648 3499
3649 3501
3650 3500
3651 3502
3652 3503
3653 3504
3654 3505
3655 3506
3656 3507
3657 3508
3658 3509
3659 3510
3660 3511
3661 3512
3662 3513
3663 3514
3664 3515
3665 3516
3666 3517
3667 3518
3668 3519
3669 3520
3670 3521
3671 3522
3672 3523
3673 3525
3674 3524
3675 3526
3676 3527
3677 7963
3678 3529
3679 3530
3680 3531
3681 3532
3682 3533
3683 3534
3684 3535
3685 3536
3686 3537
3687 3538
3688 3540
3689 3539
3690 3541
3691 3542
3692 3543
3693 3544
3694 3545
3695 3546
3696 3547
3697 3548
3698 3549
3699 3550
3700 3551
3701 3552
3702 3555
3703 3553
3704 3554
3705 3556
3706 3557
3707 3558
3708 3559
3709 3561
3710 3562
3711 3563
3712 3564
3713 3565
3714 3566
3715 3567
3716 3568
3717 3570
3718 3569
3719 3571
3720 3574
3721 3573
3722 3572
3723 3575
3724 3576
3725 3577
3726 3578
3727 3579
3728 3580
3729 3581
3730 3582
3731 3585
3732 3584
3733 3583
3734 3586
3735 3587
3736 3588
3737 3589
3738 3590
3739 3591
3740 3592
3741 6690
3742 4973
3743 3705
3744 3594
3745 3595
3746 3596
3747 3597
3748 3598
3749 3599
3750 3603
3751 3604
3752 3605
3753 3606
3754 3607
3755 3608
3756 3609
3757 3610
3758 3612
3759 3616
3760 3615
3761 3614
3762 3613
3763 3611
3764 3617
3765 3618
3766 3619
3767 3620
3768 3622
3769 3623
3770 3624
3771 3625
3772 8006
3773 3626
3774 3628
3775 3627
3776 3629
3777 3630
3778 3631
3779 3633
3780 3632
3781 3634
3782 3635
3783 3636
3784 3637
3785 3638
3786 3639
3787 3640
3788 3641
3789 3642
3790 3643
3791 3644
3792 3645
3793 3646
3794 3647
3795 3648
3796 3649
3797 3650
3798 3651
3799 3652
3800 3655
3801 3656
3802 3657
3803 3658
3804 3659
3805 3660
3806 3661
3807 3662
3808 3663
3809 3664
3810 3665
3811 3666
3812 6935
3813 3667
3814 3668
3815 3669
3816 3670
3817 3671
3818 3672
3819 3673
3820 3674
3821 3675
3822 3676
3823 3677
3824 3678
3825 3679
3826 3680
3827 3685
3828 3683
3829 3682
3830 3681
3831 7108
3832 3686
3833 3687
3834 3688
3835 3689
3836 3690
3837 3691
3838 4006
3839 3692
3840 3693
3841 3694
3842 3695
3843 3696
3844 3697
3845 3700
3846 3701
3847 3702
3848 3703
3849 3704
3850 3706
3851 3707
3852 3708
3853 3709
3854 3710
3855 3711
3856 3712
3857 3713
3858 3714
3859 3715
3860 3716
3861 3717
3862 3718
3863 3719
3864 3720
3865 3721
3866 3722
3867 3723
3868 3725
3869 3726
3870 3727
3871 3728
3872 3729
3873 3730
3874 3731
3875 3732
3876 3733
3877 3734
3878 3735
3879 3736
3880 3737
3881 3738
3882 3739
3883 5201
3884 3740
3885 3741
3886 3742
3887 3744
3888 3745
3889 3746
3890 3747
3891 3748
3892 3749
3893 3750
3894 3751
3895 3752
3896 3753
3897 3755
3898 3758
3899 3757
3900 3756
3901 3754
3902 3759
3903 3760
3904 3761
3905 3762
3906 3763
3907 3764
3908 3765
3909 3766
3910 3767
3911 3770
3912 3769
3913 3768
3914 3771
3915 3772
3916 3778
3917 3779
3918 3780
3919 3781
3920 3782
3921 3783
3922 3784
3923 3785
3924 3786
3925 3787
3926 3788
3927 3789
3928 3790
3929 3791
3930 3792
3931 3793
3932 3794
3933 3795
3934 3796
3935 3797
3936 3798
3937 3799
3938 3800
3939 3801
3940 3802
3941 3803
3942 3804
3943 3805
3944 3807
3945 3806
3946 3808
3947 3809
3948 3811
3949 3812
3950 3813
3951 3814
3952 3816
3953 3817
3954 3818
3955 3819
3956 3820
3957 3821
3958 3822
3959 3824
3960 3823
3961 3825
3962 3826
3963 3827
3964 3828
3965 3829
3966 3830
3967 3831
3968 3832
3969 3833
3970 3834
3971 3835
3972 3836
3973 3837
3974 3838
3975 3839
3976 3840
3977 3841
3978 3842
3979 3843
3980 3844
3981 3845
3982 3846
3983 3847
3984 3848
3985 3849
3986 3850
3987 3851
3988 3852
3989 3853
3990 3854
3991 3855
3992 3857
3993 3858
3994 3856
3995 7174
3996 3859
3997 3860
3998 3861
3999 3862
4000 3863
4001 3864
4002 3865
4003 5416
4004 3866
4005 3867
4006 3868
4007 3869
4008 3870
4009 3871
4010 3872
4011 3873
4012 3874
4013 3875
4014 3876
4015 3877
4016 3878
4017 3879
4018 3880
4019 3881
4020 3882
4021 3883
4022 3884
4023 3885
4024 3886
4025 3887
4026 3888
4027 3889
4028 3890
4029 3891
4030 3892
4031 3893
4032 3894
4033 3895
4034 3896
4035 3897
4036 3898
4037 3899
4038 3900
4039 3901
4040 3902
4041 3903
4042 3905
4043 3906
4044 3907
4045 3908
4046 3909
4047 3910
4048 3911
4049 3912
4050 3913
4051 3914
4052 3915
4053 3916
4054 3917
4055 3918
4056 3919
4057 3920
4058 3921
4059 3922
4060 3923
4061 3924
4062 3925
4063 3926
4064 3927
4065 3928
4066 3929
4067 3930
4068 3931
4069 3932
4070 3933
4071 3934
4072 3935
4073 3936
4074 3937
4075 3938
4076 3939
4077 3940
4078 3941
4079 3942
4080 3943
4081 3944
4082 3945
4083 3946
4084 3947
4085 3948
4086 3949
4087 3950
4088 3951
4089 3952
4090 3953
4091 3954
4092 3955
4093 3956
4094 3957
4095 3958
4096 3959
4097 3960
4098 3961
4099 3962
4100 3963
4101 3964
4102 3965
4103 3966
4104 3967
4105 3968
4106 3969
4107 3970
4108 3971
4109 3972
4110 3973
4111 3974
4112 3975
4113 4268
4114 3976
4115 3977
4116 3978
4117 3979
4118 3980
4119 3981
4120 3982
4121 7156
4122 7154
4123 3983
4124 3984
4125 3985
4126 3986
4127 3987
4128 3988
4129 3989
4130 3990
4131 3991
4132 3993
4133 3992
4134 3994
4135 3995
4136 3996
4137 3997
4138 3998
4139 3999
4140 4000
4141 4001
4142 4002
4143 4003
4144 4004
4145 4005
4146 6971
4147 4007
4148 4008
4149 4009
4150 4010
4151 4011
4152 4012
4153 4013
4154 4014
4155 4015
4156 4016
4157 4017
4158 4018
4159 4019
4160 4020
4161 4021
4162 4022
4163 4023
4164 4024
4165 4025
4166 4026
4167 4027
4168 4028
4169 4029
4170 4030
4171 4031
4172 4032
4173 4033
4174 4034
4175 4035
4176 4036
4177 4037
4178 4038
4179 4039
4180 4040
4181 4041
4182 4042
4183 4043
4184 4044
4185 4045
4186 4046
4187 4047
4188 4048
4189 4049
4190 4050
4191 4051
4192 4052
4193 4053
4194 4054
4195 4055
4196 4056
4197 4057
4198 4058
4199 4059
4200 4060
4201 4061
4202 4062
4203 4063
4204 4064
4205 4065
4206 4066
4207 4067
4208 4068
4209 4069
4210 4070
4211 4071
4212 4073
4213 4072
4214 4074
4215 4075
4216 4076
4217 4077
4218 4078
4219 4079
4220 4080
4221 4081
4222 4082
4223 4083
4224 4084
4225 4085
4226 4086
4227 4087
4228 4089
4229 4088
4230 4090
4231 4091
4232 4092
4233 4093
4234 4094
4235 4095
4236 4096
4237 4097
4238 4098
4239 4099
4240 4100
4241 4101
4242 4102
4243 4103
4244 4104
4245 4105
4246 4106
4247 4107
4248 4108
4249 4109
4250 4110
4251 4111
4252 4112
4253 4113
4254 4114
4255 4115
4256 4116
4257 4117
4258 4118
4259 4119
4260 4120
4261 4121
4262 4122
4263 4123
4264 4124
4265 4125
4266 4126
4267 4127
4268 4128
4269 4129
4270 4130
4271 4131
4272 4132
4273 4133
4274 4134
4275 4135
4276 4136
4277 8993
4278 4138
4279 4139
4280 4140
4281 4141
4282 4142
4283 4143
4284 4144
4285 4145
4286 4146
4287 4147
4288 4148
4289 4149
4290 4153
4291 4151
4292 7587
4293 7586
4294 4638
4295 4154
4296 4155
4297 4156
4298 4157
4299 4158
4300 4159
4301 4160
4302 4161
4303 4162
4304 4163
4305 4164
4306 4165
4307 4166
4308 4167
4309 4168
4310 4169
4311 4170
4312 4171
4313 4172
4314 4173
4315 4174
4316 4175
4317 4176
4318 4177
4319 4178
4320 4179
4321 4180
4322 4181
4323 4182
4324 4183
4325 4184
4326 4185
4327 4186
4328 4187
4329 4188
4330 4189
4331 4191
4332 4190
4333 4192
4334 4193
4335 4194
4336 4195
4337 4196
4338 4197
4339 4198
4340 4555
4341 4199
4342 4200
4343 4201
4344 4202
4345 4204
4346 4203
4347 4205
4348 4206
4349 4207
4350 4208
4351 4209
4352 4211
4353 4212
4354 4213
4355 4214
4356 4215
4357 4216
4358 4217
4359 4218
4360 4219
4361 4220
4362 4221
4363 4222
4364 4223
4365 4224
4366 4225
4367 4226
4368 4227
4369 4228
4370 4229
4371 4230
4372 4231
4373 4232
4374 4233
4375 4234
4376 4235
4377 4236
4378 4237
4379 4238
4380 4239
4381 4240
4382 4242
4383 4243
4384 4244
4385 4245
4386 4246
4387 4247
4388 4248
4389 4249
4390 4253
4391 4254
4392 4255
4393 4256
4394 4257
4395 4258
4396 4259
4397 4260
4398 4261
4399 4262
4400 4263
4401 4264
4402 4265
4403 4266
4404 4267
4405 4269
4406 4270
4407 4271
4408 4272
4409 4273
4410 4274
4411 4276
4412 4275
4413 4277
4414 4278
4415 4279
4416 4280
4417 4282
4418 4281
4419 4283
4420 4284
4421 4285
4422 4286
4423 4287
4424 4288
4425 4290
4426 4289
4427 4291
4428 4292
4429 4293
4430 4294
4431 4295
4432 4296
4433 4297
4434 4298
4435 4299
4436 4301
4437 4300
4438 4302
4439 4304
4440 4305
4441 4303
4442 4306
4443 4307
4444 4308
4445 4309
4446 4310
4447 4311
4448 4312
4449 4313
4450 4314
4451 4317
4452 4318
4453 4316
4454 4319
4455 4320
4456 4321
4457 4322
4458 4323
4459 4325
4460 4324
4461 4326
4462 4327
4463 4328
4464 4329
4465 4330
4466 4331
4467 4332
4468 4333
4469 4334
4470 4335
4471 4336
4472 4337
4473 4338
4474 4339
4475 4340
4476 4341
4477 4342
4478 4343
4479 4347
4480 4348
4481 4349
4482 4350
4483 4351
4484 4352
4485 4353
4486 4354
4487 4355
4488 4356
4489 4357
4490 4362
4491 4363
4492 4364
4493 4365
4494 4366
4495 4367
4496 4368
4497 4369
4498 4370
4499 4371
4500 4372
4501 4373
4502 4374
4503 4375
4504 4376
4505 4377
4506 4378
4507 4380
4508 4381
4509 4382
4510 4383
4511 4384
4512 4385
4513 4386
4514 4387
4515 4388
4516 4389
4517 4390
4518 4391
4519 4392
4520 4393
4521 4394
4522 4395
4523 4396
4524 4397
4525 4398
4526 4399
4527 4400
4528 4401
4529 4402
4530 4403
4531 4404
4532 4405
4533 4406
4534 4407
4535 4409
4536 4408
4537 4410
4538 4411
4539 4412
4540 5829
4541 4413
4542 4414
4543 4416
4544 4415
4545 4418
4546 4419
4547 4417
4548 4420
4549 4421
4550 4422
4551 4423
4552 4424
4553 4425
4554 4426
4555 4427
4556 4428
4557 4429
4558 4430
4559 4431
4560 4432
4561 4433
4562 4434
4563 4435
4564 4436
4565 4437
4566 4438
4567 4439
4568 4440
4569 4441
4570 4442
4571 4443
4572 4444
4573 4445
4574 4446
4575 4447
4576 4448
4577 4449
4578 4450
4579 4451
4580 4452
4581 4453
4582 4454
4583 4455
4584 4456
4585 4457
4586 4458
4587 7769
4588 4459
4589 4460
4590 4464
4591 4463
4592 4462
4593 4461
4594 4465
4595 4466
4596 4467
4597 4468
4598 4469
4599 4470
4600 4471
4601 4472
4602 4473
4603 4474
4604 4475
4605 4476
4606 4478
4607 4477
4608 4479
4609 4480
4610 4481
4611 4482
4612 4483
4613 4484
4614 4485
4615 4486
4616 4487
4617 4488
4618 4489
4619 4490
4620 4491
4621 4492
4622 4493
4623 4494
4624 4495
4625 4496
4626 4497
4627 4498
4628 4499
4629 4500
4630 4501
4631 4502
4632 4503
4633 4504
4634 4505
4635 4506
4636 4507
4637 4509
4638 4510
4639 4511
4640 4512
4641 4513
4642 4514
4643 4515
4644 4516
4645 4517
4646 4518
4647 4519
4648 4520
4649 4521
4650 4522
4651 4523
4652 4524
4653 4525
4654 4526
4655 4527
4656 4528
4657 4529
4658 4530
4659 4531
4660 4532
4661 4844
4662 4534
4663 4535
4664 4537
4665 4536
4666 4538
4667 4539
4668 4540
4669 4541
4670 4542
4671 4543
4672 4544
4673 4545
4674 4546
4675 4548
4676 4547
4677 4549
4678 4550
4679 4551
4680 4552
4681 4553
4682 4554
4683 4556
4684 4557
4685 4558
4686 5227
4687 4559
4688 4560
4689 4562
4690 4561
4691 4563
4692 4564
4693 4565
4694 4566
4695 4567
4696 4568
4697 4569
4698 4570
4699 4571
4700 4771
4701 4572
4702 4573
4703 4574
4704 4575
4705 4576
4706 4577
4707 7505
4708 4579
4709 4580
4710 4581
4711 4582
4712 4583
4713 4584
4714 4585
4715 4586
4716 4587
4717 4588
4718 4589
4719 4590
4720 4591
4721 4592
4722 4593
4723 4594
4724 6619
4725 6618
4726 4595
4727 4596
4728 4597
4729 4598
4730 4601
4731 4600
4732 4599
4733 4602
4734 4603
4735 4604
4736 4605
4737 4606
4738 4607
4739 4608
4740 4609
4741 4610
4742 4611
4743 4612
4744 4613
4745 4614
4746 4615
4747 4616
4748 4617
4749 4619
4750 4620
4751 4618
4752 4621
4753 4622
4754 4623
4755 4624
4756 4625
4757 4626
4758 4627
4759 4628
4760 4629
4761 4630
4762 4631
4763 4632
4764 4633
4765 4634
4766 4635
4767 4636
4768 4637
4769 4639
4770 4640
4771 4641
4772 4642
4773 4643
4774 4644
4775 4645
4776 4646
4777 6318
4778 6317
4779 4647
4780 4648
4781 4649
4782 4650
4783 4651
4784 4652
4785 4653
4786 4654
4787 4655
4788 4656
4789 4657
4790 4658
4791 4659
4792 4660
4793 4661
4794 4662
4795 4664
4796 4665
4797 4666
4798 4667
4799 4668
4800 4669
4801 4670
4802 4671
4803 4672
4804 4673
4805 4674
4806 4675
4807 4676
4808 4677
4809 4678
4810 4679
4811 4680
4812 4681
4813 4683
4814 4682
4815 4684
4816 4685
4817 4687
4818 4686
4819 4688
4820 4689
4821 4690
4822 4691
4823 4692
4824 4693
4825 4694
4826 4695
4827 5102
4828 4696
4829 4697
4830 4698
4831 4699
4832 4700
4833 4701
4834 4702
4835 4703
4836 4704
4837 4705
4838 4706
4839 4707
4840 4709
4841 4708
4842 4710
4843 4711
4844 4914
4845 4712
4846 4713
4847 4714
4848 4715
4849 4716
4850 4717
4851 4718
4852 4720
4853 4719
4854 4721
4855 4722
4856 4723
4857 4724
4858 4725
4859 4726
4860 4728
4861 4727
4862 4729
4863 4730
4864 4731
4865 4732
4866 4733
4867 4735
4868 4734
4869 4736
4870 4737
4871 4738
4872 4741
4873 4740
4874 4739
4875 4742
4876 4743
4877 4744
4878 4745
4879 4746
4880 4747
4881 4748
4882 4749
4883 4750
4884 4751
4885 4753
4886 4754
4887 4755
4888 4756
4889 4757
4890 4758
4891 4759
4892 4761
4893 4760
4894 4762
4895 4763
4896 4764
4897 4765
4898 4766
4899 4767
4900 4768
4901 4769
4902 4770
4903 4772
4904 6034
4905 4773
4906 4774
4907 4775
4908 4776
4909 4777
4910 4778
4911 4779
4912 4781
4913 4780
4914 4782
4915 4783
4916 4784
4917 4785
4918 4786
4919 4787
4920 4788
4921 4789
4922 4790
4923 4791
4924 4792
4925 4793
4926 4794
4927 4795
4928 4796
4929 4797
4930 4799
4931 4800
4932 4801
4933 4802
4934 4803
4935 4804
4936 4806
4937 4805
4938 4807
4939 4808
4940 4809
4941 4814
4942 4813
4943 4812
4944 4811
4945 4810
4946 4815
4947 4816
4948 4817
4949 4818
4950 4819
4951 4820
4952 4821
4953 4822
4954 4823
4955 4824
4956 4825
4957 4827
4958 4826
4959 5190
4960 8870
4961 4828
4962 4830
4963 4831
4964 4832
4965 4833
4966 4834
4967 4835
4968 4837
4969 4838
4970 4839
4971 4840
4972 4841
4973 4842
4974 4843
4975 8125
4976 5376
4977 5322
4978 4845
4979 4846
4980 4847
4981 4849
4982 4848
4983 4850
4984 4851
4985 4852
4986 4853
4987 4854
4988 4855
4989 4856
4990 4857
4991 4858
4992 4859
4993 4860
4994 4861
4995 4862
4996 4863
4997 4864
4998 4865
4999 4866
5000 4867
5001 4868
5002 4869
5003 4870
5004 4872
5005 4871
5006 4873
5007 4874
5008 4875
5009 4876
5010 4877
5011 4878
5012 4880
5013 4884
5014 4883
5015 4882
5016 9258
5017 8527
5018 8526
5019 4885
5020 4886
5021 4887
5022 4888
5023 4889
5024 4890
5025 4891
5026 4892
5027 4893
5028 4894
5029 4895
5030 4896
5031 4900
5032 4901
5033 4902
5034 4903
5035 4904
5036 4905
5037 4906
5038 4907
5039 4908
5040 4909
5041 4910
5042 4911
5043 4912
5044 4913
5045 4915
5046 4916
5047 4917
5048 4918
5049 4919
5050 4920
5051 4921
5052 4922
5053 4923
5054 4924
5055 4925
5056 4926
5057 4927
5058 4928
5059 4929
5060 4930
5061 4935
5062 4934
5063 4933
5064 4932
5065 4931
5066 6367
5067 6366
5068 4936
5069 4937
5070 4938
5071 4939
5072 4941
5073 4942
5074 4940
5075 4943
5076 4944
5077 4945
5078 4946
5079 4947
5080 4948
5081 4949
5082 4950
5083 4951
5084 4952
5085 4953
5086 4954
5087 4955
5088 4956
5089 4957
5090 4958
5091 4960
5092 4959
5093 4961
5094 4962
5095 4963
5096 4964
5097 4965
5098 4966
5099 4967
5100 4969
5101 4970
5102 4971
5103 4972
5104 4975
5105 4974
5106 4976
5107 4977
5108 4978
5109 4979
5110 4980
5111 4981
5112 4982
5113 4983
5114 4984
5115 4985
5116 4986
5117 4987
5118 4988
5119 4989
5120 4990
5121 4991
5122 4992
5123 4993
5124 4994
5125 4995
5126 4996
5127 4997
5128 4998
5129 4999
5130 5000
5131 5001
5132 5002
5133 5003
5134 5004
5135 5005
5136 5006
5137 5007
5138 5008
5139 5009
5140 5010
5141 5011
5142 5012
5143 5013
5144 5014
5145 5015
5146 5016
5147 5017
5148 5018
5149 5019
5150 5020
5151 5021
5152 5022
5153 5024
5154 5025
5155 5026
5156 5027
5157 5028
5158 5029
5159 5030
5160 5031
5161 5032
5162 5033
5163 5034
5164 5035
5165 5036
5166 5037
5167 5038
5168 5039
5169 5040
5170 5041
5171 5042
5172 5043
5173 5044
5174 5045
5175 5046
5176 5047
5177 5048
5178 5049
5179 5050
5180 5051
5181 5052
5182 5053
5183 5054
5184 5055
5185 5056
5186 5057
5187 5058
5188 5059
5189 5060
5190 5061
5191 5062
5192 5063
5193 5065
5194 5066
5195 5067
5196 5068
5197 5069
5198 5070
5199 5071
5200 5072
5201 5073
5202 5074
5203 5075
5204 5076
5205 5077
5206 5078
5207 5079
5208 5080
5209 5082
5210 5081
5211 5083
5212 5084
5213 5085
5214 5086
5215 5087
5216 5088
5217 5089
5218 5090
5219 5091
5220 5092
5221 5093
5222 5094
5223 5095
5224 5096
5225 5097
5226 5099
5227 5098
5228 5100
5229 5101
5230 5103
5231 5104
5232 5105
5233 5106
5234 5107
5235 5108
5236 5109
5237 5110
5238 5111
5239 5112
5240 5113
5241 5114
5242 5115
5243 5116
5244 5117
5245 5118
5246 5120
5247 5119
5248 5121
5249 5122
5250 5123
5251 5124
5252 5125
5253 5126
5254 5127
5255 7467
5256 5129
5257 5128
5258 5130
5259 5131
5260 5133
5261 5134
5262 5135
5263 5136
5264 5137
5265 5138
5266 5139
5267 5140
5268 5141
5269 5142
5270 5143
5271 5144
5272 5145
5273 5146
5274 5147
5275 5148
5276 5149
5277 5150
5278 5151
5279 5152
5280 5153
5281 5154
5282 5155
5283 5156
5284 5157
5285 5158
5286 5159
5287 5160
5288 5161
5289 5162
5290 5163
5291 5164
5292 5165
5293 5166
5294 5167
5295 5168
5296 5169
5297 5170
5298 5171
5299 5172
5300 5173
5301 5174
5302 5176
5303 5175
5304 5177
5305 5178
5306 5179
5307 5180
5308 5181
5309 5182
5310 5183
5311 5184
5312 5185
5313 5186
5314 5187
5315 5188
5316 5189
5317 5191
5318 5192
5319 5193
5320 5194
5321 5195
5322 5196
5323 5197
5324 5198
5325 5199
5326 5200
5327 5202
5328 5203
5329 5204
5330 5205
5331 5206
5332 5207
5333 5208
5334 5209
5335 5210
5336 5211
5337 5212
5338 5213
5339 5214
5340 5215
5341 5216
5342 5217
5343 5218
5344 5219
5345 5220
5346 5222
5347 5221
5348 5223
5349 5224
5350 5225
5351 5226
5352 5228
5353 5229
5354 5230
5355 5231
5356 5232
5357 5233
5358 5234
5359 5235
5360 5236
5361 5237
5362 5238
5363 5239
5364 5240
5365 5241
5366 5242
5367 5243
5368 5244
5369 5245
5370 5246
5371 5247
5372 5248
5373 5249
5374 5250
5375 5251
5376 5254
5377 5253
5378 5252
5379 5255
5380 5256
5381 5257
5382 5258
5383 5259
5384 5260
5385 5261
5386 5262
5387 5264
5388 5263
5389 5265
5390 5266
5391 5268
5392 5267
5393 5269
5394 5270
5395 5271
5396 5272
5397 5273
5398 5274
5399 5275
5400 5276
5401 5277
5402 5278
5403 5279
5404 5280
5405 5281
5406 5282
5407 5284
5408 5283
5409 5285
5410 5286
5411 5287
5412 5288
5413 6521
5414 5289
5415 5290
5416 5291
5417 5292
5418 5293
5419 5294
5420 5295
5421 5296
5422 5297
5423 5298
5424 5299
5425 5300
5426 5301
5427 5302
5428 5303
5429 5304
5430 5305
5431 5306
5432 5307
5433 5308
5434 5309
5435 5310
5436 5311
5437 5312
5438 5313
5439 5315
5440 5314
5441 5316
5442 5317
5443 5318
5444 5319
5445 5320
5446 6054
5447 5321
5448 5323
5449 5325
5450 5326
5451 5327
5452 5328
5453 5329
5454 5330
5455 5331
5456 5332
5457 5334
5458 5335
5459 5336
5460 5337
5461 5338
5462 5339
5463 5340
5464 5341
5465 5342
5466 5343
5467 5345
5468 5344
5469 5346
5470 5347
5471 5348
5472 5349
5473 5350
5474 5351
5475 5352
5476 5353
5477 5354
5478 5355
5479 5356
5480 5357
5481 5358
5482 5359
5483 5360
5484 5362
5485 5361
5486 5363
5487 5364
5488 5365
5489 5366
5490 5367
5491 5368
5492 5369
5493 5370
5494 5371
5495 5372
5496 5373
5497 5374
5498 5377
5499 5375
5500 5378
5501 5379
5502 5381
5503 5382
5504 5383
5505 5384
5506 5385
5507 5386
5508 5387
5509 5388
5510 5389
5511 5390
5512 5391
5513 5392
5514 5393
5515 5394
5516 5395
5517 5396
5518 5397
5519 5398
5520 5399
5521 5400
5522 5401
5523 5402
5524 5403
5525 5404
5526 5406
5527 5407
5528 5405
5529 5408
5530 5409
5531 5410
5532 5411
5533 5412
5534 5413
5535 5414
5536 5415
5537 5417
5538 5418
5539 5419
5540 5420
5541 5421
5542 5422
5543 5423
5544 5424
5545 5425
5546 5426
5547 5427
5548 5429
5549 5428
5550 5430
5551 5432
5552 5431
5553 5433
5554 5434
5555 5435
5556 5436
5557 5437
5558 5438
5559 5439
5560 5440
5561 5441
5562 5442
5563 5443
5564 5444
5565 5445
5566 5446
5567 5447
5568 5448
5569 5449
5570 5450
5571 5451
5572 5452
5573 5453
5574 5454
5575 5455
5576 5456
5577 5457
5578 5458
5579 5459
5580 5460
5581 5461
5582 5462
5583 5463
5584 5464
5585 5465
5586 5466
5587 5467
5588 5468
5589 5469
5590 5470
5591 5471
5592 5472
5593 5473
5594 5474
5595 5475
5596 5476
5597 5477
5598 5478
5599 5479
5600 5480
5601 5481
5602 5482
5603 5483
5604 5484
5605 5485
5606 5486
5607 5487
5608 5488
5609 5489
5610 5490
5611 5491
5612 5492
5613 5495
5614 5494
5615 5493
5616 5496
5617 5497
5618 5498
5619 5500
5620 5499
5621 5501
5622 5502
5623 5503
5624 5504
5625 5505
5626 5506
5627 5508
5628 5510
5629 5509
5630 5511
5631 5512
5632 5513
5633 5514
5634 5515
5635 5516
5636 5517
5637 5518
5638 5519
5639 5520
5640 5521
5641 5522
5642 5523
5643 5524
5644 5525
5645 5527
5646 5526
5647 5528
5648 5529
5649 5531
5650 5533
5651 5532
5652 5534
5653 5535
5654 5536
5655 5537
5656 5538
5657 5539
5658 5540
5659 5541
5660 5542
5661 5543
5662 5544
5663 5545
5664 5546
5665 5547
5666 5548
5667 5549
5668 5550
5669 5551
5670 5552
5671 5553
5672 5554
5673 5555
5674 5556
5675 5557
5676 5558
5677 5559
5678 5560
5679 5561
5680 5562
5681 5563
5682 5564
5683 5565
5684 5566
5685 5567
5686 5568
5687 5569
5688 5570
5689 5572
5690 5573
5691 5574
5692 5575
5693 5579
5694 5578
5695 5577
5696 5576
5697 7052
5698 5580
5699 5582
5700 5581
5701 5583
5702 5584
5703 5585
5704 5586
5705 5587
5706 5588
5707 5589
5708 5590
5709 5591
5710 5592
5711 5593
5712 5594
5713 5595
5714 5596
5715 5597
5716 5598
5717 5599
5718 5600
5719 5601
5720 5602
5721 5604
5722 5603
5723 5605
5724 5606
5725 5607
5726 5608
5727 5609
5728 5610
5729 5611
5730 5612
5731 5613
5732 5614
5733 5615
5734 5616
5735 5617
5736 5618
5737 5619
5738 5620
5739 5621
5740 5622
5741 5623
5742 5624
5743 5625
5744 5626
5745 5627
5746 5629
5747 5628
5748 5630
5749 5631
5750 5632
5751 5633
5752 5634
5753 5635
5754 5636
5755 5638
5756 5637
5757 5639
5758 5640
5759 5641
5760 5642
5761 5643
5762 5644
5763 5645
5764 5646
5765 5647
5766 5648
5767 5649
5768 5650
5769 5651
5770 5652
5771 5653
5772 5654
5773 5655
5774 5656
5775 5657
5776 5658
5777 5659
5778 5660
5779 5661
5780 5662
5781 5663
5782 5664
5783 5665
5784 5666
5785 5667
5786 5668
5787 5669
5788 5670
5789 5671
5790 5672
5791 5673
5792 5674
5793 5675
5794 5676
5795 5677
5796 5678
5797 5679
5798 5680
5799 5681
5800 5682
5801 5683
5802 5684
5803 5685
5804 5686
5805 5687
5806 5688
5807 5689
5808 5690
5809 5691
5810 5692
5811 5693
5812 5694
5813 5695
5814 5696
5815 5697
5816 5698
5817 5699
5818 5700
5819 5701
5820 5702
5821 5703
5822 5704
5823 5705
5824 5706
5825 5707
5826 5708
5827 5709
5828 5710
5829 5711
5830 5712
5831 5713
5832 5714
5833 5715
5834 5716
5835 5717
5836 5718
5837 5719
5838 5720
5839 5721
5840 5722
5841 5723
5842 5724
5843 5725
5844 5726
5845 5727
5846 5728
5847 5729
5848 5731
5849 5730
5850 5732
5851 5733
5852 5734
5853 5735
5854 5736
5855 5738
5856 5739
5857 5740
5858 5741
5859 5742
5860 5743
5861 5744
5862 5745
5863 5746
5864 5747
5865 5748
5866 5749
5867 5750
5868 5751
5869 5752
5870 5753
5871 5754
5872 5755
5873 5756
5874 5757
5875 5758
5876 5759
5877 5760
5878 5761
5879 5762
5880 5763
5881 5764
5882 5765
5883 5766
5884 5767
5885 5768
5886 5770
5887 5769
5888 8281
5889 6360
5890 5771
5891 5772
5892 5773
5893 5774
5894 5775
5895 5776
5896 5777
5897 5778
5898 5779
5899 5780
5900 5781
5901 5782
5902 5783
5903 5785
5904 5786
5905 5787
5906 5788
5907 5789
5908 5790
5909 5791
5910 5792
5911 5793
5912 5794
5913 5795
5914 5796
5915 5797
5916 5798
5917 5799
5918 5800
5919 5801
5920 5802
5921 5803
5922 5804
5923 5805
5924 5806
5925 5807
5926 5808
5927 5809
5928 5810
5929 5811
5930 5812
5931 5813
5932 5814
5933 5815
5934 5817
5935 5818
5936 5819
5937 5820
5938 5821
5939 5822
5940 5823
5941 5824
5942 5825
5943 5826
5944 5827
5945 5828
5946 7428
5947 5830
5948 5831
5949 5832
5950 5833
5951 5834
5952 5835
5953 5836
5954 5837
5955 5838
5956 5839
5957 5840
5958 5841
5959 5842
5960 5843
5961 5844
5962 5845
5963 5846
5964 5847
5965 5848
5966 5849
5967 5850
5968 5851
5969 5852
5970 5853
5971 5854
5972 5855
5973 5856
5974 5857
5975 5858
5976 5859
5977 5860
5978 5861
5979 5862
5980 5864
5981 5863
5982 8357
5983 5865
5984 5866
5985 5867
5986 5868
5987 5869
5988 5870
5989 5871
5990 5872
5991 5873
5992 5874
5993 5875
5994 5876
5995 5877
5996 5878
5997 5879
5998 5881
5999 5882
6000 5883
6001 5884
6002 5885
6003 5886
6004 5887
6005 5888
6006 5889
6007 5890
6008 5891
6009 5892
6010 5893
6011 5894
6012 5895
6013 5896
6014 5897
6015 5898
6016 5899
6017 5900
6018 5901
6019 5902
6020 5903
6021 5904
6022 5905
6023 5906
6024 5907
6025 5908
6026 5909
6027 5910
6028 5911
6029 5912
6030 5913
6031 5914
6032 5915
6033 5916
6034 5917
6035 5918
6036 5919
6037 5920
6038 5921
6039 5922
6040 5924
6041 5923
6042 5925
6043 5926
6044 5927
6045 5928
6046 5929
6047 5930
6048 5931
6049 5932
6050 5933
6051 5934
6052 5935
6053 5936
6054 5937
6055 5938
6056 5939
6057 5940
6058 5941
6059 5942
6060 5943
6061 5944
6062 5945
6063 5946
6064 5947
6065 5948
6066 5949
6067 5950
6068 5951
6069 5952
6070 5953
6071 5954
6072 5955
6073 5956
6074 5957
6075 5958
6076 5959
6077 5960
6078 5961
6079 5962
6080 5963
6081 5964
6082 5965
6083 5966
6084 5967
6085 5968
6086 5969
6087 5970
6088 5971
6089 5972
6090 5974
6091 5976
6092 5975
6093 5977
6094 5978
6095 5979
6096 5980
6097 5981
6098 5982
6099 5983
6100 5984
6101 5986
6102 5985
6103 5987
6104 5988
6105 5989
6106 5990
6107 5991
6108 5992
6109 5993
6110 5994
6111 5995
6112 5996
6113 5997
6114 5998
6115 5999
6116 6000
6117 6001
6118 6002
6119 6003
6120 6004
6121 7548
6122 6005
6123 6006
6124 6007
6125 6008
6126 6009
6127 6010
6128 6011
6129 6012
6130 6013
6131 6014
6132 6015
6133 6016
6134 6017
6135 6018
6136 6019
6137 6020
6138 6021
6139 6022
6140 6023
6141 6024
6142 6025
6143 6026
6144 6027
6145 6028
6146 6029
6147 6030
6148 6031
6149 6032
6150 6033
6151 6035
6152 6036
6153 6037
6154 6038
6155 6039
6156 6040
6157 6041
6158 6042
6159 6044
6160 6043
6161 6045
6162 6046
6163 6047
6164 6049
6165 6048
6166 6050
6167 6051
6168 6052
6169 6055
6170 6053
6171 6056
6172 6057
6173 6058
6174 6059
6175 6060
6176 6061
6177 6062
6178 6063
6179 6064
6180 6065
6181 6066
6182 6067
6183 6068
6184 6069
6185 6070
6186 7323
6187 6071
6188 6072
6189 6073
6190 6074
6191 6075
6192 6076
6193 6077
6194 6079
6195 6078
6196 6080
6197 6081
6198 6082
6199 6083
6200 6084
6201 6085
6202 6086
6203 6087
6204 6088
6205 6089
6206 6090
6207 6091
6208 6092
6209 6093
6210 6094
6211 6095
6212 6096
6213 6097
6214 6098
6215 6099
6216 6100
6217 6101
6218 6102
6219 6103
6220 6104
6221 6105
6222 6106
6223 6107
6224 6108
6225 6109
6226 6110
6227 6111
6228 6112
6229 6113
6230 6114
6231 6115
6232 6116
6233 6117
6234 6118
6235 6119
6236 6120
6237 6121
6238 6122
6239 6123
6240 6124
6241 6125
6242 6126
6243 6128
6244 6127
6245 6129
6246 6130
6247 6131
6248 6132
6249 6133
6250 6134
6251 6135
6252 6136
6253 6137
6254 6138
6255 6139
6256 6140
6257 6141
6258 6142
6259 6143
6260 6144
6261 6145
6262 6146
6263 6147
6264 6148
6265 6149
6266 6151
6267 6150
6268 6152
6269 6153
6270 6154
6271 6155
6272 6156
6273 6157
6274 6158
6275 6159
6276 6160
6277 6161
6278 6162
6279 6163
6280 6164
6281 6165
6282 6166
6283 6167
6284 6168
6285 6169
6286 6170
6287 6171
6288 6172
6289 6173
6290 6174
6291 6175
6292 6176
6293 6177
6294 6178
6295 6179
6296 6180
6297 6181
6298 6182
6299 6183
6300 6184
6301 6185
6302 6186
6303 6187
6304 6188
6305 6189
6306 6190
6307 6191
6308 6192
6309 6193
6310 6194
6311 6195
6312 6196
6313 6197
6314 6198
6315 6200
6316 6199
6317 6850
6318 6849
6319 6201
6320 6203
6321 6202
6322 6204
6323 6205
6324 6206
6325 6207
6326 6208
6327 6209
6328 6210
6329 6212
6330 6213
6331 6214
6332 6215
6333 6216
6334 6217
6335 6218
6336 6219
6337 6220
6338 6221
6339 6222
6340 6223
6341 6224
6342 7885
6343 6225
6344 6226
6345 6227
6346 6228
6347 6229
6348 6230
6349 6231
6350 6232
6351 6233
6352 6234
6353 6235
6354 6236
6355 6237
6356 6238
6357 6239
6358 6240
6359 6241
6360 6242
6361 6243
6362 6244
6363 6245
6364 6246
6365 6247
6366 6248
6367 6249
6368 6250
6369 9047
6370 9046
6371 9045
6372 8879
6373 6252
6374 6253
6375 6254
6376 6255
6377 6256
6378 6257
6379 6258
6380 6259
6381 6260
6382 6261
6383 6262
6384 6263
6385 6264
6386 6265
6387 6266
6388 6267
6389 6268
6390 6269
6391 6270
6392 6271
6393 6272
6394 6273
6395 6274
6396 6275
6397 6276
6398 6277
6399 6278
6400 6279
6401 6280
6402 6281
6403 6282
6404 6290
6405 6289
6406 6288
6407 6287
6408 6286
6409 6285
6410 6283
6411 6284
6412 6291
6413 6292
6414 6293
6415 6294
6416 6295
6417 6296
6418 6297
6419 6298
6420 6299
6421 6300
6422 6301
6423 6302
6424 6305
6425 6304
6426 6303
6427 6306
6428 6307
6429 6308
6430 6309
6431 6310
6432 6311
6433 6312
6434 6313
6435 6314
6436 6316
6437 6315
6438 6319
6439 6322
6440 6323
6441 6324
6442 6325
6443 6326
6444 6328
6445 6327
6446 6329
6447 6330
6448 6331
6449 6332
6450 6333
6451 6334
6452 6335
6453 6336
6454 6337
6455 6338
6456 6339
6457 6342
6458 6341
6459 6340
6460 6343
6461 6344
6462 6345
6463 6346
6464 6347
6465 6349
6466 6348
6467 6350
6468 6351
6469 6352
6470 6353
6471 6354
6472 6355
6473 6356
6474 6357
6475 6358
6476 6359
6477 6361
6478 6362
6479 6363
6480 6364
6481 6365
6482 6368
6483 6370
6484 6369
6485 6371
6486 6372
6487 6373
6488 6374
6489 6375
6490 6376
6491 6377
6492 6378
6493 6380
6494 6379
6495 6381
6496 6382
6497 6383
6498 6384
6499 6385
6500 6386
6501 6387
6502 6388
6503 6389
6504 6390
6505 6391
6506 6392
6507 6393
6508 6394
6509 6395
6510 6396
6511 6397
6512 6398
6513 6399
6514 6400
6515 6401
6516 6402
6517 6403
6518 6404
6519 6405
6520 6406
6521 6407
6522 6408
6523 6409
6524 6410
6525 6411
6526 6412
6527 6413
6528 6414
6529 6415
6530 6416
6531 6417
6532 6418
6533 6419
6534 6420
6535 6421
6536 6422
6537 6423
6538 6424
6539 6425
6540 6426
6541 6427
6542 6428
6543 6429
6544 6430
6545 6431
6546 6432
6547 6433
6548 6434
6549 6435
6550 6436
6551 6437
6552 6438
6553 6439
6554 6440
6555 6441
6556 6442
6557 6443
6558 6444
6559 6445
6560 6446
6561 6447
6562 6448
6563 6449
6564 6450
6565 6451
6566 6452
6567 6453
6568 6455
6569 6454
6570 6456
6571 6457
6572 6458
6573 6459
6574 6460
6575 6461
6576 6462
6577 6463
6578 6464
6579 6465
6580 6466
6581 6467
6582 6468
6583 6469
6584 6470
6585 6471
6586 6472
6587 6473
6588 6474
6589 6475
6590 6476
6591 6477
6592 6478
6593 6479
6594 6480
6595 6481
6596 6482
6597 6483
6598 6484
6599 6485
6600 6486
6601 6487
6602 6488
6603 6489
6604 6490
6605 6491
6606 6492
6607 6493
6608 6494
6609 6495
6610 6496
6611 6497
6612 6498
6613 6499
6614 6500
6615 6501
6616 6502
6617 6503
6618 6504
6619 6505
6620 6506
6621 6508
6622 6509
6623 6510
6624 6511
6625 6512
6626 6513
6627 6514
6628 6515
6629 6517
6630 6516
6631 6518
6632 6519
6633 6520
6634 6522
6635 6523
6636 6524
6637 6525
6638 6526
6639 6527
6640 6528
6641 6529
6642 6531
6643 6530
6644 6532
6645 6533
6646 6534
6647 6535
6648 6536
6649 7138
6650 6539
6651 6540
6652 6541
6653 6542
6654 6543
6655 6544
6656 6545
6657 6546
6658 6547
6659 6549
6660 6548
6661 6550
6662 6552
6663 6553
6664 6554
6665 6555
6666 6557
6667 6556
6668 6558
6669 6559
6670 6560
6671 6561
6672 6562
6673 6563
6674 6564
6675 6565
6676 6566
6677 6567
6678 6568
6679 6569
6680 6570
6681 6571
6682 6572
6683 6573
6684 6574
6685 6575
6686 6576
6687 6632
6688 6577
6689 6578
6690 6579
6691 6580
6692 6581
6693 6582
6694 6583
6695 6584
6696 6585
6697 6586
6698 6587
6699 6588
6700 6589
6701 6590
6702 6591
6703 6592
6704 6593
6705 6594
6706 6595
6707 6596
6708 6597
6709 6598
6710 6599
6711 6600
6712 6601
6713 6602
6714 6603
6715 6604
6716 6605
6717 6606
6718 6607
6719 6608
6720 6609
6721 6610
6722 6611
6723 6612
6724 6613
6725 6614
6726 6615
6727 6616
6728 6617
6729 6620
6730 6621
6731 6622
6732 6623
6733 6624
6734 6625
6735 6626
6736 6627
6737 6628
6738 6629
6739 6630
6740 6631
6741 6633
6742 6634
6743 6635
6744 6636
6745 6637
6746 6638
6747 6639
6748 6640
6749 6641
6750 6642
6751 6643
6752 6644
6753 6645
6754 6646
6755 6647
6756 6648
6757 6649
6758 6650
6759 6651
6760 6652
6761 6653
6762 6654
6763 6655
6764 6656
6765 6657
6766 6658
6767 6659
6768 6660
6769 6661
6770 6662
6771 6663
6772 6665
6773 6666
6774 6667
6775 6668
6776 6669
6777 6671
6778 6685
6779 6684
6780 6683
6781 6682
6782 6681
6783 6680
6784 6679
6785 6678
6786 6677
6787 6676
6788 6675
6789 6674
6790 6673
6791 6672
6792 6670
6793 6686
6794 6688
6795 6689
6796 6691
6797 6692
6798 6693
6799 6694
6800 6695
6801 6696
6802 6697
6803 6698
6804 6699
6805 6700
6806 6701
6807 6702
6808 6703
6809 6704
6810 6705
6811 6706
6812 6707
6813 6708
6814 6709
6815 6710
6816 6711
6817 6712
6818 6713
6819 6714
6820 6715
6821 6716
6822 6717
6823 6718
6824 6719
6825 6720
6826 6721
6827 6722
6828 6723
6829 6724
6830 6726
6831 6727
6832 6728
6833 6729
6834 6730
6835 6731
6836 6733
6837 6736
6838 6735
6839 6734
6840 6732
6841 6737
6842 6738
6843 6739
6844 6740
6845 6741
6846 6742
6847 6743
6848 6744
6849 6745
6850 6747
6851 6746
6852 6748
6853 6749
6854 6750
6855 6751
6856 6752
6857 6753
6858 6754
6859 6755
6860 6756
6861 6757
6862 6758
6863 6759
6864 6760
6865 6761
6866 6762
6867 6763
6868 6764
6869 6765
6870 7716
6871 7459
6872 6766
6873 6767
6874 6768
6875 6769
6876 6770
6877 6771
6878 6772
6879 6773
6880 6774
6881 6775
6882 6776
6883 6777
6884 6778
6885 6779
6886 6780
6887 6781
6888 6782
6889 6783
6890 6784
6891 6785
6892 6786
6893 6787
6894 6788
6895 6789
6896 6790
6897 6791
6898 6792
6899 6793
6900 6794
6901 6795
6902 6796
6903 6798
6904 6797
6905 6799
6906 6800
6907 6801
6908 6803
6909 6802
6910 6804
6911 6806
6912 6807
6913 6808
6914 6810
6915 6811
6916 6812
6917 6813
6918 6814
6919 6815
6920 6817
6921 6818
6922 6819
6923 6820
6924 6821
6925 6822
6926 6823
6927 6824
6928 6825
6929 6826
6930 6827
6931 6829
6932 6828
6933 6830
6934 6831
6935 6832
6936 6833
6937 6834
6938 6835
6939 6836
6940 6837
6941 6838
6942 6839
6943 6840
6944 6841
6945 6843
6946 6844
6947 6845
6948 6847
6949 6848
6950 6851
6951 6852
6952 6853
6953 6854
6954 6855
6955 6856
6956 6857
6957 6858
6958 6859
6959 6860
6960 6861
6961 6862
6962 6863
6963 6864
6964 6865
6965 6866
6966 6867
6967 6868
6968 6869
6969 6870
6970 6871
6971 6872
6972 6873
6973 6874
6974 6875
6975 6876
6976 6877
6977 6878
6978 6879
6979 6880
6980 6881
6981 6882
6982 6883
6983 6884
6984 6885
6985 6886
6986 6887
6987 6888
6988 6889
6989 6890
6990 6891
6991 6892
6992 6893
6993 6895
6994 6896
6995 6897
6996 6898
6997 6899
6998 6900
6999 6901
7000 6902
7001 6903
7002 6904
7003 6907
7004 6906
7005 6905
7006 6908
7007 8799
7008 6909
7009 6910
7010 6911
7011 6912
7012 6914
7013 6913
7014 6915
7015 6916
7016 6917
7017 6918
7018 6919
7019 6921
7020 6920
7021 6922
7022 6923
7023 6924
7024 6925
7025 6929
7026 6928
7027 6927
7028 6926
7029 6930
7030 6931
7031 6932
7032 6933
7033 6934
7034 6936
7035 6941
7036 6942
7037 6943
7038 6944
7039 6945
7040 6946
7041 6947
7042 6948
7043 6949
7044 6950
7045 6951
7046 6952
7047 6953
7048 6954
7049 6955
7050 6956
7051 6957
7052 6958
7053 6959
7054 6960
7055 6961
7056 6962
7057 6963
7058 6964
7059 6965
7060 6966
7061 6967
7062 6968
7063 6969
7064 6970
7065 6972
7066 6973
7067 6974
7068 6975
7069 6976
7070 6977
7071 6978
7072 6979
7073 6980
7074 6981
7075 6982
7076 6983
7077 6984
7078 6985
7079 6986
7080 6989
7081 6988
7082 6987
7083 6990
7084 6991
7085 6992
7086 6993
7087 6995
7088 6996
7089 6997
7090 6998
7091 6999
7092 7000
7093 7001
7094 7002
7095 7003
7096 7004
7097 7005
7098 7006
7099 7008
7100 7007
7101 7009
7102 7010
7103 7011
7104 7012
7105 7013
7106 7014
7107 7015
7108 7016
7109 7017
7110 7018
7111 7019
7112 7020
7113 7021
7114 7022
7115 7023
7116 7024
7117 7025
7118 7026
7119 7029
7120 7028
7121 7027
7122 7030
7123 7031
7124 7032
7125 7033
7126 7034
7127 7035
7128 7036
7129 7037
7130 7038
7131 7039
7132 7040
7133 7041
7134 7042
7135 7043
7136 7044
7137 7045
7138 7046
7139 7047
7140 7048
7141 7049
7142 7050
7143 7051
7144 7053
7145 7054
7146 7055
7147 7056
7148 7057
7149 7058
7150 7059
7151 7060
7152 7062
7153 7061
7154 7063
7155 7064
7156 7065
7157 7066
7158 7067
7159 7068
7160 7069
7161 7070
7162 7072
7163 7071
7164 7073
7165 7074
7166 7075
7167 7076
7168 7077
7169 7078
7170 7079
7171 7081
7172 7080
7173 7082
7174 7083
7175 7084
7176 7085
7177 7086
7178 7087
7179 7088
7180 7089
7181 7090
7182 7091
7183 7092
7184 7093
7185 7094
7186 7095
7187 7096
7188 7097
7189 7098
7190 7099
7191 7100
7192 7101
7193 7102
7194 7103
7195 7104
7196 7105
7197 7106
7198 7107
7199 7109
7200 7110
7201 7111
7202 7112
7203 7113
7204 7114
7205 7115
7206 7116
7207 7117
7208 7118
7209 7119
7210 7120
7211 7122
7212 7123
7213 7124
7214 7125
7215 7126
7216 7128
7217 7129
7218 7130
7219 7131
7220 7132
7221 7133
7222 7134
7223 7135
7224 7136
7225 7137
7226 7139
7227 7140
7228 7141
7229 7142
7230 7143
7231 7144
7232 7145
7233 7146
7234 7147
7235 7148
7236 7149
7237 7150
7238 7151
7239 7152
7240 7153
7241 7751
7242 7157
7243 7158
7244 7159
7245 7160
7246 7161
7247 7162
7248 7163
7249 7164
7250 7165
7251 7166
7252 7167
7253 7170
7254 7169
7255 7168
7256 7171
7257 7172
7258 7173
7259 7175
7260 7176
7261 7177
7262 7178
7263 7179
7264 7180
7265 7181
7266 7182
7267 7183
7268 7184
7269 7185
7270 7186
7271 7187
7272 7188
7273 7189
7274 7190
7275 7191
7276 7192
7277 7193
7278 7196
7279 7195
7280 7194
7281 7197
7282 7198
7283 7199
7284 7200
7285 7201
7286 7202
7287 7203
7288 7204
7289 7205
7290 7206
7291 7207
7292 7208
7293 7209
7294 7210
7295 7211
7296 7212
7297 7213
7298 7214
7299 7215
7300 7216
7301 7217
7302 7218
7303 7219
7304 7220
7305 7221
7306 7222
7307 7223
7308 7224
7309 7225
7310 7226
7311 7227
7312 7228
7313 7229
7314 7230
7315 7231
7316 7232
7317 7233
7318 7234
7319 7235
7320 7236
7321 7237
7322 7238
7323 7240
7324 7242
7325 7241
7326 7243
7327 7244
7328 7245
7329 7246
7330 7247
7331 7248
7332 7249
7333 7250
7334 7251
7335 7252
7336 7253
7337 7254
7338 7255
7339 7256
7340 7257
7341 7258
7342 7259
7343 7260
7344 9176
7345 7261
7346 7262
7347 7263
7348 7264
7349 7265
7350 7266
7351 7267
7352 7268
7353 7269
7354 7270
7355 7271
7356 7272
7357 7273
7358 7274
7359 7275
7360 7276
7361 7277
7362 7278
7363 7279
7364 7280
7365 7281
7366 7282
7367 7283
7368 7284
7369 7285
7370 7286
7371 7287
7372 7288
7373 7289
7374 7292
7375 7290
7376 7291
7377 7293
7378 7294
7379 7295
7380 7296
7381 7297
7382 7298
7383 7299
7384 7300
7385 7301
7386 7302
7387 7303
7388 7304
7389 7305
7390 7306
7391 7307
7392 7308
7393 7309
7394 7310
7395 7311
7396 7312
7397 7313
7398 7314
7399 7315
7400 7316
7401 7317
7402 7318
7403 7319
7404 7320
7405 7321
7406 7322
7407 7324
7408 7325
7409 7326
7410 7327
7411 7328
7412 7329
7413 7330
7414 7331
7415 7332
7416 7333
7417 7334
7418 7341
7419 7340
7420 7339
7421 7338
7422 7337
7423 7336
7424 7335
7425 7342
7426 7343
7427 7344
7428 7348
7429 8864
7430 7809
7431 7349
7432 7350
7433 7351
7434 7352
7435 7353
7436 7354
7437 7355
7438 7356
7439 7357
7440 7358
7441 7359
7442 7360
7443 7361
7444 7362
7445 7363
7446 7364
7447 7365
7448 7366
7449 7367
7450 7368
7451 7369
7452 7370
7453 7371
7454 7373
7455 7372
7456 7374
7457 7375
7458 7377
7459 7376
7460 7378
7461 7379
7462 7380
7463 7381
7464 7382
7465 7383
7466 7384
7467 7385
7468 8550
7469 7387
7470 7386
7471 7388
7472 7389
7473 7391
7474 7392
7475 7393
7476 7394
7477 7395
7478 7396
7479 7397
7480 7398
7481 7399
7482 7400
7483 7401
7484 7402
7485 7403
7486 7404
7487 7405
7488 7406
7489 7407
7490 7409
7491 7412
7492 7413
7493 7414
7494 7415
7495 7416
7496 7417
7497 7418
7498 7419
7499 7420
7500 7421
7501 7422
7502 7423
7503 7424
7504 7426
7505 7425
7506 7427
7507 7429
7508 7433
7509 7434
7510 7435
7511 7436
7512 7437
7513 7438
7514 7439
7515 7440
7516 7441
7517 7442
7518 7443
7519 7562
7520 7560
7521 7444
7522 7445
7523 7446
7524 7447
7525 7448
7526 7449
7527 7450
7528 7451
7529 7452
7530 7453
7531 7454
7532 7455
7533 7456
7534 7457
7535 7458
7536 7460
7537 7462
7538 7463
7539 7464
7540 7465
7541 7466
7542 7468
7543 7469
7544 7470
7545 7471
7546 7472
7547 7473
7548 7474
7549 7475
7550 7476
7551 7477
7552 7478
7553 7479
7554 7480
7555 7481
7556 7482
7557 7483
7558 7484
7559 7485
7560 7486
7561 7487
7562 7488
7563 7489
7564 7490
7565 7491
7566 7492
7567 7493
7568 7494
7569 7496
7570 7497
7571 7498
7572 7499
7573 7500
7574 7501
7575 7502
7576 7503
7577 7504
7578 7506
7579 7508
7580 7507
7581 7509
7582 7510
7583 7511
7584 7512
7585 7513
7586 7514
7587 7515
7588 7516
7589 7517
7590 7518
7591 7731
7592 7520
7593 7521
7594 7522
7595 7523
7596 7524
7597 7525
7598 7526
7599 7527
7600 7528
7601 7529
7602 7530
7603 7531
7604 7532
7605 7533
7606 7534
7607 7535
7608 7536
7609 7537
7610 7538
7611 7539
7612 7540
7613 7544
7614 7543
7615 7542
7616 7541
7617 7545
7618 7546
7619 7547
7620 7549
7621 7550
7622 7551
7623 7552
7624 7553
7625 7554
7626 7555
7627 7556
7628 7557
7629 7558
7630 7559
7631 7561
7632 7563
7633 7564
7634 7565
7635 7566
7636 7567
7637 7568
7638 7569
7639 7570
7640 7572
7641 7571
7642 7573
7643 7574
7644 7575
7645 7576
7646 7577
7647 7578
7648 7579
7649 7580
7650 7582
7651 7581
7652 7583
7653 7584
7654 7585
7655 7588
7656 7589
7657 7590
7658 7595
7659 7597
7660 7598
7661 7599
7662 7600
7663 7601
7664 7602
7665 7603
7666 7604
7667 7605
7668 7606
7669 7608
7670 7607
7671 7610
7672 7609
7673 7611
7674 7612
7675 7613
7676 7614
7677 7615
7678 7616
7679 7617
7680 7618
7681 7619
7682 7620
7683 7621
7684 7622
7685 7623
7686 7625
7687 7624
7688 7626
7689 7627
7690 7629
7691 7628
7692 7630
7693 7631
7694 7632
7695 7634
7696 7635
7697 7636
7698 7637
7699 7638
7700 7639
7701 7640
7702 7641
7703 7642
7704 7643
7705 7644
7706 7645
7707 7646
7708 7647
7709 7648
7710 7649
7711 7650
7712 7651
7713 7652
7714 7653
7715 7654
7716 7655
7717 7656
7718 7657
7719 7658
7720 7659
7721 7660
7722 7661
7723 7662
7724 7663
7725 7664
7726 7665
7727 7666
7728 7667
7729 7668
7730 7669
7731 7670
7732 7671
7733 7672
7734 7673
7735 7674
7736 7675
7737 7676
7738 7677
7739 7678
7740 7681
7741 7680
7742 7679
7743 7682
7744 7683
7745 7684
7746 7685
7747 7686
7748 7687
7749 7688
7750 7689
7751 7690
7752 7691
7753 7692
7754 7693
7755 7694
7756 7696
7757 7695
7758 7697
7759 7698
7760 7699
7761 7700
7762 7701
7763 7702
7764 7703
7765 7704
7766 7705
7767 7706
7768 7707
7769 7708
7770 7709
7771 7710
7772 7711
7773 7712
7774 7713
7775 7714
7776 7715
7777 7717
7778 7718
7779 7719
7780 7720
7781 7721
7782 7722
7783 7724
7784 7723
7785 7726
7786 7727
7787 7728
7788 7729
7789 7730
7790 7732
7791 7734
7792 7735
7793 7736
7794 7737
7795 7738
7796 7739
7797 7740
7798 7741
7799 7742
7800 7743
7801 7744
7802 7745
7803 7746
7804 7747
7805 7748
7806 7750
7807 7752
7808 7753
7809 7754
7810 7755
7811 7756
7812 7757
7813 7758
7814 7759
7815 7760
7816 7761
7817 7762
7818 7763
7819 7764
7820 7766
7821 7765
7822 7767
7823 7768
7824 7770
7825 7771
7826 7772
7827 7773
7828 7774
7829 7775
7830 7776
7831 7777
7832 7778
7833 7779
7834 7780
7835 7782
7836 7781
7837 7783
7838 7784
7839 7785
7840 7786
7841 7787
7842 7788
7843 7789
7844 7790
7845 7792
7846 7791
7847 7793
7848 7794
7849 7795
7850 7796
7851 7797
7852 7798
7853 7799
7854 7800
7855 7801
7856 7802
7857 7803
7858 7804
7859 7805
7860 7806
7861 7807
7862 7808
7863 7810
7864 7811
7865 7812
7866 7813
7867 7814
7868 7815
7869 7816
7870 7817
7871 7818
7872 7819
7873 7820
7874 7821
7875 7822
7876 7823
7877 7825
7878 7826
7879 7827
7880 7828
7881 7829
7882 7830
7883 7831
7884 7832
7885 7833
7886 7834
7887 7835
7888 7836
7889 7837
7890 7838
7891 7839
7892 7840
7893 7841
7894 7842
7895 7843
7896 7844
7897 7845
7898 7846
7899 7847
7900 7848
7901 7849
7902 7850
7903 7852
7904 7853
7905 7854
7906 7855
7907 7856
7908 7857
7909 7858
7910 7859
7911 7860
7912 7861
7913 7862
7914 7863
7915 7864
7916 7865
7917 7866
7918 7867
7919 7868
7920 7869
7921 7870
7922 7871
7923 7872
7924 7873
7925 7874
7926 7875
7927 7876
7928 7877
7929 7878
7930 7879
7931 7880
7932 7881
7933 7882
7934 7883
7935 7884
7936 7886
7937 7887
7938 7888
7939 7889
7940 7890
7941 7892
7942 7893
7943 7894
7944 7895
7945 7896
7946 7897
7947 7898
7948 7899
7949 7901
7950 7902
7951 7903
7952 7904
7953 7905
7954 7906
7955 7907
7956 7908
7957 7909
7958 7910
7959 7911
7960 7913
7961 7912
7962 7914
7963 7916
7964 7915
7965 7917
7966 7918
7967 7919
7968 7920
7969 7921
7970 7922
7971 7923
7972 7924
7973 7925
7974 7926
7975 7927
7976 7928
7977 7929
7978 7930
7979 7931
7980 7932
7981 7933
7982 7934
7983 7935
7984 7936
7985 7937
7986 7938
7987 7939
7988 7940
7989 7941
7990 7942
7991 7943
7992 7944
7993 7945
7994 7946
7995 7947
7996 7948
7997 7949
7998 7950
7999 7951
8000 7952
8001 7953
8002 7954
8003 7955
8004 7956
8005 7957
8006 7960
8007 7961
8008 7962
8009 7964
8010 7965
8011 7966
8012 7967
8013 7968
8014 7969
8015 7970
8016 7971
8017 7973
8018 7975
8019 7974
8020 7972
8021 7976
8022 7977
8023 7978
8024 7979
8025 7980
8026 7981
8027 8583
8028 8078
8029 8000
8030 7982
8031 7983
8032 7984
8033 7985
8034 7986
8035 7987
8036 7991
8037 7992
8038 7993
8039 7994
8040 7995
8041 7996
8042 7997
8043 7998
8044 7999
8045 8001
8046 8002
8047 8003
8048 8004
8049 8005
8050 8007
8051 8008
8052 8009
8053 8010
8054 8011
8055 8012
8056 8013
8057 8014
8058 8015
8059 8016
8060 8017
8061 8018
8062 8019
8063 8020
8064 8021
8065 8022
8066 8028
8067 8027
8068 8026
8069 8025
8070 8024
8071 8023
8072 8029
8073 8030
8074 8031
8075 8032
8076 8033
8077 8034
8078 8035
8079 8036
8080 8037
8081 8038
8082 8051
8083 8050
8084 8049
8085 8048
8086 8047
8087 8046
8088 8045
8089 8044
8090 8043
8091 8042
8092 8041
8093 8040
8094 8039
8095 8052
8096 8053
8097 8054
8098 8055
8099 8056
8100 8057
8101 8058
8102 8059
8103 8060
8104 8061
8105 8062
8106 8063
8107 8064
8108 8065
8109 8067
8110 8068
8111 8069
8112 8070
8113 8071
8114 8072
8115 8073
8116 8074
8117 8076
8118 8075
8119 8077
8120 8079
8121 8080
8122 8081
8123 8082
8124 8083
8125 8084
8126 8085
8127 8086
8128 8087
8129 8088
8130 8089
8131 8090
8132 8091
8133 8092
8134 8093
8135 8095
8136 8094
8137 8096
8138 8097
8139 8098
8140 8104
8141 8103
8142 8102
8143 8101
8144 8100
8145 8099
8146 8106
8147 8105
8148 8107
8149 8108
8150 8109
8151 8110
8152 8111
8153 8112
8154 8113
8155 8114
8156 8115
8157 8116
8158 8117
8159 8118
8160 8119
8161 8120
8162 8121
8163 8122
8164 8123
8165 8124
8166 8126
8167 8127
8168 8128
8169 8129
8170 8130
8171 8131
8172 8132
8173 8133
8174 8134
8175 8135
8176 8136
8177 8137
8178 8138
8179 8139
8180 8140
8181 8141
8182 8143
8183 8144
8184 8145
8185 8146
8186 8147
8187 8148
8188 8149
8189 8150
8190 8151
8191 8152
8192 8154
8193 8153
8194 8155
8195 8156
8196 8157
8197 8158
8198 8159
8199 8160
8200 8161
8201 8162
8202 8163
8203 8165
8204 8164
8205 8166
8206 8167
8207 8168
8208 8169
8209 8170
8210 8171
8211 8172
8212 8173
8213 8174
8214 8175
8215 8185
8216 8616
8217 8186
8218 8187
8219 8188
8220 8189
8221 8190
8222 8191
8223 8192
8224 8193
8225 8194
8226 8195
8227 8196
8228 8197
8229 8198
8230 8199
8231 8200
8232 8201
8233 8202
8234 8203
8235 8204
8236 8205
8237 8206
8238 8207
8239 8208
8240 8209
8241 8210
8242 8211
8243 8212
8244 8213
8245 8214
8246 8215
8247 8216
8248 8217
8249 8218
8250 8219
8251 8220
8252 8221
8253 8222
8254 8223
8255 8224
8256 8225
8257 8226
8258 8227
8259 8228
8260 8229
8261 8230
8262 8231
8263 8232
8264 8400
8265 8395
8266 8305
8267 8233
8268 8234
8269 8236
8270 8235
8271 8237
8272 8238
8273 8239
8274 8240
8275 8241
8276 8242
8277 8243
8278 8245
8279 8244
8280 8246
8281 8247
8282 8248
8283 8249
8284 8250
8285 8251
8286 8256
8287 8257
8288 8258
8289 8259
8290 8260
8291 8261
8292 8262
8293 8263
8294 8264
8295 8265
8296 8266
8297 8268
8298 8267
8299 8269
8300 8270
8301 8271
8302 8272
8303 8273
8304 8274
8305 8275
8306 8276
8307 8277
8308 8278
8309 8279
8310 8280
8311 8282
8312 8284
8313 8283
8314 8285
8315 8287
8316 8286
8317 8288
8318 8289
8319 8290
8320 8291
8321 8292
8322 8293
8323 8294
8324 8295
8325 8296
8326 8297
8327 8298
8328 8299
8329 8300
8330 8301
8331 8302
8332 8303
8333 8304
8334 8306
8335 8307
8336 8308
8337 8309
8338 8310
8339 8311
8340 8312
8341 8313
8342 8314
8343 8315
8344 8316
8345 8317
8346 8318
8347 8319
8348 8320
8349 8321
8350 8322
8351 8323
8352 8324
8353 8325
8354 8326
8355 8327
8356 8328
8357 8330
8358 8332
8359 8331
8360 8333
8361 8334
8362 8335
8363 8336
8364 8337
8365 8338
8366 8339
8367 8340
8368 8341
8369 8342
8370 8343
8371 8344
8372 8345
8373 8346
8374 8347
8375 8348
8376 8349
8377 8350
8378 8351
8379 8352
8380 8354
8381 8353
8382 8355
8383 8356
8384 8358
8385 8360
8386 8359
8387 8361
8388 8362
8389 8363
8390 8364
8391 8365
8392 8366
8393 8367
8394 8368
8395 8369
8396 8370
8397 8371
8398 8372
8399 8373
8400 8374
8401 8375
8402 8376
8403 8377
8404 8378
8405 8379
8406 8380
8407 8381
8408 8382
8409 8383
8410 8384
8411 8385
8412 8386
8413 8387
8414 8388
8415 8389
8416 8390
8417 8391
8418 8392
8419 8680
8420 8393
8421 8394
8422 8399
8423 8398
8424 8397
8425 8396
8426 8401
8427 8402
8428 8403
8429 8404
8430 8405
8431 8406
8432 8407
8433 8408
8434 8409
8435 8410
8436 8411
8437 8412
8438 8413
8439 8414
8440 8415
8441 8416
8442 8417
8443 8418
8444 8419
8445 8420
8446 8421
8447 8422
8448 8423
8449 8424
8450 8426
8451 8425
8452 8427
8453 8429
8454 8428
8455 8430
8456 8431
8457 8432
8458 8434
8459 8433
8460 8435
8461 8436
8462 8437
8463 8438
8464 8440
8465 8439
8466 8441
8467 8442
8468 8443
8469 8445
8470 8444
8471 8446
8472 8447
8473 8448
8474 8449
8475 8450
8476 8451
8477 8452
8478 8453
8479 8454
8480 8455
8481 8456
8482 8457
8483 8458
8484 8459
8485 8460
8486 8461
8487 8462
8488 8463
8489 8464
8490 8465
8491 8466
8492 8467
8493 8468
8494 8469
8495 8470
8496 8471
8497 8472
8498 8473
8499 8474
8500 8475
8501 8476
8502 8477
8503 8478
8504 8479
8505 8480
8506 8481
8507 8482
8508 8483
8509 8484
8510 8485
8511 8489
8512 8488
8513 8486
8514 8490
8515 8491
8516 8492
8517 8881
8518 8880
8519 8493
8520 8494
8521 8495
8522 8496
8523 8497
8524 8498
8525 8499
8526 8501
8527 8502
8528 8503
8529 8504
8530 8505
8531 8506
8532 8507
8533 8508
8534 8509
8535 8510
8536 8511
8537 8512
8538 8513
8539 8514
8540 8515
8541 8516
8542 8517
8543 8518
8544 8519
8545 8520
8546 8521
8547 8522
8548 8523
8549 8524
8550 8525
8551 8528
8552 8529
8553 8530
8554 8531
8555 8532
8556 8533
8557 8534
8558 8535
8559 8536
8560 8537
8561 8538
8562 8539
8563 8540
8564 8541
8565 8542
8566 8543
8567 8544
8568 8545
8569 8546
8570 8547
8571 8548
8572 8549
8573 8551
8574 8552
8575 8553
8576 8554
8577 8555
8578 8556
8579 8557
8580 8558
8581 8559
8582 8560
8583 8561
8584 8562
8585 8563
8586 8564
8587 8565
8588 8566
8589 8569
8590 8568
8591 8567
8592 8570
8593 8571
8594 8572
8595 8573
8596 8574
8597 8575
8598 8576
8599 8577
8600 8578
8601 8579
8602 8580
8603 8581
8604 8582
8605 8587
8606 8586
8607 8585
8608 8584
8609 8588
8610 8589
8611 8590
8612 8591
8613 8592
8614 8593
8615 8594
8616 8595
8617 8596
8618 8597
8619 8598
8620 8599
8621 8600
8622 8601
8623 8602
8624 8603
8625 8604
8626 8605
8627 8606
8628 8607
8629 8608
8630 8609
8631 8610
8632 8611
8633 8612
8634 8613
8635 8614
8636 8615
8637 8617
8638 8618
8639 8619
8640 8622
8641 8621
8642 8620
8643 8623
8644 8624
8645 8628
8646 8627
8647 8626
8648 8625
8649 8629
8650 8630
8651 8631
8652 8632
8653 8633
8654 8634
8655 8635
8656 8636
8657 8637
8658 8638
8659 8639
8660 8640
8661 8641
8662 8642
8663 8643
8664 8644
8665 8645
8666 8646
8667 8647
8668 8648
8669 8649
8670 8650
8671 8651
8672 8652
8673 8653
8674 8654
8675 8655
8676 8656
8677 8657
8678 8658
8679 8659
8680 8660
8681 8661
8682 8662
8683 8663
8684 8664
8685 8665
8686 8666
8687 8667
8688 8668
8689 8669
8690 8670
8691 8671
8692 8672
8693 8673
8694 8674
8695 8675
8696 8676
8697 8677
8698 8678
8699 8679
8700 8683
8701 8682
8702 8681
8703 8684
8704 8685
8705 8686
8706 8688
8707 8687
8708 8689
8709 8690
8710 8691
8711 8692
8712 8693
8713 8694
8714 8695
8715 8696
8716 8697
8717 8698
8718 8699
8719 8700
8720 8701
8721 8702
8722 8703
8723 8704
8724 8705
8725 8706
8726 8707
8727 8708
8728 8709
8729 8710
8730 8711
8731 8712
8732 8714
8733 8713
8734 8715
8735 8716
8736 8717
8737 8718
8738 8719
8739 8720
8740 8721
8741 8722
8742 8723
8743 8724
8744 8725
8745 8726
8746 8727
8747 8728
8748 8729
8749 8730
8750 8731
8751 8732
8752 8733
8753 8734
8754 8735
8755 8736
8756 8737
8757 8738
8758 8739
8759 8740
8760 8741
8761 8742
8762 8743
8763 8745
8764 8747
8765 8746
8766 8748
8767 8749
8768 8750
8769 8751
8770 8752
8771 8753
8772 8754
8773 8755
8774 8756
8775 8757
8776 8758
8777 8759
8778 8760
8779 8763
8780 8762
8781 8761
8782 8764
8783 8765
8784 8766
8785 8767
8786 8768
8787 8769
8788 8770
8789 8771
8790 8772
8791 8773
8792 8774
8793 8776
8794 8777
8795 8778
8796 8779
8797 8780
8798 8781
8799 8782
8800 8784
8801 8785
8802 8783
8803 8786
8804 8787
8805 8788
8806 8789
8807 8790
8808 8791
8809 8792
8810 8794
8811 8793
8812 8795
8813 8796
8814 8797
8815 8798
8816 8801
8817 8800
8818 8802
8819 8803
8820 8804
8821 8805
8822 8806
8823 8807
8824 8808
8825 8809
8826 8810
8827 8811
8828 8812
8829 8813
8830 8814
8831 8815
8832 8816
8833 8817
8834 8818
8835 8819
8836 8820
8837 8821
8838 8822
8839 8824
8840 8825
8841 8823
8842 8826
8843 8827
8844 8828
8845 8829
8846 8830
8847 8831
8848 8832
8849 8833
8850 8834
8851 8835
8852 8836
8853 8837
8854 8838
8855 8839
8856 8840
8857 8971
8858 8872
8859 8871
8860 8843
8861 8844
8862 8845
8863 8846
8864 8847
8865 8848
8866 8849
8867 8850
8868 8851
8869 8852
8870 8853
8871 8854
8872 8855
8873 8856
8874 8857
8875 8858
8876 8859
8877 8860
8878 8861
8879 8862
8880 8863
8881 8865
8882 8866
8883 8868
8884 8867
8885 8869
8886 8873
8887 8874
8888 8875
8889 8876
8890 8877
8891 8878
8892 8882
8893 8883
8894 8884
8895 8885
8896 8886
8897 8887
8898 8888
8899 8889
8900 8890
8901 8891
8902 8892
8903 8893
8904 8894
8905 8895
8906 8896
8907 8897
8908 8898
8909 8900
8910 8899
8911 8901
8912 8902
8913 8903
8914 8904
8915 8905
8916 8906
8917 8907
8918 8908
8919 8909
8920 8910
8921 8911
8922 8912
8923 8913
8924 8914
8925 8915
8926 8916
8927 8917
8928 8918
8929 8919
8930 8920
8931 8921
8932 8922
8933 8923
8934 8924
8935 8925
8936 8926
8937 8927
8938 8928
8939 8929
8940 8930
8941 8931
8942 8932
8943 8933
8944 8934
8945 8935
8946 8936
8947 8937
8948 8938
8949 8939
8950 8940
8951 8941
8952 8942
8953 8943
8954 8945
8955 8944
8956 8946
8957 8947
8958 8948
8959 8949
8960 8950
8961 8951
8962 8953
8963 8952
8964 8954
8965 8956
8966 8955
8967 8957
8968 8958
8969 8959
8970 8960
8971 8961
8972 8962
8973 8963
8974 8964
8975 8965
8976 8966
8977 8967
8978 8968
8979 8969
8980 8970
8981 8972
8982 8973
8983 8974
8984 8975
8985 8976
8986 8977
8987 8978
8988 8979
8989 8980
8990 8981
8991 8982
8992 8983
8993 8984
8994 8985
8995 8986
8996 8987
8997 8988
8998 8990
8999 8991
9000 8992
9001 8994
9002 8995
9003 8996
9004 9007
9005 9006
9006 8997
9007 8998
9008 9000
9009 8999
9010 9001
9011 9002
9012 9003
9013 9004
9014 9005
9015 9008
9016 9009
9017 9010
9018 9011
9019 9012
9020 9013
9021 9014
9022 9015
9023 9016
9024 9017
9025 9018
9026 9019
9027 9020
9028 9021
9029 9022
9030 9024
9031 9025
9032 9026
9033 9027
9034 9028
9035 9029
9036 9030
9037 9031
9038 9032
9039 9033
9040 9034
9041 9036
9042 9035
9043 9037
9044 9039
9045 9038
9046 9040
9047 9041
9048 9042
9049 9043
9050 9044
9051 9048
9052 9049
9053 9050
9054 9051
9055 9052
9056 9053
9057 9055
9058 9054
9059 9056
9060 9057
9061 9058
9062 9059
9063 9060
9064 9061
9065 9062
9066 9063
9067 9064
9068 9065
9069 9066
9070 9067
9071 9068
9072 9069
9073 9070
9074 9071
9075 9072
9076 9073
9077 9074
9078 9075
9079 9076
9080 9077
9081 9078
9082 9079
9083 9080
9084 9081
9085 9082
9086 9083
9087 9084
9088 9085
9089 9086
9090 9087
9091 9088
9092 9089
9093 9090
9094 9091
9095 9092
9096 9093
9097 9094
9098 9095
9099 9096
9100 9097
9101 9098
9102 9099
9103 9100
9104 9101
9105 9102
9106 9103
9107 9104
9108 9105
9109 9106
9110 9107
9111 9108
9112 9109
9113 9110
9114 9111
9115 9112
9116 9113
9117 9114
9118 9115
9119 9116
9120 9117
9121 9118
9122 9119
9123 9120
9124 9121
9125 9122
9126 9123
9127 9124
9128 9127
9129 9126
9130 9125
9131 9128
9132 9129
9133 9130
9134 9131
9135 9132
9136 9133
9137 9134
9138 9135
9139 9136
9140 9137
9141 9138
9142 9139
9143 9140
9144 9141
9145 9142
9146 9143
9147 9144
9148 9145
9149 9146
9150 9147
9151 9148
9152 9149
9153 9150
9154 9151
9155 9152
9156 9153
9157 9154
9158 9155
9159 9156
9160 9157
9161 9158
9162 9159
9163 9160
9164 9161
9165 9162
9166 9163
9167 9164
9168 9165
9169 9166
9170 9167
9171 9168
9172 9169
9173 9170
9174 9171
9175 9172
9176 9173
9177 9175
9178 9177
9179 9178
9180 9179
9181 9180
9182 9181
9183 9182
9184 9183
9185 9184
9186 9185
9187 9186
9188 9187
9189 9188
9190 9189
9191 9190
9192 9191
9193 9192
9194 9193
9195 9194
9196 9195
9197 9196
9198 9197
9199 9198
9200 9199
9201 9200
9202 9201
9203 9202
9204 9203
9205 9204
9206 9205
9207 9206
9208 9207
9209 9208
9210 9209
9211 9210
9212 9211
9213 9212
9214 9213
9215 9214
9216 9215
9217 9216
9218 9217
9219 9218
9220 9219
9221 9220
9222 9221
9223 9222
9224 9223
9225 9225
9226 9224
9227 9226
9228 9227
9229 9228
9230 9229
9231 9230
9232 9231
9233 9232
9234 9233
9235 9234
9236 9235
9237 9236
9238 9237
9239 9238
9240 9239
9241 9240
9242 9241
9243 9242
9244 9243
9245 9244
9246 9245
9247 9246
9248 9247
9249 9248
9250 9249
9251 9250
9252 9251
9253 9253
9254 9252
9255 9254
9256 9255
9257 9256
9258 9257
9259 9259
9260 9260
9261 9261
9262 9262
9263 9263
9264 9264
9265 9265
9266 9266
9267 9267
9268 9268
9269 9269
9270 9270
